1.231469885085439558e-01
2.579121055277869279e-01
3.391443583060425176e-02
8.368701757877031189e-02
1.868500728408241940e-01
3.037443875138782362e-02
1.237257098155946644e-01
1.946262375461369210e-01
6.616323362709590483e-02
1.713353284761850170e-01
5.226604860974694983e-02
2.364133255531466471e-01
2.856932805177817558e-01
1.532227440499922544e-01
2.061813704693540028e-01
2.276729172337805390e-02
5.528197039488946113e-02
1.184280886927957105e-01
1.597958174647737539e-01
3.775084373071492527e-02
6.289716489034682945e-02
3.124566344512930832e-02
1.450034889867034826e-01
4.590241170568272466e-02
8.193145593840860108e-02
2.819755628740870379e-01
2.552041065946961673e-01
3.072613736896057657e-01
4.143390770577065965e-03
3.990255794330069966e-02
2.597215211533820400e-01
2.975408620714113939e-01
1.629881598743535553e-01
1.884036979651025623e-01
9.110791680793677016e-02
4.544630332735134087e-02
2.013708567456635457e-01
6.569448951003790775e-03
3.079763441773923915e-01
2.560354094000453704e-02
2.501981123615878988e-02
2.148537164317016745e-01
1.370183610715981215e-01
1.317454920014513725e-02
2.824770759029436862e-01
2.144923133011101546e-01
1.112267454155211055e-01
2.642341529754476115e-01
1.032269948691620226e-01
2.889585669235046894e-01
3.256080452513916423e-01
2.874436485460979962e-01
1.244377066617427391e-01
5.492290828661033908e-02
2.831885192330606538e-01
6.825401762672599071e-02
3.246254883121894863e-02
2.876539109537701311e-01
1.337053912222036997e-02
8.043837326983216407e-02
2.973410232337248549e-01
1.458472962606510437e-01
3.274739515820857677e-02
7.124693945935478903e-03
3.273675904042483431e-01
8.037230476033861010e-03
1.630107552716381913e-01
3.123786637767104191e-01
9.584451933997881548e-03
1.188484421236100097e-01
3.013411635434340430e-01
3.152309138046823778e-01
4.492337267626400621e-02
2.047687207367070161e-01
2.673251770179889131e-01
3.130021522729106720e-02
8.542091515793475559e-03
2.317618171677975347e-01
1.584251072359395829e-01
4.323188565443765452e-02
5.726095296058650308e-02
8.326186240053637388e-02
1.193783764188063867e-01
1.700996828054311405e-01
1.603090285532481063e-01
5.668940221563259496e-02
1.134713641149455859e-01
1.356720508690202609e-01
2.737902337998734947e-01
3.106491716011940823e-02
2.640490733799932821e-01
4.740071394692987189e-02
2.894907885217079188e-02
4.109515411807691115e-02
2.979522247978208527e-01
2.491421017004824545e-01
1.730303316096050148e-01
2.106774969812375553e-01
2.621989488342695851e-01
3.220033270136792303e-01
2.500310295141160988e-01
5.016093653256916557e-02
2.180764816579756626e-01
2.795699605493279227e-01
2.306068604408029743e-01
3.155556940447398206e-01
1.106075106896742821e-01
1.168991622176120959e-01
8.673671001402558089e-02
1.274975094959490407e-01
1.226432443839904490e-01
2.576053096933229175e-02
4.885742583721731924e-02
5.080345694094988429e-02
2.543131610036979962e-01
1.441492003478077669e-02
5.742354968943435417e-02
1.901745623877853231e-01
2.808754680542474569e-01
2.630338156404050665e-01
1.506493580780954578e-01
2.611831990298660311e-02
1.522158069682204296e-02
2.268919895907860196e-01
6.137062148827526070e-02
1.218415814056997282e-01
2.826107369082561105e-01
2.429001863717258902e-01
1.102191025641239552e-01
2.509603381908900865e-01
2.099502090876415872e-01
3.916975190486463032e-02
2.872322049930542964e-01
3.571206755698386193e-02
2.212297415274207535e-01
2.344462426057256424e-02
7.329087115730743840e-02
2.660248853806970182e-01
2.817050331164192012e-01
1.928685355013329272e-01
8.188110920329357001e-02
4.266737569765974986e-02
2.024118836467883042e-01
6.260708922400387566e-02
1.024897452180810811e-02
1.125187271124851729e-01
2.257842461981833804e-01
1.131306367184128081e-01
2.241008698530475851e-01
1.079224333371129330e-01
2.468208810824551180e-01
4.740594420167991430e-02
1.965927634651990497e-01
1.545129667764534032e-01
9.181386040668400306e-02
6.199013873617349735e-02
2.375567762115810555e-01
2.305710103977468839e-01
2.792683220100609098e-01
1.166075730941956712e-02
3.993593036474119701e-02
1.165299296058522616e-01
1.913469562402267676e-01
7.139873008315830716e-02
2.313161169178709065e-01
3.044572275571724718e-01
1.784358696124846988e-01
1.174213855775148307e-01
7.300018962223854546e-02
3.787142637342411078e-02
8.863756282844981182e-02
5.108398077186600272e-02
2.186444318137813481e-01
3.202738315274864522e-01
1.862505212987017322e-01
1.199699725971246494e-01
2.742532491538859918e-02
2.889767434894111586e-01
8.457337840510363580e-02
1.710512632656373266e-01
2.944964795803275970e-01
4.556561588867905077e-02
1.603849136242478934e-01
3.051104259084989889e-02
1.905604854198849618e-01
1.263577508506422975e-01
8.986300990677410783e-02
2.546783413917038524e-02
3.749355481666087619e-02
4.655103064856554174e-02
2.740147885850189313e-01
1.162942596795371458e-01
3.052925636482315408e-01
2.937018516876950258e-01
3.027639623862402041e-01
1.587722735444551669e-01
7.607564703295373321e-02
6.085697413829751004e-03
2.224262715549390201e-01
3.152507606082121661e-01
3.277750685106842199e-01
3.375942716560224877e-02
1.362604560265343878e-01
1.654341050423067672e-01
2.999446906301354576e-01
2.453658031600103873e-01
1.260544944056814047e-02
4.107715422319168849e-03
5.746978640527359433e-02
7.647501381170172807e-02
1.174705138501917906e-01
2.250489481388175395e-01
1.641186141384339825e-01
1.910793955814517331e-01
1.697085159369082497e-01
9.464573862570874185e-02
2.585948894036720763e-02
1.724369947694973093e-01
7.014750413232997972e-02
9.057819552900198135e-02
6.472371457469320438e-03
9.446002249274143558e-02
7.896021014341116431e-03
1.134593486119222505e-01
9.591511481162827424e-02
1.653522802510022927e-01
1.185740451646427052e-01
7.527732419269887731e-02
4.053377507272847013e-02
2.933110937801575169e-01
1.249747242680222387e-01
1.792383812307026814e-01
2.477366318222978814e-02
4.547844244071299474e-02
7.937630869258345545e-02
3.140432245856199511e-01
1.624764436662813061e-01
1.389846804486061516e-01
8.682886187030347536e-02
2.860635121677927110e-03
2.102635771293180078e-01
4.705450967954765557e-02
3.201854636949560962e-01
2.053506014497703258e-01
6.700630394421591696e-02
3.247583213996603213e-01
5.495763874003417593e-02
3.622372680924672989e-02
5.275506207971278338e-02
7.477021794819914413e-02
3.212668757575744549e-01
1.746082880136248447e-02
3.012236036953895857e-01
1.912215329914606077e-01
1.609410275822980574e-01
1.750443021565669111e-01
2.911215240345969568e-01
1.688154882970684389e-01
2.451507189950182519e-01
3.312906525786109280e-02
2.547214200115532901e-01
1.630763534643816792e-01
3.048412158848534670e-01
5.337591416444535664e-02
4.811853748467134761e-02
2.144559987917630806e-01
1.228288281719771974e-01
1.508655299454198517e-01
1.286794522507251348e-01
6.169568082464371023e-02
2.494787125713623099e-01
5.104850934050599032e-02
1.393640896600278067e-01
5.406890206086809730e-02
3.185582555954691308e-01
1.141661430218499779e-01
1.550905477751796380e-01
1.062243329887245374e-01
1.224811445792667181e-01
7.531289565287177523e-02
6.457760460452209583e-02
1.515114193762760741e-01
4.082590717079810638e-02
3.450402573495094799e-02
2.683827498449750659e-01
2.213234630843705364e-01
1.677968640149009594e-01
1.341246797452048389e-01
1.061572373831312643e-01
3.077185162437888200e-01
1.494347230521952952e-01
1.099744765151414727e-01
1.017908091373621697e-02
2.213948362468151076e-01
3.304539513363549674e-02
1.218817278265198721e-02
2.864266531556859952e-01
4.370895459574249825e-02
1.460712926665235500e-01
1.494096039278937083e-01
1.038021149122975856e-02
2.167309240534928960e-01
3.254813119956000422e-01
3.265932537402593122e-02
8.495354867897945972e-02
7.210052847306869239e-02
3.580665448819813496e-02
3.943807533916763447e-02
3.943014767887345617e-02
3.221026709293811074e-01
1.204287874258549579e-01
6.020669447399474433e-02
4.609621345642891249e-02
1.185748796108604675e-01
2.601041578300130122e-02
3.207897374507382993e-01
6.721013277041959499e-02
2.552914576096081967e-01
2.553167490379066873e-01
2.280911565143118325e-01
1.951411855125459449e-01
9.786806513017205778e-02
7.398022630890657703e-02
1.197752406296189176e-01
2.567016689381980757e-02
1.953426337672780899e-01
8.176824934279015855e-02
1.085907744901668526e-01
8.961902575141736382e-02
2.133530457304388395e-01
1.808984607190794805e-02
2.144800016681474575e-01
5.349620027350936169e-02
2.089169872088224994e-02
1.108081751123137781e-01
1.848438223551003845e-01
1.975372034144443067e-01
1.981874330685347019e-01
2.649509095789290281e-01
1.099928936411995739e-01
3.912025606700664238e-02
3.258147802064048082e-01
1.724578117238588226e-01
8.001209241248240234e-02
2.639741092125907906e-01
1.494517059235031808e-01
4.290428429849672820e-02
7.941572072744755573e-02
2.270171428215711218e-01
9.478045754865487005e-02
2.681740855834957027e-01
2.410317027781328503e-01
5.022487092968080241e-02
2.447774984164308998e-01
5.498006928920037839e-02
3.858434219366126822e-02
1.981432081989796534e-01
3.764951141531792250e-02
2.648674711735869991e-01
7.114447161595686964e-02
2.925878441058940016e-01
4.203354150060209515e-02
1.872640062317181275e-01
2.850380870773558950e-01
2.795678491924511455e-01
3.025283878781276706e-02
2.391476893594841890e-01
1.009762533588556277e-01
3.199919267392767885e-01
1.773607628290565785e-01
9.319544352963755884e-02
7.750525764733040557e-02
2.935941463258921469e-01
4.278873973851835683e-02
2.866858433435218734e-01
3.211973462551137026e-01
2.076591534937858863e-01
2.993169619813558224e-01
2.073006878093325289e-01
1.315911007893380280e-01
3.108936282642003057e-01
2.304820657012917329e-01
3.746984717329610026e-02
1.915739065461348756e-01
2.252454186787683499e-01
6.456711348880244533e-03
3.757457553108106002e-02
4.978477966342328975e-02
4.019138265675636923e-02
5.641671881387036458e-02
2.608440003952621211e-01
3.206285049363743478e-01
1.374581240882677968e-01
4.042022249385087557e-02
2.243609554996183197e-01
2.244726029751722973e-01
8.274939683271035490e-03
3.149631159771030253e-01
3.082685686239282005e-02
3.288489155166467448e-01
4.845134257353631707e-02
2.382193811880329304e-01
8.273026508794213696e-02
1.079785805989133957e-01
3.192479927711710519e-01
6.873662911446465351e-02
8.462399510767576460e-02
2.487598613378179391e-01
3.525376618799040684e-02
3.086611964229725100e-02
8.404982692509146980e-02
2.793081203543545596e-02
4.823946012286760288e-02
3.004948814176789940e-01
1.194977795645629504e-01
3.091562850874753909e-01
3.128824506215627244e-01
5.169651699601893885e-02
5.339210212708760117e-02
6.063046284307654910e-02
2.833459576480155673e-01
3.217489046919443374e-01
4.034417387245779751e-02
2.845215538731183935e-01
1.228338237228303598e-01
1.006195878937339236e-02
2.619716685071198370e-01
5.373639436784283241e-02
2.420683585760749212e-01
4.423714400965471361e-02
2.643988680037141492e-01
1.785215717823408071e-02
1.433908152313546625e-01
2.417657340289842416e-01
2.186840226114530883e-01
3.089251271916882979e-01
1.419316944372055189e-01
1.860074263484412516e-01
2.772844072895649381e-01
3.147129621242484854e-01
3.033866697869968543e-01
2.675046413325085082e-01
1.028106976558058536e-02
1.230196410941177161e-02
3.136362678992472008e-01
1.885162105267428057e-01
2.630852835591038219e-01
1.507528168873528696e-01
2.092696874030113285e-01
1.728534207626746810e-01
5.204336910138977756e-02
1.890947739844025810e-01
6.969940119481517204e-02
9.152507389847705510e-02
3.100726935213825031e-01
4.178483110371647435e-02
2.344908790573655977e-01
1.322785404915100549e-01
1.915057864183582759e-01
1.973861944143838199e-01
2.743351763941628829e-01
1.963230355369692710e-03
7.613026768935210464e-02
4.192234276746301808e-02
1.331060224045691777e-02
4.906194553719380597e-02
2.665964473876731300e-01
2.814249873277718111e-02
1.056430345165199590e-02
1.119260128914710412e-01
1.141158203128041781e-01
9.687212506162938552e-02
1.894490643810015085e-01
2.544016213298098961e-02
4.933530418954738123e-02
2.496345022321843077e-01
1.825296618509970881e-01
2.946485591024588513e-01
1.794185760822483433e-01
3.177451230599840915e-01
2.119307009515624951e-01
3.254506427992191475e-01
3.192838251850481091e-01
1.733292047522802248e-01
1.401058889977254696e-01
5.590659664060876159e-03
2.686508261292058219e-01
6.857912833913501482e-02
3.240303824794347753e-01
1.218834628712055085e-01
1.921119706048443621e-02
1.490264004689100530e-01
1.903639997438419107e-01
1.877348696494515468e-01
9.481829085216050834e-02
2.826604851892550521e-02
1.325274478839639225e-01
7.301897325208987766e-02
2.224030940805929724e-01
1.819693065906000107e-01
2.024174507834309578e-01
2.189539192318936955e-01
2.424218714644698347e-01
1.823717810674136408e-01
2.377511969358058752e-01
1.906813271450318592e-01
2.991364311638866069e-01
8.105183471482578506e-02
3.552512522771476833e-02
1.008078187744175383e-03
3.242363332055179792e-01
2.561893107786763490e-01
5.409513593019859429e-02
2.038471160045232655e-01
1.431809066576131551e-01
1.383239612092091453e-01
2.967785047803599419e-01
1.704831850828357198e-01
5.049979788894553429e-02
2.613546955026402885e-01
3.018332620969457758e-01
1.775881177545388379e-01
2.400060258009728553e-01
2.556073543207162402e-01
2.450996906779880913e-01
9.647062264772734985e-02
3.216772065674718822e-03
3.383509216847087331e-02
1.487957047255211995e-01
5.534962228213743951e-02
2.740940302802435391e-01
2.677614650047637768e-01
2.986651852445462163e-01
2.224275228375161700e-02
2.066552470567102062e-01
1.085619182803956584e-01
2.075451976484902483e-01
2.532105410858218608e-01
3.229663008802523549e-01
6.264392296389705017e-02
1.287111723263772711e-01
1.534026645172451297e-01
8.349106563115687996e-02
3.021684891941083251e-01
2.380511570203493743e-01
1.612363794823269691e-01
3.343405886358793988e-02
8.109715647742524181e-02
1.448143840362211832e-01
1.000982824899579876e-01
3.153986128135327638e-01
2.482885386362015112e-01
1.992607687442375375e-01
2.431448844312025792e-01
3.517078923046901978e-02
2.133332628683200227e-01
5.313179792871879775e-02
2.295586381461786341e-01
1.634711289760250319e-01
1.788146133443124092e-02
1.560022298992824567e-02
5.515385815225786609e-02
1.490721693933648451e-01
4.364839324347454669e-02
1.283291001128174513e-01
1.214346591345607553e-02
1.566493628762728046e-02
2.095966238948912541e-01
1.291885834872550098e-01
2.553735662190350503e-02
2.437071498429112595e-02
1.253708001990241627e-01
1.181742645121880292e-01
1.538605273390076245e-01
2.912577198926636912e-01
8.674981925292395146e-02
3.817164256065512171e-03
6.788593925603912671e-02
1.983618582089977378e-01
8.591578286634053707e-02
7.149331381571816246e-02
4.778452410652578308e-02
2.513432830745349622e-01
3.185065480467115240e-01
1.079151663591926824e-01
3.090350738168244904e-01
2.183705449195254833e-01
4.615392116859785149e-02
4.827197383120237356e-02
1.195300499619053880e-01
2.751385655357281926e-02
3.612233033963752754e-02
1.637600246393257353e-01
2.938586730811268422e-01
6.625539903264703046e-02
7.860914914860902408e-03
2.624915004340769298e-01
8.013884493094416972e-02
2.721865544666240422e-01
2.490409305472796597e-01
2.620169076510955875e-01
2.500101257516010866e-01
2.171506669204568973e-01
9.228043679908161379e-02
1.897920412513286192e-01
8.791370625625698210e-02
1.272802703125348531e-02
5.762691942711720139e-02
1.857885912064871081e-01
2.722788473677740795e-01
9.305455117521288511e-03
2.927626523146998339e-01
6.008749857938589650e-02
4.147947081923244322e-02
1.835503670518387198e-01
2.239199281715720247e-02
5.358370889424101530e-02
8.053407744455273742e-02
3.059326610860478302e-01
1.882475456929472435e-01
2.155291324982772649e-01
1.769470365190983427e-02
4.441009193384366782e-02
2.686130303643345929e-01
1.011624403687042123e-01
2.496903993068237959e-01
1.708742104558994002e-02
2.431613878312693933e-01
2.462981903854373489e-01
2.507755226466918536e-02
1.604826544123569565e-01
3.073176553143038836e-01
2.607696203114992853e-02
4.002123248519542931e-02
2.008671633123275679e-01
3.017622122135130841e-02
4.703561083122097253e-02
1.062835400983091691e-02
6.051210239718749634e-02
6.759619977113633105e-02
1.545986871439731514e-01
2.464342543333575969e-02
3.137721441531179933e-01
3.028834721015347120e-01
2.938417587217835303e-01
1.904874149775038009e-02
1.578797573792676545e-01
3.101766469921082847e-01
3.912279644650432792e-02
2.583472829857048625e-01
4.304670765188264164e-02
1.837367512125902547e-01
2.599578429132180513e-01
1.604911553789122591e-01
3.245777979889390430e-01
3.150248227712827975e-01
1.245431767280539143e-01
2.980179169938498296e-01
1.074808072259811342e-01
1.901183257110104219e-01
2.131858734333551275e-01
2.811461893177374383e-01
9.314143878884989514e-02
6.896877444973335824e-02
2.940575089480786802e-02
4.642003453044760836e-02
1.816602010084084895e-01
3.148041679009823679e-01
1.610578610553904388e-01
2.985188503023978451e-02
1.723950601211488298e-01
3.972312687490791444e-02
2.720749020155288078e-01
2.452203155908673216e-01
1.250511693780149980e-01
2.735406868201228914e-01
4.179811506257201381e-02
5.174439222979855535e-02
2.671849629060001341e-01
1.552875753951019344e-01
1.247372407389846644e-01
2.916943132857747756e-01
2.298691067395874366e-01
2.383401140578830790e-02
1.775249467092666900e-02
6.781336245099552074e-02
6.085648977820809491e-02
3.282694804480394413e-01
7.754772072112321724e-02
1.758079153647442161e-01
1.806109456145053582e-01
2.201048932800158120e-01
1.538982911402363984e-01
3.255215191915785677e-01
3.036749594228385640e-01
2.143669954456057514e-01
2.577220846591307679e-01
1.782549269616330867e-01
2.689226811471903678e-01
3.276048429304212473e-01
4.007182620019986846e-02
3.219785968118794584e-01
1.784333524304711482e-01
2.315147542833554534e-02
7.926204763449767876e-03
1.963554021460184040e-01
4.363316617169431255e-02
3.027448968377636773e-01
1.502560498046667248e-01
2.512580400679302883e-01
1.213601725594614378e-01
6.968186100117053361e-02
2.858712775380508053e-01
3.001634906524856539e-01
4.964302421899053491e-02
2.329349863752464694e-02
1.990134943779533483e-01
2.414610542306940277e-01
2.006502040687089816e-01
3.005541650730018666e-01
3.252055992009885710e-01
1.426442023264647141e-01
3.099037687002748065e-01
2.873959089866757674e-02
1.516472856873269937e-01
1.953641019694625502e-02
2.276446102237192903e-01
2.654140720336996551e-01
1.750847074673083092e-01
1.126092803857774577e-01
1.947594251213559946e-01
1.463153881025766323e-01
9.114857511272102253e-02
1.901705451748924441e-02
2.548369564415162158e-02
1.310956329496510420e-01
7.561966914221083212e-03
2.907651424395753526e-01
5.171245016490358870e-04
5.122527827816655138e-02
1.613418130385493865e-01
2.523755810210891459e-01
1.283458684817321838e-01
3.030590477141711925e-01
1.565803469121854891e-02
2.736858179156892446e-01
8.759719756714481886e-02
3.522998109317074245e-02
1.092123434414332267e-01
9.021516901569040514e-02
2.128811337312345175e-01
1.737419131417719809e-01
1.511292556892947052e-02
1.710342367696185070e-02
2.830603286271849428e-01
5.878814476098632308e-02
1.330933464957767542e-01
5.108134616326371474e-02
1.412064320099040149e-01
9.947033846039969596e-02
2.902491185338281973e-02
1.835815907942839331e-02
1.717108005247073022e-01
1.269446367043692292e-01
2.147553248879453813e-02
5.435200404124126972e-02
3.249910721054440760e-02
1.739676525130742502e-01
1.442413006598446679e-01
6.097472148650964069e-02
2.117105536527594603e-02
4.429522025483164510e-02
1.504117635412500764e-01
2.247514503433522409e-02
3.746287281941228925e-02
1.665706157610667704e-01
1.999438315853719131e-02
1.842206987696899112e-01
2.314310321191640485e-01
4.395506342558787305e-02
1.528456915135781580e-01
4.829412668516563228e-02
2.417993204981714606e-01
4.958953199563803649e-02
1.708563298219301085e-01
1.327724156032836778e-01
5.644357269734046056e-02
1.709127280153449058e-01
3.166279187058643196e-01
1.084554391032190451e-01
3.990295324931134036e-02
2.354806265324254078e-01
3.714303876392906212e-02
6.518100063074865058e-02
1.960227083397893255e-02
2.680792512306181541e-01
7.973002287671006327e-02
1.128226481317099461e-01
7.153149975622577657e-03
3.921087292023590215e-02
9.233543552965402940e-03
1.641354170802093032e-02
2.809504970780539734e-01
5.277029574848793314e-02
6.099688693512905074e-02
2.109037643371343973e-01
1.266616466374974846e-02
1.246224590421671635e-01
4.904886491786436542e-02
2.912620808899296643e-01
2.828579284170352204e-01
1.070971297790482696e-01
2.305729009308426225e-01
4.399286658879822398e-02
4.546890932715498546e-02
3.194502165638836155e-01
5.787618876550397473e-02
1.421989860455799004e-01
1.961082328534771713e-01
6.006882633025787538e-02
2.101799263966145914e-01
2.816476195222203938e-01
1.428711996512155580e-01
2.828013356441416160e-01
2.119760230948251334e-01
3.059697162231222456e-01
1.808205882882256144e-01
2.327593151821889805e-01
8.901905530664286706e-03
2.843638891564641558e-01
2.629877798607719100e-02
1.012843735302426142e-02
1.766026584604243055e-01
2.924471859677579832e-01
2.769277524891783360e-01
3.106991606623039637e-01
1.209116032395645274e-01
3.047595202716655294e-01
2.365461834374945060e-01
3.845278000151153980e-03
4.415199321345156941e-02
5.947588209673839582e-02
4.815421136877527652e-02
1.106549394607890396e-01
2.630556760489781709e-01
3.096674221620444034e-01
3.241493566649645275e-01
4.614698705972894444e-02
1.577756969970417200e-01
7.375192303072879152e-02
1.168475812333508862e-01
2.738391116886243482e-01
3.018752988685066141e-01
2.913416334667447982e-01
1.936107683575100449e-02
2.526714631770941577e-01
2.944861895435615384e-01
2.686868728224814373e-01
1.036470920284951608e-01
1.501384383433741199e-01
5.000144543998312485e-02
1.378184380223069772e-01
4.500000484734816703e-02
7.273008577916152684e-02
1.367801515527057032e-01
1.055957912420591067e-02
7.868220502902077695e-02
1.635916679166933840e-01
1.692587412507236960e-02
1.000912823673753005e-01
2.001375732614695535e-01
1.286491002096389336e-01
5.930805106638235152e-02
1.404659612286237591e-01
1.458351994417674824e-01
2.316815168089184918e-01
3.136970931198148627e-01
1.728343844228386328e-01
3.292715898575661049e-01
2.767606980783687276e-01
7.706924937846602874e-02
4.848937934918699788e-02
5.750539645255931670e-02
1.188803103881148765e-01
1.014469861261014724e-02
2.021375941277392119e-01
1.021150760222328813e-01
3.274976655151042859e-01
3.045157458902695846e-01
2.123563778090152912e-02
1.310724948173490334e-01
1.308818389236182378e-01
1.108627471643890694e-01
1.951110920983138430e-01
3.201857343737030681e-01
2.456869246514907512e-01
2.951530189921157121e-01
1.983293134302198391e-02
2.991697082117560913e-01
3.127894026998314092e-01
7.447267781771139614e-03
4.256901753078618650e-02
6.157545003126552174e-02
2.579989349742378008e-02
1.005228043287272749e-01
3.289205655523153894e-03
1.796150973716426069e-01
2.157560722165979827e-01
2.163265476348941729e-01
3.947502633409063350e-02
1.328579446045937418e-01
1.150719203050371182e-02
1.259665958076245512e-02
3.620058975309377314e-02
2.717509001153189940e-01
1.229146285066069627e-01
3.001785154875566963e-01
1.983435733394264544e-01
1.286325425258595945e-01
2.972554019500464606e-01
2.739764407661341439e-01
2.597160053970852256e-01
2.935398300807843391e-02
1.345342541925897417e-01
2.224966424711240232e-01
2.709508925537722490e-01
2.154872180305882901e-01
9.138763514937950361e-02
6.337232874425716145e-02
3.056167282146950437e-01
4.184644470255093757e-02
1.964896747068378968e-01
3.935753280141175009e-02
2.625144940615457834e-02
2.676015228338327612e-01
1.647901537134363326e-01
6.553594717280385173e-02
1.564686687537341914e-01
1.570367805732111877e-01
1.553475385566938267e-02
1.231745109417862055e-01
4.082839226771629165e-02
1.480688122558619924e-01
2.159999783549816088e-01
2.298053966566061534e-01
1.690148014417856837e-01
1.820255785778126731e-02
2.733384270135451044e-01
2.572776592199881862e-01
9.066310394533094730e-02
9.532151201785944716e-02
5.913155406345471654e-02
2.387679203789153937e-01
1.840566039134890544e-02
4.015463906714143022e-02
1.674987912851293725e-01
6.140982883462475089e-02
3.462586652709528229e-02
1.520088548736260037e-01
9.831307351694359986e-02
2.402959253357489777e-01
7.585284329702411676e-02
6.975195804687914225e-02
2.175216462214752677e-01
5.500281664209564353e-02
1.983172896790117157e-01
2.570408835880175769e-01
6.653931896910540711e-02
7.739304930120660675e-02
2.867693465105804473e-01
4.691796734741487257e-02
2.818677087068194864e-01
2.004314105717911187e-01
5.789129146941613541e-02
2.953911442373076748e-02
3.085547399997681794e-01
6.449999697514510223e-03
2.470542373553038379e-02
2.226224491579434361e-01
9.312050683930978012e-02
3.022821976914459308e-01
1.368125052649214746e-01
6.669160221990971110e-03
4.155814773500960541e-02
3.089026898288712575e-01
5.144009817457783490e-02
7.275675282922416942e-02
2.375080635675194396e-01
1.506438234922831132e-01
2.349644404251978735e-01
2.215575980406570278e-01
5.321393440286967952e-02
6.814130518708967632e-02
2.403117283263302983e-01
4.803018613349760435e-02
2.503364449204290576e-01
2.775388879632163519e-01
3.273873234828025836e-01
1.215650647651000116e-01
1.676458645582805385e-01
