2.540533007393163123e-01
3.232100804702262627e-03
3.531409307075422666e-01
2.462711449793192342e-01
1.965848904929661800e-01
2.547443745638737767e-01
3.171940266777666384e-01
2.283719511690228965e-01
1.772132474814042402e-01
1.173594981458768033e-01
2.021835563547014214e-01
1.702127473889206710e-01
1.731779360998562112e-01
1.706919237974710846e-01
2.053316338012950715e-01
2.616175850667588620e-01
2.153201540890598009e-01
2.507663177847159197e-01
1.910174577981639810e-01
3.459491632073730116e-01
1.908877121734426641e-01
3.311928088466206677e-01
1.600898624793015623e-03
2.354618193219235323e-01
2.269286157191473252e-01
1.181547880299273906e-01
3.143135809358930111e-01
2.552369342819277298e-01
1.256900182227153329e-01
3.521443211211383595e-01
1.276666084858230077e-01
2.813038952540264370e-01
2.754098595264794502e-01
2.096735986178263900e-01
1.985772684320658843e-01
2.285516030508820962e-01
1.605273291512042955e-01
2.127249486949007728e-01
2.135503723878032778e-01
2.474151134504881389e-01
1.995517366148454874e-01
3.276724701208477142e-01
5.502311575818787104e-02
3.113974861834110652e-01
8.702270358620392554e-02
1.762174975762257623e-01
1.260561780157952727e-01
1.990546871112036931e-01
1.762993591297174756e-01
2.303858089430838862e-01
2.754329142168687738e-01
2.288084228889113725e-01
1.639099960509157183e-01
5.770940300126119193e-02
2.030171105583161439e-01
1.804826208790126507e-01
3.928195481733268851e-02
2.155825975206524525e-01
1.192265779311935114e-01
1.962756199544447577e-01
3.317697486119600137e-01
3.021925536798260037e-01
2.020457897074804110e-01
1.087500553947007426e-01
2.104565919410005259e-01
2.348735683642698413e-01
1.729907877124289006e-01
1.957541508481157322e-01
1.728739930086647392e-01
3.159073527332124098e-01
5.227152137650850627e-02
2.962134069676162773e-01
2.085675765947210547e-01
1.382851500974079662e-01
2.128755115688078237e-01
2.254339841144893664e-01
9.764652944302786974e-04
1.692353941756044589e-01
1.363889410068908348e-01
8.642605892634767570e-03
2.373623706253510657e-01
1.373812321086528287e-01
1.925857199398228747e-01
7.187040315257000635e-03
2.576451182221645708e-01
2.511245776971043897e-01
1.797709407938078707e-01
3.468022011119681336e-01
2.579711160076384457e-01
3.047465853301224992e-01
1.993661189923748300e-01
1.766912415666211933e-01
2.501294724834967065e-01
3.148827570290972377e-01
1.939864524231407483e-01
1.391797803739760753e-01
2.851133762238183822e-01
2.747914237780709201e-01
2.679902573588217596e-01
2.077459420062765239e-01
1.946818448313479277e-01
2.665254585615886018e-01
2.785012510191171575e-01
3.304510875187398611e-01
4.695664390605324562e-02
3.089114331547044290e-01
1.368973119295599783e-01
3.152230489761256305e-01
3.110179156496261088e-01
1.476293681550253367e-01
2.186988439636002035e-01
2.745804997745645570e-01
1.889814215531095964e-01
2.695330122647654307e-03
2.297007254896214212e-01
2.192303924028144724e-01
1.753642892439958856e-01
2.689491934475115031e-01
2.653701827040897965e-01
1.221715804650157500e-01
1.140002888887089588e-01
3.416090247887268450e-01
3.099789489441056034e-01
2.190415466653551080e-01
1.387991111838710601e-01
3.208291900301146748e-01
2.456794188843305637e-01
3.128344740015351899e-01
2.102613913041639082e-01
2.155619909459912109e-01
2.478662039379918303e-01
1.588447474201129805e-01
8.924016847271848060e-04
1.550452139435945231e-01
1.474095136512193656e-02
1.614025711953522846e-01
1.831815912019581494e-01
1.801416259303440515e-01
2.211741276662518019e-01
1.266224227719807459e-03
1.352594720960172414e-01
2.981905517278583551e-01
1.335001742166591621e-01
1.987950874116002353e-01
1.282041751692325204e-01
2.047148883952362719e-01
2.853248975901355733e-01
3.315187472945458347e-01
2.163148142763290371e-01
1.861446939644943776e-03
2.500107596120192954e-01
1.849009827727626787e-01
1.755916202941066317e-01
1.618404516914048463e-01
2.466110531962592001e-01
3.154598258583243831e-01
2.418688564611835012e-01
1.371645644431484512e-01
3.548378726734668920e-01
2.364216744160744232e-01
2.039885537555796435e-01
1.960297148872572059e-01
2.607990555970439717e-01
2.439553707717198594e-01
1.517747033644082921e-01
2.245380206425578729e-01
2.178406670698101177e-01
2.602617685271922943e-01
2.677512201853974316e-01
1.667328162286987048e-01
1.299235345175638601e-01
1.711000952195287639e-01
2.893574149738517912e-03
2.380599150642965789e-01
2.779094201300615907e-01
1.799738682715902871e-01
1.692041382782667192e-01
2.417331584563869318e-01
1.144605878495634638e-01
3.237845616804996274e-01
1.847370846485673068e-01
1.289803792441576724e-01
1.780291998568553635e-01
1.771904606809106275e-01
2.076814582530079334e-01
2.211405126308914060e-01
9.082335460113340198e-02
2.288884155591812963e-01
6.460302679671434123e-02
1.704133268615317942e-01
1.702215630721390649e-01
2.953007810794703314e-01
9.432058179763941341e-02
1.420856337827064164e-01
3.520853085998944532e-01
1.907878130007293060e-01
2.293192101373581482e-01
1.621783268393640620e-01
3.813629987300481972e-02
1.759296947959509694e-01
3.397170176566891575e-01
1.269074063486151926e-01
1.728503143460425884e-01
1.561984708465704863e-01
2.793438526309530712e-01
3.385300803997895458e-01
2.271964839492581212e-01
1.964018253778107570e-02
4.346320628279518559e-03
2.848250588507633685e-02
3.419669471489242274e-01
1.016048581414345925e-01
2.137984333397607850e-01
2.067040902300801286e-01
3.201685552583997119e-01
2.602825655833166871e-02
1.977207713303204273e-01
2.948584432932429000e-01
2.310845223938251813e-01
2.578064685578315141e-01
7.829138812277321169e-03
1.859133164717453879e-01
2.397620152375344593e-01
3.484515688161705094e-01
6.714243737115931088e-02
1.277922077614079832e-01
2.356212275544720125e-01
1.607734872613205690e-01
2.042374842202103191e-01
1.534280195028219634e-02
2.258980737842479491e-01
1.919563095578191436e-01
1.815724224094529271e-01
1.082657657008265911e-01
2.128887785396690879e-01
2.176380331467770157e-01
2.029287285010476505e-01
2.376835434581067719e-01
1.654765275164511995e-01
4.525162967675319670e-02
1.414320295950322048e-01
1.433240952973531546e-01
2.856329857905314240e-01
4.891574031677400208e-02
1.198152632630837405e-01
1.836068901782456630e-01
1.881276904511392789e-01
1.943399442950402012e-01
2.383261682104716259e-03
1.917992816199925732e-01
2.786625435855691335e-01
2.500233970898279035e-01
2.177421500393470488e-01
2.656967031226293297e-01
1.975566512454527690e-01
1.528687371697601549e-01
2.499665063987556446e-01
2.605883402347824451e-01
1.888975592591068953e-01
2.376705850961174649e-01
2.427268796110085003e-01
1.394568444654174233e-01
2.492760168523867059e-01
2.777229303020672391e-01
2.982657986374672721e-01
2.224113903346256749e-01
1.756557723075967761e-02
2.276268818977430219e-01
3.148625399177208961e-01
2.227685076153133881e-01
2.387198068821611563e-01
2.252762421742051380e-01
2.116116972756220405e-01
2.744735940216992964e-01
5.663766114315996886e-02
1.270063456317837569e-01
1.289607621728429132e-01
1.327895332235652370e-01
2.470459189052489901e-01
3.263469593084179499e-01
1.946884581018860361e-01
2.536102274288907221e-01
1.180081477250402161e-01
1.734205745454122372e-01
2.742625087890791513e-01
2.463738119721131381e-01
2.728198040459542950e-01
1.901826680670762604e-01
1.818452028385807162e-01
2.473267065166798728e-01
3.040806020243888019e-01
2.597744330227130805e-01
3.399846925118495955e-01
1.503747480916132195e-01
2.834947414323236714e-01
1.387092131359027869e-01
2.625519820507313806e-01
1.788372365899566774e-01
2.379033157563648915e-01
1.926704336108000237e-01
2.587849103114115978e-01
1.323174518565016500e-01
3.515205733575475777e-02
2.859337952174810793e-01
1.974278707419082624e-01
2.763076573216901033e-01
1.326988236601697457e-01
5.384649032528016077e-02
1.727211586939196852e-01
1.803692317583137639e-01
3.029752296898280406e-01
4.143629555162489653e-02
1.870734662653070202e-01
2.192378592930513403e-01
1.739902577350438129e-01
2.267389148152325895e-01
1.581808469755479618e-01
2.812335714588937718e-01
3.401001433402608964e-02
3.093370829304388780e-01
6.928556455181535470e-03
1.902120556294661924e-01
1.196531168828320890e-01
1.940930689678769527e-01
2.823039878759373567e-01
5.848526567778298060e-03
1.544436469116076127e-01
3.070041209900815637e-01
2.281045761788614290e-01
2.760253191366911496e-01
1.083524658522019707e-01
2.971171690402394372e-01
1.483014023116485947e-01
2.410607180171389086e-01
2.773435622453712113e-01
7.149066582753198229e-02
3.452070701745700299e-01
8.000782447231970240e-02
2.101034009778232348e-01
1.856719127749408838e-01
2.654640875774644804e-01
3.216937260213790228e-01
1.329872631545240547e-01
2.709796537575314690e-01
7.854124196585718365e-02
1.630391651661494412e-01
1.612387782744594822e-01
1.761739400403012634e-01
3.440473239916707615e-01
2.241963347076283974e-01
1.632909811063981975e-01
4.902920866458584936e-02
1.809431225145842759e-01
1.892939123991822792e-01
3.479692423295175918e-01
1.901490809715667141e-01
2.197031982646235337e-01
1.528507076626063610e-01
2.103430235449366970e-01
2.463233589553431024e-01
1.042034093008919193e-01
2.205472117742361404e-01
3.501262624281865129e-03
1.389201267374267357e-01
1.183083590543622110e-01
1.445237519899825462e-01
1.693127071380014503e-01
2.349030996361130830e-01
9.267560101165833730e-02
1.298798169908283728e-01
1.437201268952786049e-01
2.025813285504629579e-01
1.280526486885950541e-03
2.266515167702286004e-01
3.508559980461158356e-01
2.421842660877099596e-01
7.725120673748901712e-02
3.319006528678694612e-01
2.477112604931309969e-01
2.259510210801161934e-01
3.159982955035181007e-01
3.371853186310323491e-01
2.091703057907841612e-01
1.870930092141870615e-01
9.919698827220234383e-02
7.693020385869780986e-02
2.761369527723054329e-01
2.100763078794937455e-01
9.572433703800887345e-03
2.698964759646828998e-02
1.794914252425930112e-01
1.105648035487796776e-01
5.330954066230697563e-02
3.033907450156245744e-01
1.507958128244501761e-01
2.369740948066227371e-01
1.582345966004161386e-01
2.707688484858475908e-01
2.134918228821538200e-01
2.039818046516047589e-01
2.584672532430782321e-01
2.254690282354106234e-01
2.402047130786216789e-01
1.682822753405884553e-01
1.780529573132408061e-01
2.435488097183403644e-01
2.456011969294062958e-01
9.529602023168980487e-03
3.017841836637029096e-01
2.311070207689748524e-01
2.707046273631129041e-01
2.199603435268947804e-01
8.055676033773896336e-03
2.204252702957132104e-01
1.921125416263025354e-01
1.833740078897594661e-01
1.625842828713821575e-01
2.882024316526100582e-01
2.148999512684168778e-01
2.455944952664839975e-01
2.099081155030549928e-01
3.481140461881876980e-01
2.542144196873205031e-01
2.666546231916497312e-01
1.875809716396471261e-01
5.802608886048150894e-02
1.700213845078242247e-01
3.100898543971398746e-01
1.691192463643850230e-01
1.593732170831682338e-01
2.549988765542282043e-01
1.177887330992579556e-01
2.954985783842075664e-01
1.898027168500757422e-01
3.412694193440215518e-01
1.624934600522743855e-01
1.715014100050527568e-01
2.428620256306866232e-01
1.841724898047327197e-01
6.336980729424985560e-03
1.345908275091646233e-01
2.197713156921497490e-01
1.592497261100681016e-01
7.346307142364542464e-05
1.543248050280021932e-01
3.348463861716621109e-02
1.834339789940983290e-01
2.170459005767860494e-01
1.450871112100725058e-01
2.520748203399488796e-01
1.714823059704563835e-01
1.002594874893954074e-01
2.260300974536798568e-01
1.683825418226221893e-01
3.163053759872113124e-01
1.661600468828107191e-01
1.467021725985139802e-01
1.952477400922798811e-01
4.310494341457236922e-02
1.139400223214794006e-01
3.490792459132323611e-01
2.470990370238091427e-01
1.636527535866013627e-01
3.029039353772560728e-01
1.568702328390776113e-01
2.001722322285229561e-01
1.520077732454146483e-04
1.621488293727082475e-01
2.723178652203682715e-01
3.435904703198530696e-01
2.343164646773344129e-01
2.283791147391748821e-01
9.883298075605247146e-02
2.617677263547785182e-01
4.902917457069513874e-02
1.496543744082107219e-01
3.157937054964384260e-01
2.708660029885053833e-01
1.810210474128958746e-01
7.623353601938412383e-02
2.248510754271496603e-01
2.933525084974838437e-01
3.304555276018767418e-01
1.780061232079519773e-01
5.617172339716425961e-02
1.986387094221112870e-01
2.692922772301531431e-01
1.995788090606155363e-01
1.409233407412397998e-01
1.756200824457482268e-01
2.235525641887555759e-01
2.560377630734875787e-01
1.635692982365426484e-01
2.649190861074392500e-01
1.759822075058195823e-01
3.388147476763039845e-01
2.698800545395586559e-01
1.360087717289845399e-01
2.765973195174608046e-01
1.740383955353694001e-01
1.743333662783623783e-01
2.697906634558257521e-01
1.255480698803890412e-02
1.933145481092080620e-01
1.781361985098880441e-01
3.313913814544981462e-01
3.151306516767142796e-01
2.477147728169345475e-01
2.695535609698344534e-03
8.477778782607578445e-02
1.935706964166903632e-01
1.485723996066997399e-01
2.018093420938531918e-02
1.473149555998245486e-01
3.010959861533920034e-01
1.265222390284215515e-01
1.803836892395615787e-01
3.105967446645795382e-01
1.180895515951937702e-01
1.442284237465350505e-01
3.045388725462570556e-01
1.829518034838384655e-01
1.543292533708411629e-01
1.790202608084448810e-01
2.353336977175740086e-01
3.368519325995956715e-01
1.489077100568304834e-01
2.552992222063277250e-01
8.098645602784435016e-02
2.324837010838765594e-01
3.433922186162136625e-01
9.788275300890782182e-02
1.736357468810498239e-01
2.215309760519626747e-01
1.624314802334188013e-01
2.301636346127815258e-01
9.176467089132162025e-02
1.924057221110847538e-01
1.393078737264189515e-01
1.876198167778314330e-01
1.837766524072932395e-01
1.781815214569960337e-01
1.486869629451639807e-01
2.661870432497527306e-01
6.583621336427887549e-02
1.602720753416641553e-01
3.157116038133473412e-01
3.272423919696735850e-01
1.925220488744206204e-01
3.052211684222084220e-01
1.659356415021416009e-01
1.240922201502469846e-01
2.896949860719497116e-01
1.944913189644938700e-01
1.576294731757448830e-01
1.393267583194131576e-01
3.059963220488921554e-01
2.212425913831430058e-01
2.254861694268484318e-01
2.352348493411716424e-01
1.783034984160824232e-01
6.179795097445171803e-02
3.474167579882454504e-01
2.093254894137443478e-01
3.083981017344841757e-01
2.513661206411971771e-01
3.379543054170668914e-01
2.863817197265058345e-01
2.525981625279974940e-01
1.762333786182878614e-01
1.840186582176061292e-01
1.482666525924280498e-01
1.999829735598871172e-01
1.663298793881252263e-02
1.558451874840300067e-01
1.372703470016090055e-01
2.176239566646475665e-01
1.479808441129840391e-01
3.060368889774730539e-01
2.123751409967323256e-01
1.700523846028556552e-01
2.148727891656290467e-01
2.509351121754836433e-01
2.940672343422656709e-01
1.114699040045658007e-01
2.800057939450399380e-01
1.788202066604331619e-01
1.043229550650417170e-01
1.984213069593766532e-01
3.250241802029791849e-01
1.451873895155336019e-02
2.880232941411983161e-01
3.375541976360803553e-01
1.082830134841780007e-01
5.645116012549689088e-02
3.401710955726842678e-01
3.540100272836238515e-01
2.063000083213871738e-01
1.750397702691829371e-01
2.472397380247610132e-01
3.096390217952545432e-01
1.648428824120492520e-01
1.459693843685262726e-01
8.465074286893307237e-03
2.120123228243737390e-01
5.785321989497407792e-04
1.637979326704569472e-01
2.316997083907667843e-01
2.499722255129631920e-01
1.189852555498417258e-01
2.790360196064672199e-02
2.973530696401396889e-02
2.868574700248954779e-01
1.743347359504636707e-01
1.976703993149319105e-01
1.573297688035963926e-01
3.328368315210783468e-01
2.074467840357273329e-01
1.230521875152988803e-01
1.446730192703396534e-01
1.979806219613119700e-01
2.262955409528113748e-01
2.644069728001433583e-01
2.473025441611247099e-01
2.100086930352430548e-01
1.515156088975715409e-01
1.932441645169989952e-01
2.129024471833569632e-01
2.321914100588108321e-01
3.051459816695606397e-01
2.749012903777721117e-01
2.697107687578611523e-01
2.644585302363615664e-01
2.043339452467811124e-01
3.390368612345478483e-01
1.224401229574863248e-01
2.148923777713705185e-01
2.185095215987782613e-01
9.904030554176203316e-02
3.256260901445742206e-01
3.541295480293596420e-01
3.367639533428508081e-01
2.644379648637243396e-01
3.369839454809071544e-01
1.151230370957972149e-01
2.243508622942295416e-01
1.930286062602239450e-01
7.900164119710674851e-03
4.131013590900003279e-02
1.891082612402301411e-01
2.380876420311325292e-01
1.368765214171924725e-02
1.822284675756682404e-01
3.223560184540275597e-01
1.858940908193696118e-01
9.988428315113573319e-02
3.163690342464635652e-01
3.138279609292081163e-01
1.309373485780151482e-02
1.220910104418967412e-01
2.023292759039293509e-01
1.395291339555352894e-01
2.044989091811878490e-01
1.357709361706130602e-01
2.962182826757000509e-01
9.279822423235691009e-02
2.222431117759789687e-01
1.957425581385879854e-01
5.397057204247362322e-02
2.009054234704691633e-01
1.370051871700825874e-01
2.138077395565159411e-01
2.910870689396312105e-01
2.297725183409031202e-01
9.968848007380087806e-02
1.383717751138593133e-01
1.325440441449208806e-01
1.474478630852067429e-01
2.749275094906548089e-01
2.024901708784714871e-01
2.538759077116742868e-01
1.013837692496506911e-02
1.134348589617608927e-01
1.453632558848684531e-01
1.651673093010141702e-01
3.011555669929366630e-01
1.956050268252564617e-01
2.070507342532936501e-01
2.965060490223346279e-01
8.526102206674834871e-02
3.278053709525364234e-01
1.914716747565517740e-01
1.730556589269825474e-01
1.822497795058585224e-01
2.372901267207981613e-01
3.402055593656976851e-01
1.605816989060092626e-01
1.565597274854949039e-01
2.803177047807244304e-01
2.206882809795588096e-01
1.866256909502616301e-01
4.855100657884311305e-02
2.070312466972351051e-01
1.526864731270980713e-01
3.278991194351639216e-01
2.124572019034794701e-01
2.355584198034446908e-01
1.416494932848970933e-01
2.117786122694489681e-01
2.084400591926744151e-01
2.760133292187166854e-01
2.462134159484264395e-01
2.919055521684780219e-01
1.573093234339193180e-01
1.728950783113574752e-01
1.869252809551023853e-01
2.713651463778394834e-01
2.193377214218686921e-01
1.362159848343041414e-02
2.855836870985692943e-01
2.914472065867569350e-01
1.903528852059748755e-01
8.349866453773965858e-02
2.620475714484828966e-01
3.335144579944359644e-01
1.857237306956348311e-01
2.622103429226100291e-01
2.419630173138699603e-01
1.630420725924993930e-01
8.287782021577598524e-02
2.380293179037289153e-01
1.813932936729077683e-01
1.736100005928677137e-01
1.594047334954596384e-01
2.478818990644495179e-01
1.036472817598155238e-01
3.011043969340617688e-01
2.953692184886504424e-01
4.285075566833076999e-02
2.834879729999987830e-01
1.723833293163205271e-01
2.162295816665444625e-01
1.681355884769130671e-01
2.693593473818536865e-01
2.172129973901374966e-01
2.637969578909080126e-01
1.758557798924922921e-01
2.849034363613215382e-01
1.788017512388159758e-01
1.971588431805347263e-01
7.464105673626807158e-02
2.339671602626856028e-01
2.439718957324428783e-01
2.863227777811343522e-01
3.515259598507530781e-01
3.029627509598272206e-01
5.106402822424640359e-02
1.170509243334488941e-01
1.933334906123029828e-01
2.666932871761796275e-01
2.826269940459166449e-03
1.868361622372829989e-01
1.325576011953051928e-02
9.111416520396360338e-03
1.362199671708135273e-01
1.949065205297834391e-01
3.336425955136879673e-01
2.713295099038898761e-01
1.761868721772394397e-01
1.220986489031729155e-01
1.600300087335050636e-01
2.485278249079614366e-01
3.304406012700256134e-01
2.162481568654243957e-01
2.192239250729159650e-01
2.148657514708695038e-01
3.422347132911707224e-01
1.363439283388716838e-01
3.546545298564649507e-01
2.752445824893499648e-01
1.824664701419410340e-01
1.465206673015651273e-01
8.042606994758196015e-02
1.885107271445943811e-01
2.665304353898750311e-01
3.294067825953753137e-01
1.802733464923597095e-01
2.108879066156169879e-01
2.475448605894614573e-02
1.857132818509222572e-01
2.111703093825882949e-01
3.274399200139683219e-01
4.880837562165456396e-03
3.201323402177132516e-01
4.494436442876742488e-02
1.594267703742412168e-01
7.652145022641552996e-02
1.812093245138113318e-01
2.071406124239810465e-01
2.161013426339133126e-01
1.398584741207180293e-01
1.412388157795793353e-01
1.688449719847068542e-01
1.515265271205325504e-01
1.604357325404516255e-01
1.204865762678525298e-01
1.800448066228896027e-01
3.291473877542273607e-01
2.969212123111363288e-01
2.412368271865406311e-01
3.261002564531019221e-01
2.779678535987046839e-01
7.041620778445327467e-02
2.703115862796177105e-01
2.647155648762968272e-01
3.485067951893442983e-01
2.980615913489862920e-02
2.301281833386213116e-01
1.397492038114017954e-01
3.398506918031907187e-01
2.148654442929808644e-02
1.009627388105126429e-02
3.367684648655029367e-01
2.930476381049498258e-01
2.210395463511064251e-01
1.642874153161504591e-01
2.390592811772228321e-01
2.107820262527125843e-01
1.623728579305222242e-01
1.281368640214477217e-01
1.610257268707846745e-01
1.880147087789498517e-01
1.511025371607032375e-01
3.373014866162745706e-01
2.094509187132821415e-01
3.103298920665992777e-01
2.252932385484047659e-02
2.125306769403955687e-01
1.774762891397992925e-01
1.924446916934430540e-01
1.238045305791117406e-01
2.881768669328485521e-01
2.285742760569358101e-01
1.788878804434674286e-01
2.497469456761615136e-01
1.708351965642268544e-01
6.264789094979929512e-04
2.811608301133768362e-01
1.724443755339171436e-01
2.595554836129576048e-01
1.682062277915487292e-01
1.144608763595795081e-01
2.144025859763465658e-01
3.098001342835084437e-01
2.267622514408255407e-01
9.686232944680023271e-02
1.521581083784439570e-01
1.569769153068104606e-01
1.775838376092047366e-01
2.010553159828671055e-01
2.113598908946008326e-01
2.759747554163827221e-01
3.244793874980042570e-01
2.084081029080764591e-01
1.340654849529080983e-01
2.997728487445471823e-01
1.293387982980015172e-01
2.709194933488152102e-01
2.224801639636908024e-01
1.757894438859653741e-01
1.244357517494781434e-01
1.914066719536317296e-01
1.765219195260272211e-01
1.099237775635866915e-01
2.836749264005255511e-01
2.349418799109251332e-01
7.426828016612848152e-04
1.540447737032187014e-01
2.397354090445178998e-01
1.539657657042666772e-01
1.862774636137344564e-01
1.956663084449722645e-01
2.451066878223584489e-01
2.380074873757302423e-01
2.854055792539085257e-01
3.047644842454810821e-01
4.885544661935795757e-02
1.867843360542419395e-01
2.872421244716171218e-01
2.323164747396694041e-01
2.768314280383427639e-01
3.209393313745577125e-01
1.217783886614765970e-01
1.886793666920484891e-01
1.825608750451446771e-01
1.541135248575785655e-01
1.861795281433318572e-01
2.030764417143831602e-01
1.564520976686029352e-01
2.166971704302393664e-01
1.506009793004210728e-01
2.176159393836118450e-01
1.119744823914155807e-01
3.296611359218014625e-01
2.594827893845852995e-01
2.041014860928849206e-01
1.751853177549786145e-01
1.377527081528308606e-01
2.233144208629527644e-02
1.826974702886410840e-01
1.367264297694883446e-01
2.777860540100167697e-01
1.187264771646968919e-01
2.853796274202233252e-01
1.699908590041334655e-01
2.888012654044537775e-01
2.818382673548354145e-01
2.141405122880731537e-01
8.742236251772640687e-02
2.938176509749748089e-01
2.173985835854216619e-01
3.520087451952842450e-01
2.465714722029133388e-01
2.570871545528569113e-01
2.179506407615105223e-01
2.422850565621846308e-01
1.718197712366342222e-01
2.851046231262268499e-02
2.182275752314606909e-01
2.348831817820779544e-01
1.404572034536839542e-01
1.225114303588737824e-01
2.989070929898054452e-01
1.146710360335126133e-01
3.260108331828463490e-01
2.058224318249790019e-01
1.572889340785735834e-01
1.958456261557338096e-01
2.575756631232462568e-01
3.180135576280667120e-01
1.366520427096518941e-01
2.643604656362639749e-01
3.484867298077067299e-01
9.949793927993866305e-02
1.874237852452076691e-01
2.033011293793189900e-01
2.387112652696775639e-01
2.860417062918683140e-01
2.241626237917023479e-01
2.100463658108829845e-01
1.310546973791753556e-01
1.193609017407434997e-01
2.933707303183837878e-01
1.888686213773661804e-01
2.643224181400164463e-01
2.804761406619198927e-01
1.931292806906776960e-01
1.992719281751842153e-01
1.093790581735405443e-01
2.178088636779239862e-01
1.364816584450147530e-01
2.328233035241426829e-01
1.666420257227644031e-01
2.720102327387657337e-01
3.136289568063138633e-01
1.896385301447992278e-01
1.889145471978201651e-01
1.340140213736011610e-01
4.331318278140862399e-02
1.677193427032037387e-01
1.715720294412964031e-01
2.912436921806641488e-01
1.939241816685430275e-01
2.392125287770180131e-01
2.443622671586575812e-01
1.320846741562296811e-01
1.734001782885746246e-01
2.947203732334924831e-01
1.566885914766823207e-01
3.464441645051841850e-02
1.748249528497139160e-01
2.626080569018496291e-01
2.170979012799203935e-03
2.952892521873808351e-01
1.490790652260723659e-01
2.136425193566775516e-01
2.136749497060810299e-01
3.021070689314515056e-01
1.790387676063997791e-01
1.789032405653957769e-01
3.197119889351649480e-01
1.999715021565475759e-01
1.945723738359254329e-01
2.296345417989595072e-01
2.306821534585753175e-01
1.727590672276628769e-01
5.539478562931572647e-02
1.815682064480940994e-01
1.999476815286424791e-01
1.352320795454524383e-01
