5.530430896067612540e-02
7.783306153243477188e-02
3.206708256931472406e-02
1.154481780412621311e-01
1.572565654681113978e-01
9.091296813220824113e-02
1.082997242712310099e-01
1.915755522630479546e-01
2.291848029916306040e-01
9.524561128252861941e-02
2.441567469652637379e-01
1.520970974033773460e-01
2.078705864389197577e-01
2.166392576500617007e-01
1.611491339262486888e-01
2.135498273168680849e-01
7.265432256301918024e-02
2.687298326781689672e-01
3.085101956426683847e-02
9.141420354668935988e-02
9.467094474798450066e-02
1.197494477794342344e-01
8.867039331495943366e-02
2.359966965966236729e-01
5.677733369974537897e-02
3.169942462971771513e-01
1.703330716158115987e-01
3.115245452746866484e-01
1.325230577128670428e-01
3.321792189558825381e-01
8.894095200684409841e-02
2.812765255733596925e-01
2.924202623369983045e-01
3.109279160731109881e-01
2.335840685072658185e-01
3.170472964285211415e-01
1.847170411130623913e-01
2.994942189420116141e-01
7.833770911510007373e-02
2.945263569782931024e-01
7.500095610041916661e-02
2.523875154946368937e-01
7.141248634364961989e-02
4.233788322882329341e-02
3.045040728910445305e-01
1.315838527960012938e-01
6.637644730370328983e-02
2.961926326070244975e-01
2.477938218161703232e-01
3.280356507067455074e-01
8.996512379599590215e-02
7.849985591346414493e-02
3.074951155864895092e-01
2.670791782376885082e-01
7.943122639767954962e-02
2.706448239831603653e-01
9.689000911663037119e-02
2.916703149544355167e-01
1.611822858463797525e-01
3.714799807575146218e-02
2.810533073977321550e-01
2.884448077608819938e-01
7.598602327658129929e-02
3.150479098279568291e-01
2.532375849435067883e-01
3.167790301921448171e-01
6.783519386211818436e-02
7.573411126577496433e-02
6.940209986614234716e-02
2.610735516773668996e-01
3.011979326800190981e-01
8.106084152177886470e-02
6.840110028860972580e-02
2.196159379715949544e-01
1.294013186726484799e-01
2.311917884124909117e-01
7.883958923775892524e-02
2.578548898383150600e-01
3.047207401057779874e-01
1.331307322050486464e-01
6.263553850318254179e-02
1.582985955883930984e-01
2.182213173950279250e-01
2.131270384542853225e-01
1.786011338625907163e-01
3.290537037568621037e-01
3.508647674870694899e-02
1.076610317167635694e-01
3.204978585904155186e-01
1.879643297784124034e-01
1.439908976313248046e-01
1.497617733962149089e-01
2.914646263155018513e-01
3.838842797609794133e-02
5.589313309657108209e-02
3.151907672117620907e-01
6.940751141995830931e-02
6.592146990928941797e-02
3.326571481281857534e-01
3.120231562270929793e-01
2.029735646275482308e-01
1.413939816886444767e-01
3.062197875605827124e-01
3.973427774602325546e-02
2.935482297702572962e-01
1.018908507302920541e-01
3.210656767284808533e-01
7.294160656313293523e-02
1.035750491089802022e-01
2.517362302774726057e-01
1.129741572589777893e-01
7.897272928133253211e-02
2.914527437418345523e-01
7.740777131805445799e-02
1.982546367207151661e-01
1.844069586245061509e-01
3.222074719041891355e-01
7.079823459495025728e-02
1.863648259156479858e-01
1.592509719712100202e-01
3.048732855838953704e-01
3.169222361959590506e-01
4.518141175052171193e-02
1.380828918460124677e-01
6.871689632070628051e-02
3.050756297674910855e-01
7.497530566828124188e-02
3.329413594527982356e-01
2.517499962526182911e-01
3.007021795795831176e-01
4.087782348854807762e-02
3.337454842104738417e-01
2.628211935654164444e-01
3.279132361148748287e-01
2.974708499646256388e-01
3.114708070188281774e-01
7.833385931910202826e-02
3.235134441696500551e-01
2.807093033417515926e-01
2.806018512848270641e-01
3.107852294835802484e-02
2.756428352632130374e-01
2.820206850454165526e-01
5.883567405801104488e-02
1.785409272249781631e-01
1.259231921385399744e-01
2.997248996161444579e-01
3.199990567782640682e-01
1.630538375062200451e-01
1.968381177546772165e-01
1.026881736323970867e-01
1.788609640526264977e-01
5.422044990081086036e-02
7.848246828445455681e-02
2.997865591892730497e-01
2.043013841609044035e-01
1.943002320536637573e-01
1.246375508451112307e-01
6.918949072997465644e-02
2.858481268244776330e-01
1.388902807685395147e-01
6.923201888993929520e-02
2.857417140576981041e-01
7.219420323163255881e-02
8.028157018692165525e-02
6.833025792928475173e-02
1.466319871003164410e-01
1.686877365928475259e-01
1.045451921700270015e-01
3.638694627566851914e-02
3.784454208712779988e-02
2.359172665818377035e-01
3.280172837560089705e-01
4.222723373421576054e-02
7.701202036641195681e-02
1.614701012766576460e-01
3.024693504477045103e-01
8.309499969995180757e-02
6.445319075095937156e-02
2.433969298101844037e-01
3.185321001752509096e-01
2.593579555622957389e-01
1.867674598919325246e-01
2.944349566027449905e-01
2.101532819230507998e-01
2.616793823291388432e-01
6.246602098756903060e-02
2.108162973587869304e-01
2.545407528896074800e-01
1.303407020889652546e-01
2.579693045721040412e-02
4.611581515380363400e-02
8.723147222063293293e-02
2.050538060400734497e-01
3.070325534829927983e-01
4.120192965171397270e-02
8.139301374295000724e-02
2.451338112530942748e-01
7.053537289896975870e-02
7.012562922063340920e-02
2.398802467693131879e-01
1.170481086735280923e-01
6.656138944765215004e-02
3.219550317661022398e-01
1.315774507792071002e-01
6.589878333634677232e-02
2.361861350272119742e-01
1.021187182025672796e-01
1.247210676850165068e-01
1.585994882953324914e-01
2.523772231799215060e-01
2.373092184963805362e-01
7.620605070254819757e-02
8.076806277851844573e-02
1.154443746995893610e-01
6.508777849189102682e-02
2.182878524610543935e-01
1.099093712147478502e-01
8.279379850332752033e-02
2.699827056958400417e-01
1.022166528033304628e-01
2.307113800554887462e-01
2.230077406116629246e-01
1.025851657423458158e-01
1.084916927476838877e-01
2.761218332848205947e-01
7.528620833527495393e-02
2.651271607093468388e-02
1.804261711219199427e-01
5.744829381407200175e-02
1.646399745660185321e-01
3.049650631232794229e-01
3.092414210283584985e-01
1.791088311970025493e-01
1.338853097664129688e-01
4.604125037048499569e-02
1.385831182923532856e-01
7.890538203931164729e-02
1.024610630101551872e-01
2.796080556299080366e-01
3.017488574131719226e-01
1.913296652691084121e-01
1.984957069712530164e-01
8.668665418569576619e-02
7.569027348439887060e-02
6.786609538836131661e-02
2.729221348240836731e-01
2.373973380204920658e-01
7.782490020921171980e-02
2.062948948710213448e-01
3.191389444366957151e-01
4.441876371903163978e-02
2.106377377609684187e-01
1.793669919453289019e-01
2.500057030502334521e-01
7.630967936587508549e-02
2.448284836309620460e-01
3.250400436760390588e-01
1.161011173696406829e-01
3.127398353454810542e-01
7.189325954290333442e-02
4.944584163870826415e-02
1.593237424607284736e-01
3.155410627033660154e-01
4.574222754758334314e-02
3.111797274357001597e-01
2.805857816351088260e-02
1.121848481769681938e-01
1.709745733648804500e-01
2.273580149432556929e-01
1.743729140653146881e-01
3.316330113173774907e-01
8.058718401379558194e-02
8.622528772281760900e-02
3.594263553527143884e-02
1.374169702345591215e-01
1.681825893738228273e-01
3.359465790903571475e-02
1.317071607859876536e-01
4.690244286659912831e-02
3.000656500532059567e-01
1.287272166379415939e-01
5.034634860188738625e-02
3.302905778593348551e-01
1.621900392115298850e-01
2.205428741558540517e-01
6.732711963505652597e-02
1.838635343231327657e-01
2.227822410847812851e-01
3.398088956204008138e-02
2.007142422804989446e-01
4.049579578999468188e-02
2.262340975919492625e-01
1.106940737198856967e-01
7.083941002067964399e-02
9.578918247181432422e-02
7.357107342358508439e-02
3.075986131807454393e-01
3.169294264016553342e-01
2.198629030032360765e-01
2.946716713335946203e-01
5.460413745451100920e-02
1.834695548857485092e-01
1.431448708408115666e-01
1.933252840082408386e-01
3.131132202623344574e-01
2.099214503276227162e-01
5.289831302060672008e-02
2.380379114260950391e-01
2.496257265419200289e-01
2.139756962812057739e-01
1.037043954977726196e-01
2.576042681935786782e-01
2.311438135690886408e-01
2.484082676651018784e-01
1.820065404376798035e-01
1.296868825486650334e-01
3.074392331948241561e-02
2.702605397461319003e-01
2.842820258235833619e-01
1.318528716375597654e-01
1.295509622636576152e-01
2.867721598695109897e-01
3.190037070595477808e-01
1.932483778626043203e-01
3.091543068539836514e-01
8.480950499082984262e-02
2.090567898288867854e-01
1.948023299212170156e-01
1.042117579147426309e-01
2.726790800258215852e-01
1.421493935098189221e-01
1.031353269431599246e-01
2.546071720357502843e-01
3.203028643776684170e-01
3.227880811693590868e-01
6.810143947819349841e-02
6.295698580540304290e-02
1.043501137511604338e-01
3.036561283429667357e-01
3.214796466215942283e-01
1.235720788489585859e-01
3.285448867751369906e-01
5.621134711575442172e-02
1.587662443314284133e-01
4.000454126598873561e-02
2.780877542935766486e-02
8.092472159834762646e-02
2.889632205517023711e-01
6.274445067550357691e-02
2.871467645440953231e-01
8.431658836041569516e-02
3.327296995576855543e-01
2.608486803777457785e-01
3.243857021579563682e-01
2.452394639338191795e-01
5.924605981530172566e-02
7.663080393798238354e-02
8.688595228912589230e-02
7.569224190655500506e-02
1.200816164648922935e-01
1.203570279915534280e-01
7.685294630617521550e-02
3.134866395373550052e-01
3.119733153089304101e-01
2.563371860680240255e-01
3.606458170604170260e-02
3.024064884833388075e-02
7.555780300774568581e-02
3.522410124771115786e-02
1.316759161384880028e-01
1.674008484413934961e-01
3.144800102362583227e-01
1.466684718709153346e-01
5.240430370476795857e-02
1.086907200347363850e-01
2.781875872651058401e-01
3.281504967767435721e-01
9.084942957109806705e-02
1.643994839174975908e-01
7.892552914929570895e-02
9.670380319382276824e-02
7.008236562399478009e-02
2.763676685356133422e-01
1.311105386269975082e-01
9.598836520036096998e-02
7.378365598465706776e-02
3.130830476400181528e-01
9.351763266229254357e-02
8.011790353783014573e-02
1.683110599726979628e-01
2.467790908550697160e-01
3.132428637738778887e-01
4.104320557500509836e-02
2.027202454406683563e-01
6.631784793001256617e-02
1.543655348764640944e-01
1.503682139792145989e-01
2.967388696240788604e-01
7.720143260448551759e-02
3.320676870291975891e-01
2.832712907054823481e-01
3.306813854904191996e-01
3.070009035811877562e-01
3.333557161591312323e-01
2.570620665274389594e-01
2.406344206487277815e-01
2.064374699401648472e-01
2.748259087421463520e-01
2.383458350363182598e-01
5.312266549330470211e-02
5.088117455598809707e-02
2.796414711227969696e-01
3.442875497692132053e-02
2.447020506829901132e-01
2.282106832546500763e-01
2.676185511497837233e-01
2.509429955635269494e-01
2.348127261673028932e-01
6.405153486502980498e-02
1.695514240423033892e-01
3.015771009632418065e-01
3.056272382701338275e-01
1.194456673912940303e-01
2.801783990143894565e-01
1.552494298000328954e-01
3.158464472795547429e-01
9.736910750349200838e-02
1.089219169281126359e-01
3.091507728028733415e-01
3.289083271302669087e-01
2.557144228747016967e-01
2.366465987726036890e-01
9.876301669281961626e-02
4.355468812513507704e-02
2.463362783415813384e-01
5.691068327669183968e-02
7.755827858808946040e-02
2.870644049540030385e-01
8.523375876534673712e-02
3.766540236928701824e-02
3.217967936794074307e-02
3.185903473742064396e-01
8.659652018292690601e-02
1.974667934996051366e-01
3.203112512445694532e-02
1.200721930828248241e-01
2.349074517400728535e-01
2.386779469335851556e-01
2.218994505448849686e-01
6.120888947534491864e-02
2.832926523020866671e-01
3.219873310252338028e-01
1.134889681690029600e-01
4.582359967015880303e-02
4.593371929012880772e-02
6.244429851032732431e-02
2.576016532731620345e-01
7.578977376282343414e-02
2.920031496385770975e-01
2.512493706366708546e-01
2.783031839284285103e-01
6.162906539137152223e-02
7.900925777052504595e-02
3.207597400462444126e-01
1.233748293557180575e-01
3.005372519094821615e-01
1.726746247211192742e-01
2.353616427755108598e-01
2.501351403489402436e-01
1.693005784016524129e-01
1.047737028244911939e-01
1.307243744838831878e-01
1.804948002931734685e-01
1.926340034097867027e-01
2.764763906484702938e-01
1.854074043408614481e-01
3.012391865596059093e-01
3.245688890737241650e-01
2.912594070348081265e-01
2.868824045525772415e-01
1.521447701185701107e-01
3.222352713479396669e-01
1.423006437680673086e-01
1.552385704532223687e-01
6.451593403304993479e-02
1.090291086059916176e-01
2.299077559853079933e-01
1.137284280917945367e-01
3.065322792856505774e-01
2.323323820326106959e-01
1.209821273161539590e-01
2.059805240288582473e-01
4.566505986038733866e-02
4.476578413361688435e-02
1.696204882070171116e-01
5.765899792087388065e-02
2.282983738189417744e-01
8.299446555690058458e-02
2.235247246014898381e-01
3.145224260346554668e-01
7.501077319941427957e-02
2.050395726119127182e-01
7.703331006834671091e-02
2.372132012857330607e-01
1.053989755684814761e-01
3.458483220987648016e-02
3.171665412778111870e-01
3.166287431982552358e-01
2.790425525097383619e-01
2.956200355935728052e-01
2.746229934915522253e-01
2.606055257253038215e-01
1.102088521524333675e-01
1.053048364493888445e-01
3.553527081719604769e-02
1.123116747410242283e-01
9.892517170454909192e-02
8.830798418174616582e-02
6.200958414151799131e-02
1.057812401740049202e-01
1.579629038838542554e-01
2.494249831514629423e-01
1.002273735861579917e-01
2.839116019745987485e-01
1.522299574753406548e-01
2.951753841591101546e-01
1.175947310549761843e-01
3.289650477001267864e-02
1.598502598652880857e-01
2.386535894218471399e-01
7.495396613787948248e-02
2.929345101811142715e-01
1.276265435663565817e-01
1.934543400853790396e-01
2.577526442634086035e-01
2.661760842372482005e-01
2.718475950979427624e-01
1.202021128122889859e-01
8.426033217487287341e-02
3.069672943676468035e-01
3.140719930796285198e-01
2.405048389264468900e-01
3.060401648658291340e-01
8.380797871585336789e-02
6.683542906814719797e-02
3.061679026211556742e-01
2.334608249055846463e-01
1.563436117342349441e-01
1.010911735009425855e-01
3.112165635675616104e-01
9.085187085749159286e-02
3.289894928904801841e-01
3.021203031081470813e-01
2.537331183000793855e-01
6.758019632788796194e-02
2.192524924526678409e-01
7.550210207793947581e-02
2.331657134880033566e-01
2.604224908864069543e-01
1.899315681436203052e-01
2.698089246774267314e-01
2.401147675095253453e-01
2.860979741680190758e-01
4.731204770684511313e-02
9.088317404318868586e-02
2.321627109599640748e-01
1.958345843070128101e-01
2.674929920149622387e-01
1.993958074303268935e-01
2.096013264872090553e-01
2.178561137316606666e-01
1.750533716116037808e-01
1.874741183195281491e-01
7.612611577558378584e-02
2.074189624431953261e-01
1.043678772524639503e-01
3.157562472585774827e-01
3.244961105300319670e-01
3.054109753724930099e-01
3.269611975218413846e-01
2.659450346832768486e-01
2.086194305142874406e-01
3.240416410666934199e-01
9.326081770703704976e-02
1.015210468861577758e-01
3.110069368765746023e-01
2.301202143579070825e-01
1.651974093108737884e-01
4.468093248455504152e-02
1.182675736933167798e-01
2.999993871956681546e-01
1.172056856740680830e-01
2.184896957310225873e-01
2.903889693885479059e-02
3.098298519442663768e-01
2.997399892131749621e-01
2.998965720132293900e-01
3.177537142299277084e-01
3.921260659708088181e-02
3.055343247223704095e-01
8.218685413963308650e-02
3.238112656110689880e-01
3.269700513928874841e-01
2.122512886133651744e-01
8.298219466891312845e-02
2.726140442645081513e-02
1.662158106569679439e-01
8.001741539620967070e-02
3.231027844328475673e-01
7.870829486178951284e-02
6.525126659879328106e-02
1.714567215884999496e-01
2.511759361369730326e-01
3.270619630311711878e-01
1.531795436672079846e-01
1.465807506433952356e-01
1.598732615071080387e-01
2.965210141436783187e-01
2.918079187244821959e-01
3.225923375526402737e-01
1.666129043137818122e-01
1.221558635539657239e-01
2.938351483935903730e-01
6.725754714143102053e-02
4.796239661987147102e-02
1.959149094931622315e-01
2.195963408798350669e-01
9.829255855874440007e-02
1.987864141936922513e-01
2.827401049397881491e-02
2.926513773016634068e-01
2.643270384405873030e-01
6.099672235280335225e-02
2.002985724480005059e-01
7.473268756889807352e-02
3.158446516623236722e-01
8.796421412309515797e-02
2.607812743639593145e-01
3.211097974010370670e-01
1.488825308754456456e-01
2.801494885151345482e-01
1.921833450135379540e-01
3.422823936501009218e-02
1.297751848035991196e-01
1.648859326937539282e-01
8.097079271341608986e-02
2.253414755294164962e-01
1.840954696231954235e-01
3.778840911805488728e-02
2.566043196033179069e-02
2.968596368649534245e-01
1.345771272406603158e-01
8.464854406404474785e-02
2.815240778856624715e-01
3.248787490609360007e-01
2.597417474643205493e-01
9.538881215004368919e-02
3.167685371177869635e-01
1.597235309752914889e-01
1.313696685354587002e-01
2.306001006007443732e-01
3.007160674222517649e-01
2.657767879206354156e-01
7.925834924647670587e-02
2.718352358880675793e-02
2.844692678684713205e-01
2.897410878684978930e-01
2.824754117409232212e-01
8.754820245088316966e-02
2.882097479822377517e-01
8.648454654848619638e-02
8.154141211350693363e-02
3.792562932888510208e-02
3.154134698516699031e-01
6.580450943105037309e-02
9.808103855067192012e-02
2.175763487100330906e-01
3.244700168849873334e-01
3.803195276934354802e-02
2.221571571449298677e-01
1.934325593569740376e-01
8.817075518166088421e-02
9.503803416492838385e-02
1.926289450597124808e-01
2.612829502099783818e-01
4.470048954914111056e-02
8.470283554201794851e-02
2.890415646171087122e-02
3.470504966122520824e-02
2.509360728940162599e-01
4.225750726248164724e-02
1.531979665714063021e-01
5.590009648161917144e-02
3.173782729294277183e-01
1.002289031019304444e-01
1.986447132721912978e-01
2.822469781748510043e-01
4.648222845659058522e-02
5.350031734778723513e-02
2.626820082476702400e-01
2.653075183794436631e-01
3.061167340434280126e-02
2.685636085972885612e-01
1.464822053087301290e-01
1.818587548471802262e-01
2.439964158420354912e-01
2.996340122801367523e-01
2.533617973015256930e-01
1.838636416820965125e-01
2.220346263983314083e-01
1.070788666130781108e-01
2.011730968606212921e-01
3.768693580215230071e-02
4.719659461642732728e-02
3.202893181949050261e-01
2.774708767116250141e-01
3.119933012230979852e-01
2.057516386983505585e-01
8.945193413663379833e-02
7.800270509757939452e-02
1.026190501942764177e-01
1.559935790641586162e-01
5.638352872266184229e-02
7.461235971850234405e-02
1.986748524725644727e-01
3.216435328639092872e-01
8.864273977937113524e-02
2.626196801289578109e-01
1.980388511855795952e-01
1.922868447186153740e-01
1.388705651202276625e-01
2.405634528762635171e-01
1.479122289681195634e-01
1.109399502361496509e-01
2.900801940711143501e-01
8.100229530477871809e-02
2.384695455092385452e-01
4.328683422147724252e-02
2.861555473583534681e-01
1.380477104627780005e-01
1.876745377686077076e-01
2.227652345392469313e-01
6.007400552519359671e-02
8.322852477193617982e-02
2.382880783239300637e-01
2.643613053860141560e-01
1.244706580091925197e-01
9.048902779840935218e-02
2.881163733219388456e-01
1.209652862070723089e-01
9.670635484793517478e-02
5.002844237532363958e-02
2.237092298727674788e-01
3.103102053631415780e-01
2.438201931503128361e-01
2.468022464328022969e-01
8.372503515806102581e-02
6.674030204534800448e-02
1.204073826321240687e-01
3.250052537548546727e-01
2.778149644430837895e-01
2.512998453539782573e-01
1.557851177502095341e-01
3.056763133501375074e-01
3.105324719720445881e-01
6.746962729222823196e-02
8.206157312185008434e-02
1.443898456646688089e-01
1.333642613514867126e-01
3.192157669079134230e-01
1.554914787555628231e-01
2.207670410005486417e-01
1.079299643423050625e-01
2.882608780511714541e-01
1.739562148467411196e-01
2.635956641887148288e-01
1.162663351868914174e-01
3.291733248573153747e-01
2.678172758838825995e-01
3.339173065668710194e-01
2.657084745775060708e-01
8.925576157471783179e-02
7.535849038181895165e-02
2.171654352991630177e-01
1.328814096491135188e-01
1.149219393694711766e-01
3.318870914301483843e-01
1.742292356598864611e-01
2.078944638966664926e-01
7.223231143800774856e-02
1.892407426094324385e-01
3.305993570257926839e-01
7.116242051670076951e-02
4.075486874228495537e-02
1.918161417218607057e-01
2.059887735989243407e-01
3.035646485543083140e-01
2.558175336630844621e-01
7.073706900660882424e-02
2.949654485892655442e-02
7.019003722900223063e-02
2.767045990692734714e-01
1.786680652315654205e-01
3.200078245235259966e-01
2.936519505006762176e-01
1.188170705998922577e-01
8.436701672299772026e-02
7.265700043428056920e-02
7.008015383103924356e-02
7.526193921537323306e-02
5.500616638652401635e-02
3.803474233907012947e-02
2.595419373072456182e-01
3.018017819194869777e-01
2.479418062180520910e-01
2.146209003793348169e-01
1.260307936633548731e-01
7.804352319930253634e-02
1.657180234374076577e-01
3.213366517294342639e-01
3.198538944128578310e-01
9.497228918566455458e-02
2.524130256308945164e-01
6.286132989612364108e-02
3.323381919392606187e-01
1.739044908600251016e-01
1.234258012360822526e-01
5.264894978511820006e-02
1.390355651155734673e-01
2.217842880291316099e-01
1.273726223390620471e-01
1.887481197980130920e-01
2.005648554918997850e-01
2.102015831277843638e-01
4.998352495007479107e-02
2.297974119479951893e-01
7.366818693883116220e-02
2.566677107710665373e-01
6.000430724616092476e-02
3.989557620328687548e-02
2.841183495590533514e-01
1.030201994478499722e-01
2.884061639198755578e-01
1.731477611815715467e-01
1.119041767613206395e-01
3.152260698751508938e-01
3.719998084075249595e-02
1.845160175966681360e-01
1.891723615981330542e-01
3.260816082928670312e-01
2.758141433044889457e-01
1.782597839176471577e-01
3.330889883529216111e-01
1.088142474254237546e-01
2.888956887577396881e-01
4.587164158167873762e-02
9.443317716648413906e-02
2.045550379252566164e-01
3.057108745556107454e-01
5.350641638650329573e-02
5.610628436977167788e-02
7.242713185543189769e-02
3.286618148403026018e-01
2.674615164745726137e-01
3.096057579168930429e-01
1.695653727696901092e-01
9.953044023188924172e-02
5.631914744668005401e-02
8.601482440076010927e-02
9.139814692805652008e-02
4.751795948097760347e-02
3.308896613637785089e-01
1.063033997273242215e-01
5.662595463691802444e-02
7.780408402593964878e-02
3.277155552995633658e-01
1.475092086579092299e-01
3.056742506605820697e-01
1.046903105922891708e-01
2.789829374919006733e-01
2.334321906538192326e-01
2.366144863760016592e-01
2.835171733048069131e-01
2.940356638780883269e-01
1.770524663373176377e-01
1.058061625032871850e-01
8.808510635901806163e-02
2.965982046139874484e-01
5.814592122105482347e-02
2.594851017550923733e-01
1.843393064226304945e-01
1.313074991001879077e-01
1.341365436401669997e-01
4.719951819641848845e-02
8.280892070773636371e-02
1.412361748099561221e-01
3.100294114296377468e-01
5.425613639946048894e-02
3.196854492342598997e-01
3.261990850427225475e-01
9.696477742169168357e-02
8.357340730633108783e-02
1.234377906671955266e-01
8.166444677018655507e-02
1.207148638985594685e-01
2.762147645884125979e-01
3.166165720175735943e-01
3.271761977300570723e-01
6.177897056163267342e-02
5.180128911464080416e-02
4.733269754711039862e-02
7.688715680838999200e-02
1.556501659723579789e-01
2.364239294851801787e-01
1.693163290995418069e-01
2.096599685548184711e-01
1.645736801816516104e-01
3.191303549841792986e-01
1.815039804310222826e-01
1.926374863884892930e-01
1.393779518805957629e-01
4.637705076542419230e-02
3.295633320698717061e-01
7.034771735946956928e-02
3.302366248829705642e-01
8.368109920039949745e-02
2.969055219527083067e-01
2.599435585917662661e-01
5.860808650499584049e-02
2.195623297655700523e-01
1.665662390364799350e-01
1.119666348416803042e-01
2.196348796223610844e-01
2.742647810343456505e-01
6.998391646469893923e-02
2.109933991749879112e-01
1.239940696252925106e-01
1.310134849800820289e-01
1.812417673582609468e-01
2.813441074542874509e-01
3.302603493828456527e-01
6.593384819063259628e-02
1.446926356526345436e-01
7.523334308490806088e-02
5.252310536251026535e-02
2.489030517507184459e-01
2.947176376154768684e-01
1.433761747044064450e-01
2.592622881020951175e-01
2.299087989377825436e-01
2.584567691814244061e-01
2.027414319534550646e-01
9.614699608286800259e-02
7.950407908948425861e-02
2.182560529734928201e-01
2.113640325238437812e-01
1.395919911274209613e-01
3.090356903117367771e-01
1.327466340426738112e-01
3.166257953972523853e-01
1.298835051556987974e-01
8.112439118915447389e-02
2.518824766374113677e-01
2.794970113602986417e-01
6.804414849951849475e-02
1.761652889567223157e-01
2.195317381559064029e-01
8.740380423367777318e-02
7.241288402952258951e-02
5.345211788023800786e-02
3.028311217625913043e-01
2.387331119477993646e-01
2.117077578132174620e-01
2.618689287675147193e-01
8.062863094776299977e-02
2.618738059013497876e-01
2.410619530687145851e-01
3.533174551837406363e-02
2.723485966469275099e-01
4.099950805146718863e-02
1.908969090726548301e-01
1.037046283954168868e-01
2.777722390937405472e-01
8.158889806604678607e-02
1.302186669314581713e-01
1.086988476675669474e-01
4.937298867265799834e-02
1.953460913867647308e-01
8.137678850957928700e-02
2.836155175950935692e-01
1.310638566277396999e-01
1.399162794003434018e-01
3.169282336213511408e-01
3.725803873065874905e-02
2.210488039146768779e-01
2.718357753293034196e-01
1.139751302517470061e-01
3.326953329918928004e-01
1.248197816921553099e-01
