2.888029990028101457e-01
1.587773659697166162e-01
3.187100525533002604e-01
2.160861692672888523e-01
2.034991953719269553e-01
1.018735120065221607e-02
2.041049627878306072e-01
1.076152962994076784e-01
2.579261566686699703e-01
1.667369239739122100e-01
9.897720111310877311e-02
2.195287340219513328e-01
1.828370816942440080e-01
2.099580521177124570e-01
1.810962125680050938e-01
1.960833039486702400e-01
2.305054394231610682e-01
2.435752383968409207e-01
2.492952283250176315e-01
2.136856743548031512e-01
1.557364774832488974e-01
3.170737711828913730e-01
2.940749532244532061e-01
1.100371510636064809e-01
1.199719112188784020e-01
2.654586895263727486e-01
1.204826124615178840e-03
1.099358130723989552e-01
2.133333750872862533e-01
1.417422986711322497e-01
3.332526163084649773e-01
3.226720083810935003e-01
2.046508080238257643e-01
1.691303788336151470e-01
1.000824122401445084e-03
1.711565068322080108e-01
1.174026551389709128e-01
1.496349249265786496e-01
2.267274566890953857e-01
2.091479597120296241e-01
1.218754463475679867e-01
3.240527742031908409e-01
1.671773597928359056e-01
1.961937178028771711e-01
2.854253557096166349e-01
1.751363265317650575e-01
2.844434453657304629e-01
2.196744717727688589e-01
1.243338831500624408e-01
3.453814378163175269e-01
1.097543038246844883e-02
3.025022487687868966e-01
5.350246533881853478e-02
2.228998083928903640e-01
2.909677745462996845e-01
1.344894201056434299e-02
2.146318968067718325e-01
2.197022903151476803e-01
2.837524174642380714e-01
1.552017146508387069e-01
1.776422969397966622e-01
2.325821283870463663e-01
6.970821799103072650e-04
1.438984500931386468e-01
1.115111468546356316e-01
1.995584385803832739e-01
1.458342447582832990e-01
1.970963288093066090e-01
2.332609974426725352e-01
2.885885099323309833e-01
1.582975636721382640e-01
1.451645606169255642e-01
2.476216132267518022e-01
3.275657708474969398e-01
1.465945452110894998e-01
1.692106242839309660e-01
2.937799296378698632e-01
1.749250860153514812e-04
1.560538536721262637e-01
1.497307302979802857e-01
5.183059625417026084e-02
2.017328691395428586e-01
1.473731042217173159e-01
1.919769255827885601e-01
2.088334708613368007e-01
2.317929494048970307e-01
3.435982580588179403e-01
8.372976273673059244e-02
2.871123955856775267e-01
1.734308907891781992e-01
2.124587074985152535e-01
1.385954524298306234e-01
1.761017632325176663e-01
2.140910814913009885e-01
1.383627261989541501e-01
1.836914258266619526e-01
3.145447715066002070e-01
1.537298036816367973e-03
1.903129077405554259e-01
1.610045358231727286e-01
3.378178268962597208e-01
2.750345234537070471e-01
2.913507848785555909e-01
1.639747059338494128e-01
1.706488903169502414e-01
1.191045346780686409e-01
1.388844713119429530e-01
4.211869651855181668e-02
3.085718327848389619e-01
1.205564267583626864e-01
1.390536427819832055e-01
2.660577199387752501e-01
2.702043669000353532e-01
2.400268164202915555e-01
1.922783038527460520e-01
1.054882911113365698e-02
2.507056671659287361e-01
2.598035332326563140e-01
1.999747161392214090e-01
1.603768471501557658e-01
1.952788176618578675e-01
2.323731797062874027e-01
1.398803779595211849e-02
1.365236715101296461e-01
3.042903960266184482e-01
1.501735230674666188e-01
3.368808172789791722e-01
2.420971810624499565e-01
1.666003222983052645e-01
3.136686126180271428e-01
1.804801069490369614e-01
2.240287121392145128e-02
2.090525360326713766e-01
3.378306346402381033e-01
1.633923217335391809e-01
2.135233030405375432e-01
2.875143761695286848e-01
2.041895088200864072e-01
2.225718794779268372e-01
2.634092532308206502e-01
2.549931222507657025e-01
2.351817512092878315e-01
3.279417909798783004e-01
2.197565788549448174e-01
2.651509167930877209e-01
8.743202392966017977e-02
1.033722190233581500e-01
2.181378344650622761e-02
2.438119257148612870e-02
2.124644472619649782e-01
2.352160348289715208e-01
3.085730779030370075e-01
2.312764631293723894e-01
3.130891940660529560e-01
1.462012105426770681e-01
5.990634906359057141e-03
2.106860996853510970e-01
1.112082407603667833e-01
2.300015115230938656e-01
2.844006762857549386e-01
1.414888665020169189e-01
1.946803861646803913e-01
1.100658921430678616e-01
2.892392192632866621e-01
1.677953980199108353e-01
1.977913319559203298e-01
2.164330510549697384e-01
2.531669769711654694e-01
2.529583835219187948e-01
9.464895836417136499e-02
3.105622324099601150e-01
1.908927363008947053e-01
2.680782332064343687e-01
1.875977125455591255e-01
2.443293755917431975e-01
2.158417549618898423e-01
1.997825601621613656e-01
2.625592123706168013e-01
3.411840935588445478e-01
3.482149702026252625e-01
1.711551967677824027e-01
1.693654599925604742e-01
2.485254437573738151e-01
1.343277293208465506e-01
3.079461309803652180e-01
1.036515700862359057e-01
2.166610123011521172e-01
1.977685473839290164e-01
2.252406291737028138e-02
3.296910992482961489e-01
3.502851068140793722e-01
1.720740117016305859e-01
2.786743878145205300e-01
2.746746722017002207e-01
1.159597879949073596e-01
2.038405052974506526e-01
1.347461090864104649e-01
5.037882577886465714e-03
1.389274167673202644e-02
3.090304578930998525e-01
1.121526151125551013e-01
2.379256693734587147e-01
2.744711458403190085e-01
1.847383092988416908e-01
1.917022429002388229e-01
1.484727648047309279e-01
2.401083526111742472e-01
2.947856083784299308e-01
3.632308071863210152e-03
1.595512140586652639e-01
2.210513764017868477e-01
1.408758578125080263e-01
2.761507912174984147e-01
2.313554338024691182e-01
1.028377485132762476e-01
6.468162622784745519e-02
2.502916365655955544e-01
2.958501561989402284e-01
1.721564554532818425e-01
2.332382160049238096e-01
3.468813530674149104e-01
5.293476955676510581e-02
2.000461986165515682e-01
2.142347603259571742e-01
2.455418021467552225e-01
1.882365375128640939e-01
2.646520609107186894e-01
8.073883243257777564e-02
2.540164240847748167e-01
2.128742591503871018e-01
1.726431840993487583e-03
1.593346323731305025e-01
1.713382484346369639e-01
2.118282122271046841e-01
1.729830154385707253e-01
1.633923522287766550e-01
2.181494150590201908e-01
1.260581307911219917e-01
1.282265622190463528e-01
7.656435190595389795e-02
1.039214942375282194e-05
2.142185008960872383e-01
1.668230451706675388e-01
2.119238032852376885e-01
2.029046794451271896e-01
3.383522422525527262e-01
7.960760148751960807e-02
3.098852062652163730e-01
1.782936338833082668e-01
2.884681170077733059e-01
1.714104950821043194e-01
3.128870069993613251e-02
7.482675936317415358e-03
3.031793209625358032e-01
2.481599215630019561e-01
2.561973795594817416e-01
1.960843247594179772e-01
3.161183080231214637e-01
1.586802039219030180e-01
1.379596539507662312e-01
2.422300949662888891e-01
3.127640982952337168e-01
2.683068616150282026e-01
1.678649624561125708e-01
1.760150658468834228e-01
5.113065786647595645e-02
3.119787033459103798e-01
2.119580007516991271e-01
1.902184903261535664e-01
2.153567168178364966e-02
2.867483945328560546e-01
1.733213819714194692e-01
2.248976659825581703e-01
2.693696288885739643e-01
1.538952367985638170e-01
1.300047850336440991e-01
2.413250409862903734e-01
1.474470150696828574e-01
3.101147581354677940e-01
6.616072637717827082e-03
2.214907406400014600e-01
2.650173281322428798e-01
2.416535380856701942e-01
1.367499010953632799e-01
1.631325690729522604e-01
2.158903073530693273e-01
2.463762270183702738e-02
1.718669579211465348e-01
3.392724146973331023e-01
2.804341698319781084e-01
1.576235969207936960e-01
2.907108257287062680e-01
1.864528289711823994e-01
2.060460890651752419e-01
4.215922180963370576e-03
2.401892075768859713e-01
5.315235714515133963e-02
1.521679461539983957e-01
1.725338145704989057e-01
2.532782684087606095e-01
1.839644371060298322e-01
2.346594398968988027e-01
3.275617872677994424e-01
3.470176267479629373e-01
2.585473207129562190e-01
3.394996836511790517e-01
9.180540762111279174e-02
1.327015069400835079e-01
2.771983510758215252e-01
7.381754889479645587e-02
2.821437016038902401e-01
6.916417961263048031e-02
1.711296529920465492e-01
2.666236981407253404e-01
2.413828087375801956e-01
1.552333389069941727e-01
9.044759562001719599e-02
2.630721630767349217e-01
1.055653350959208092e-01
1.814560149916482346e-01
2.560047349560115593e-01
2.095940275072471493e-01
3.426120299994506180e-01
1.883416812108861249e-01
4.370566627609566435e-02
1.321977636288042823e-01
2.566910722494207819e-01
1.758214828291224108e-01
2.688343696220841239e-01
2.406681668148937525e-01
3.321414506412105339e-01
1.472328492377811548e-01
1.142990110245271501e-01
4.286384027819068604e-02
4.043419900573729658e-02
1.653451256501280997e-01
2.771117059384832770e-01
1.559622022083337611e-01
5.709235656294933334e-03
2.045339427113209152e-01
1.510374007943120489e-01
1.997405958469714027e-01
1.322289789367032398e-01
1.717104206214943030e-01
2.025942105235784552e-01
6.057405407370003436e-02
2.277935752916578904e-01
1.617842977175498187e-01
4.850134392359726349e-02
2.713627183064007964e-01
1.404553798308615653e-01
1.652543309288058981e-01
2.704896074156748487e-01
2.299933756999324175e-01
1.917717570926683601e-01
3.086743823618074423e-01
9.931640673852404344e-02
1.683916986690313089e-01
1.254377056892158615e-01
2.430966047496844473e-01
2.264771575144233495e-01
1.604675374072222771e-01
3.330569395808147815e-01
2.125654691765434257e-01
2.119969424602310276e-02
3.046061309805994100e-01
1.203678426793675926e-01
1.182002295876325298e-01
2.740061781959451381e-01
2.202542845725854737e-01
1.914098925256423889e-01
2.086614703164278162e-01
1.873186443765458287e-01
1.754350271914609238e-01
1.292270631609961362e-01
1.814188325338240981e-01
1.917430430124805740e-01
2.809244307157201526e-01
8.134461931587615158e-03
1.927137369105792197e-01
1.353821765861557280e-01
3.505003500003898709e-01
1.673170853774739730e-01
1.803617716581968344e-01
1.338010513282422154e-01
3.170888213554283186e-01
1.615317969144201282e-01
2.179939345754837443e-01
1.895648803224509737e-01
1.537083014656269175e-01
2.317305273600349103e-01
1.981284646401779426e-01
1.973351370361728641e-01
2.149351624087877666e-01
1.648758341304442931e-01
2.068868277184320870e-01
2.857964562260197350e-01
1.685996453827875996e-02
1.986597916876477465e-01
2.230276535299541563e-01
3.141548254781069138e-01
2.362121310538067009e-01
3.333993499834208563e-01
1.121648407276096410e-01
2.317313641568982951e-01
3.201596081744479405e-01
2.269922216542321070e-01
3.149663745559980743e-01
2.599246855143302337e-01
2.181476646570958411e-01
2.612037058920445021e-01
2.021501393176957859e-02
2.231954535154393182e-01
1.399895329971435343e-01
2.500899787686293729e-01
2.324299985852923689e-01
1.357149698941981231e-01
2.918697694389816855e-01
1.852738810079210541e-01
1.267806983028030854e-01
1.801011602754666596e-01
2.531575814059149332e-01
7.722637087285749713e-02
1.787432197246398846e-01
1.833426302957632537e-01
1.738883603650346887e-01
6.192549280035593122e-03
1.621823331970478899e-01
3.202134685689684845e-01
2.929183485685000754e-01
1.772272906771774903e-01
3.310483867337596364e-01
9.034238611443307435e-03
1.776746171758383230e-01
2.230249427758290992e-01
1.513161148893914787e-01
2.713109486705271856e-01
1.784386764607526488e-01
2.597832301841598857e-01
1.983316413353500007e-01
1.663078618745622572e-01
2.461263732559674788e-01
2.176524135198209808e-01
2.325600623347389984e-01
2.546781148143827389e-01
4.549212530359874468e-02
1.893697644772961985e-01
3.352484083203446374e-01
2.154208047201155996e-01
2.965698464086355401e-01
1.115975540826708301e-01
7.788163724439511708e-03
2.753046100516193251e-01
7.053885960470415717e-02
1.689300066196209871e-01
2.746477657215406487e-01
3.404717025006521736e-01
2.490685973349811844e-01
3.459287582435566916e-02
1.786612021444356213e-01
2.248083042384765029e-01
1.113554302625258813e-01
1.860171411663636420e-01
1.635876239959018763e-01
2.414003013716417290e-01
6.909535554180769312e-02
1.935451803678224780e-01
1.672805650705442571e-01
2.459367088486714703e-01
1.383680489856883300e-01
1.885274710392838005e-01
2.957479668947134988e-01
5.977261633684577413e-02
2.037813316708043943e-01
2.249572474990582938e-01
2.615684000405509302e-01
1.819809409375720832e-01
1.752614293312858285e-01
3.006999769983741480e-02
1.309749274781930040e-01
1.748692615979027254e-01
1.769939126751616243e-01
1.576336092161315927e-01
1.931518877909236265e-01
1.438611692734437786e-01
1.897561253735136344e-01
6.864378676890875441e-02
1.064414373777576583e-01
1.161184334699032067e-01
3.115442501471600567e-02
9.486437114182952324e-02
1.092669490149124484e-01
2.586359631425144134e-01
1.572368771487996364e-01
2.669926970510834718e-01
2.565239873833783379e-01
1.495675799765813219e-01
2.276406717820983472e-01
2.672557018719102784e-01
1.953526873704638789e-01
3.137514055318311734e-01
7.170112873623887828e-02
6.804164626964007145e-02
3.206389355166864852e-01
1.525724256536755141e-01
3.190556181967451610e-01
1.293929361799959488e-01
2.059200629009895200e-01
3.191907931490411410e-01
1.508924102414732071e-01
2.342009885592920004e-01
9.028043458345900996e-02
3.278472450959620255e-01
2.266025848977123724e-01
5.194267702773117806e-02
1.842883501151183490e-01
1.177370169596938243e-01
1.721349726250104295e-01
2.326128072709361672e-01
3.057167220343884328e-01
7.034728417466197536e-03
3.453313420468352990e-01
1.006974240613688065e-01
1.631823758325177676e-01
2.955838953357178278e-01
6.482201224332453937e-02
1.148221093101301771e-01
5.212851254504569792e-02
1.413919762234051025e-01
2.708173755405266503e-01
3.144439024413415718e-01
1.410703874998279206e-01
1.843488247568868255e-01
2.742533926484908013e-01
1.608964387063191448e-01
1.401783771990148808e-01
1.968152281259763214e-01
1.716168539917983238e-01
3.368780183150857366e-01
2.168646025976442293e-01
1.536890091580266626e-01
3.188442203040794953e-01
2.200658138669791264e-01
1.882022719846402070e-01
8.569891271829921386e-02
2.007842748207281924e-01
2.946810522292435675e-01
2.405801994667723376e-01
1.192603607611500693e-01
2.806344949989920678e-01
1.847457264129561405e-01
2.225446843370605665e-01
1.051800847472248862e-01
1.763156610845205696e-01
3.463576045160156047e-01
3.670355495574165183e-02
1.707348830021410413e-01
1.232697900073770753e-01
3.080488400067913357e-01
1.535716147694382028e-01
5.124481687758154769e-02
1.735553420217627041e-01
2.272509274101386090e-01
1.252866676268792057e-01
2.030379569119449279e-01
2.326606725546213617e-01
1.642246856280767109e-01
1.205757179017213215e-01
1.775219885254381014e-01
2.575310659852306783e-01
2.052666662760790628e-01
1.271455247337570094e-01
1.791819703941522068e-01
3.844054991376121694e-02
1.118428479807664078e-01
1.613938092957548087e-01
2.514844239686195859e-01
6.740550251745188598e-03
2.786028375893582765e-01
2.623466839131479156e-01
2.008926939014573643e-01
1.495383663366646465e-01
2.424639492555673570e-01
3.379661053203187326e-01
3.121620414891285167e-01
3.298405844813925292e-01
9.503401940780449586e-02
2.952966035250166321e-01
3.317454726877009930e-01
1.824509188132450721e-01
2.485974822823052710e-01
2.396135634800004299e-01
2.966280302252017331e-01
1.977577791662359363e-01
1.168962886416810426e-01
2.182493346225296005e-01
1.626229712720090037e-01
1.800950589273712377e-01
1.588174057336928235e-01
1.712975056808831165e-01
1.051401252373796030e-01
1.160661944775974591e-01
1.883185488227863136e-01
1.608176614707251262e-01
1.768175155920358177e-01
6.187329857105864890e-04
3.472278535542107636e-01
3.107947604664846875e-01
3.075941605512131499e-02
2.753468743056329271e-01
1.487878281321986518e-01
3.087466802150012346e-01
2.823263750540521699e-01
2.807682707892208418e-01
1.729394562521155143e-01
3.112668782531031741e-01
1.814286330373959255e-01
2.614394037719915964e-01
2.691005782562571058e-01
2.282934033594195555e-01
1.713585591833653998e-01
2.141035714338232754e-01
2.442375349807472118e-01
8.876496132753312733e-05
1.545635696965615702e-01
1.213186348339724552e-01
1.452041974257254342e-01
2.329316822002190923e-01
2.558652560726173419e-01
9.713045057798938564e-02
5.194520943385236289e-02
2.472265027323047037e-01
2.579353839216926292e-01
1.618329224103505215e-01
1.575316020270353667e-01
2.529172711886125136e-01
2.266841523264486458e-01
1.698163244525415783e-01
3.534335149439647994e-01
3.346881528706077136e-01
1.612495347073130414e-01
2.761195295175467024e-01
3.297258471844856653e-01
9.591155783395650947e-02
1.684963290370743161e-01
2.592856417273242120e-01
1.798949462082736483e-01
2.388625772795970603e-01
1.510057181332245535e-01
3.226328475313378075e-01
1.933685460400635936e-01
1.401726989216539043e-01
2.160045650743263046e-01
1.408250607862693293e-01
2.999829956491478766e-01
3.367324715613195796e-01
1.535933694445408559e-01
2.971832023591026162e-01
2.208380869334756330e-02
2.354547753465087989e-01
1.323847429323413982e-01
8.377443198431931692e-02
2.243238062847419390e-01
1.566421280729761722e-01
1.771255504979509787e-01
4.336219121702160166e-03
2.881034902936589481e-01
1.327383777409547883e-01
8.504295886551620220e-02
2.047687567455079849e-01
2.438004253693463463e-01
1.759913146593295452e-01
1.232113599792794972e-01
1.845242715845019921e-01
2.255791424100471176e-01
5.679044835310904926e-02
3.025439950723857185e-01
3.674896655280202040e-02
2.036026776377901915e-01
1.789863067073864111e-01
2.208196751523852919e-01
1.392244785019474129e-01
2.049287287270525337e-01
3.490132687042295512e-01
1.987174249258898961e-01
6.343995675727134680e-03
2.921865452530387763e-01
7.550462524506440509e-02
2.471606887196214075e-01
1.781096132386516262e-01
2.870269261110044434e-01
2.493059047546710150e-01
2.373899444810350645e-01
1.812944863051307032e-01
1.405593698071899711e-01
3.278374389248973619e-01
2.436987503488136919e-01
2.180353544559650025e-01
1.345353010132838145e-01
3.014017701620525513e-01
1.855779287797933814e-03
1.579034090423496739e-01
2.595201887113938732e-01
3.952880522279875880e-02
1.754880339274807466e-01
1.664600174426475732e-01
2.623608879608080313e-01
1.941431661236133477e-01
1.655386927179120504e-01
3.069208182040137900e-01
9.983863211636929968e-02
2.195714464734537241e-01
2.852311014283406831e-01
3.357627946790826545e-01
1.240541411081076545e-01
1.778098796827808636e-01
2.280334669883431753e-01
2.157982167896767278e-01
1.146313962043070817e-01
1.021374821941960359e-01
1.736810391609824034e-01
1.533047568090388779e-01
2.195264505286534107e-01
1.442475068215124945e-01
1.610279669537690028e-01
2.392559583272144408e-01
2.303054732770144775e-01
2.409865292131344872e-01
1.782004658630016725e-01
3.541053337615639868e-02
2.733793880277005650e-01
1.682977206621825705e-01
3.373557684226152209e-01
2.108684484314101992e-01
1.053109880354706901e-01
2.069364336635960144e-01
1.443740185507516594e-01
3.100583986963805216e-01
2.442817565510408684e-01
2.488387585616730069e-01
4.505280786918728492e-03
1.261028292867593936e-01
1.406994378954088132e-01
2.652605932815088052e-01
7.030158107525501243e-02
1.916725824872235195e-01
2.839546306247576202e-01
1.561399032023855493e-01
4.655590780334740650e-03
3.201620364182841683e-01
1.873411070423894043e-01
2.192831068591832300e-01
3.150182548262234761e-01
3.112332197616228258e-01
1.791310921733026140e-01
1.830839118410194089e-01
1.665434865948644261e-01
1.549604318414222678e-02
2.981221773401694364e-01
2.550273971807708318e-01
1.350875304131992083e-01
2.995320309683128790e-01
2.186107866400930078e-01
3.282757567886018801e-01
2.344147381838771194e-01
1.922160309615427720e-01
2.135329756863470554e-02
2.030617131166345957e-01
2.329492871765600770e-01
2.925420720289388932e-01
2.210810175310931325e-01
1.525395152854741310e-01
4.968701140997870778e-04
3.900524956385668235e-02
1.718754987791125954e-01
1.129524322085568022e-01
1.792101335473534340e-01
2.285555380168721451e-01
1.835124872614698199e-01
3.471360531786303882e-01
2.921120635689031242e-01
3.458524314530723731e-01
1.785446036703612072e-01
2.427055802297496401e-01
1.682166716433536602e-01
3.173027230256350029e-01
2.409663267784401541e-01
2.585340355620070474e-01
1.403310101152570599e-01
1.637589113993227763e-01
3.187017974514288476e-01
2.765979595394603696e-01
2.795311168429067683e-01
1.625548403138928760e-02
1.161024504383554173e-01
1.683614928285399048e-01
1.464209053579975939e-01
1.468592201420033660e-01
1.480739679075660509e-01
2.242280603301360642e-01
3.446298407648646922e-01
2.868371922358541326e-01
1.145143685233186437e-01
1.679092259211932281e-01
2.747627268695489455e-01
3.250185728434320520e-01
1.507625990762629653e-01
1.763582049513577332e-01
3.394813621032300999e-01
2.236326351933141943e-01
2.898450920952050924e-01
1.563788077991104808e-01
2.559121853102914734e-01
1.908684190785486512e-01
1.483878217460223303e-01
3.423841295225736325e-01
2.063083920209577704e-01
2.681954524699201037e-01
2.711966366763371439e-01
2.311865243437576378e-01
2.452176653895155600e-01
2.437836972525367352e-01
1.652041136581390846e-01
2.278759217395351089e-01
1.849533968730789901e-01
3.228307225104221079e-01
1.553790448479536179e-01
1.807824765092664043e-01
2.208884154773790021e-01
3.207549497458314081e-01
2.640920050365232891e-02
2.708928802768090227e-01
2.454054760046064099e-01
1.164349026609554499e-01
2.924655156501392295e-01
1.471742673156714587e-01
2.891740417870505286e-01
3.480044711957381853e-01
1.714506351393091099e-01
2.114007648135549366e-01
1.879372809243873288e-01
1.662744648572008765e-01
1.544295067836926050e-01
1.794707320956505370e-01
1.639610659767381240e-01
2.643457748245696681e-01
4.819764628466400376e-04
1.098928616477871240e-01
2.270197018324409122e-01
1.381248727259022091e-01
2.796719665169360436e-01
1.172988180517310353e-01
1.594047905077952410e-01
1.340197281421559028e-01
5.021483984522465832e-02
1.818923367894717535e-01
9.107352187641894192e-02
1.406666055892225875e-01
2.860741925844748623e-01
1.451698391706447433e-01
1.811954704405655675e-02
1.610088028211897060e-01
1.235005612618717136e-01
1.847047939728191923e-01
2.422201817630614817e-01
2.183937439468323916e-01
1.797679988766673065e-01
7.641908410392231343e-02
1.980855171079653476e-01
2.165217035428591841e-01
1.613209566372830195e-01
3.134105805895405217e-01
3.148903162783256993e-01
1.974870148147505888e-01
1.481828204130003213e-01
2.620332174666184510e-01
2.326284540086187569e-01
2.137504932201077235e-01
5.202196506241203223e-05
4.563330397387490092e-03
2.840513930424798938e-01
3.211547145846040357e-04
1.341252031955789126e-01
2.697120249846071682e-01
2.019786597390937077e-01
9.673875883685635613e-02
2.352330786219764339e-02
3.116887824956939834e-01
1.815875579081941971e-01
6.500358260323502169e-02
2.017365147405985812e-02
1.867775602183029404e-01
1.420635561701396044e-01
1.536691490718511410e-01
3.399665927350786765e-01
1.805153919728557099e-01
1.389051549808465458e-01
2.695993373928805559e-01
1.311636377289451261e-01
2.068569878430978892e-01
2.504727281361895375e-01
1.851818899168806154e-01
1.632060068440322753e-01
1.853733351075271263e-01
1.609938131793242355e-01
2.306674131447032094e-01
2.883255983178382720e-01
2.147623327774545177e-01
1.576115837879563109e-01
2.953206247429523978e-01
2.222724806094581174e-01
2.043415044160569738e-01
2.620924783499324895e-01
1.566009639832518507e-01
3.473230956079979559e-01
1.692384843527164895e-01
2.025968034018022779e-01
2.421251124279383549e-01
1.814643154588100049e-01
1.748079742250760737e-01
3.525299869277250808e-01
1.271077176799647462e-02
1.321590687649921991e-02
2.739619341032383804e-01
3.369910337057631655e-01
1.690436104871848311e-01
1.345037289025461380e-01
1.879500754301344501e-01
1.946463583241642703e-01
3.064226477360912915e-01
1.231952192503249777e-01
1.989514825014571664e-01
1.677968040619639001e-01
1.041689017646934279e-01
1.247442614253975318e-01
2.508709972037899139e-01
1.444693828982687722e-01
2.048205914254988547e-01
2.244607239105169891e-02
2.104871756671646832e-01
1.828418357168037911e-01
1.957279567501959416e-01
2.066433127883517962e-01
1.826768404854505479e-01
3.763515263401545955e-04
2.020202760949204868e-01
3.353606999252314869e-01
1.984286068955751769e-01
2.200211305550867080e-01
2.755556939125562987e-01
1.624043885944189414e-01
1.447936744141672671e-01
3.387184764218129085e-01
8.538886496781446234e-02
4.549505846242429125e-02
2.368759364363491604e-01
2.181600710180475744e-01
1.847080334271047619e-01
1.198634652676979911e-01
2.628052871498565701e-01
3.204591059080696414e-01
1.492278132974244886e-01
1.186550455011687322e-01
2.167066991200183312e-01
2.011660775658009881e-01
4.234974592388755787e-02
2.487583170013225320e-01
1.941458499501493296e-01
2.113472699713594416e-01
1.925834915549667903e-01
2.633707632662949383e-01
2.164135552924142669e-01
2.288060290018494314e-01
1.545036290080366304e-01
1.642066686121532448e-01
2.378177423748268626e-01
1.301523145690991479e-01
1.389815631120540906e-01
3.186495248868278507e-01
1.604535024750496364e-01
2.501294291497011546e-01
2.071957752844063305e-01
1.820925679132408270e-01
3.268477488020610222e-01
2.088149167124152827e-01
2.638219855480843923e-01
1.783622915961098065e-01
2.747774888618226830e-01
2.075135421750273212e-01
2.193662803566212294e-01
2.523915900460725337e-01
2.753209621909944449e-01
1.731828299590071896e-01
1.720527877694429664e-01
1.946867595874337831e-01
2.272660482034988827e-01
1.998074915045078281e-02
2.163972481562400352e-01
1.389103669105668237e-01
2.757117208587480106e-01
