1.844065020684161060e-01
7.938437037726522871e-02
2.671397493134732848e-01
1.604824574360394773e-01
1.999661837461324254e-01
3.265230407103723032e-01
3.230744376815496977e-01
1.064359356426395065e-01
2.553637084365354970e-01
3.205142722187070414e-01
8.169990283166750356e-02
5.855313318587263005e-02
2.963639903643364715e-01
1.282203167718026782e-01
2.813383258824956323e-01
1.786217277897652611e-01
9.378587499286630824e-02
7.763021447863151236e-02
1.704646785753242966e-01
1.159292604674997396e-01
1.734089567674672039e-01
2.865648457720837983e-01
2.778675460017666077e-01
2.468669834862252943e-01
5.753059772384870596e-02
2.033371904331922053e-01
2.523365701558849539e-01
1.646803061790898248e-01
1.543289297793528914e-01
1.454430041039111443e-01
2.262195805853632058e-01
9.247063979364082698e-02
1.809098014129025545e-01
2.194486454985345725e-01
5.245732374584762686e-02
3.067145283244155918e-01
2.420707192750174708e-01
8.512592242233152362e-02
1.476617132780683461e-01
2.317425282119646157e-01
8.498426075136442104e-02
5.670562742390012484e-02
6.520279542567999909e-02
1.887942367715460812e-01
2.247896601156973706e-01
5.711992322423283669e-02
5.357480118084076426e-02
2.664022641786287227e-01
1.296882951840688247e-01
6.451692497515384983e-02
6.726978323068945331e-02
1.900032185287185149e-01
3.196993952793881766e-01
3.086637776012180479e-01
7.458022959621046777e-02
4.956641469463275024e-02
2.527834500100474280e-01
1.393756485903469011e-01
6.642941513600512937e-02
4.082059155112464921e-02
3.162629415196929195e-01
1.012458097962126713e-01
1.850654976588443079e-01
1.883859506626961444e-01
1.079295021140585370e-01
2.813883550339196793e-01
2.285408013253746873e-01
3.330427774197428081e-02
1.171536703223418213e-01
3.079218288305992646e-01
1.479800862580424037e-01
1.883171635418702528e-01
1.432650484452263340e-01
2.961982890140961722e-01
7.780645785807861758e-02
2.682098978113859333e-01
2.800938278512761781e-01
2.461880347518020928e-01
9.070450825085760171e-02
1.579190696641029901e-01
1.122736266049003812e-01
1.188182206991764550e-01
3.080721462189790483e-01
8.398854388066324950e-02
9.309990657285298343e-02
1.735031473851918471e-01
2.359763617337252983e-01
6.070104968082524338e-02
2.983810852638064670e-01
3.039888323892493971e-01
2.624752830687631100e-01
1.922650112955849033e-01
6.766658090255966984e-02
2.993480334556973821e-01
2.515286869488277399e-01
8.120585135148181144e-02
3.184373271357672786e-01
8.608528038614191025e-02
2.881711446160233892e-01
1.160706132745682184e-01
1.683813320112169387e-01
3.671832753482941886e-02
2.653430458735326347e-01
8.780608221444836936e-02
1.066957221903921671e-01
4.302647103934314349e-02
3.042561074050982861e-01
9.485142357646388078e-02
7.793624281030546441e-02
1.459933644946096731e-01
5.089607853849599517e-02
2.445436465803909609e-01
2.454835404567561330e-01
2.793611904664928813e-01
3.134692374196117459e-01
9.092210846081291709e-02
2.176612599670683101e-01
1.573819153532305948e-01
4.323187562805921175e-02
3.321066993745695750e-02
3.157168006785472936e-01
8.507268011811232322e-02
1.959155969326399349e-01
6.398512014186232000e-02
3.292718725981697014e-01
4.442339761900408052e-02
1.666636744370756651e-01
2.888391332413237089e-02
3.277998519428497182e-01
7.970165201782121456e-02
5.270936724755215935e-02
3.156114893052670567e-01
2.978909118286036106e-01
1.790407602303937251e-01
2.930340415696869871e-01
1.750656777664436892e-01
2.599934505666702811e-01
9.632911060128832026e-02
2.058026404886478811e-01
1.394621567298898746e-01
3.192176228288179374e-01
2.496241292403278411e-01
2.038164051577814051e-01
1.201650434069995166e-01
2.297553110943879040e-01
2.792143591881873221e-01
3.031565164864031825e-01
1.640003782872585247e-01
8.563082074126686372e-02
1.017800772798277131e-01
2.432032587196098772e-01
1.379901963295200595e-01
2.963300952285502499e-01
1.039442697135775778e-01
1.428249888402170487e-01
2.214483472557053634e-01
1.446766648885612627e-01
1.967575219134915510e-01
5.524952244273612784e-02
2.789649077843951441e-01
3.102631870202534475e-02
8.948385706913547510e-02
2.137453435946690405e-01
2.076725667672092435e-01
1.547505835849898315e-01
3.183438775732037596e-01
8.149922699963201012e-02
1.887768801539374541e-01
2.904226730631732645e-01
9.098449380696989330e-02
7.254435110880555482e-02
7.665474694588272908e-02
2.705965250047283610e-01
1.369708167544417821e-01
7.881779405204136779e-02
2.015614533498699679e-01
8.728935392919892622e-02
5.257897057799347518e-02
2.583454915832870125e-01
3.509570111474698967e-02
2.962436360615230413e-01
1.063923012603429641e-01
2.490692163345089027e-01
2.885170061864630875e-01
1.989656905315341784e-01
8.322092518688717355e-02
1.220314502467007151e-01
1.364722230089036314e-01
8.555815360491254851e-02
1.173681964259565558e-01
2.922776843141264291e-01
3.150634703030215089e-01
1.297007737908247860e-01
2.246696578105673026e-01
9.311405707356251726e-02
8.776462475504198668e-02
8.630268567406246261e-02
2.403193151105113279e-01
1.314930677001059645e-01
3.094420865705180268e-01
1.009105459814054057e-01
1.874677352357097537e-01
7.854391442918494393e-02
4.727048214024250072e-02
1.207271093349962382e-01
2.888762900079402396e-01
1.613699416612570658e-01
8.825055124519884386e-02
1.137820050761932517e-01
1.289398697352711343e-01
1.180353135031983192e-01
2.550388792810973082e-01
1.574051935257751167e-01
2.157158486616585769e-01
2.671392035067587378e-01
1.188379668343990253e-01
3.187821437329933505e-01
2.241107832002597888e-01
2.435593587204787080e-01
2.751560760310504117e-01
3.808300778083276161e-02
2.487927755352165315e-01
1.298333551402192643e-01
1.113771552473293708e-01
1.511373118921683356e-01
2.974503988127547016e-01
3.002489327336549385e-01
1.421400935174015612e-01
2.656023263690284741e-01
2.725979869905693076e-01
2.167291071139855474e-01
2.888944295493504621e-01
2.167689011438066748e-01
4.581660942217031379e-02
6.580580038776073781e-02
2.836098805317306959e-01
8.436732316012565680e-02
2.260143251429453382e-01
1.729449387359333901e-01
1.012582357405539535e-01
1.312071055760537230e-01
1.917701949438139208e-01
1.037242773850567817e-01
7.320966483224672361e-02
4.040465452580440514e-02
2.248853069064846721e-01
6.372531545587437063e-02
4.189503259993515583e-02
7.490039689896048347e-02
3.006732288157911159e-01
2.006689892887780768e-01
2.579345551107810608e-01
8.715599130688536644e-02
1.471161466767800519e-01
7.505440716144622104e-02
1.018757034643705955e-01
3.231216440824935532e-01
1.409806486786149005e-01
1.177967273492978445e-01
2.023865377239075503e-01
3.091480254279408424e-01
1.830753976457366317e-01
2.990597283325757139e-01
6.196168592968472749e-02
2.610229453950203560e-01
9.260140643223030432e-02
3.078530668616702437e-01
3.254297674323685108e-01
5.166474788681764407e-02
2.001537303095653753e-01
3.270329024538707885e-01
3.279131034468550920e-01
5.488731718098142226e-02
8.653546998403677248e-02
1.621326973732978849e-01
3.036100771603205128e-01
4.788232304420594887e-02
1.042225334197967451e-01
1.334190315234248247e-01
1.933954320110786718e-01
2.427006673133846049e-01
9.562105944009319236e-02
1.785164680233743417e-01
2.056039417706280736e-01
2.357467345737461750e-01
2.020031579651194731e-01
2.317541492479323062e-01
2.987628795805871706e-01
2.578281257632849544e-01
1.310982435609343577e-01
2.963977729232558089e-01
8.755478578124749334e-02
2.598351077485904215e-01
1.144607615171531340e-01
1.520866203424133534e-01
2.966214184128984632e-01
8.488152514858379738e-02
2.739433232395419027e-01
2.753484669302329602e-01
2.101670065527587172e-01
8.561000730474438436e-02
1.006170061431206769e-01
1.805336111702192103e-01
2.432242593116935303e-01
1.634585200825874884e-01
5.544627470157588445e-02
5.513006032261633799e-02
2.904943843609932852e-01
3.122751296578770153e-01
2.957390048586328035e-01
5.219649713236619581e-02
1.354935112957875720e-01
2.106177920996452346e-01
7.372665185164363477e-02
5.035012047001295732e-02
3.313171723891056852e-01
9.998410020840117762e-02
4.080589285863828880e-02
3.454645647336307412e-02
1.576963251624343143e-01
1.924248228296828456e-01
3.130117486259172410e-01
1.062982079299431559e-01
2.605335640534770514e-01
2.033545177925059344e-01
1.035627238418320856e-01
1.034165789068116625e-01
5.463132763316894125e-02
3.278461107057186186e-01
2.247929002603149540e-01
2.889381068677607245e-01
1.992995914666208512e-01
4.880274570597290668e-02
1.793118493220391407e-01
9.050333058178779144e-02
3.127654143853871305e-01
7.639204750644865149e-02
8.204559463788382856e-02
1.282505712686817512e-01
1.018163133501522738e-01
2.052367218010080485e-01
1.378260179323351764e-01
3.121150515125951652e-01
2.299069330025905744e-01
3.944099701883537618e-02
2.789025351717819845e-01
3.089645712785634157e-01
1.793904355631018577e-01
2.620675717951800321e-01
2.940556146929279233e-02
2.352201866722341272e-01
5.081464907582623758e-02
1.854848165955657324e-01
3.198087539741267804e-01
3.028088881300841084e-01
1.061852510628294027e-01
2.780927682480574537e-01
1.911246413970234259e-01
3.202301642355356859e-01
3.215947614065629151e-02
1.610560936538053822e-01
8.493749659280210029e-02
1.368801693836564914e-01
3.642070079921509718e-02
2.069644957366159332e-01
9.665666720441976056e-02
1.063180646162945192e-01
6.043159503589407011e-02
1.584070255563826413e-01
2.599860118949830490e-01
2.183775473111551346e-01
4.077679828416734542e-02
9.005202521066929533e-02
3.311185789941840096e-01
9.328014011355140189e-02
1.447465640572838941e-01
1.720434842293813160e-01
6.234683586190430116e-02
2.742925950189659678e-01
4.646778744311931553e-02
8.127196620747213773e-02
6.540386279920480661e-02
1.620783994999665800e-01
6.716535661181301242e-02
1.042200828318294720e-01
2.135869164178047230e-01
3.123671930514742012e-01
8.909844171427132309e-02
2.187794359758976903e-01
2.455870261836878288e-01
3.074073263295172276e-01
7.891250643614347582e-02
7.709880493719785399e-02
2.248390939818252499e-01
9.623355657343891922e-02
2.463147497568155542e-01
2.198190468634876882e-01
3.406518003105524217e-02
3.290772834115374135e-01
1.946926865212791624e-01
8.446730586689411846e-02
1.355753158676460957e-01
2.788969604425547977e-01
7.761155664068315752e-02
1.291837174951215861e-01
1.556666399486285324e-01
2.239366398688878157e-01
1.048514409855652030e-01
2.168609280833008468e-01
1.845567674463826358e-01
1.769745013195126726e-01
1.092682695591703640e-01
1.800196731454814791e-01
3.107897762095871985e-01
5.138071200742456296e-02
1.783931769164127934e-01
1.577694306436956406e-01
8.247928392252996954e-02
4.922748003665283062e-02
3.100106156665436222e-02
1.858333972565345826e-01
2.521610566100299655e-01
9.512568312378515134e-02
1.295440145069789717e-01
6.818328850031427080e-02
8.926922436788267690e-02
1.659672911913794846e-01
1.229834468376176243e-01
2.896392739456816745e-01
2.291089821991088016e-01
8.029759108887953023e-02
1.302496318846428358e-01
9.144017506326747313e-02
3.767065587584777359e-02
1.101156840161846839e-01
1.937266623296637624e-01
5.100597979974291762e-02
3.214784366756653355e-01
3.156785050299040774e-01
3.259349932107608039e-01
2.655187552522891847e-01
9.047751375089675696e-02
9.652641101123975165e-02
2.167834189026516534e-01
1.434814170929616106e-01
6.896072948288209381e-02
2.515899129608265561e-01
2.905467372946194393e-01
2.383931242546035445e-01
1.275499532309569695e-01
9.416714179865498524e-02
3.177335419329259114e-01
3.063600668207324129e-01
1.070497940995834979e-01
1.681409770318303409e-01
3.156239804964519058e-01
5.357308583487405823e-02
1.332679368815121168e-01
5.852352703897183150e-02
1.494809851365292708e-01
5.749213953199717314e-02
4.180707579072820423e-02
9.836909968738398458e-02
2.776778209439318967e-01
1.959129227951761643e-01
2.961878321994349528e-01
3.223910046301542986e-01
2.506353102871902161e-01
3.014065344604246466e-01
2.261507146156420955e-01
3.204555745033618175e-01
6.996689196468003358e-02
4.171911877874290991e-02
1.759568166457309568e-01
1.331378369592716160e-01
7.179434350046155766e-02
2.397637883821263360e-01
5.032532310075976678e-02
1.427386403703929663e-01
5.485848654289146586e-02
1.391972058156329406e-01
2.845509322877076697e-01
1.317995670706011146e-01
2.003082750738769124e-01
3.107592249655020678e-01
2.429836715051349183e-01
2.601228046175085296e-01
2.658058430966137586e-01
7.783098465866830629e-02
2.921504028672690101e-01
3.154722793871711506e-02
6.780201809645754196e-02
2.414777318474266576e-01
8.468366332684801323e-02
9.076732106547751033e-02
9.987573663300573779e-02
1.321490824898662320e-01
2.167270141901637137e-01
8.105045584287547122e-02
2.395061453794627704e-01
2.329569866435837189e-01
2.461815893179728487e-01
6.141293469708451747e-02
8.010724909562537410e-02
8.667259719190896494e-02
5.292885467327874266e-02
8.075427095124938781e-02
3.181811697037112974e-01
2.105540130501799001e-01
3.275201584118255793e-01
3.475845412946233781e-02
3.126191406896602909e-01
1.977175996059439556e-01
2.700295344954223853e-01
2.254978477079096488e-01
1.796902929660272319e-01
5.031634502668557579e-02
2.697161016372110476e-01
2.927896495337360405e-01
3.712253707863336083e-02
4.187013797990377789e-02
2.823776288760445063e-01
3.180407684605402463e-01
9.811337710918692501e-02
3.282659460237492555e-01
2.646863684079905910e-01
7.524453709502047782e-02
8.048634225404011078e-02
2.242510749896607647e-01
8.626501205204610556e-02
2.894825332865977319e-01
7.951416500588136260e-02
1.790694848757967972e-01
2.033265480882141263e-01
1.051614970092136225e-01
2.483939609050423158e-01
2.211403004861199895e-01
1.030339400359257807e-01
3.917136907415143254e-02
1.014256821410220583e-01
2.473584073341038025e-01
2.868186558633037397e-01
1.692055449781578180e-01
2.196616143899111362e-01
1.908065338393379051e-01
2.563364202262965463e-01
8.586478563648100581e-02
7.865949968604479814e-02
1.641175675714422744e-01
1.420669011244918845e-01
2.029648590194469693e-01
9.312364889573285232e-02
2.781030416706466446e-01
6.726283547711459088e-02
2.918620558092973605e-01
7.642561966262073625e-02
1.543423411543373425e-01
1.023161925455640803e-01
9.711146368120915362e-02
1.950920962419138704e-01
1.203772503817779199e-01
3.024726216008472024e-01
3.182605751429482543e-01
1.351032912023981125e-01
1.936116823071784565e-01
2.250407943454444670e-01
1.879739765123598083e-01
1.195058288288793485e-01
2.602853112128848401e-01
2.758586749559265305e-01
1.909159283008663444e-01
2.486479559889138158e-01
9.890413496243417868e-02
2.964949380007677049e-01
9.168649038977465249e-02
2.175780826398250323e-01
2.677200816730320176e-01
8.478026989657394541e-02
6.541182603310852217e-02
8.404145724887308877e-02
2.344892810502463010e-01
2.573280658950283240e-01
1.519370510325572243e-01
8.271214298101088602e-02
6.369528222801205952e-02
3.078645579650589603e-01
3.117412441237017440e-01
9.796268270864576244e-02
7.878986252484568298e-02
5.293909646997158047e-02
1.387517010894168401e-01
1.529884638805409369e-01
1.533410648910251417e-01
1.770969239365513814e-01
2.355746363740887361e-01
2.883103831377238913e-01
8.451588055494212159e-02
8.425595430259760765e-02
1.424336461348209570e-01
3.057188409675023477e-01
3.258850828361251617e-01
1.275161407698886806e-01
7.956997596641900150e-02
2.715674770799451632e-01
2.228249043963327347e-01
2.963766181541523936e-01
9.738588046209341320e-02
2.485860736614615429e-01
1.025406373872672916e-01
1.223373433874257177e-01
3.209396791337225108e-01
2.976694769131084106e-01
3.636463068924986053e-02
8.778632694294009886e-02
7.159039351635856918e-02
3.243009952927339845e-01
3.103659132888180738e-01
1.185268301659379575e-01
1.988061943146748611e-01
3.208362731716325467e-01
1.559491451803554918e-01
1.115468704955131785e-01
3.903423236546844227e-02
1.222140023190296243e-01
8.876149962435035679e-02
1.481674119416491742e-01
6.999171981593177438e-02
2.179979802641786868e-01
2.823706620138133894e-01
2.758828260195168580e-01
2.087213068666625981e-01
2.692437814755581083e-01
3.259903050956641235e-01
1.883886013253309732e-01
2.699652530396552397e-01
3.315891050150727160e-01
1.083345011132903352e-01
2.167899427888249075e-01
2.314509058423344090e-01
3.150479479390168036e-01
8.079785233697706071e-02
1.472286426274038995e-01
4.772022519332981549e-02
2.280958024087759994e-01
3.294360193300749917e-01
3.026471118390716142e-01
2.250073901314974256e-01
1.516441393421442130e-01
2.906861222276206358e-01
2.593223188668126178e-01
7.651069746317525067e-02
2.721608591965681834e-01
1.017927250235742542e-01
2.909442112666486002e-01
2.889694440270403897e-01
8.420071887756309936e-02
1.268587042035668466e-01
2.227271182345182954e-01
7.249747443345767872e-02
3.014879916693265494e-01
3.188508896443446872e-02
2.340758636476245047e-01
3.040295407288481355e-01
2.330861760433355079e-01
3.157110964436598000e-01
2.006859466583014451e-01
3.192040864526152211e-01
1.092542829486979339e-01
3.310746361074810018e-01
1.335851932215196824e-01
3.262794361417766242e-01
1.086572222320188880e-01
1.451092621026579266e-01
2.721419261531827782e-01
2.241612085061978621e-01
3.212192868798692813e-01
1.559441451324534988e-01
1.873904998499089924e-01
3.241432949794696983e-01
1.957197841505246005e-01
2.909969213669428290e-01
3.105665192684678444e-01
2.132972576689151356e-01
8.213523189235093225e-02
1.000180604870222062e-01
1.058128902126034276e-01
2.228477180670990765e-01
2.872770451005751124e-01
6.517149384903914155e-02
2.625397352141041196e-01
2.031807297629608378e-01
2.796832965660640546e-01
2.001172976384719970e-01
2.977655489525434795e-01
6.085876655845003785e-02
1.052255463979462347e-01
2.763520246589311058e-01
8.709464608965225563e-02
2.033364741939306941e-01
1.157518007525158849e-01
2.614134754339450528e-01
1.144972011828170599e-01
1.217969734310632712e-01
1.528429117855440722e-01
1.974257619106110362e-01
1.186727042397935361e-01
1.467435885172766741e-01
2.015134470968858171e-01
2.641217021666962816e-01
4.987667216342333426e-02
1.123911751684437965e-01
8.340984265898762628e-02
2.527380877008731375e-01
4.002431779519711325e-02
3.140017389725270336e-01
2.797730523653138568e-01
7.423243928352336873e-02
3.149877275904479079e-01
7.083057175644405512e-02
2.043646075674425966e-01
4.471896669484067000e-02
1.734730447114231078e-01
8.522274674031314612e-02
2.256877996679323428e-01
3.036725706462846119e-01
2.208096497365393818e-01
9.347507070460572831e-02
1.579966854027480549e-01
3.011391151584778547e-01
3.064157816688146130e-01
3.037613578791196201e-01
6.883894246560220975e-02
5.403024196657515293e-02
4.245493957555607906e-02
1.371576697299371206e-01
2.219402900705119974e-01
2.021083174729491894e-01
4.276928071330237530e-02
4.846324379859723308e-02
1.825772779792479428e-01
2.775925447517227362e-01
1.222606152838351112e-01
9.846866471688420219e-02
3.097261267670856077e-01
3.165693956232339401e-01
3.099266399603929356e-01
5.966147048869486352e-02
3.117639607726654383e-01
2.185640954735726393e-01
3.247087612647946431e-01
2.572195678042349387e-01
6.482744754419987598e-02
3.176353369405623406e-01
8.103175669526498093e-02
5.095040956352466649e-02
2.928215611777526539e-01
3.098301400256988636e-01
2.046651653485331013e-01
6.711926656011810155e-02
1.958729141308921673e-01
1.304918368960912844e-01
2.763012588573926509e-01
2.591575625204085576e-01
2.773389854589184411e-01
1.985127732581264681e-01
9.971677248184918074e-02
3.079603389639016808e-01
6.890806333077929835e-02
1.444637784441483996e-01
3.064679064690659649e-01
1.588004967166842529e-01
1.237824433765334631e-01
1.805076387982639252e-01
1.219894173956411060e-01
2.845778078263204169e-01
1.059967018644780573e-01
2.900197704488400308e-01
2.554228332196095339e-02
1.948540145014166225e-01
9.221218817014242841e-02
3.060366883252577108e-01
2.428466114728535796e-01
3.135118221084127743e-01
6.243302012947824636e-02
2.907473850164956075e-01
7.030540617701064310e-02
7.323081975254530640e-02
8.322216878562091469e-02
2.203585636501890765e-01
1.495918936457707737e-01
2.556274819417703736e-01
1.673630291200671194e-01
1.146517358933436814e-01
3.240084322515575099e-01
1.824733446611196408e-01
7.385592566911776402e-02
2.448998812515913448e-01
3.141649044648279210e-01
2.353166874570936651e-01
1.487049664834975415e-01
3.226807381602098124e-01
3.713789500055492132e-02
1.256731992658221830e-01
2.033117944091505647e-01
2.334216594930907940e-01
1.734636380125706423e-01
1.585496998791973144e-01
5.353720333593541686e-02
2.542957937489273013e-01
4.909184434591003232e-02
2.732070335789453241e-01
2.221605028155216877e-01
5.401949619834179456e-02
7.023703933157399160e-02
3.172376965545808392e-01
3.049248749122213664e-01
1.473544458769562859e-01
3.250132765892180808e-01
4.166607760565049778e-02
7.609445996997267481e-02
3.271476259558216970e-01
9.641978757638751396e-02
1.455436798655812269e-01
7.991555469764899389e-02
9.264538948381023653e-02
2.976492740996241060e-01
1.258280018084229068e-01
3.182787510312641288e-01
7.384950474559068279e-02
3.170965319482848543e-01
4.988836891120711214e-02
2.058231845196998588e-01
8.574700017783896955e-02
2.942306929948143579e-01
3.191960618626551449e-01
2.830759217557332619e-01
2.014427766379113804e-01
2.218640526911284938e-01
3.124147130426178642e-01
2.722656105157473805e-01
9.206675941735635582e-02
2.768709104549198496e-01
1.034509551795037979e-01
1.756275568657425790e-01
2.597747284717125682e-01
8.359604809315054896e-02
3.256832357329632610e-01
7.107631506706593716e-02
2.889277590661139539e-01
5.615192530283621281e-02
3.037383412535382687e-01
2.642799596916995952e-01
1.527511603864679934e-01
4.722409130160751256e-02
1.640878153329620448e-01
1.840622587241939334e-01
1.557328971611611212e-01
1.464289700230518576e-01
2.928560431197524405e-01
1.763028469951309907e-01
3.038938393799958115e-01
2.292298472890038630e-01
2.544757851048601305e-01
1.016923767904861775e-01
1.439185341688318243e-01
1.326318632162090949e-01
3.317923994458514270e-01
1.101536100385961392e-01
1.616727822236873335e-01
2.840337085166803610e-01
2.427134635842817800e-01
7.301328549016319891e-02
2.606142686597716085e-01
7.115191855609745430e-02
2.325493276208994708e-01
2.029892084378590311e-01
3.288130041790759406e-01
3.306820889149095222e-01
2.037269634601412693e-01
1.919012750236333553e-01
2.312142389126769781e-01
3.252770872623391152e-01
1.045549416525910630e-01
2.730498512002698663e-01
2.143326459941237994e-01
3.171350839076798045e-01
1.832515360556220552e-01
2.153428006537047856e-01
2.770606870648283371e-01
8.644025988965514662e-02
7.148172802442145923e-02
2.996412808100377689e-01
1.469731887274959847e-01
1.187769862494034573e-01
1.237426994770218502e-01
1.232637917119694532e-01
2.075511332796012298e-01
8.460996303459537848e-02
4.114436728058513265e-02
1.144944870230719947e-01
3.037235604109599918e-01
3.072206352412569785e-01
5.226650748176724787e-02
2.957476258400104085e-01
2.765627245519292413e-02
9.688353288763731919e-02
3.763796106977566891e-02
2.071079630644672154e-01
1.067433378815790257e-01
3.180641085734746687e-01
1.589254312467050789e-01
3.052239923096629060e-01
3.788391897375542605e-02
1.245645169282879466e-01
5.440710557937874364e-02
7.305613583506528896e-02
1.078870014263137583e-01
3.314131657595993929e-01
9.490898942873050859e-02
1.141700354547277863e-01
1.922316578219324390e-01
3.022737882664590647e-01
2.019376179357584011e-01
1.028698647651805353e-01
8.630839006299541316e-02
2.891199919885252823e-01
1.938498272092342989e-01
8.514997928018838702e-02
3.280821589344511402e-01
1.860670061347916016e-01
3.221205476077999147e-02
1.496066639421687050e-01
1.375445053702713805e-01
3.791664753339558241e-02
7.576825022553924927e-02
8.162625083389810077e-02
3.221030121138474533e-01
2.202370529954541245e-01
7.929877935520110444e-02
9.368098869495657122e-02
2.563621139943321747e-01
8.104100870150134084e-02
9.705603747247279478e-02
1.137325141379898624e-01
1.601548142204303471e-01
3.045883259208035931e-01
2.165181978768105642e-01
6.095162454563692045e-02
2.847995157716574077e-01
2.332313509197491974e-01
9.588113482237803353e-02
2.030270965851854181e-01
1.662510881917327876e-01
2.392903218419795142e-01
2.838785956846038294e-01
1.912824229139526711e-01
2.965011237388078813e-01
5.901443420274313928e-02
2.825090805965385088e-01
2.699525529957972486e-02
2.732094966230274591e-01
7.491832068318897420e-02
2.520410648781933327e-01
2.716878343158599662e-01
1.858013065549159737e-01
6.360563819156819787e-02
6.168433637666567021e-02
3.045121885778209192e-01
3.216172129921730516e-01
2.220652526922765047e-01
9.266768631327029770e-02
3.842030622132199674e-02
2.124358501730638782e-01
3.092513439840810507e-01
3.193734661807097752e-01
2.991507524296733722e-01
1.674380582370270654e-01
2.551224125448768310e-01
3.077192525306368109e-01
2.829643368243565660e-01
8.806467100413602200e-02
4.573324277622277390e-02
1.224231250057131876e-01
1.716663819321140871e-01
4.908721667102543262e-02
2.169086178780529339e-01
7.762433771704146945e-02
2.341888619917563419e-01
2.821001627034341874e-01
2.111357338213536439e-01
7.634115066981032871e-02
7.149640980333335505e-02
7.054590482300993060e-02
3.097044805294688619e-01
3.966347120992681774e-02
2.378435556555170138e-01
2.366352678742381921e-01
2.984114656025151913e-01
2.977883114567065892e-01
6.797609025485155942e-02
