2.093409801569350304e-01
3.008040677463564849e-01
2.174486479182270726e-02
2.597364498831471469e-01
9.811646022423170521e-02
2.062340021662361078e-01
2.416981802777403154e-01
2.396902123759514780e-01
2.086317196076905855e-01
1.642467415773314898e-01
2.478092622957029645e-01
2.947068484579153380e-01
2.044353631694894591e-01
2.392930042730562479e-01
2.040063706440760904e-01
1.815284946363835972e-01
1.400800619933034730e-01
8.071879965444470062e-02
2.737179999357166604e-01
5.890659428013989007e-02
2.938608511633462039e-01
2.166446064172724006e-01
4.100072073661124167e-02
2.320142142618091263e-01
1.168755637613335535e-01
2.290405053739782149e-01
2.613035764453897070e-01
9.446989748229002448e-02
2.973726071215040956e-01
1.183383445984673293e-01
1.780884293834702758e-01
1.979364036275672520e-02
1.051722686821804781e-01
2.631793541835737021e-02
6.630340776742064957e-02
2.697688171852222205e-01
2.706195492514024137e-01
1.477520482321444985e-02
2.613037231426135198e-01
2.452910843875577285e-01
6.730530349172847426e-02
3.869522498543884192e-02
5.729953728568060178e-02
9.564007916295420852e-02
2.532586734959754726e-01
2.341410139253738976e-01
3.970256272191366453e-02
2.986132131997119576e-01
1.218905763863409319e-01
8.760666065430985916e-02
8.722450229656202036e-02
1.088349870132111208e-01
1.039860050680139203e-01
2.576078010970080934e-01
1.788734642902719274e-01
2.378456262263007326e-01
2.340010059372283902e-01
1.618976120742537383e-01
1.922177930360302323e-01
2.369536610209698468e-01
1.303295499224013110e-01
3.125501273694537563e-01
2.849282799640616703e-01
3.087871840538794488e-01
2.287509997094968606e-01
1.930957786818920385e-01
2.524949845187176578e-01
9.555350739713126818e-02
3.090379344138171613e-01
6.132283145692631054e-02
2.514208575466418960e-01
2.047252704376416044e-01
2.378835014576797247e-01
1.596926148280902458e-01
5.255024890709731472e-02
5.270277161365195112e-02
2.279282057937712935e-01
2.866824859882205825e-02
1.976572539267318074e-01
2.894590139833897457e-01
5.678042103663966111e-02
1.380038994081488612e-01
2.853392259390422070e-01
6.123781072599571162e-02
3.590085795168278943e-02
6.637074483058401364e-02
4.701041648588145244e-02
2.617906058027116289e-01
4.075630940009117298e-02
8.944988058398157041e-03
2.600567292173143197e-01
3.328057370519623553e-02
1.512292986175693132e-01
2.043781453296263373e-01
1.877161573738370670e-01
1.450637152470093776e-02
1.199634713653160711e-01
1.356792182542333573e-02
3.917681017398150917e-02
1.283796320015950787e-01
5.578169702381567674e-02
2.241686107031190534e-01
3.049900376743231445e-01
6.568889577412355407e-02
2.491142784932882936e-01
5.391401241127492111e-02
1.050503940230845465e-02
1.749836430312504687e-01
2.687685989564428946e-01
8.960536918427365605e-02
1.256355844723650861e-01
4.435842950817794200e-02
2.991219590524654137e-01
7.174290348375160498e-02
9.565356823730167268e-02
3.620282189135069773e-02
9.646432577689779964e-02
1.418785062491068616e-01
2.573030584715090274e-01
2.655001055635564100e-01
1.361138716541396461e-02
2.633410679851946323e-01
1.705263259225695271e-01
2.632555459515174001e-01
2.018372268942719358e-02
2.736785224402021321e-01
1.673031908168519100e-01
2.032853748688100981e-01
1.054114879745905453e-01
7.030451418716522627e-02
3.441908748615092606e-02
5.952878630645722091e-02
1.925460430989090477e-01
1.115810178936423036e-01
2.947935643446712994e-01
1.053958245848782282e-01
3.001878277529357320e-02
2.140590484459880261e-01
2.827591720067258452e-01
2.392433346314631060e-01
1.622318572318746654e-01
3.001323117586382483e-01
1.224120909994065587e-01
5.424643325246095160e-02
2.453170759748682928e-01
2.464841597241035076e-01
1.360449247493475400e-01
1.573954560927429414e-01
5.333919445720770175e-02
2.366405760505995437e-01
5.563933739472877449e-02
1.129920539432034861e-02
1.170136860811630819e-01
3.006103686863449975e-01
3.007025468111182986e-01
1.422690931837043982e-01
2.472630962720074044e-01
8.307239560140690371e-02
2.378276295785037020e-01
1.872562025085205140e-01
4.772917049680184404e-02
4.826628271413594545e-02
1.158506617788790903e-02
2.047951030557689511e-01
2.873447550575315979e-01
1.847679667960213656e-01
1.743114577795436271e-02
2.758655253830599730e-02
2.245322629706317796e-01
3.429187967443063367e-02
1.983637460189743018e-01
2.172745396891585246e-01
2.819326359274828553e-01
1.214184939459641011e-01
1.489219574178937515e-02
1.395790838999899086e-01
1.219541639415326895e-01
5.207517021629008008e-02
9.144245918860280375e-02
2.001927137530428169e-01
1.443367191481111367e-01
3.116808177946098768e-01
2.433271932690375117e-01
1.864972012453633698e-01
8.126635330814216407e-02
2.525082858138094077e-01
2.414527688858004728e-01
1.495287142981478468e-01
3.426120340629955352e-02
3.407838086452270876e-02
1.009759267770559202e-02
2.817989986896422550e-01
9.701036016564183739e-02
2.673938121885554575e-01
1.623035952087324429e-01
3.812611912195374569e-02
2.525495720587062620e-01
7.637970272308730602e-02
1.919390666374729687e-02
9.085180952775954999e-02
8.817341075486592739e-02
2.353846450145463953e-01
2.073726359477417458e-01
1.623074699896190909e-01
9.220894829446714402e-02
2.375138972264225629e-02
2.890055004609222156e-01
8.149204965917992982e-02
1.509313955585089573e-01
2.765584349745419984e-04
1.817585754107100757e-02
5.881131112456267768e-02
1.767258878886391882e-01
1.021189416747231467e-02
2.964582154566070549e-01
2.944053456860343254e-01
1.429600550006367432e-01
1.246832157551708009e-01
1.098037138513162890e-02
7.254425662734241553e-02
2.708760193116143133e-01
1.076105809515948003e-01
1.215951932293526383e-01
1.074797133388077919e-01
1.759297346341043289e-02
2.002010352449961617e-01
9.821907510682875708e-03
5.037363255886340846e-02
1.844727450503226562e-01
1.288686609803897098e-01
1.259022193619782903e-01
8.326473321756200363e-02
2.475926054405551691e-01
4.865493970173107724e-02
2.075289076221035200e-01
2.819399017992043066e-01
1.299242230946170695e-01
6.749562284429087844e-02
2.371303128855319631e-01
5.455833616777285011e-02
9.417928262518461546e-02
7.953705218935090693e-02
8.751975276662912751e-02
7.646623412236071282e-02
1.034784090522362227e-01
1.956077255103819690e-01
1.479563372739251537e-01
1.173715670756792923e-01
2.993104863777817926e-01
5.928642813456478505e-02
1.614732442563686643e-01
2.843413454734685097e-01
3.042845959610982476e-01
1.989864413503258100e-01
2.370374580333212133e-02
1.952545546486396111e-01
2.562699950311239996e-02
2.017137552172084125e-01
5.906013222757831166e-02
2.684097204205536102e-01
1.854446151738651516e-01
1.137588133557130426e-01
1.150586616843672083e-01
1.737719174551172474e-01
2.193175929117145359e-02
1.241395793962364186e-01
1.745630962035136791e-01
6.174430213550691909e-02
1.077572688233524416e-02
2.996342692141043540e-01
2.395402862491780860e-01
2.205455443000143567e-01
1.538312575637794111e-01
1.549618318703229747e-01
1.723457544983513293e-02
1.955644652437956987e-01
2.480913297561810893e-01
9.450538858866944225e-02
5.936831407977552488e-02
2.150638323844311639e-01
2.114875362937282399e-01
8.304115049371918467e-02
2.824151396834019834e-01
2.946543936306676437e-01
2.023228500391787213e-02
1.212885806577190112e-01
2.169444019018445524e-01
7.149234046721407443e-02
1.574366923853821598e-01
1.935088540613512098e-01
2.417072291907736703e-01
6.500893130577373169e-02
1.337445445429390201e-01
2.309426888368383557e-02
6.134513393873992221e-02
1.364914302274393143e-01
1.484665173774156466e-01
2.469308236751597552e-01
2.617657486305974279e-01
3.045799109629475088e-01
5.474744989035227466e-02
6.168842227841063626e-03
2.571853918947996087e-01
3.752716294256398799e-02
2.413899514324227558e-02
6.703010927691416265e-02
2.517698546883724298e-01
1.511255246476582437e-02
1.946185238917470528e-01
1.796964016213020710e-01
6.828699093678375354e-02
1.153578980268975124e-01
2.115558423536137156e-01
2.374378786029922583e-01
4.009881798147232890e-02
2.902918474649192060e-01
5.734547139423585432e-02
1.297745535491006130e-01
1.564573883501490237e-01
2.911362450932241525e-02
3.054695609202845996e-01
3.927423697968758509e-02
2.538762522389037893e-02
2.217280842806181318e-01
2.708121820770339472e-01
4.251522809330669089e-02
2.531860506060286675e-01
1.160075162330003046e-01
4.356029333306317419e-03
2.156867045109069903e-01
6.155097689266322142e-02
2.276545788294985148e-02
9.040900064882356757e-02
2.454289695615690936e-01
2.638904949510944009e-01
1.396309970001998468e-01
5.558103466169894702e-02
2.080437379948857357e-01
8.363640552560100416e-02
2.327569088592150448e-01
2.460954335867337472e-01
8.680103763801884365e-03
7.812414056311996202e-02
1.658924104579679037e-01
6.955340545092417170e-02
1.321024791259957643e-01
7.721349413572424492e-02
8.091786118611138390e-02
5.140421019763446314e-02
1.743933892457265877e-01
3.683226823357644425e-02
4.345002984116630440e-02
3.022096331212088538e-01
2.299828284183351446e-01
1.303287683718647172e-01
4.551510109498428658e-02
4.607026392952937033e-02
2.386632026847884669e-01
2.523001179883194167e-01
6.459699553653545923e-02
4.422853314407748648e-02
2.684029348760269551e-01
1.030265019922402547e-01
2.323467821862432725e-01
1.652191625773843653e-01
2.805825243599546770e-02
2.049701984723626691e-01
2.306212935587160229e-01
1.582164855743746490e-01
3.028189771313894441e-01
2.747240731332062924e-01
2.804624635383807796e-01
9.679608101853109936e-02
2.944692913231437004e-01
2.972104053700803938e-02
1.502069842531946475e-01
2.498334441101073000e-01
1.059348064081649249e-01
3.084799219774406187e-02
2.430280598237466450e-01
2.849908814440126337e-01
2.521006015106602716e-01
8.790677158865990715e-02
2.770995311566397667e-01
3.754119727511776722e-02
2.290958683478014069e-01
2.970793239459078028e-01
8.420133312937469125e-03
5.431999181399915777e-02
2.183820491097561711e-01
2.551459806681407594e-01
7.277376478649814906e-02
6.577780234254126945e-02
2.948872661183986610e-01
3.072266304349882127e-01
1.238757393352106911e-01
6.590205444559640857e-02
2.409166849378840680e-01
1.931738053233290897e-01
2.631628464041860793e-01
2.184740567171225001e-01
5.464671084665670420e-02
2.591072115519805208e-01
4.715935912907413818e-02
3.444653995152584941e-02
1.902228270599917448e-01
1.456680056410124095e-02
2.633993351431767604e-01
4.239007495956786942e-02
2.662256797271868591e-01
9.959770719618298018e-02
1.692513927245625216e-01
1.303602462440793877e-02
1.522156454641420131e-01
1.654470948753767115e-02
2.845034069702931934e-01
4.350793348812141692e-02
3.741073852951606882e-02
3.033538314646327394e-01
2.044464511864236833e-01
4.343544095670780203e-02
1.356900601651825078e-01
1.687090183040981239e-01
1.891069298561747491e-01
3.004031680010743055e-01
1.219981928211628375e-01
3.494132137524329912e-02
4.448874280978946938e-03
1.805921738270488131e-01
2.324358689362345520e-01
3.097586437256357184e-01
1.266563698949752237e-01
5.930446229266855135e-02
2.325259315392173565e-01
4.264291159173778933e-02
2.232431713442914745e-01
5.776825499288074789e-02
1.469452256353166175e-01
2.252542084240332088e-01
2.000441870230668384e-01
2.852601237285208313e-01
1.065608424114142805e-01
2.098961582134538095e-01
3.384413228805711188e-02
2.741475641399241381e-01
1.526667287184382132e-02
2.474300860994575191e-01
2.853106398753570971e-01
7.320979730286876486e-02
3.021323881424618496e-01
2.584665217452540298e-01
2.767631283192080738e-01
6.976318792356850373e-02
9.320965666498307045e-02
1.773932126362131600e-01
1.198943525549392569e-01
2.876032144641884614e-01
2.843375978474451671e-01
2.530940223916293697e-01
9.533188826343384770e-02
1.354684818792247641e-02
2.936433916477852457e-01
4.681825729523206303e-02
2.741571773466342510e-01
5.100168451750065890e-02
5.057071438454844442e-02
4.883140428944212491e-02
3.099459495876805831e-02
9.690280178160558255e-02
2.453717263527775347e-02
2.289617161749133156e-01
1.225517758687768577e-01
2.235951496861481036e-01
2.368804949073088917e-01
1.208887887757107427e-01
2.475996671602373744e-01
2.124361011449864001e-01
1.437320241901874907e-01
3.016246665989398834e-01
2.068830906682142534e-01
9.347677678745343333e-02
3.013802079204897511e-01
2.930156846970196072e-01
2.353263554470021723e-01
3.556718858847397052e-02
2.458031800524519972e-01
2.037826479418637093e-01
2.026470380758875478e-01
5.828036550323982545e-02
2.861532998597757227e-01
2.262573217914658763e-01
3.117799681223461516e-01
2.396153405847052109e-01
3.805559641391757092e-02
2.835441619762324450e-01
6.802257275106933510e-02
1.842131112151301209e-01
2.479644838025583664e-01
2.291626153205726935e-01
1.952310451436805594e-01
1.583870573297860851e-01
1.446893658044119402e-01
1.183863417522627998e-01
2.598865090227585051e-01
2.327685977311698129e-01
1.685662119683543070e-01
2.982528707350434738e-01
2.977956656595262541e-01
2.050051685442468574e-01
2.380127425130268981e-01
9.793570224986596073e-02
1.729985342654946981e-02
1.102267709589584699e-01
2.022245231797747955e-01
4.115066621759278648e-02
2.327030012063397435e-01
8.846014469015656134e-02
2.737273940084496426e-01
1.379487191624082232e-01
2.848039945821140284e-01
2.690780970494702218e-01
1.150372449165722039e-01
1.049495485238312459e-01
1.722145416212189917e-01
5.129403749938173107e-02
2.210023868649784728e-01
2.643343915577515690e-01
4.170062106083687048e-02
2.187805268211535092e-01
2.945405625783997228e-01
1.239746045430134280e-01
1.103692890955983025e-01
2.564107580474483256e-02
3.080639779254867316e-01
2.748593501783449522e-01
3.055699663523375742e-01
2.782143370027957419e-01
1.737501330613607231e-01
2.323421543335139339e-01
7.473147560507632792e-02
1.386304227557264013e-01
1.778826502231271034e-01
3.002070084436727626e-01
6.466709065339359963e-02
1.378191495250578602e-01
5.663246377962254802e-02
1.111955288331974989e-01
2.082104905258008731e-01
4.857186426273189112e-02
3.186671481962953523e-02
1.736006774367293559e-01
6.082796508093780974e-02
3.776205573446160535e-02
4.270232691836057387e-02
2.695631715732607625e-01
1.672705938330441844e-01
2.440884403570468542e-01
2.500698500210538633e-01
2.991658947760558740e-01
2.115959918900748304e-01
1.120875735550263923e-02
2.620102447762934217e-01
3.725658722266917550e-02
1.183897379383141157e-01
7.525044565826026488e-02
1.497321753059311922e-01
7.238783392181766252e-02
1.780197616514807291e-01
4.624056592110135921e-02
2.482617331059490118e-01
1.614271474868046452e-01
2.878894162176212079e-01
2.926698673379901083e-01
3.425603362272575808e-02
1.823174992118933302e-01
2.214418052060515008e-01
2.635473865847831609e-01
2.949001713909658040e-01
8.679735827697813988e-02
2.770898409593861023e-01
2.679701614212099542e-02
2.123332895530795350e-01
2.348242060266801379e-01
5.616035952264186032e-02
2.619780708372211886e-01
1.732469802180614526e-01
2.387931183749353037e-01
2.718456516647059854e-02
3.685171876582157835e-02
5.037348235596748880e-02
2.654795297718701153e-01
8.893090201536391071e-02
1.833142673097581943e-01
1.455989293474609092e-01
5.783975801900619745e-02
2.628283674263452996e-01
7.734072352778048609e-02
8.840793000978333649e-02
5.541314106882340440e-02
1.872706050707614034e-01
1.366443055816147778e-01
2.109109522316494068e-01
3.757484508153691172e-02
2.376713440836933089e-01
2.653699835501776016e-01
1.741162414670136271e-01
1.365507149065447734e-01
6.595916812604148138e-02
6.436327286566669026e-02
1.627246777703483249e-01
3.937929586604593107e-02
1.990739330442524782e-02
2.886031690346802653e-02
2.114765223444684261e-01
2.759007834771171411e-02
9.391936634200423462e-02
7.498452726673773827e-02
2.965031864244045343e-02
2.838398151390955637e-01
1.388536939529515513e-01
5.350400721171903046e-02
2.212795426669582899e-01
2.760284779211438777e-01
2.207309197868473627e-01
2.543942147583069247e-01
1.060611879180415607e-01
7.241465081145757876e-02
2.876085475504947531e-01
2.432641887280162785e-01
5.095847205652450501e-02
2.355852456442307785e-01
2.070985847244204148e-02
1.792338657850360284e-01
3.828881075541241963e-02
2.263401366199303821e-01
4.224086922226320123e-02
2.449657944494658401e-01
7.680898277488343306e-02
5.065149674286455878e-02
1.141416617221479302e-01
1.838308525560886919e-01
2.159869180412949397e-01
3.101164398457887383e-01
2.021823073045215038e-02
8.721245762889183462e-02
2.657090080496374296e-01
2.980119806377495295e-01
2.860138080146314155e-02
2.434497125043962318e-01
4.421138619849825785e-02
2.190084485087593902e-01
1.772075592348783535e-01
7.632595142429661472e-02
3.973556170752413214e-02
2.606087378700995827e-01
5.213038984577401946e-02
1.910807229632488780e-01
1.313082439895269793e-01
6.673696851605892544e-02
1.813791332872270734e-01
2.754686989436157529e-01
2.547789887305713236e-02
4.473946991162883885e-02
5.935660789533175191e-02
8.908504875267344095e-03
2.265345278115910299e-01
4.052487659015980431e-02
1.238621693960282460e-01
2.717464805832423003e-01
3.736391212649839422e-02
2.772198484703450316e-01
2.257361604892139662e-01
6.943080462139557263e-02
5.540248195083707222e-02
1.261333833362346668e-01
1.509221020755890375e-01
1.878562974040007272e-01
2.341510153328326127e-01
1.578703118126661420e-01
8.566975377857492802e-03
6.243856291398523772e-02
1.062314274514296331e-01
2.882346319576127303e-01
2.693260689695762267e-01
1.744968355812379357e-01
3.101195882958699968e-01
2.943805001095098350e-01
2.701687572266484039e-01
2.274802930153202174e-01
1.448189866865810527e-01
1.761779277344227013e-01
1.065827173444185982e-01
3.044197164997410332e-01
2.698637606566301472e-01
6.003776179134399926e-02
2.478374011893180184e-01
2.200177682659740230e-02
1.823178345852173587e-01
9.650096736012182125e-03
2.490357163060077095e-01
7.142172067779813116e-02
1.682835377610138183e-01
2.576844461476473364e-02
1.017823030500859260e-01
2.624058492840353751e-01
1.755462613967993801e-01
2.796084955838542552e-01
8.345385285469121561e-02
2.676547864080927042e-01
2.240269644944484217e-01
8.105782910124535723e-02
2.698244760478295534e-01
1.665907137988250353e-01
4.600261692616038761e-02
1.755861104086682556e-01
4.421155547785871748e-02
2.698948414411531660e-01
1.756715005356483672e-01
3.046555573224054014e-01
1.348838608794161731e-01
1.469893270309984845e-01
8.845802004267899754e-02
2.584791262163335310e-02
9.982666725368767591e-02
2.231490211703410498e-01
7.630966226716870415e-02
2.838926329665208415e-01
5.546756410299936296e-02
2.959322754117974519e-01
1.905735157399607305e-01
1.089035690756649244e-01
2.086020300229328717e-01
2.237811848232344192e-01
6.979582245579996069e-02
2.223831289167091940e-01
2.499318080885131743e-01
2.198217439449379751e-01
1.342060373891892922e-01
6.544938885334777856e-02
2.104333161860160589e-02
2.100508930313997602e-01
2.711434926638819909e-01
1.380978884284067565e-01
1.150664713060326888e-01
2.041658906784085958e-01
4.175365765379563006e-03
2.944801113972030371e-01
1.727109141373287804e-01
2.025173901784854125e-01
9.985308731264841420e-02
2.019189501486638172e-01
2.351888244547993279e-01
3.817151839393044532e-02
1.539110915597556029e-01
5.025858671902989905e-02
1.608058754891161235e-01
1.722255920185867262e-01
2.527904528517315730e-01
1.588212251901559013e-01
1.028909013615280921e-01
2.511067556925787314e-01
1.282410821554315905e-01
5.575588315109183263e-02
2.616797025073421268e-01
4.754511882377478182e-02
2.184350615217773572e-01
2.406314293209087518e-01
3.075557764455326137e-01
6.671415739251004839e-02
1.508053152257664564e-01
2.627592167041942206e-01
2.671534174276872786e-01
1.178088174686361435e-02
2.154369279003484974e-02
2.412030261169025025e-01
2.522341052957601248e-01
2.374591282761017441e-01
2.782041416242617138e-01
1.483051975392151167e-01
5.181450792333124056e-02
1.489030175531383116e-01
1.302568200655894182e-01
3.066709523795149717e-01
1.334312458194334972e-01
4.567591127197722506e-02
9.620812411458293245e-02
8.666313451187772354e-02
6.236027496468266040e-02
1.735829523148432474e-01
2.729765540837491566e-01
1.563798857675763043e-01
1.553006918430037686e-01
1.978835403679541360e-01
2.842522559871697996e-01
1.595374973103287630e-01
8.148302624323840171e-02
1.766270233701305314e-01
2.408574183506299038e-01
1.072229022119762648e-01
1.898254328682476844e-01
5.752268091326356164e-02
5.852604240876919245e-02
1.316146760937016991e-01
5.561430449236461765e-02
2.575028273610823759e-01
7.540376864663189682e-02
5.563224514362181961e-02
1.922239156742841237e-01
1.590795500193869783e-01
3.492321415053733363e-02
2.448868945875358472e-01
5.965437184038717422e-02
5.642913644555740821e-02
2.667731759943480774e-01
1.802920617989789420e-02
1.886851223832300695e-01
1.204148663569401950e-01
9.855263803292937941e-02
1.137864328558761962e-01
1.505681031973005457e-01
1.891594376974007063e-01
7.961191360118245741e-02
2.446214860246692310e-02
2.658984272215460520e-01
2.234012633759860714e-02
9.533721375923684405e-02
2.941744950057885166e-01
2.603821399758350918e-01
2.581202697520290981e-02
2.391707922980005480e-02
2.544876484998068178e-01
7.732816274255677191e-02
1.176413176588878007e-01
1.680916451333784312e-01
4.985279282569778092e-02
2.413571430219404457e-01
1.772699907965671062e-01
2.304123737254198390e-01
2.584948971829713615e-01
2.346174397440203840e-01
2.084523657409689118e-02
2.046898253655125843e-01
2.155899640116529514e-01
2.548768255764257556e-02
2.509647359681769219e-01
3.424158042253881012e-02
8.406234644111633403e-02
2.605736741515595201e-01
8.154431818036972368e-02
1.040023489575540722e-01
1.744371957344219293e-01
2.682408990645767655e-01
2.958470140266398207e-01
2.875013953973769021e-01
2.484684914539638800e-01
2.935440779113134280e-01
3.064393363782003665e-01
2.224867734672707209e-01
2.692205196657437849e-01
7.250787070734023010e-02
2.172931842146065273e-01
1.761221781520790619e-01
3.041306641410894684e-01
2.538270536559527057e-01
7.623028191489182592e-02
2.850427648748077858e-01
2.957899714298952709e-01
1.678205758889132759e-01
2.646518575595165346e-01
2.835012745083618224e-01
6.259195547097348711e-02
1.436200313217341762e-01
8.123770455613660291e-02
1.907284247904594554e-01
2.704688845948758150e-02
1.777487533677449549e-01
1.546908750944111233e-01
2.433740865725274038e-01
6.922597187093961803e-03
5.604828469261837788e-03
2.572067019964777157e-01
5.402268764756025521e-02
3.675468626965082419e-02
3.075210551025181482e-01
2.371613338930341208e-01
3.064893966933459613e-01
1.032603845615827076e-01
2.504868031618385366e-02
7.719237980155470302e-02
1.642001235000706549e-01
4.074454248059240606e-03
1.585352274663608951e-01
3.119553782393673647e-01
1.761928047149654841e-01
7.048184143400618162e-02
1.395657411185849128e-01
1.648077986706785458e-01
2.139049064879546824e-01
2.142540491788722246e-01
8.488914172415500115e-02
2.998966225444715805e-01
3.107282146938240494e-02
7.534382068899728169e-02
2.135016517521797497e-01
2.393220810852709768e-01
2.175993058704623340e-01
2.087117150743958774e-02
2.951246108458326911e-01
7.852381741482652999e-02
3.112313822105928773e-01
1.381490167975879813e-01
2.444556451889866588e-01
2.536249401327922981e-01
1.983911688738737022e-01
2.824288860579091676e-01
6.760228974415705139e-02
1.096769077794108038e-01
1.984832433963164972e-02
1.578385949430980567e-02
2.223813639053803526e-01
2.890385268897240345e-01
3.008913831825371643e-01
2.734381672423855658e-01
2.461503490706544450e-01
1.510813883801613577e-01
2.252393856407602923e-02
2.579768425104075891e-01
4.063104689175101036e-02
3.903217533708196879e-02
2.671086007010511354e-01
1.621673275872111408e-01
2.999659249164403629e-01
1.233775853659248301e-01
2.840496005000363033e-01
2.727626450225439370e-01
2.797792262420639164e-01
6.006069769346890352e-02
2.245277196553713828e-01
1.103576119245668063e-01
2.728565824171550469e-01
1.209564362843289498e-01
1.223803103870059888e-01
1.090710388192609043e-01
1.900546090464484139e-01
1.621490329494520988e-01
2.199261976907674609e-01
2.336547325425353261e-01
2.611532375149808738e-01
3.018930965726581150e-01
3.095840706069319936e-01
4.718430143815014605e-02
4.285949156409218919e-02
2.886087795141853429e-01
2.415641541952873728e-01
2.185569423132902311e-01
1.053387863381999995e-01
2.805710764895082976e-01
2.311136047523305592e-01
3.045996872725972304e-01
2.615402319055609159e-01
2.192047872896571784e-02
5.213698696492775897e-02
1.864274057961397002e-01
1.178932948274829945e-01
2.836198260566463736e-01
2.185464644798737754e-01
1.243732387249590482e-01
1.543110969469912996e-01
2.071309473590716432e-01
1.420510007766100091e-01
2.808599763299361451e-01
8.024442141840927578e-02
2.620389401217354530e-01
3.107466166514128436e-01
2.751749958858193401e-01
2.817777699948678660e-01
2.092112576899561038e-01
2.363463974351581731e-01
2.269974064185376339e-01
1.125634118644136400e-01
1.811196293002513835e-01
8.083489276320562911e-02
1.781925390313278401e-01
2.913891873798445942e-01
2.148016895502127266e-01
1.738375033486012078e-01
1.633640376417163920e-01
1.006817339318876875e-01
1.057382310889184718e-01
4.595351725205123333e-02
7.840518979301276670e-02
2.501855920359223884e-01
2.231304053003821120e-01
1.885346748864493993e-01
3.007662280859809203e-02
7.219231987666961670e-02
2.519589090244555574e-01
5.720019210583771746e-02
2.344272615743828447e-01
9.926779974671716411e-02
