2.692919019490295773e-01
2.428679718731226456e-01
2.253048902436029510e-01
1.514029704433212109e-01
1.270550356206209541e-01
1.819027401749176709e-01
2.212982566117246974e-01
2.496408671238652122e-01
1.970253442549955991e-01
1.714309002052780972e-01
1.768374286778636451e-01
3.132722710457394588e-01
2.130338716307821623e-01
3.157695267553757290e-01
1.774495726952728669e-01
3.113369313460900845e-01
2.253500706577443169e-01
4.310239638241777568e-03
2.067596878109739800e-01
1.700844480170927153e-01
2.583991228124126738e-01
2.731578411202572609e-01
1.660227339774226485e-01
3.449915181580393009e-01
1.836848215743932533e-01
2.530266770756325889e-01
1.543244953341079209e-02
2.302105182840857855e-01
2.896518355429609018e-02
5.242171289596785078e-02
2.249715409474972450e-01
1.735879840993725109e-01
2.372354458371931096e-01
2.581693592278142546e-01
2.058591227946672542e-01
2.749266296862192815e-01
1.408239088568233044e-01
8.239650963762464031e-02
2.866880432613422847e-01
1.726686163831264442e-01
2.943808280723287929e-01
2.796225650321479961e-01
2.332546654161505861e-01
2.831566344487317366e-01
1.021521907551095759e-01
5.548457540725789360e-03
1.436730013512047266e-01
1.427382528662642647e-01
1.901699045906479757e-01
1.713064296191426361e-01
1.130445045880788674e-01
1.582484730226634273e-01
2.169407876102267818e-01
2.785701668367776551e-01
2.224748404016708148e-01
2.519004315143124617e-01
2.638112800194386542e-01
1.349073179078332241e-01
1.999585112801599285e-01
1.403166310748594214e-01
1.276745282716309771e-01
1.242220294095546240e-01
1.953346717157853907e-01
1.116339585135184415e-01
8.217773518287294077e-02
1.377838665739400219e-02
1.536678094678413653e-01
1.380159954790434462e-01
1.889090160872552993e-01
3.053500615989648836e-01
1.516471998681145072e-01
1.418216960353308465e-01
2.644759066085538568e-01
1.859999822037734507e-01
2.774369992123738027e-01
1.913398093654602172e-01
3.290491014160198957e-01
1.289307224091983672e-01
1.290458998697173324e-03
1.242207807185845558e-01
3.435043767179600804e-01
1.281772581517142406e-01
1.924939640122629025e-01
2.318534465807537137e-01
1.700411589173975446e-01
1.902831677533635135e-01
2.046951076130974767e-01
1.909947047794340047e-01
1.685206074994928249e-01
1.994256763378602360e-01
2.729263159028967323e-01
1.809330346712291759e-01
3.460280170242696074e-01
2.900989489710740221e-01
3.415556036393561645e-01
8.246078975720085025e-03
2.251400036963247323e-02
1.506822717702493153e-01
1.693122416146681242e-01
1.967605652077695499e-01
1.346001569156366762e-01
1.821511462144138616e-01
1.189532372056499171e-01
1.632413872161093404e-01
2.616627209727287462e-01
3.017754112587441306e-01
1.828577065028424153e-01
8.222587655129411088e-02
2.465403688346429756e-01
2.792511703794220979e-01
7.157011162066720389e-02
2.088044025202566989e-01
2.463912585960261747e-01
1.959145508757897947e-01
2.375044982850684772e-01
1.728623354949939683e-01
1.796094498067376255e-01
2.464844974307873748e-01
3.345024925193093579e-01
5.321252434088376629e-03
2.435032104566040856e-01
2.350230510763450797e-01
2.062370053276345316e-01
2.220870631311708809e-01
1.208662956722432180e-01
3.329106466177335077e-01
2.012303125092315126e-01
2.007020455580522111e-01
2.274763220961073806e-01
2.183289630571998707e-01
2.919174452039926398e-02
2.038038568703959275e-01
2.846202355755261260e-01
1.643721174833527865e-01
2.519072952936082244e-01
1.903512663944576799e-01
1.618479452202084556e-01
3.277326684556798320e-01
1.895056168059509882e-01
1.444049063423580859e-01
1.367358655895589414e-01
1.533295733373968572e-01
2.248324730828751006e-01
2.008486326579818626e-01
3.415971325895311717e-01
2.902927392636397985e-01
3.440975259447766055e-01
1.212645360650753817e-01
2.698237201624903991e-01
2.918988758573008435e-01
2.310948424779943056e-01
2.508818138651498497e-01
2.946603648550824572e-02
1.084280009832583672e-02
2.423431995774056880e-01
2.143050316086742846e-01
1.711247237397619083e-03
2.437378373041680646e-01
2.355191531725533693e-01
3.493033638938936591e-01
1.667117272504803349e-01
2.792352718989805638e-01
2.836322999152322000e-01
3.101048400318793807e-01
3.052277041642444400e-01
2.683509277810915972e-01
3.489027738860000505e-01
1.519397232120683894e-01
3.399859103234564306e-01
1.523012688719719010e-01
2.538965329357837364e-01
1.766338151459919958e-01
1.786052622861776240e-01
2.680519875124579565e-01
1.712296547892485921e-01
2.268809332444605420e-01
6.027884758388861453e-02
1.614773930636323185e-01
5.644248412967712430e-02
6.934255615064580103e-02
3.453708239633517807e-01
3.291790050711732585e-01
1.573297421521091533e-01
9.564630876117749536e-02
2.846243840785647738e-01
1.185555513171029501e-01
2.206418972251970312e-01
3.424029807205126175e-01
2.171639178350268373e-01
2.614485579988807262e-01
1.701744229954386123e-01
5.725532351106123879e-02
1.110225621314260003e-01
1.821310296832308606e-01
2.498182620887635930e-01
1.669504867663511027e-01
1.475289854475914653e-01
2.565148423875003303e-01
1.761521995463070922e-01
3.405557827427289630e-01
1.657677384347041594e-01
2.187506228986188517e-01
2.914790517261316993e-01
1.088463524657703463e-01
2.311339167319627352e-01
2.947606985239287214e-01
3.333830702382192257e-01
1.132607538276447084e-01
3.055770605536344275e-01
2.915206712688486745e-01
2.137500314612350849e-01
1.748417874924225179e-01
1.866162704843141451e-01
2.098104585908069364e-01
1.932293343459628998e-01
1.468990409852956591e-01
2.708445584814064278e-01
2.083326756814748992e-01
3.092348212653917572e-01
2.110882970313421314e-01
1.671132848256159653e-01
1.510943325086694933e-01
1.429767960968132690e-01
1.902945936184610720e-01
2.820625695506199793e-01
1.694470234757641247e-01
3.375609181315549767e-01
1.817271951628955662e-01
2.826341372948659170e-01
6.639295367855253815e-02
1.050756726049530132e-01
1.310352803607968963e-01
1.132451385978876374e-01
2.810711686272651111e-01
2.742168281784657657e-01
1.352877485527388124e-01
1.824408793721507549e-01
1.668418741293172802e-01
2.469326407591789230e-01
1.458416949213972580e-01
1.712972146314092614e-01
2.717961860982355260e-01
1.543940003311508602e-01
1.872001340053024987e-01
2.752061882136174753e-01
2.516563438289926569e-01
1.450550751935007765e-01
1.888896082031878421e-01
1.580388644781619556e-01
2.057943486952713563e-01
1.462107540568907682e-01
1.777415959402353640e-03
2.104354915617451804e-01
1.450531029258405602e-01
1.243027669168281571e-02
2.174957717273219848e-01
1.868532414456361701e-01
1.969034809469556169e-01
1.968009450546918115e-01
1.631487607616139979e-01
3.130277515393133925e-01
1.777882833765712101e-01
2.717937788235464946e-01
1.416889069751610108e-01
2.179852367698534854e-01
1.370566288730028781e-01
1.690770793923610515e-01
1.486782282904594854e-01
1.765293884614832221e-01
2.414364147995618215e-01
2.325414652894441936e-01
2.117723276619479789e-01
1.848070916618503867e-01
2.048417783434589301e-01
1.577702626556630738e-01
2.286466272021770996e-01
1.598840534271773195e-01
1.894090462946081688e-01
8.191859706658958032e-03
2.173034020969122626e-01
9.991249330460405531e-02
1.799658390060357993e-01
1.604692515575971701e-01
2.012360548009377303e-01
2.143081049251176207e-01
2.136357709487096967e-01
2.186619807952793759e-01
2.042498929906447491e-01
3.171079448482493901e-01
7.553648457999020960e-02
1.589608358402767874e-01
9.066562188997664973e-03
2.210188252384059637e-01
1.608829978094117319e-01
5.244390937376938733e-02
3.338672622461888451e-01
2.373880252946401481e-01
2.919322956483904608e-01
1.662344097835068146e-01
3.257123144350485555e-01
3.436689513571147270e-01
2.114293939195769079e-01
1.879570474229056432e-01
1.047133710284314928e-01
7.271520102327062862e-02
2.732166245523348636e-01
1.569592649720062683e-01
1.239284756970840673e-01
1.797250500094692560e-01
6.282910127548450852e-02
2.477969136207873457e-01
1.888416389846261367e-01
3.186904483660586429e-01
1.703121267144620532e-01
1.987444656797826004e-01
3.147449079765565760e-01
2.417629659647307916e-01
1.564517499305384252e-01
2.293029183618310318e-01
1.710317548185317227e-01
1.949415385076971041e-01
1.668284700013791810e-01
1.699896646397827116e-01
1.608884669770345444e-01
1.620573280680105395e-04
1.867424765470850345e-01
1.611244816089217602e-01
3.150011349221396584e-01
2.245983746519065460e-01
3.135213953651657115e-01
3.300709937081621748e-01
2.642261635879303294e-01
1.969432248457435031e-01
2.582615939731902066e-01
2.683229915511403663e-01
1.917164885850157208e-01
3.149989029141135877e-01
2.223693000182479784e-01
2.422327815616968916e-01
1.992896160830068819e-01
1.805196355341950054e-01
1.645104926071178364e-01
1.989261907033642029e-01
2.883192285275864020e-01
1.695657552197725459e-01
2.301694200833255821e-01
1.234929377184409705e-01
2.191329851510472604e-01
2.107593007916058470e-01
3.469620377133755817e-01
2.614696717142370730e-01
1.685290697541508564e-01
1.794887694804727374e-01
3.327927907684504003e-03
2.632407403702328730e-01
1.093945431879701502e-01
1.199785311180142505e-02
2.312497602850308587e-01
1.422811064082687149e-01
1.978764540790668713e-01
2.875024315946416165e-01
2.048058944621703945e-02
3.444258046894709824e-01
2.616126679434134794e-01
3.198926396458438570e-01
2.460886289928004289e-01
2.334126205190106829e-01
1.125713347868022435e-01
2.262164158311359696e-01
1.791317742037417671e-01
2.151222954893012573e-01
2.063676367361413355e-01
7.538840314942434062e-02
1.838781289435991728e-01
3.349601960726215077e-01
1.137258961867468610e-01
1.417589039930416683e-01
2.028359727215450492e-01
2.048637585915469850e-01
2.072529194713874923e-01
1.644727062059654354e-01
3.338203390278312033e-01
2.198510801086811794e-01
1.013873163341912909e-01
1.973949047218989394e-01
1.777742091638373767e-01
2.077030578215053602e-01
7.640262336100633878e-02
7.227068393017559156e-02
3.095188276043322473e-01
2.105016303697588853e-01
1.564644123620950733e-01
1.702457082359628282e-01
2.544303943364697451e-01
6.210470390490980402e-02
9.788830664472668308e-02
2.909255346929273123e-01
2.514209284890938090e-01
1.929764153372364732e-01
2.251579179914035556e-01
2.320108866924491808e-01
3.116300786836608272e-01
1.933542187687930514e-01
2.479801796035771000e-01
2.262290151421305073e-01
1.467432927902706796e-01
1.266297288092930184e-01
1.220096225745654905e-01
2.033609283031286852e-01
3.065200701590687915e-01
2.262214102757685585e-01
1.790144287931527411e-01
2.992164025591275700e-01
2.104656054296795975e-01
2.341992087458522886e-01
2.558616174654224640e-01
3.018636037721062482e-01
2.089434496657567586e-01
1.764168691787795784e-01
2.136240671800632429e-01
2.611350805357133265e-01
1.503704741798482236e-01
1.967430628577182539e-01
1.978056195354044589e-01
1.742833054859831698e-01
1.712847853731744585e-01
1.548041440717883854e-01
1.743897439462807342e-01
2.033601125975726120e-01
1.776676604461793207e-01
2.948622539855873526e-01
3.186520362366353498e-01
1.772720511797652165e-01
2.529338970591107905e-01
2.790376248629961031e-01
2.639683970371102251e-01
1.991379879568614120e-01
1.583899212541595436e-01
1.847377953646583693e-01
3.131836984248313471e-01
1.178786782145117562e-01
2.031080282921099434e-01
1.846133201077669594e-01
2.374449882192926076e-01
2.421502690047247497e-01
1.976529407043447484e-01
2.525476413949148125e-01
7.348262487791305808e-02
1.861697712606349975e-01
6.513167710560949231e-02
3.450844642334642831e-01
2.911935854667334622e-01
2.929140454970364793e-01
1.814240098091428055e-01
1.587015295503612367e-01
1.644654786701681137e-01
1.465198781530055172e-01
2.538825344579661580e-01
1.506046692542541698e-01
3.044340695495547089e-01
8.180319699354815510e-03
1.834762717698681933e-01
2.361060540740516078e-01
2.254542937352606996e-03
2.799874354771146878e-01
1.850743441758614938e-01
1.796645240212945693e-01
2.689642349962054202e-01
3.422712691862498935e-01
2.715444968402957460e-01
1.626105561026147950e-01
1.852259166446162389e-03
2.696266593515785348e-01
1.839568171462058754e-01
2.115953875938362538e-01
1.819553572828875865e-01
1.032114119255403556e-01
1.578957557356898411e-01
2.148810039796767435e-01
2.123276705928903718e-01
3.532513974552309310e-01
4.686613281513304224e-02
1.156198060443918152e-01
1.644582534266521290e-01
2.216991225218002681e-01
1.410262400438702934e-01
2.379613292869260655e-01
2.323113140187972603e-01
3.256675529121180052e-02
2.472934123291791186e-01
1.542409142523248899e-01
2.122597497831239799e-01
1.497231723035143680e-01
1.754412639320881706e-01
2.242842568377590717e-01
2.238052060263695242e-01
2.382708641547374162e-01
1.217135194365391408e-02
1.182311122238350054e-01
2.129855392850253659e-01
2.281725596320784422e-01
5.477027245479846283e-03
3.457971183319014097e-01
2.747269286288157517e-02
1.981152254812362512e-01
3.134708304752193975e-01
1.438777038581413592e-01
2.571609323426442550e-01
2.195553440327389638e-01
1.275531069064679279e-01
5.730225367913709122e-02
1.963070610197662214e-01
1.860056136289435225e-01
2.704392644297911041e-01
1.185949476484526033e-01
3.475268464464188137e-03
1.983839540733696727e-01
1.934077973134843698e-01
3.401640535858870273e-01
1.831489163761571559e-01
2.414384309891320912e-01
2.501971613107202286e-01
2.980642373376711229e-01
1.418796425615000438e-03
1.304079762576174084e-01
3.417734839335115349e-02
3.274338465360445705e-01
2.107581732525642126e-01
2.199033510631618893e-01
1.794395946118309271e-01
2.099642606235240516e-01
1.761595297666900262e-01
2.312652407432515267e-01
2.019405973355908619e-03
2.657874597739334210e-01
1.768260147103004887e-01
1.619018322899720141e-01
1.752797702115750367e-01
3.172433938690051303e-01
1.677704192734940924e-01
1.176107037202941685e-01
2.850978262510370231e-01
2.082257607611666395e-01
2.066410543750704931e-01
2.093470083087838329e-01
2.575007556513047580e-01
3.531266791101053126e-01
2.050938536971615433e-01
2.541844449026767760e-01
1.341100414758669979e-01
1.957679157636197931e-01
2.623587633721001788e-01
2.019922104793505924e-01
2.448390420088896180e-01
2.321430836289943567e-01
3.233990219181028247e-01
1.166399246287298797e-01
2.355808348975766131e-01
7.462596793674114437e-02
3.169930118398152086e-01
3.276724084453332964e-01
1.583196520577808131e-01
3.236549689830964804e-01
2.614037661841826510e-01
2.521380751665163594e-02
2.920662221245281520e-01
2.600244580312097153e-01
2.550049609724757138e-01
3.010462764407709213e-01
2.386591559448374977e-01
2.305538075190903258e-01
2.981772184388456481e-01
1.985612822216559492e-01
1.148678964836033628e-01
1.283490576933463134e-01
2.097876357438486772e-01
1.765981262286605569e-01
1.939433038662707609e-01
2.388809417493271969e-01
4.201824547382799731e-04
1.840085553607528068e-01
1.911309443143309472e-01
1.716002122625854024e-03
2.202471181812542811e-01
1.226940712923646828e-02
2.341757289752492976e-01
1.992290032025399449e-01
2.216652869266939052e-01
2.050441084859669638e-01
1.610055890031945602e-01
3.218633132574241773e-01
1.860796350592892057e-01
2.880288383201067282e-01
2.269850713005513720e-01
3.472393068543839223e-01
2.288837211188095022e-01
1.486595733034637157e-01
3.286420838889004270e-01
1.854086556063239410e-01
2.348753955348987232e-01
2.098097494586250999e-01
1.615281748132239847e-01
2.328645694784589881e-01
3.254105792494877639e-03
6.870222178760868048e-02
2.158286877585850194e-01
3.078558371341280631e-01
2.485346656634925822e-01
4.152403780666340943e-02
3.178397175611857861e-01
9.294200061841208227e-03
1.535714393954132895e-01
2.816875464194768530e-01
3.240901101442369720e-03
1.931772091062198271e-01
1.499090455025302859e-01
3.645844157164356697e-02
2.137450866332767652e-01
1.667461907706230262e-01
1.777917143589846649e-01
1.660231186445770279e-01
3.468591320485759910e-01
5.512099652742651935e-03
1.608360687539187317e-01
2.666055595610850593e-01
1.588367376857595104e-01
1.774272497534011284e-01
2.973855723332994305e-01
1.515402482092786940e-01
2.919636084852182401e-01
1.423928492833662907e-01
2.020350587861303171e-01
2.288810952956629383e-02
2.494436046344114255e-01
2.375369452715718754e-01
1.588432990022106417e-01
1.304798854684101062e-01
2.471992890628942896e-01
1.931546371913513693e-01
1.742643423519831813e-01
3.097518567308238380e-01
1.387748075399106162e-01
1.306381411444956231e-01
2.938165417388024503e-01
1.616084853286428868e-01
1.842755180063143927e-01
2.134539552026366860e-01
1.826794121310554853e-01
2.804892609478772392e-01
2.035532903680844774e-01
1.429136000208142132e-01
2.394836141391201989e-01
5.285980558389660744e-02
3.281568628638656393e-01
2.672103522790797991e-01
1.409821944942147021e-01
2.077653043787856257e-01
5.225472414691553769e-02
2.317398134198967452e-01
2.325806057335556148e-02
3.524366148721979619e-01
2.459999482523666792e-01
2.778885470051397633e-01
2.810619052697835851e-01
2.741575071666904062e-01
1.709088560128750045e-01
1.039315939949142648e-01
1.278005709369226528e-01
2.010662075521350567e-01
2.978108541974670009e-01
1.882556239060372005e-01
2.125854670340714958e-01
1.748165322012725231e-01
1.744366661650690875e-01
2.507983873917080664e-01
2.570618599955841188e-01
5.089668172873251101e-02
2.143048682503669589e-01
2.110537704237467060e-01
3.364876368519930105e-01
3.335957555072520120e-01
1.813911782951891649e-01
2.566231836689334966e-01
1.989895702238389241e-01
2.203602254792368653e-01
7.731028517682116130e-02
3.430193203419756864e-01
1.931879897034118332e-01
1.209717962644793338e-01
2.003080304268016198e-01
2.219595938634371657e-01
1.155179217327893665e-01
1.873591648746653626e-01
2.385843462864520315e-01
2.019813844417887166e-02
2.145249106270691319e-01
2.158348476458819276e-01
2.292899117025941347e-01
2.944476366251408406e-01
1.762624200195088975e-01
1.466607440182988442e-01
2.020783587894865729e-01
3.276102328198094993e-01
3.502255686281626201e-01
2.167337851602892107e-01
7.217369887340564782e-02
3.139679762364083748e-01
1.613942775932855345e-01
3.234962984494855198e-01
2.244997194560228726e-01
1.868825864621908306e-01
2.496846258484684278e-01
1.879394535454358695e-01
2.949562727256079264e-01
2.137975508258489477e-01
2.688152611589157415e-01
3.020228913971502727e-01
2.186934520229818768e-01
2.807599897650761012e-01
9.911507727052408512e-02
1.533914056218869393e-01
2.650232876848328534e-01
1.221316423253552969e-01
1.463082207010495961e-01
1.655527080328043354e-01
2.787404269916538557e-01
2.872330193955599520e-01
2.000588040586920302e-01
1.110172641910178309e-01
1.835003847497327922e-01
1.095889638066781524e-01
2.439626708770248342e-01
2.077612577010509165e-01
3.115422490217804041e-01
1.913047398515597963e-01
1.659128594097543097e-01
2.844769629961995672e-01
3.282790366251082115e-01
1.334036917457577243e-01
2.004451099541202930e-01
2.282204569424328700e-01
2.201674814224965082e-01
1.721621373425373525e-01
1.644021992261681664e-01
3.263760137305754538e-01
1.846957228141372920e-01
1.862356277373602431e-01
1.668266999658211680e-01
1.824380152296025404e-01
2.046770265670135591e-01
2.570547610425324980e-01
1.813044226648503898e-01
2.111860504048118092e-01
3.311974057653110370e-01
1.002396697005338566e-01
1.411457606669462017e-01
1.055006645583561053e-01
2.623784573171810131e-01
1.487309793836456562e-01
3.427137826416493116e-01
1.728822115513398983e-01
2.645661056651406606e-01
1.504166834889807403e-01
2.358375223225365747e-01
2.305197879309655029e-01
2.099603483712182139e-01
1.937260830819896584e-01
1.095931104157385622e-01
2.647492171601294360e-03
1.935780708512508386e-01
1.903095500200610024e-01
2.915628354039657144e-01
1.850805484644465482e-01
1.926498858670895320e-01
2.509689520969486387e-01
1.885439413856394852e-02
3.510349287350357228e-01
2.034781650774895867e-01
1.712760612244974001e-01
1.411537193696427994e-01
2.700204542083611825e-02
1.842808366933532116e-01
1.910153419419929333e-01
1.594182415626402560e-01
2.618934076064954319e-01
1.259551549594402006e-02
1.954200954436869919e-01
1.614446297845196776e-01
2.801813608947301693e-01
1.918820463232447648e-01
1.352174664539814442e-01
1.070050628365241908e-03
2.660595714112909405e-01
8.225693761883187682e-02
1.444233830574072341e-01
2.254225073740233620e-01
1.901310631970568044e-01
1.792433538695120399e-01
2.450829822603246555e-01
3.103715991435551103e-01
1.134665938326035461e-01
2.219102162609738749e-01
2.457200711377568181e-01
5.343093184006564994e-02
1.971595449958508939e-01
2.258924220738025568e-01
4.210076541260432403e-03
1.603013438189095086e-01
2.782504787717673955e-01
2.214527090268724741e-01
2.670708990330524779e-01
1.837848271443767167e-01
7.791170326300457180e-03
2.076393588125920453e-01
1.229448509245781723e-01
1.333503853386861504e-01
1.573406377741755902e-01
1.290105379945978292e-01
1.929012802539911142e-01
1.376896892781656612e-01
2.695983750446778737e-01
3.111500407430040083e-02
2.895390666443539533e-03
2.436122091303739579e-01
2.661488290962071290e-01
4.313179868415395468e-02
6.528840338682113942e-02
1.863096733401785610e-01
2.319292722366034232e-01
1.809159198603483010e-01
1.409191817401969915e-01
2.041442461084006510e-01
3.477615131113965252e-01
1.444370102102113529e-01
2.218188055685460236e-01
2.913324942727056333e-01
1.358840481499195285e-01
2.011517701617758225e-01
1.679576376423582706e-01
1.527156685506681211e-01
2.038582545592709794e-01
1.954291294758836450e-01
2.241951768477412621e-01
2.215314461017847958e-01
1.915277719478349072e-01
3.368406570907518660e-02
3.366557782320703240e-01
9.349485095353654573e-02
3.369496328597982870e-01
9.173522715539081385e-02
1.560039173468789724e-02
1.952005477314902159e-03
2.158801568147335204e-01
1.466379269422044829e-01
1.992177040670217725e-01
2.223507163981838786e-01
2.202537640872407332e-01
1.750179495816764352e-01
5.768515089003566076e-02
1.466153182294058777e-01
1.378866857065846017e-02
8.027240872645974789e-05
2.161294993706724954e-01
1.207760121228333150e-01
2.183544537606010860e-01
1.474677162870970670e-01
1.174727739667339454e-01
3.400330584353362430e-05
3.220148944561487259e-01
1.589374040787017994e-01
1.298397320600114258e-01
2.820227199404993224e-01
2.289633854333042798e-02
2.518598118270081732e-01
2.498523378028261466e-01
4.940879623122889676e-03
1.997561668777317334e-01
2.153402133862798440e-01
3.241947537146760983e-01
2.711469204187831328e-01
2.463816640754216691e-01
1.948621567708234692e-01
3.070937291770498567e-01
3.921877449669956828e-02
1.978141637623484772e-01
1.213790177629173461e-01
2.688060304377470899e-01
2.961099711332741413e-01
2.596767771061234131e-01
2.586394174334893381e-01
1.853162766275611717e-01
4.042877894768228536e-02
1.054865797277998105e-02
1.790932107772433834e-01
2.482547424175312878e-01
4.109918031786720383e-02
2.458757107142987564e-01
2.902189769484634502e-02
3.362585989080291160e-01
2.557412039790699643e-01
1.659726704856058777e-01
3.364216657534507826e-01
1.503591546556586334e-01
8.943688990873655681e-03
1.705382025244619182e-01
1.243395369559759239e-01
3.270888254831376130e-01
1.670215786041710504e-01
2.117636009425945820e-01
2.417290655944583366e-01
4.098246749586057988e-03
2.688831431165727426e-01
2.547366383934328016e-01
1.865042712655938517e-01
1.331176011601837572e-01
1.341802203693322204e-01
2.811600481913680283e-01
1.512083250555887326e-01
2.292813799414804565e-01
1.291152078069888742e-01
2.639397515971264041e-01
2.991652831403858737e-01
1.522648776430153839e-01
5.785307955630797361e-02
2.251961975765152252e-02
3.101370773454392160e-01
2.617224258182787588e-01
1.973515960098914668e-01
2.435551884219554208e-01
2.451387875681295125e-01
3.018450635267701521e-01
1.210443563648937737e-01
1.916992486600255508e-01
1.889757981993068492e-01
3.102809047655538111e-01
3.528605906281845894e-01
8.262622006570141675e-02
1.379777563477944946e-01
2.262583570674177591e-01
2.512485091189554098e-01
1.846659554702017036e-01
1.680034148656978366e-01
2.656073474617310914e-01
1.809512265633392014e-01
1.683427940711403337e-01
2.167194106811969057e-01
1.508369319406399969e-02
3.064664701705503980e-01
2.006314186386261578e-01
2.408349685876866320e-01
1.124692628355381885e-03
1.306395190699659870e-01
3.062682213589039693e-01
1.676682455806793870e-01
1.333089410238861849e-01
2.159507837721041934e-01
3.467930694621221277e-02
2.493191582634984305e-01
2.457084270628178690e-01
1.601872739230266462e-01
2.747280435552613143e-01
1.772166593828614078e-01
2.741071978626398731e-01
2.652659923035940448e-01
2.738135392533799350e-03
2.403423900590192230e-01
1.790983487259433238e-01
2.907496400129485070e-01
1.921792606179110185e-01
3.069303023963244614e-01
2.936749038464092076e-01
3.055120106810295111e-01
2.798059008446169282e-01
1.909400557989965608e-01
2.174315685533268483e-01
2.052925240853330779e-01
3.057199730432665907e-01
1.612028474604362271e-01
1.833290535254140652e-01
1.824381203042166610e-01
2.457182573916390500e-01
2.046024753527394269e-01
1.178953447600125659e-01
2.309030090508031596e-01
2.921826139934328159e-01
1.977687487430292157e-01
2.561817296905398167e-01
1.600938904755489223e-01
1.470411358809093350e-01
2.094411302908562589e-01
2.531696263686771670e-02
2.065748564338220628e-01
1.846643130108633346e-01
2.080242253379433748e-01
1.929586071275853909e-01
1.797649173055274885e-01
9.944186608513312653e-02
2.956773746381576862e-01
1.160810892334977612e-01
2.068904701350902930e-01
