3.023016963290567349e-02
6.235112881023475995e-02
2.068549956668632936e-02
1.315228412002743541e-01
1.023214513486186139e-01
1.267117594865903862e-01
1.157931193424244914e-01
1.755973584275248300e-01
8.144411571749167467e-02
1.985336719218321888e-01
1.316108703274555813e-01
1.450763177272423876e-01
1.966875805194952809e-01
1.826148848524669355e-01
1.786462402988599762e-01
1.844874982438798328e-01
3.506897298040700245e-02
1.309662182314757506e-01
1.760302984668335458e-01
1.560769707476537538e-01
1.392047224705783293e-01
4.142142821031127853e-02
2.190951903585147686e-01
1.973799458693533543e-02
1.677459424821806100e-01
1.873277689759692277e-01
1.489705384836116087e-01
2.059193474026552451e-01
2.250995684294111177e-01
2.160413820102731197e-01
1.185605116038465218e-01
1.198554761180563137e-04
1.003790075486234168e-01
6.663956049266696324e-02
1.406048574224846581e-01
1.546578323225714091e-01
1.385507267732261349e-01
7.187492399874440170e-03
1.559554846911000714e-01
1.371274362698337579e-01
1.591159142081295663e-01
1.830501560049276333e-01
1.804943285850606483e-01
2.057026500633848121e-01
2.119273761888105234e-01
1.861370708410238217e-01
1.505890716746598468e-01
1.437144241848835602e-01
1.622746769710698700e-01
1.124107124322786255e-01
1.662048100398353934e-01
1.672820208560398814e-01
1.588195453050322281e-01
1.555796535247378765e-01
9.237229559139879809e-02
1.323791567035365602e-01
2.073873860368594113e-01
1.132095493738654035e-01
1.073894595329887430e-01
7.961860648679533123e-03
4.070346279603779399e-02
1.642038983174179678e-01
1.359222870838956709e-01
9.620086611028358381e-02
1.934018172154689519e-01
2.810726330453594893e-02
1.830186575619922595e-01
1.849459920314911465e-01
2.127650245557736741e-01
1.637505379367089897e-01
2.015884389774060328e-02
1.379225219728109630e-01
9.508710720770204017e-02
8.224802340444412052e-02
2.197088533977438751e-01
1.397011816968656284e-01
2.245511448529059484e-01
1.677688947199492686e-01
1.742610001448106558e-02
5.463774584173334073e-03
1.983017809958596001e-01
1.072372156125644543e-01
1.848398257883674123e-01
1.738579018330853598e-01
1.170422827511150426e-01
1.710652995802889875e-01
1.113671668744695281e-01
5.370996774040055852e-04
4.564158147484759925e-02
1.579104687768887738e-01
1.134692146460414414e-01
1.484992377016275122e-01
2.000890584277457418e-01
2.073507134707805455e-01
1.271434997048456750e-01
1.842299548153296385e-01
2.142388664071544213e-01
2.482366345469184683e-03
1.110154033953458103e-01
4.852699332278778699e-02
1.858167330965443398e-01
2.052246756856060950e-01
2.093642951401425423e-01
1.201443094938905859e-01
1.839258218101214870e-01
2.238281379581677499e-01
8.568879972864623662e-02
1.589336200716917613e-01
5.734026908109718379e-02
1.087853833542491988e-01
8.772151655793301861e-02
2.221409181612021555e-01
8.545300451162801680e-02
1.766056540342987313e-01
1.236020309769886721e-01
1.191835703902931753e-01
1.481007802697381082e-01
2.050785820948538563e-01
8.060645677280428578e-02
6.880789583361857087e-02
1.758137562132191523e-01
1.730724457446048692e-01
8.521060585723849723e-02
2.127411148528014079e-02
5.094599068391317959e-02
3.055685661598320918e-02
4.412535918376156441e-02
9.360034303987128934e-02
1.341975018928511232e-01
1.567638584702667759e-01
1.039927327010037456e-01
1.922591138106447828e-01
8.945848172988846159e-02
1.181812327764254940e-02
1.992642671080214201e-01
3.495482230281905800e-02
2.617881712420571608e-03
1.278976178169770883e-01
2.755583001852798253e-01
3.456794312590869868e-03
7.313962979381452567e-02
1.474247870948010020e-01
8.784388358434998224e-04
1.493800736545381203e-01
1.434474629717464866e-01
3.659379580962496270e-02
1.655796977522042968e-01
1.360068071996586858e-01
9.222505865768884648e-02
9.824911205800056224e-02
1.421387530365883500e-01
1.175773491433443618e-01
2.106197794451700467e-01
2.200426931164657374e-01
1.627387727174665621e-01
1.069559037734810480e-01
1.947489062829530493e-01
9.891345988546283718e-02
1.855917122849788936e-01
1.831065266325940027e-03
1.227025916204459582e-01
1.816091296318359527e-01
2.300891957898515416e-01
1.648372307601195796e-01
8.896876653927800194e-02
1.354458045613494456e-02
1.191634193670791236e-01
3.678956247144923863e-02
1.930782443197426868e-01
1.930033000097500506e-01
3.036744961180398369e-03
1.198657768404888524e-01
8.057692575850805561e-02
1.192328664802312990e-02
1.651608463132963334e-01
1.275017933027523254e-01
1.579704758425020950e-01
2.163043785795239482e-01
1.229617756023771713e-01
1.776824345448841380e-01
2.162251310597968490e-01
1.446549909343133877e-01
1.478800381855048807e-01
1.835956362361103600e-01
1.936809180576662681e-01
1.258024791371313567e-01
1.411375615866641842e-01
1.861989845955160650e-01
1.937277162231381411e-01
2.142122470838206671e-01
1.842623264048691423e-01
1.366049161220737052e-01
1.118072991097980723e-01
9.977921834730144046e-02
1.873753494910252726e-01
1.549931350643212191e-01
2.269351267857144805e-01
2.245555308558379592e-01
1.682468388959736105e-01
1.142375201710212236e-02
7.569778352923049736e-02
1.855443163288147679e-01
1.748637124458675418e-01
1.657525285327650089e-01
1.855059642066700376e-01
1.989146368173658197e-01
1.472487732137003902e-01
1.472688751530619455e-01
2.183285121581013677e-01
1.901792091347341840e-01
2.195413995264702267e-01
1.300099518878916616e-01
8.032971624803345034e-02
1.131070325022639905e-01
1.877972816898276220e-01
7.540881972280542855e-02
1.337975949398850228e-01
1.041952277693564410e-01
1.874999778847962206e-01
2.075905824671237521e-01
1.663488137541653533e-01
1.883869151557818755e-01
8.688928665791094408e-02
2.258331444075019345e-01
1.573768365463477648e-01
3.665263689633494609e-02
1.836775242017653353e-01
3.409014923845604759e-03
1.388011751765565738e-01
1.674525927401440961e-01
1.210088028777419056e-01
1.046609004710087332e-01
1.479978570860237819e-01
7.606998531655875806e-02
2.104111646801149482e-01
2.213499220927007405e-01
1.606799736646574162e-01
8.253348262077922493e-02
1.021752350705592838e-01
2.078271652769075606e-01
6.174455462199060496e-02
5.485333282232959448e-03
1.182189320795163229e-01
2.925867208280540435e-02
1.860826567200365711e-01
1.640414128936774352e-01
3.341751681258398055e-02
2.058789273733994951e-01
1.626522754905316837e-01
1.420644466531316430e-01
2.189009892575757565e-01
1.616573973225679250e-01
1.878864480787291458e-01
1.550079154355387678e-01
1.559370656814937639e-01
8.554923453733255523e-02
2.461596479009023689e-02
1.834117804768612692e-01
1.633659545096663168e-01
1.945217151694522695e-01
1.815382044659309968e-01
2.043598598744427730e-01
1.141841311843024426e-01
2.062665953541018837e-01
1.000430332727737653e-01
1.091138402495513970e-01
3.619865818049007589e-02
7.577185383467612001e-02
1.536917796313546913e-01
1.399144258395919049e-01
1.490962927177400255e-01
1.758884558090410277e-01
3.892256259794779627e-02
1.018587306137239690e-01
2.167508108914075748e-01
1.849671269262810613e-01
1.050537790264795129e-01
1.196656390304438045e-01
1.821506727232916345e-01
2.988879028977129131e-03
1.843294690015012394e-01
1.822306008180063219e-01
1.117589198409651985e-01
1.357331677740121201e-01
1.245632169710400305e-01
1.890135431340492778e-01
1.586507602768123804e-01
1.844194537577473481e-01
2.399103801051523932e-01
1.380576248168855491e-01
2.131039234231991708e-01
1.506811082440323579e-01
1.452904341496243090e-01
1.695300367869633507e-01
1.584604102413977866e-01
1.234211132690472973e-01
2.061378718136214483e-01
9.349758683609869780e-02
5.964567410187847710e-03
2.849497130264841416e-01
1.424690726486092518e-01
8.514062244647027655e-03
9.828975946021879795e-02
1.810974303873733871e-01
1.591953611766705468e-01
1.515796712741614982e-01
1.656939242409516898e-05
3.350645655901086928e-02
1.619631290430445236e-01
8.502960859690519239e-04
7.919515974114993764e-03
1.384551313673202388e-01
1.345107095533158159e-01
1.806161924586187628e-01
1.437973871857462504e-01
1.002943744120690650e-01
1.977482971187713434e-01
1.406894130324656267e-01
2.746027635375403609e-03
1.802034291965856072e-01
3.515725290032092193e-02
1.711322733838967769e-01
1.276676777030679721e-01
1.767854123163948021e-01
3.971143345360860465e-03
1.662608541947507845e-01
1.369269835038740557e-01
1.905437406465046724e-01
1.776123829488558126e-01
9.666756532035054861e-02
1.515552015764191351e-01
1.785416655744760661e-01
4.894139822203401324e-02
9.805859257187987676e-02
1.805127433285979577e-01
4.027100757582916662e-02
5.906035391043538973e-02
1.890187873691274723e-01
1.707298216106316324e-01
1.062862942893497697e-01
2.052299055919282467e-01
1.259122484939182163e-01
1.704408656499595276e-01
2.164615425520062808e-01
1.396870072567988064e-01
1.845039909294426961e-01
1.777258132116523170e-01
1.167694422813364830e-01
1.097166449167248370e-01
8.914625390341361644e-02
1.772620444756894953e-01
1.859822874398915360e-01
1.504475058574417656e-01
1.784884116027285472e-01
1.166670212317190009e-01
2.154661284998686532e-01
1.457147213789728724e-01
1.334370356917514988e-01
3.510571291695805535e-02
1.302674784965357213e-01
1.468140271403994002e-01
1.690244028855826253e-01
2.116631823618844443e-01
1.467666502756310720e-01
1.789483272189367202e-01
1.068956182555243634e-01
1.293544126290419038e-01
1.720159541789884408e-02
1.466239265842836648e-01
3.608145201898954688e-03
1.724641125349367643e-01
5.683062562476887992e-03
1.873303855625481074e-01
1.057312278504216885e-01
1.329565872697520412e-01
1.760860787860241417e-01
1.548713623774886951e-02
8.723864533921552034e-02
2.077205090580808156e-01
8.807146357717340890e-02
1.386925472487925137e-01
1.899712458591646391e-01
1.593050998968713605e-01
1.230414243777054606e-01
1.494628762091242402e-01
1.312458795179614335e-01
1.692020135409383619e-01
9.149120607708283170e-02
1.961943057126380452e-01
1.731785311164468211e-01
1.138166977348862435e-02
1.752529319784104644e-01
1.137855370562966539e-01
1.990182953597890159e-01
1.919939013176154285e-01
3.782747646496847915e-02
2.042719876018138925e-01
1.553834209655200471e-01
7.225084857274589878e-02
1.951324639019331730e-01
1.921338202888776270e-01
9.697119176458972312e-02
1.086052459418411914e-01
1.709242035497725298e-01
8.380290548014039664e-02
1.952188427464265630e-01
2.902592721774408750e-03
1.423498484145279686e-01
1.679336512563162354e-01
1.322652660816039938e-01
1.720053992761359507e-01
1.396484517584550555e-01
1.642433264837560580e-01
2.829818093714245864e-01
1.067967189682630675e-03
8.449177994034681727e-02
1.142814523578250807e-01
2.243209508989560674e-01
6.833263426747859803e-02
3.651145580266256657e-02
1.328123212473022730e-01
6.812644338036431824e-02
1.727555250379620988e-01
1.757109014058071406e-01
1.180904501309869570e-01
1.335156278617780912e-01
1.966716883383783088e-01
1.569509338309213464e-01
1.476988124918840461e-01
2.142620019601930714e-01
4.773515790822448895e-02
9.600734119774519126e-02
1.729412862986303423e-01
1.371774819479861240e-01
1.293140670245928880e-01
6.094018649280043450e-03
1.721273410006854687e-01
1.444099379785757920e-01
1.418792215662665612e-01
2.079914950703835863e-01
1.189841510670444219e-01
1.811113734442587331e-01
6.513340152219833368e-04
1.505408932282180368e-01
1.851522841657627094e-01
7.276810305523100098e-02
2.189964982163752627e-01
1.903202650512067495e-01
1.313197978306037128e-01
1.907435043354537008e-01
1.369348013426640864e-01
1.168607521009277644e-01
1.091107429541009477e-01
2.112222595864305386e-01
9.979127017216816997e-02
1.504430010390119254e-01
8.795368202741606078e-02
1.217458441768393684e-01
1.515234315883686733e-01
1.303012296517144786e-01
9.249525483573625348e-03
1.356441390525579549e-01
1.255828287003430965e-01
1.852634017981601711e-01
1.308566419869736930e-01
1.955128859481332915e-01
1.667045122877525987e-01
9.908533072646803774e-02
1.244937400076699952e-01
1.723761694446285520e-01
1.830993643150232997e-01
1.380630558882482983e-01
8.736715300998053324e-02
2.879021287236022131e-01
2.039959431379695376e-01
1.265568086085314681e-01
1.351753552438650918e-01
9.312711189273463475e-02
1.196894745437820096e-01
1.020336227672820895e-01
2.078840145758563129e-01
1.189412058560234547e-01
2.050461808687625842e-01
1.452416889063195271e-01
1.634929520681508708e-01
2.117222612796347547e-01
1.447914789157779547e-01
1.897484399109950759e-01
1.681786067731681211e-01
2.005656663075424950e-01
1.204129744313415986e-03
9.063398871560200687e-02
8.721935187533226552e-02
1.046824713725910544e-01
1.489009042892080747e-01
2.197871004073938261e-02
1.788501425480745199e-01
7.488701601779919337e-02
1.532921176664529261e-01
1.405927952950773718e-01
1.807021474584011578e-01
1.158411403629602127e-01
1.716044485920629192e-01
2.647925127801124823e-02
3.353657614209453602e-03
1.642131273929035296e-01
5.457621237885762477e-02
1.508472499379385490e-01
1.998521091822835216e-01
1.862083755635990656e-01
2.183424903810362305e-01
1.531443393102848161e-01
1.556241596609710398e-01
1.715961826264878476e-01
1.898671398950084743e-01
1.904989695943844485e-01
1.706197915739005311e-01
1.044897704128740362e-01
1.427462887503831157e-01
7.620418114154162148e-02
1.342280732086369444e-01
1.731800953762181461e-01
1.104358399906637672e-01
1.581995502754464933e-01
1.662967257305379143e-01
2.264108127137828830e-01
2.817036415212571462e-02
1.565465478417079892e-01
9.748165695994946700e-02
1.085918506699499464e-01
1.669322384563643458e-01
1.730343993399401370e-01
1.288602067084765046e-01
1.181020097338843083e-01
1.478816837611625357e-01
1.038822233203594986e-01
1.923711846494776390e-01
1.556231880928531375e-01
1.676596459665703753e-01
7.358488928676508445e-02
1.263825214890529625e-01
1.933152088999534890e-01
1.322263532485598581e-01
1.272330460073677338e-01
1.544289689371659835e-01
7.336005598076524546e-03
1.420344986506082985e-01
1.798260356122328429e-01
1.479884701407495062e-01
9.619680319245271782e-02
9.128784442758761108e-02
7.314511642921839307e-02
1.362037342471995871e-01
1.761985382620829543e-01
1.181010164787416883e-01
1.025791644650027035e-01
6.649102013585633797e-02
1.695385375777247738e-01
4.239965264167136483e-02
1.609072978702124138e-03
1.686997588748828381e-01
1.963446468068118511e-01
1.931700791149252860e-01
2.068998299436535515e-01
1.980977466146009447e-01
1.002444634434308535e-01
5.592506386324381379e-02
1.416418525428323472e-01
1.966799323379380682e-01
1.528930705433646231e-01
1.120329819811276689e-01
1.378455140602260209e-01
1.314103791141111865e-01
1.742266811309259311e-01
2.085927030637851620e-01
1.177227799512875622e-01
8.382410434441767144e-02
1.992541303679832010e-01
1.714648365403395325e-01
1.325438971256503728e-01
1.189626256269907395e-01
9.259163583974605702e-05
1.022545469539588164e-01
1.661581273460100427e-01
1.751706812085495335e-01
1.858048820135989043e-01
1.805065358930564301e-01
2.036151011792973198e-01
6.668436759062663921e-02
1.195032026247346557e-01
2.153688640157003231e-02
9.852254129927315307e-02
3.939094134836849948e-02
1.025575950995584740e-01
7.232766503292976934e-02
2.039444465174119481e-01
1.169087593657116425e-01
7.944537303412901874e-02
2.095454522996328395e-01
1.671823782904711120e-01
1.702678061063339632e-01
1.760814989084486248e-01
9.592685782036844671e-04
6.198662409899916015e-02
1.257655193569124363e-01
1.807993902623550864e-01
1.865796503854036392e-01
1.174757882485676997e-03
2.142836792720129169e-01
1.111364393621876723e-01
2.230164820028726902e-01
1.393870900474602770e-01
1.806035630719252105e-01
1.047645500498756571e-01
1.977216899274602258e-01
1.812914166656185433e-01
2.880364274975744272e-03
1.842788040891052137e-01
1.927067975071424799e-01
1.483279214254108191e-01
5.140331281185467338e-02
1.477626708168842118e-01
1.818270835238244565e-01
1.019072779254632521e-01
1.303419862822254305e-01
8.688106140452908632e-02
1.282511610158154321e-03
1.579568809508933025e-01
1.784561008400663285e-01
1.113432104932832178e-01
2.166260150439980880e-01
2.128775382822301332e-01
1.580791940276301821e-01
1.152267134559303852e-01
1.519400363454643521e-01
1.244011196161509403e-01
1.399996205161457286e-01
1.079409356044394586e-01
1.967784344511569750e-01
1.464781248191340257e-01
1.795692759887279333e-01
1.378274371828144551e-01
1.900286963533504569e-01
1.632850047985670017e-01
7.808709738660286892e-02
1.084901153775250093e-01
1.559235431432144936e-01
9.188688754452126184e-02
2.050304816047827661e-01
1.241672193830625250e-02
1.762753134012869649e-01
1.094078565797129837e-01
6.601119843354498473e-02
3.163658846255942153e-02
1.369855171094343585e-02
6.234233649386330348e-04
9.496582193187240450e-02
1.086723483083018235e-02
2.580172366338937852e-03
1.192202971395255884e-01
1.498149404229713044e-01
2.272348006438836554e-01
1.522015443101037424e-01
1.497009849394491388e-01
1.609981114310818917e-01
1.208835254746373350e-01
2.153981724682902527e-02
1.127261161523377131e-01
1.156255215430033040e-01
1.351120245848642099e-01
2.127629929385275454e-01
7.335784758263901029e-02
8.172145464886246269e-02
1.427091272278011858e-01
1.859934573128682322e-01
1.143633626331968245e-01
1.846346634458171654e-01
2.285863110562000866e-01
1.578667556890132329e-01
1.369230688059319412e-01
1.977743716787414563e-01
1.148015656805336654e-01
1.471688561619926838e-01
1.357157543430355662e-01
8.702562213825008886e-02
9.481614648626152109e-02
2.241603089130878371e-02
1.803547438363755084e-01
1.979100602050738456e-01
2.797476279112560693e-01
7.788120602043908935e-02
8.901472935528922936e-02
1.729824392234318164e-01
1.705625891555460627e-01
1.663425170082887539e-01
1.831970298513354856e-01
1.245806014714696819e-01
1.849015397056119892e-01
1.112018319635483116e-01
9.854768917530842831e-02
1.296948176295345534e-01
1.273355833089902245e-01
1.480147687435575676e-01
1.108866528189743524e-02
1.839025935244299192e-01
1.712708693422058948e-01
1.955368556949826642e-01
1.091035408090250680e-01
5.404537098566835089e-04
1.465037347683659508e-01
2.077210208539514991e-01
9.090826755099433443e-02
7.437471624680930260e-02
2.289153242690389421e-03
1.838508964378827437e-01
3.796472611255937574e-02
4.203877066218064673e-02
1.607494447887750921e-01
1.403303969608067636e-01
1.741339313988824189e-01
1.000780867490327491e-01
1.845656605719367682e-01
1.926700919798689238e-01
1.821955903737869642e-01
1.867702545287985294e-01
3.736218722260449283e-03
1.674841056213923762e-01
1.209956842968657603e-02
1.916879090956506160e-01
1.533956835756776771e-01
1.825769529748777487e-01
1.209899390326786145e-01
1.052937438733083236e-01
1.080185835605150801e-01
2.131986412852227564e-01
1.757229599186461710e-01
1.896850033133980762e-01
1.613905810600018698e-01
1.820750992500871634e-01
1.829242801235304028e-01
1.538484823042584049e-01
1.900492108256492951e-01
3.446344398782286850e-02
1.340490931781997408e-01
1.252534312598350130e-01
1.712695814499244629e-01
1.236589101279513270e-01
7.211599606878321862e-03
9.725150792115029585e-02
2.891162032865162226e-02
1.922506150942479286e-01
3.179878683836769304e-01
8.662557956587579877e-02
2.250777429559017717e-01
2.098320725649970575e-01
1.738611579057817991e-01
7.282445337840361133e-02
1.290987059448427399e-01
1.836488855261527164e-01
1.526938189813815960e-01
1.997495023587064211e-01
1.355782084654444664e-01
1.047560881379577952e-01
1.754146059415206405e-01
4.763873184251810164e-04
1.007724304412324912e-01
1.846413110224639498e-01
1.866358733962022454e-01
1.471620983699580554e-01
9.893989435019749645e-02
1.705427278043500083e-01
3.615570848334506183e-03
6.778115021316082067e-02
1.885451415923245500e-01
1.478761371495116161e-01
3.511774428171456353e-01
1.819348862216875473e-02
1.760957735775786903e-01
5.401993889619762651e-02
9.826424594694986581e-02
1.484966354199551419e-01
9.582388683900695814e-02
8.449107454131526973e-02
1.165138243525846717e-01
1.554379173897034727e-01
1.012400676053527848e-01
3.030773327173827371e-04
1.391156415485751974e-01
2.152877253048951500e-01
2.203538213147152591e-01
7.521571992355277625e-02
1.256622563822439032e-01
6.218852892398436111e-02
1.066503573492900009e-01
7.701720097308840940e-02
1.133616222577090576e-01
1.616137981172509341e-01
1.487380008479515792e-01
1.645768256869051260e-01
1.297101699826479770e-01
6.347553627870146375e-02
1.344681552326466023e-01
8.189577972120325178e-03
7.777935637739052943e-02
1.972906703344743107e-01
1.626354172120400565e-01
1.120312015346764389e-01
1.007608054936246222e-01
7.608660609159925703e-02
1.246087663935849382e-01
2.567875169532721907e-03
1.856656583193330434e-01
2.021904576094261663e-01
1.004715290361892499e-01
2.128477224876037244e-01
8.131737501436979432e-02
1.503458600242007226e-01
1.854323134274123153e-01
3.133433051635372418e-02
1.546512318110294937e-01
2.198108232415901461e-02
1.293694827528049651e-01
8.717698386105612873e-02
1.335565904655397207e-01
1.600701889539417055e-01
2.026500032961771891e-01
1.530246399042204664e-01
4.533531073471514655e-02
1.746799020161556859e-01
6.937362586179743329e-02
1.470946326280523353e-01
1.854374536485179081e-01
1.520021656737048643e-01
1.394508059084997587e-01
1.017840480188700741e-01
1.957135295059907742e-01
1.933240411281069437e-01
3.499492621891962720e-03
9.597068128699079437e-02
1.129745515120811478e-01
1.045058824100298517e-01
9.550846790669009767e-02
4.794556895892505138e-02
2.896792378989632155e-01
1.719300992582349918e-01
1.665061295587556833e-01
1.488925190900683704e-01
1.318359258374093568e-01
7.552947587679219700e-04
1.222134421000582588e-01
1.123766512588116467e-01
2.225984168450475531e-01
7.902737471337101249e-02
3.008231201295345422e-02
8.827131812288424584e-02
4.011938131620690850e-04
2.130727183878200481e-01
2.896893636120164133e-03
1.382031198258752980e-01
1.858309965577952527e-01
1.084321196570507961e-01
6.958070771457761095e-02
6.623686482736182435e-02
6.574260701517996297e-02
1.124672066507103330e-01
2.192805791491289902e-01
4.324792753080441976e-02
1.718464869918596150e-01
1.944521947844549681e-01
1.480064416919373849e-01
2.317832853198115856e-02
1.640008177612433671e-01
1.245861581245645416e-01
9.395257582938096319e-02
2.025980567660528031e-01
1.607440019351655536e-01
1.627386872047905109e-01
2.149847451219148997e-01
8.088371624204783450e-02
4.475702427031135605e-02
2.133478901907276681e-01
9.344260333458973000e-02
3.198220149280765479e-01
9.772743304848079040e-04
8.781841902466000493e-02
6.743294882463196638e-02
1.084208848666174535e-01
3.654064106769577130e-02
1.645948900082973565e-01
1.198100597126270650e-01
1.860374944512205031e-01
2.134564867024251744e-01
1.712468884758257537e-01
1.876271914037273003e-01
1.603851423506820750e-01
2.248021593549527630e-01
1.440650496305770634e-01
1.618240385490771205e-01
4.373879743941397336e-02
1.760526055780040067e-01
1.852701549644202583e-01
1.704351891831846211e-01
1.966789301313565941e-01
8.812547773338834378e-02
2.235037435408440687e-01
1.882676177983972632e-01
2.070272762589893401e-01
1.972023102917298820e-01
2.200229224334702971e-01
1.778561495499762779e-01
1.289640167296083884e-01
1.505609466312358702e-01
1.812888122134277413e-01
4.979177036463552225e-03
1.519296271924134301e-01
8.524578414428848547e-03
1.499514786114719833e-01
1.593204005349068697e-01
2.584115705242214789e-01
7.418797704582391628e-02
1.655361057963460614e-01
7.598344331632950199e-02
1.063604368932913463e-01
5.560516504408975075e-02
1.113146493546520455e-01
2.410463751173297364e-01
1.119645706202901381e-01
1.027705924688001593e-01
1.476006057893680390e-01
1.542846163348758626e-01
1.867400283877407030e-01
1.242985265352444524e-01
1.817726130976839993e-01
1.370913983711130602e-02
1.853573392573969747e-01
3.105728551651496666e-02
1.400509960882283245e-01
2.532545288106527459e-02
2.076739638630985541e-01
8.249056433925718024e-02
2.120557018055985177e-01
2.160490134014145802e-01
2.444742960387083410e-03
7.598071604157900782e-02
9.433409489431777983e-02
2.039388475976446624e-01
1.859807658522340534e-01
9.647937685074942094e-02
7.067362374079591558e-02
1.658151482624466155e-01
1.337584072333021512e-01
1.847630771843465358e-01
1.169521534672740559e-01
1.453703103592878521e-01
1.704040736991413174e-01
1.850690742258877253e-01
4.156862340385812649e-02
7.409787868826597790e-02
2.406308924933513449e-01
1.356947394216567737e-01
2.000009049293010599e-01
1.827334372385228667e-01
9.061132387642615443e-03
2.133677474212851144e-01
1.885692953870403421e-01
1.501877858450885450e-01
2.107176960204809046e-01
2.095948011132953703e-01
8.132527980622392128e-02
1.435877152487879949e-01
4.223269919012700990e-02
1.529693562791539507e-01
1.641716276966871946e-01
1.994331044865856606e-01
1.085508209655920153e-01
8.008887540556753129e-03
4.688873490907131958e-02
2.110855121251208055e-01
9.336085590368864429e-02
2.274579259802202713e-01
1.628761597658455185e-01
1.332008840429810825e-01
1.710460000487949439e-01
7.488334215996028664e-02
1.101083519219809952e-02
1.762196147783943456e-01
1.686617217722543027e-01
1.125076682272657252e-01
6.343015266580763131e-03
1.868988886030421570e-01
1.916233375863394539e-01
1.222927343827530378e-01
9.014919863533847610e-02
1.045900460256152104e-01
1.644194437744227466e-01
3.256958869944515111e-02
1.541359257518801207e-01
1.406344298253098812e-01
1.529452846013256706e-01
5.534353780651979360e-02
