2.488156432513319027e-01
2.439956566095279056e-01
3.394559137055644937e-01
1.421207399142788430e-01
2.564181200438678254e-01
2.941762067884245990e-01
2.480005771701653539e-01
3.399717578659205430e-01
6.092527009434356433e-02
2.893739850913557010e-01
1.693454262264361965e-01
1.903725528092067021e-01
2.115906539627031846e-01
4.747353827238611108e-03
2.215408787168007820e-01
2.903343416734919802e-01
1.955710938371081342e-01
1.495028165527332864e-01
1.895520915686063346e-01
1.934273840742474493e-01
1.819842296078749977e-01
1.686212305688404578e-01
2.482797700628458781e-01
1.907755240040220554e-02
2.694416124133436896e-01
2.443994926844197391e-01
2.841346250878679092e-01
1.248328298335658615e-01
3.239322495013330361e-01
3.322431577963761429e-01
3.256087046704115306e-01
1.602047367125811195e-01
3.338988077982574243e-01
1.450852054719243556e-01
1.509571188368409589e-01
1.667009631467137321e-01
2.227673341485390257e-01
3.141905275446468804e-01
7.453173565909963771e-02
2.108435368083812766e-01
1.387668129957447816e-01
3.311263231825568587e-01
2.293152033466946127e-01
1.732941078492708509e-01
1.657634146792448249e-01
2.203683974583144356e-01
1.696481168993754507e-01
2.170549657723082060e-01
3.500648786607497009e-01
2.418094659297724824e-01
2.404307236926642999e-01
1.303516718220988080e-01
2.181456163604295895e-01
1.532258526529323983e-01
3.044480812792964008e-01
1.820070989137956563e-01
2.301896535901107044e-01
2.132999730075123279e-01
2.568858210869793823e-01
2.513660187856460171e-01
2.278851540133159936e-01
1.349454939892361371e-01
1.363875961679041626e-01
3.132642689494245097e-02
1.195628371631325126e-01
3.087225178944885129e-01
3.482397841032268682e-01
1.117189178202542266e-01
1.625464284986327668e-01
2.771138294694176496e-01
1.797479036613113257e-01
2.043093110750710817e-01
2.450409500017766418e-01
2.291950141882526382e-01
2.566371445050081301e-01
1.448244058928317424e-01
1.848752470034920325e-01
9.552398327926422961e-02
2.087047642045238294e-01
3.345821482582881923e-01
2.348205506501817308e-01
1.857449585220689037e-01
1.938439151147920703e-01
2.088128604463383442e-01
9.356472616193525771e-02
1.430965452619668010e-01
2.819966818395016617e-01
3.295527953233827190e-01
3.168836025827486691e-01
1.289954628209615262e-01
3.255944136599188687e-01
1.671063443376276381e-01
3.099088942453775419e-01
2.626465000721674437e-01
1.530159878841780008e-01
3.059245680741674578e-01
1.498829546571042171e-01
2.167403587800166009e-01
3.123951679589238584e-01
1.656225130239242505e-01
3.010021706900479210e-01
1.338565698206197474e-01
2.122925714981814538e-01
1.636441121163801915e-01
2.806810651313640936e-01
1.333234240411836913e-01
2.445974708535632036e-01
3.269991768302577539e-01
2.683619620725468669e-01
2.201303886064936710e-01
9.582815867544275390e-02
2.600346803750603342e-01
2.591465431814423681e-01
1.013871751955251893e-01
2.172446959360930796e-01
1.425916475205225298e-01
2.746410550965824315e-01
2.767197815754047219e-01
1.531720644064451797e-01
5.479952811768756989e-03
1.492185317567527036e-01
3.108171328748459694e-01
1.727017389558232474e-01
1.133211922079960521e-01
1.094280552767780412e-01
1.600032189120051129e-01
1.361799857990481366e-01
1.291462512973469978e-01
2.960446205047344570e-01
2.151250429944842890e-01
2.053867310469467411e-01
3.298645496933974575e-01
1.204524280029258404e-01
1.627899526872271241e-01
1.658601983462812679e-01
1.037565982518539320e-01
2.505199379133978277e-01
1.924541912383041786e-01
1.065851567226559077e-01
2.914510900499275858e-01
1.922460186042551367e-01
1.136236260257913327e-01
2.904525002989031268e-01
3.141186061826084508e-01
1.346703790799909373e-01
2.456005230736950373e-01
1.422485495399938016e-01
3.519790640621723865e-01
2.208189854781224815e-01
2.754330734451089779e-01
1.473660579276520610e-01
1.261914632708234230e-01
1.757440714690785555e-01
2.045994017072428062e-01
1.016745824698052497e-01
2.712888958362907332e-01
2.032522042179542299e-01
2.615821134751165622e-01
1.012740756226411243e-01
3.020107950491793258e-01
2.512002304427866650e-01
1.519073092424774729e-01
1.549285251234394922e-01
3.540995334022301044e-03
2.729433608783268239e-01
1.802558209378559706e-01
1.773077508582125428e-01
1.052235764779059224e-01
2.482791374943842388e-01
2.420796389672851268e-01
3.322008493424442183e-02
2.276577544839756551e-01
2.917550706327530219e-01
8.994901916669531539e-02
1.676936024147709092e-01
1.186966660647456040e-01
3.376075742896945120e-01
1.312865635617853355e-01
1.507380297378730916e-01
1.552210104699357218e-01
2.823031168971967264e-01
1.601127160750603629e-01
3.522942073559500731e-01
2.273671785293184533e-01
1.780386060431273232e-01
1.383130913367601189e-01
2.065113673789084614e-01
2.090466982922120076e-01
2.354050206985850990e-01
1.064565847507348006e-01
3.085057233130171772e-01
3.250385671734447035e-01
2.593036815635144099e-01
1.924418915010252806e-01
3.475936111100452752e-01
1.872669272761298409e-01
1.501328934044550978e-01
1.930603460763270496e-01
1.161345637763351868e-01
1.048821111932114053e-01
2.018302665919065597e-01
1.234108638860915430e-01
3.443970130021287712e-01
3.342960929483732024e-01
2.130200115283896745e-01
2.582528078521361126e-01
2.930782625830321564e-01
3.188381115927086951e-01
2.944549677490954087e-01
1.692439152374785316e-01
1.525666542824715421e-01
2.851967710295033598e-01
1.409467630902902779e-01
1.206794105859295002e-01
1.570696394183488109e-01
2.273191503328469143e-01
2.378254814660747951e-01
1.141180356107117239e-01
3.034335225215774590e-01
2.026752715754360223e-01
1.659048101445766976e-01
2.097455310636333475e-02
2.717813464304955073e-01
2.427282495813190000e-01
2.078951392985513846e-01
2.745110831851986233e-01
1.710674135213427760e-01
1.330599425379474510e-01
2.930876945317674731e-01
2.291160566715394198e-01
3.508579757171069735e-01
2.167165302703710494e-01
1.549635611071743524e-01
2.382629748089307720e-01
1.709861927589957642e-01
1.682807130895564440e-01
1.409322151017477487e-01
1.857958016153176684e-01
1.651921306143713242e-01
1.703411024870975232e-01
2.524522220479088475e-01
3.052813799409621609e-01
2.260863629837787381e-01
3.079957297325305876e-01
1.949763810191045277e-01
2.303017449277696138e-01
8.372665375183270531e-02
1.345571376210818737e-01
1.863759108470927350e-01
6.961447154523643394e-04
9.999094525707333259e-02
3.257582274705925207e-01
1.817276291882050920e-01
2.867315367538802451e-01
2.941827987733278138e-01
1.508834338649050755e-01
2.641589443809860271e-01
1.293303894977881063e-01
2.129041742901361112e-01
1.002850774254033239e-01
2.853397102029548993e-01
1.262262987065920494e-01
2.839905182808896145e-01
3.345080995205916841e-01
8.174465318630869115e-02
1.570763623435040279e-01
1.619072711161167674e-02
1.141338521565071068e-01
2.180599674790596743e-01
2.169494328347037482e-01
3.449404065372420614e-01
2.549801869401933652e-01
3.440869710313247953e-01
1.438501478633904263e-01
1.972553561268242106e-01
2.395150560631447434e-01
2.701206482821126298e-01
2.706175837363780090e-01
1.879847330002883954e-01
3.001517087988934129e-01
2.046351907673912840e-01
2.665696949280604855e-01
3.146850823035181599e-01
1.531523359979166665e-01
1.457632452919559174e-01
2.500531261900079683e-01
2.708272267762454333e-01
1.393517458521815466e-01
3.328890903912471444e-01
2.699949235379099921e-01
1.379134058359051118e-01
1.471102663908281094e-01
2.678886866571699721e-01
1.964331837873964093e-01
3.430927543031312421e-01
2.509663273299813091e-01
2.818683747121911720e-01
2.371082341361986090e-01
3.450067293407819702e-01
2.525345393563416807e-01
2.388045245274325323e-01
1.578692476533759270e-01
1.447540106807324312e-01
1.513370601994140918e-01
1.305766688559260869e-01
2.058506742347768759e-01
3.115474028486864277e-01
2.032331589029925667e-01
2.206527657690409983e-01
2.559160324703346756e-01
1.669253464485768168e-01
1.022031328310106651e-01
2.458607930506621631e-01
1.726609536165246706e-01
1.390897987787523271e-01
2.462162631362392606e-01
4.506379719123777133e-02
1.463548570328953580e-01
4.014557446584319199e-03
1.247263163414099735e-01
1.324224274947150282e-01
2.181314670156039581e-01
1.384102682231013182e-01
1.953670239417661936e-01
2.462982572214501842e-01
1.099353018867806342e-01
1.922663191096972979e-01
1.582449869799455733e-01
1.431455525567233988e-01
1.155238823159153300e-01
3.037272694381261129e-01
2.420672777096367634e-01
1.489540385427096936e-01
2.736217198143135465e-01
1.955126688241151933e-01
2.135634025445609374e-01
2.257144344583537632e-01
2.521085287559510779e-01
2.175832318531463472e-01
2.415963249701980897e-01
1.111129354861274121e-01
1.262577931977812151e-01
1.218805385574129319e-01
1.647690587382790450e-01
2.382848648172520845e-01
2.240644120315270771e-01
3.428309260318586627e-01
3.102990034058144553e-01
1.673832062277467447e-01
9.035526593522748284e-02
2.469093130980525019e-01
1.562402607747057637e-01
1.753124897407626614e-01
2.761376533639633424e-01
3.216356101677735890e-01
2.491498865549920394e-01
2.193887076254212587e-01
1.558004627336656567e-01
2.361849071834038472e-01
3.015601663524244969e-01
2.289935108610461345e-01
2.725542651912929992e-01
1.964854284805294948e-01
1.307704015117932550e-01
1.117007957848548810e-01
1.561887315540042287e-01
1.052964427920151935e-01
2.203489462041318125e-01
1.585199702956716639e-01
4.608903643201097550e-02
1.810250324360165863e-01
2.566176497796396894e-01
3.010551172732949810e-01
2.009903242142261071e-01
1.291688050340274174e-01
3.446194735396718167e-01
1.790254986973445483e-01
2.404310477219078201e-01
1.842884582953746020e-01
2.727297964306620304e-01
1.500113025627702878e-01
1.347355899665575452e-01
3.461623206763093097e-01
1.313712943797967492e-01
2.501510506300165804e-01
3.075685718593584306e-01
1.723456666442502172e-01
2.752942984865302534e-01
1.429152820754437669e-01
1.379482078254844202e-01
1.898762938152862567e-01
9.661470341009610607e-02
1.537693729792999064e-01
6.020885842579195429e-02
2.667086933272834748e-01
3.395095754209173089e-01
1.899310024155646537e-01
1.519375136804033133e-01
2.038980265047468099e-01
1.800634502483348665e-01
3.215438235844808590e-01
2.658981176617981612e-01
2.600793612942792765e-01
2.493805431956362950e-01
6.248996206578757290e-03
2.002733003754069985e-01
2.401878519776501075e-01
1.281266659104186578e-01
1.675591858575729287e-01
1.350207638326228754e-01
1.747904276048762029e-01
7.418265514634480272e-03
6.206384634830067193e-02
2.955244483795539945e-01
1.897262368010277367e-01
1.633429407368353625e-01
1.952323102657282095e-01
1.476493214368609919e-01
8.996162371388373435e-03
1.910829073539139777e-01
1.930968682278521864e-01
2.944746019159536488e-01
8.840521500841695690e-02
3.219939336694080390e-01
2.221680057931492702e-01
1.936482613511347206e-01
3.074410627514949645e-01
2.580565236310912725e-01
2.209932090913230562e-01
1.981614828768037406e-01
2.721748820284219383e-01
1.604304427556594581e-01
1.808423404577665927e-01
2.330415791275260717e-01
3.119208917255630875e-01
2.418499762324365088e-01
1.778156202581829270e-01
1.967595802100626234e-01
2.451453725317368215e-01
3.111202937542823510e-01
1.464427616410259314e-01
1.546932200531439539e-01
1.552875301665969376e-01
2.969718064236870347e-01
1.555348438319376914e-01
2.562642273114690838e-01
1.455138379423803474e-01
2.923509449258478443e-01
3.093526336928521525e-01
1.398822129088504729e-01
2.383925926001125126e-04
1.488301320644236925e-01
1.415904738805851548e-01
1.051028138628245651e-01
8.893880592294839404e-02
1.942106443161622231e-01
1.959385090828572873e-01
2.423039494024437079e-01
1.885946030111048388e-01
2.564404465750974027e-01
2.853252924436048832e-01
2.428155612732087465e-01
1.383321422926500621e-01
2.194861653201187202e-01
2.022735104695647657e-01
1.826638217842102008e-01
3.189583763661358873e-01
2.319534554425371209e-01
3.466998574712033543e-01
1.472556830102908776e-01
1.402203769452386728e-01
2.736446529579233400e-01
8.751051842273172010e-02
1.752701327557170952e-01
1.279681188017034732e-01
2.500247919662493823e-01
1.520596061835399193e-01
2.465223136878867127e-01
3.230851272327073254e-01
2.256243946346650764e-01
3.414462877553555153e-01
1.524062836445558844e-01
2.198619073548044867e-01
2.663096566122047926e-01
2.434739137409610288e-01
1.468059420807936444e-01
3.025672637059206860e-01
1.503813282036777221e-01
1.811517958987383103e-01
2.150121029188199195e-01
3.348990079203005288e-01
2.101908791344054839e-01
2.624681845275983472e-01
1.616473324252382937e-01
3.001605520180680720e-01
1.166229122973209548e-01
3.168075240556719741e-01
2.406319268303797332e-01
3.019072749715812076e-01
1.947280400381349863e-01
1.955340565997033542e-01
2.209065711394575249e-01
1.490103663340014428e-01
1.439684350596140416e-01
1.051424280466241729e-01
2.207209159026356782e-01
3.384614259801783653e-01
2.002229077373578470e-01
1.271082559691699143e-01
1.735526470460984627e-01
2.653031678847552199e-01
2.569537848278054537e-01
2.046096678772992283e-01
1.678431089079975569e-01
2.304337072397440456e-01
3.574795060936834801e-02
1.514653380150382533e-01
2.853330871386007828e-01
2.036381783267966761e-01
1.262819165224219053e-01
2.828182088248317183e-01
2.583366523111234048e-01
2.704572891132712709e-01
3.266078209160488965e-01
2.440736857569812956e-01
1.397203220932310697e-01
1.365711197038274594e-01
1.950335699895950625e-01
2.567692857401349671e-01
1.616586891686297989e-01
1.795109227776269245e-01
2.742886970821352688e-01
1.850280827925477878e-01
1.851740522684789669e-01
1.117811226962563409e-01
3.355801364030232548e-01
3.194757065250143357e-01
2.722816550607616293e-01
2.427248356626013348e-01
1.758266985320777187e-01
1.338360660046913897e-01
1.106770488423154952e-01
2.423357060227510906e-01
7.027298961755407136e-02
1.985942457340369449e-01
2.053424448248437617e-01
1.176360945459114932e-01
1.427524804764389588e-01
1.061129960717449444e-01
3.236676862589435433e-01
2.737614482517006786e-01
2.214250258935201443e-01
1.401126115175360121e-01
1.050639402553428942e-01
2.323909031032067307e-01
1.830391390303077737e-01
9.085811225464481000e-02
2.141302326422135915e-01
2.344097034235455013e-01
1.651018333454802034e-01
2.396469047801028929e-01
2.784965147014111797e-01
1.372215987014726024e-01
2.510036706105894244e-01
2.177370389562198472e-01
1.626699426031143481e-01
1.109538436250916971e-01
1.570408076194352576e-01
8.865810350858964461e-02
3.163585672617313937e-01
2.341159705571488336e-01
2.681613516241947992e-01
2.011474612058585798e-01
1.816624125155149594e-01
3.384129330572833716e-01
1.290552659454996254e-01
3.181554258317522699e-01
1.959911148602017372e-01
2.614388774786688407e-01
1.149215990963343981e-01
1.492357428757807025e-01
3.003319665232723201e-01
2.133910552512683356e-01
2.515065372731397075e-01
1.063765070169900850e-01
2.555791288294939623e-01
2.612896240841653395e-01
1.333729543268519224e-01
2.705874752043392339e-01
3.318677311342063119e-01
2.207162688498530423e-01
1.376965801204317885e-01
9.926592347836345198e-02
1.494305985676085413e-01
2.631307547129885793e-01
1.742167532513287376e-01
3.086719607936753706e-01
2.055326025981267235e-01
3.343007590841030052e-01
2.835160822276697190e-01
1.955521352493802822e-01
1.734601288907525463e-01
1.763741400796074998e-01
1.166929330728776470e-01
1.133345738706644512e-01
1.365378306848080703e-01
2.063623654500162941e-01
2.476167426566053265e-01
3.092767729408186783e-01
1.344359589152887002e-01
3.176758038145015006e-01
1.049026524348714434e-01
1.637458453389551982e-01
2.052443690063577575e-01
2.545425961396559633e-01
1.165688113018910899e-01
1.787433702116787704e-01
1.032280295962983846e-01
3.052959059060584845e-01
1.317256091386000971e-01
3.232430226883800106e-01
2.748464666597040251e-01
3.086884610816307828e-01
1.982047534099421193e-01
1.044405093062939494e-01
2.035636444699727432e-01
6.973153180337648624e-03
3.499198982071072273e-01
9.524023596685865165e-03
2.288403523084650282e-01
2.667019806887750352e-02
1.776863168054753084e-01
2.445279732933229866e-01
3.291560630708701973e-01
3.292818949657520533e-01
3.313135555355979922e-01
2.694512858166369096e-01
8.211419872891077831e-02
1.499729787613127141e-01
1.115590316471091470e-01
1.824674914056949038e-01
1.387141255657994843e-01
1.790957067142224246e-01
1.201473292573821128e-01
3.178265061660230373e-01
1.581209280931877847e-01
2.600223380344356405e-01
3.035624528293385249e-01
1.518224888564556063e-01
3.456844504105315297e-01
3.009951734568198645e-01
2.431862841589860491e-01
2.955764295523620744e-01
2.536391618289821070e-01
1.838248712219525405e-01
3.239711409136076248e-01
2.998460034461952195e-01
3.139036477712941475e-01
2.117772700195312829e-01
3.111444070200467538e-01
2.381678156183394401e-01
1.931712865650467570e-01
4.990565198179717620e-04
2.489245204436642267e-01
1.642631226524560450e-01
1.895916781048757049e-01
1.177021410299591564e-01
1.842438434931477353e-01
1.303513162400726233e-01
1.943388061308453929e-01
2.487731889365123739e-01
3.190855697345009734e-01
2.981618897759413245e-01
2.179898466059461970e-01
2.442520916841263712e-01
2.397963232881434592e-01
2.334561203125440076e-01
1.806397206910416164e-01
9.289028918620397370e-04
2.596979012579673785e-01
1.467029702854122930e-01
2.244951103119899316e-01
1.968796527298623811e-01
1.576946239243247894e-01
2.988157599408129972e-01
2.447859515239468597e-01
1.450644668287030814e-01
2.726283296455621619e-01
2.220538283869530338e-01
2.670940224024765941e-01
8.975858969394970299e-02
1.108839233846954236e-01
2.073880189346563874e-01
3.511507005226164879e-01
2.486301814288582324e-01
1.973609018184049602e-01
3.087215355733390898e-01
2.631564546713785133e-02
1.514530344772878623e-01
1.325615394066864683e-01
1.921667534653077325e-01
3.276992638133109561e-03
2.674253511086404078e-01
1.646204246404756322e-01
2.582023594126680588e-01
2.974572432297086233e-01
2.190878422687747851e-01
2.852971839823187361e-01
1.455724823998280626e-01
3.224488686666531767e-01
1.450845774293300916e-01
3.258474075122117508e-01
1.636437185589708354e-01
2.519051510892533763e-01
2.831833167576701671e-01
2.611143857315575967e-01
1.391494577049885162e-01
2.318959028971359360e-01
2.985961142267191670e-01
2.365306826411801011e-01
1.297966987178816867e-01
2.102732792333766032e-01
3.450425739198620390e-01
2.813488945493303195e-01
2.935153497818669410e-01
1.275865659865221824e-01
1.710796905029296766e-01
1.507634865481263520e-01
1.696910030641794742e-01
1.355540496204948320e-01
1.333575114945982076e-01
1.592790755026093075e-01
1.167719164227167955e-01
1.488627351087906392e-01
1.613405850753980575e-01
1.692833571720011032e-01
1.614265294623545843e-01
2.408796285372618445e-02
3.055315880517288640e-01
1.640246915092625490e-01
3.164188137162349812e-01
1.243137921314040328e-01
1.536673545508639438e-01
1.776905840839179962e-01
1.648240352400248410e-01
3.041033440786112263e-01
1.453674016070734820e-01
2.242889799215819768e-01
3.261426321491312508e-01
1.271295481328972299e-01
5.294510878902355250e-02
2.061317080442471028e-01
2.376963880082275660e-01
2.579764042820070769e-02
1.959957904046484567e-01
1.875429323146944882e-01
1.876167609266606584e-01
1.585244927029031137e-01
1.181651588906322686e-01
1.214313799870635896e-01
1.999072629547964663e-01
9.995015948184500856e-03
2.450608537375391083e-01
1.494532276678444682e-01
2.681576456908513206e-01
3.537619384434352865e-01
9.048253490094229634e-02
1.331969110481585061e-01
3.078689624783618739e-01
3.331938886045966997e-01
3.173324087986543196e-01
3.414994973268853373e-01
1.620919181382213525e-01
1.161450052208104489e-01
3.142193897534782954e-01
2.152340088988332067e-01
3.305804940991909913e-01
1.642159724793651743e-01
2.152692301952311427e-01
1.934301517768693135e-01
1.007060598948447960e-01
2.985737067485916274e-01
2.000327004265049502e-01
2.651457263530846431e-01
3.154982021483511145e-01
3.383898254146651130e-01
2.283154130809500471e-01
1.631049588803111239e-01
2.857501252002127567e-01
2.948213138519673593e-01
2.507307158342376163e-01
1.460847790192441598e-01
1.487038529867301950e-01
1.518291071585851360e-01
3.515438487243552346e-01
2.734597326676946882e-01
2.888264520118380418e-01
3.457081719041130707e-01
2.664054315653547333e-01
1.863591939298057665e-01
2.754087688961687208e-01
2.687178438874042730e-01
1.423626152609901163e-01
1.505564504025686812e-01
2.081256157414543562e-01
2.086681091026750812e-01
2.047131639378576007e-01
1.158455199426125654e-01
2.401230078373831067e-01
1.843336135070248183e-01
1.673062232707221153e-01
1.627504590461252565e-01
1.552727863633647787e-01
2.409818919100042700e-01
3.230901629553289411e-01
1.202842391255968812e-01
3.261390370131240779e-01
1.855414630063783599e-01
1.606107901863017551e-01
2.854318413287512124e-01
3.015579977906244213e-01
1.964031569309302172e-01
2.522104836737758538e-01
1.136316438066414247e-01
2.142973090701230376e-01
8.822732844958294796e-02
2.784266355586442199e-01
1.389945043846129713e-01
3.356657600065460212e-01
1.828849971923370010e-01
1.312998916372674629e-01
1.717775306006483482e-01
1.269204744237691996e-03
2.622047587173853000e-01
5.299131170785855577e-02
5.507061258656846536e-02
1.967187577225946449e-01
1.721196821930092991e-01
1.422038696821667780e-01
2.405576788888550699e-01
1.189757041967924311e-01
2.298206439059452544e-01
1.101405076908490155e-01
1.682657714618675804e-01
2.797936917663248479e-01
1.603369696625701613e-01
3.426203904840409153e-01
2.157115857511498758e-01
9.827240933711316184e-02
3.124601869086948702e-01
2.877591614957445976e-01
1.031360508397703712e-01
3.182197249048473453e-01
1.081731159677625509e-01
2.862242067958624681e-01
1.505631384462803590e-01
2.153468040205665790e-01
2.315373636641296085e-01
1.518188852535957423e-01
1.930442628809275474e-01
2.730316055155238564e-01
2.386806089689605670e-01
2.951764207535764739e-01
1.318399402536477583e-01
2.258586029658541383e-01
3.643702611681360476e-02
9.279502159625481472e-02
2.339974745347930540e-01
3.519217758421802622e-01
1.931941378647707153e-01
3.241326663341511094e-01
3.218705103280912194e-01
1.705505388653901222e-01
1.936521934996474625e-01
1.246952806945778869e-01
1.493752496351861137e-01
2.207744967446118589e-01
1.753263344264771317e-01
2.236276374756626106e-01
1.184555386380255898e-01
1.613369811928156150e-01
3.113364539145573873e-01
1.887245066344277189e-01
3.469707884598021153e-01
9.467012441655824062e-02
2.840638927988501077e-03
3.072591092409667768e-01
1.728931351567583041e-01
1.683867994311187832e-01
4.311286312097524498e-02
1.285512931168658335e-01
2.045523497348599451e-01
2.652334982225212356e-01
1.602184003008925162e-01
1.401520323793516432e-01
1.262111946439286869e-01
1.777736062358088454e-01
2.937259541462448609e-01
1.112401993975490992e-02
2.159559611891569142e-01
2.094915769411752338e-01
2.701225059673872386e-01
3.287552224803639844e-01
1.487042773181876110e-01
1.083272693313453439e-01
1.363262347464375412e-01
1.559818866478312333e-02
2.028598845221770419e-01
2.118679493567250383e-01
2.369035247035317648e-01
1.696814099664428477e-01
2.186554340975208621e-01
1.326175645743394582e-01
1.500574894702833562e-01
1.593680973552800695e-01
3.329160212168040256e-01
1.247479989626455177e-01
3.237666178044896759e-01
2.458299189838113463e-01
1.111779870387632485e-01
1.907079859789006515e-01
1.297960827500244663e-01
1.458760090999638992e-01
1.535613381952469769e-01
2.302983463744980586e-01
2.509672661438247521e-01
1.720874562292245280e-01
1.965633269856764953e-01
2.563537305922584664e-01
2.537561979655430511e-01
1.549203086662226947e-01
2.925338095728156063e-01
1.453175152894647382e-01
1.489096658901998271e-01
1.239328227667884086e-01
1.376366481833878053e-01
2.644248516978998653e-01
1.047820131316506281e-01
1.277152539741588932e-01
3.135826012121831208e-01
3.253890610390767213e-01
2.201899089601850115e-02
1.235426630536260173e-01
3.144299312341059527e-01
3.192094318266346376e-01
2.560062326831797908e-01
3.246828703979114383e-01
2.644887236370868089e-01
9.176609838502043648e-02
2.559077118768351977e-01
3.414805810143460296e-01
1.224997030981799309e-02
1.892441772822412160e-01
1.576475483691127388e-01
2.436263712548314420e-01
2.733905451519836327e-01
1.839329605098793397e-01
3.459991360118379045e-01
1.888713310262378209e-01
1.783185516356275424e-01
2.162683120552572336e-01
1.299816270092103432e-01
2.299404507406760667e-01
1.648642821329600050e-01
7.406800050803311053e-02
3.532718651702235202e-01
2.751763706955100419e-01
2.684489646986900624e-01
1.652125735357188874e-01
2.321201759661082886e-01
1.078017040178964742e-01
1.475942664511510072e-01
2.163181266097722322e-01
2.380677490682446551e-01
1.816015757475987202e-01
1.561600133428228954e-01
1.619264757385321940e-01
2.557450914872823056e-01
3.152262245434399035e-01
2.225881685981637437e-01
1.699021909047808976e-01
2.217905035881649056e-01
2.327262569662436054e-01
9.442120510930793187e-02
2.463613845661449253e-01
1.238107331876178302e-01
1.372995596615308178e-01
1.834592432299826104e-01
2.516314432214100671e-01
7.156133875028583557e-02
2.436667825441957425e-01
1.722015823843589255e-01
1.939645191588585671e-01
2.992811626274927694e-01
3.157149291012402714e-01
2.542111556201776534e-01
1.201151552265209976e-01
1.801238506332936418e-01
2.627243445471190153e-01
1.232468136221344900e-02
