2.402930681090217069e-01
2.744379172125613886e-01
2.763952092656138393e-01
2.176923684418403948e-01
1.246074178693671874e-01
1.001869264971307627e-01
2.669448137783052011e-01
7.536126727790898316e-02
1.957578166196851099e-01
1.776970434595959991e-01
1.622770256798285182e-01
2.345601037903422698e-02
6.244165002196806064e-02
7.247870241803175406e-02
1.675921890994868380e-01
2.948692210177328299e-01
1.556020200529666664e-01
2.984259769356008563e-01
1.862710408465844680e-01
2.988923486838735988e-01
6.550374420365688566e-02
2.666824142582326362e-01
2.398441479101811324e-01
1.799620109552292346e-01
2.520652878549622944e-01
1.124026610303288654e-01
2.897907055351195416e-01
1.027939571747078368e-01
8.584874826280135263e-02
7.315923905181469233e-02
1.644635148799472590e-01
4.792661388750742157e-02
2.842159875602451313e-01
2.925327951228954282e-01
2.087807486532154422e-01
2.156473708660203159e-01
1.907090696101007010e-01
2.250478397446238621e-01
8.550735132317227594e-02
4.698645301061586677e-02
2.962437107780463430e-01
2.986038406659738409e-01
4.430694072972821140e-02
2.671273658201320789e-01
2.593852317402409735e-01
8.627379814151026061e-02
2.228292187016096271e-01
4.830619607280751265e-02
2.816942865513122340e-01
2.663659107109594415e-01
1.277280365188993294e-01
2.128604655948628521e-01
3.022766756559929768e-01
2.676170167666255262e-01
1.306042658690602654e-01
4.914099696408284063e-02
9.644417993832610225e-02
2.424786480478662021e-01
2.285027281382418229e-01
2.404660901350277324e-01
2.467372912091147230e-01
2.846411097156283376e-01
2.909124126031618074e-01
2.442286975563614237e-01
2.441379635935248815e-01
1.739152018038747916e-01
6.788962863764157196e-02
2.846019373677469710e-01
2.553628018901757946e-01
2.694210496459202298e-01
1.753077868476860812e-01
1.763426337040480962e-01
1.107427937869221168e-01
2.622675323196638764e-01
5.405064358978542427e-02
2.642428422186900994e-01
2.460712651046502442e-02
2.343513931785013715e-01
2.657177064281220913e-01
1.045346660706007041e-01
3.290354098033579366e-02
2.465702094121007826e-01
2.642774648388763192e-01
2.595895446446007115e-01
2.477315638324201486e-01
8.397478551093480459e-02
2.769249390248622600e-01
1.306302655776263033e-01
2.957001655767087511e-01
9.940738405305568626e-02
1.463340620786610091e-01
3.522133453704393707e-02
1.427145440659339515e-01
2.677237693931047158e-01
6.622088277167742509e-02
2.940442298371896412e-01
2.972927426349788460e-01
1.271957960362667950e-01
2.499304307818124293e-01
8.042296050411047725e-02
2.615993222220345804e-01
2.925633553185033042e-01
5.172509810267778008e-02
7.839669259321713213e-02
2.665626007439276246e-01
4.156506666160887653e-02
1.214071594598405274e-01
1.982077025652793367e-01
2.851418418294363044e-01
6.910930108449805931e-02
8.511436911425847296e-02
1.227603828365946281e-01
2.186302055469233896e-01
2.790188169296493881e-02
2.558469366206806983e-01
2.567492997718800463e-01
2.510971582368130561e-01
2.987367338812677020e-01
1.184823251103200303e-01
7.553566286699982257e-02
2.724015911665515488e-01
1.977232526628401321e-01
2.202044162883085854e-01
3.227682461063472591e-02
2.149475112407916999e-01
1.516120975544327787e-01
2.794570741181612861e-01
2.622723293910802500e-01
1.881147730976745480e-01
2.702254830191593293e-01
1.343618755635014317e-01
2.547314255520903292e-01
1.554085897541212791e-01
9.929763541694294759e-02
2.984789512394886435e-01
2.932190249928248726e-01
7.717306636915666207e-02
1.373835300987286678e-01
6.440248545858985596e-02
9.306339308042389791e-02
2.821573278003943752e-01
7.934980059098431515e-02
4.828542727609112795e-02
1.716765429333262927e-01
2.680758630041216173e-02
1.864862677447228223e-01
2.744067620517900985e-01
2.350855698713703312e-01
9.282294578018819575e-02
2.376836584256357965e-01
1.137013309940333589e-01
3.028969472887148573e-01
2.918822713123137569e-01
2.833030374617894753e-01
2.106284662588889522e-01
2.826513999170283120e-01
9.833530684714983372e-02
2.389883531212747547e-01
2.765299635190280880e-01
9.655109849240262054e-02
2.648644063160880413e-01
2.903678730436287103e-01
2.579946524108638339e-01
2.675582780072123801e-01
1.966493420496743805e-01
2.151072923491619826e-01
1.038324589837309464e-01
1.471018094081608940e-01
2.821234461176106989e-01
1.607419464067528780e-01
2.681528645717568549e-01
2.812236714578524310e-01
1.790931773430406992e-01
2.077854111418055705e-01
2.848247185008030979e-01
3.004116322673682782e-01
1.901552896282862337e-01
1.198993578509948837e-01
3.764436482677095686e-02
4.478217100726523264e-02
1.230619051373001011e-01
2.961282858209866586e-01
4.617506717606003480e-02
4.438760439151522713e-02
2.812755437579481654e-01
2.743105744439768290e-01
8.294995606161630064e-02
2.934543730039443910e-01
1.266434633796801046e-01
3.005364952886058205e-01
2.397947222836796233e-01
9.526915075459113647e-02
2.500516383495541839e-01
2.821725400457001376e-01
1.969472895268122858e-01
2.189042242431259166e-01
2.663314709591595997e-01
2.431932906634885205e-01
3.373967666290273587e-02
1.239784328665735347e-01
2.592976775807560030e-01
7.444972721604053989e-02
8.761830702909799429e-02
2.966095563390275802e-01
2.463527297495490265e-01
7.836187738991101659e-02
7.338766456147112482e-02
2.988323966112156893e-01
2.740786312484345122e-01
9.962515166576135783e-02
1.148510902132819922e-01
1.881708887270252262e-01
1.131975029587991427e-01
1.559809312322760211e-01
2.816993484978625450e-01
9.732767185768036178e-02
2.439079777539724658e-01
3.258262227467499661e-02
2.732170408706109943e-01
2.928593696443974048e-01
3.020031811825767409e-01
2.354749146868904686e-01
3.325471491290914877e-02
1.588832063053897958e-01
2.616598938630706472e-01
1.497037198495691501e-01
9.665351758235284085e-02
2.441093269712335811e-01
2.410996368023164138e-01
1.153551289902006310e-01
2.313883361334904964e-01
1.589314807240300165e-01
2.329167418230088382e-01
1.993563147342360953e-01
7.188040873654646945e-02
1.848658118127030070e-01
1.489428394244820542e-01
2.294475102663884603e-01
1.459797951942075345e-01
2.778190310919271266e-01
2.223648016062728383e-01
3.427849748193339402e-02
2.259831948963094417e-01
1.140244589548111975e-01
5.817949870149864006e-02
3.012864190111024243e-01
1.952775871505141314e-01
6.258819753639481565e-02
2.972267841355245022e-01
6.653341777458190998e-02
2.694447718355383881e-01
3.397796122009479752e-02
2.640069744533390383e-01
5.014173888178242305e-02
2.852865718000029971e-01
7.617263993690169543e-02
8.925926874347719919e-02
1.392930796153863393e-01
9.644852426968829329e-02
2.850843725367357417e-01
2.114386861768847159e-01
1.238959415868616520e-01
2.302654145766327987e-01
7.064206680693059515e-02
2.979346317807604616e-01
7.283074129895891757e-02
1.720072593203148537e-01
2.741470755997033604e-01
4.265993006561036999e-02
2.350657220560057881e-01
2.942505285487914124e-01
2.165465658923987624e-01
1.820527350504835828e-01
2.167231695537032432e-01
3.041666720490018849e-01
1.983720253793829214e-01
6.677807349924683167e-02
2.950158749717350926e-01
1.838052887159150606e-01
1.581500006952047677e-01
2.457143168825730584e-01
7.948346932539927800e-02
2.691464620391141871e-01
1.627191707499604234e-01
9.781168080440760804e-02
2.368408146949210757e-01
2.622288917305278244e-01
7.188016719336252913e-02
2.960844624396066771e-01
2.103843583093896741e-01
8.682094842499001042e-02
2.818513138861353240e-01
5.356187471629646202e-02
3.028059946169221472e-01
2.636788010684019690e-01
1.072081716517579580e-01
6.329034331020190474e-02
6.345936885313004094e-02
1.006007488209165329e-01
3.007562240783263063e-01
2.457068758873062753e-01
2.863488151209071519e-01
2.566700079510822463e-01
3.009776772566757352e-01
8.849313355692811633e-02
2.814583800852054063e-01
2.659395485818536464e-01
7.216537075640369614e-02
2.386843542915456640e-01
1.045748982967669022e-01
5.236649851399026445e-02
1.060064606532320347e-01
2.200779661142727717e-01
1.500436813718536710e-01
2.273739896057269394e-01
1.738297791261914083e-01
2.487806632871841506e-01
2.743584211979471221e-01
2.661774216490228051e-01
1.207789765402502019e-01
2.689501351083289360e-01
2.855842178189408331e-01
2.923476863467435183e-01
2.646556008954924488e-01
3.006961982459229743e-01
4.578790593423013450e-02
7.112189626756904026e-02
2.544911071846810979e-01
2.814751226150431496e-01
1.402914109894711492e-01
2.708695889018040703e-01
4.213191715377351959e-02
2.894933904868904340e-01
6.725936169581431257e-02
2.795427850836141315e-01
9.608865652006329250e-02
1.279458916801258783e-01
2.963325261044370551e-01
2.845953017068832414e-01
2.640358487795348985e-01
2.398657607576795969e-01
2.236661772725911379e-01
3.694701547317871121e-02
3.485958306447195509e-02
2.820347317362168482e-01
8.107610573367991791e-02
7.990764163628664984e-02
1.814180021799083331e-01
2.943438755083343378e-02
2.324496536905840405e-01
1.072715851191326369e-01
1.331564096777458905e-01
2.893675113642294461e-01
2.846526730133875915e-01
1.942046127819180013e-01
2.575190202753979141e-01
1.719398479051229001e-01
3.047526913268872040e-01
2.874937128298534206e-01
3.043582045626826438e-01
3.027997933724340118e-01
1.492609942210888774e-01
2.627285364666627210e-01
2.612668790410682118e-01
9.711432732885239005e-02
1.868174158032343546e-01
2.914632175936852088e-01
1.377142565142536745e-01
2.907115078177385237e-01
2.226318445919356070e-01
3.040472636399750295e-01
7.768173165339672948e-02
1.178619222926597376e-01
2.381329580648895161e-01
1.474289306470160654e-01
2.643812173288558887e-01
4.613504934489569970e-02
2.544588298261679093e-01
6.193030395458580528e-02
2.781708840160206919e-01
1.105762882521681284e-01
8.722973355115712368e-02
2.570001132551819611e-01
2.898035268291575539e-01
2.685906006570883964e-01
1.793918296082882002e-01
2.687629627545233824e-01
2.913114002886089127e-01
1.134218118402232772e-01
2.028435649062095836e-01
2.772421343320005671e-01
2.829531039108365564e-01
1.887370771787637014e-01
3.785945347925979282e-02
2.304639440993452859e-01
8.768682929448863572e-02
2.894871570649124592e-01
2.604078108406695513e-01
7.926684534345936062e-02
1.256201696414828983e-01
2.576863786175875859e-01
1.539170720500454559e-01
2.587181913697542135e-01
7.761407341367182466e-02
2.962384848369305490e-01
2.773835554770602840e-01
2.840080154807863022e-01
2.689766849062115717e-01
2.393685742724071253e-01
2.271291296481612321e-01
2.701448757343933305e-01
1.780787523058639521e-01
2.137590004282438894e-01
1.881425038826062823e-01
2.634056648431041814e-01
2.534982998527415265e-01
7.462965195046845912e-02
1.251878564524148141e-01
2.878780072888573183e-01
3.530523482624692982e-02
2.411350889315192758e-01
2.113346026018177171e-01
9.650017559956880486e-02
2.890841277052170200e-01
1.901327632910258802e-01
5.901780009785106279e-02
9.050043778991921639e-02
2.896277462445963069e-01
2.113256269594575298e-01
2.544501510400579147e-01
3.005821094573829511e-01
1.834148287038799008e-01
1.805011102731932382e-01
1.130063417058193298e-01
2.538968084873027137e-02
2.604709326981515666e-02
6.962668921482474682e-02
2.716259078471541244e-01
2.994915197521266226e-01
1.028498484647844269e-01
3.353373118804853226e-02
1.100718697217157038e-01
2.670247009558091023e-01
2.409635332514581674e-01
1.975973812024594267e-01
9.971791756633613391e-02
1.367688359367797701e-01
3.615023198107710639e-02
3.023589767543337081e-01
2.426218427054045446e-01
1.701141833004973236e-01
6.108040069414655965e-02
2.072409755033405854e-01
8.045447433926244951e-02
2.560230872492674226e-01
7.032137436788762908e-02
1.414066209681013320e-01
1.448531181446758020e-01
2.973437390704143368e-01
8.416676130153073754e-02
1.287124117639351917e-01
2.632579728238056971e-01
2.683815675059319505e-01
1.098015585621554269e-01
2.428434975080088210e-01
1.553598854295082099e-01
2.751032145419143315e-01
1.799331070891334317e-01
2.750367684320708106e-01
1.196581881077753845e-01
1.269808998546479162e-01
5.679543663193206693e-02
2.708614187042623356e-01
1.938157397091884171e-01
8.954887008028712680e-02
2.960030718465603838e-01
3.023273671142196473e-01
8.697591557115015581e-02
2.862038666334585924e-01
1.718852221300096739e-01
9.970026178007507234e-02
2.789114259935943640e-01
2.491649518931131624e-01
1.953620676503839138e-01
2.928595746942501687e-01
7.072519182491616985e-02
2.981830365021599927e-01
1.740638210988449952e-01
2.828031689145651950e-01
2.886460491263719841e-01
2.829245475273072241e-01
2.064892534820506054e-01
1.744119360071009761e-01
1.564960561399277583e-01
4.997554657022575120e-02
2.854434806485762754e-01
2.351928350267437906e-01
3.046462402884467791e-01
1.131350002206019806e-01
1.585271934215496115e-01
2.220027981995966737e-01
3.747043646571041053e-02
4.986891374189253434e-02
2.403921135808420317e-01
1.008578207748013905e-01
2.519992822553147049e-01
1.115862468722362139e-01
2.529919919397021211e-01
1.346966577436436996e-01
1.394422346210399399e-01
1.307393563736981845e-01
1.813563028457249870e-01
1.542217656969661066e-01
5.386823618608848480e-02
1.211080143161325090e-01
2.683564840949185792e-01
2.658384432915883444e-01
5.591435175338987235e-02
3.038455328772290964e-01
1.887376102316045690e-01
1.598588306612110377e-01
2.318039958613969664e-01
3.031060753390105167e-01
2.022962941461398101e-01
7.620700777574698770e-02
1.097908556140343855e-01
1.099496249662475916e-01
1.188508868136825547e-01
2.106656036810640453e-01
2.832753633077318978e-01
2.385684249776593435e-01
8.876242882666346423e-02
2.582464245668053548e-01
1.692789891723164020e-01
1.925820906504022434e-01
2.802178565832721402e-01
1.417571037779255805e-01
7.471306457843150672e-02
1.293105586436628096e-01
9.577616560162729997e-02
1.666248443286291181e-01
2.234974257032499023e-01
9.405989820619339858e-02
2.253009854143160351e-01
1.174114471825617873e-01
1.161153170566285031e-01
6.187512240803821895e-02
2.906983906476430235e-01
8.643409474548888194e-02
9.018439372534564624e-02
2.956322943764516098e-01
6.428817094685211619e-02
2.576643967647433420e-01
2.852610284589440770e-01
1.987387138880715998e-01
1.681178112347512243e-01
1.814139881852266656e-01
3.003823737391658755e-01
1.728730874606917156e-01
1.013334939138650359e-01
2.757174335959716172e-01
2.970557715476029315e-01
1.593877654428893786e-01
1.369103657282576270e-01
9.980888887498591544e-02
1.892501000311739290e-01
2.727162968533768383e-01
6.527167720467333401e-02
2.397403785547015109e-01
1.319917148688613540e-01
2.930077787415246576e-02
2.196623769053852038e-01
2.307242697801482056e-01
1.487364918526311863e-01
1.790287609393352020e-01
2.071118975878067647e-01
6.506147851805195448e-02
8.553302285569285013e-02
2.448213000317699950e-01
2.740862709852386891e-01
6.316647130086069928e-02
1.933159204203989956e-01
8.639868678554439574e-02
2.838440361361015962e-01
2.873173484866957117e-01
9.810332465355851850e-02
2.522427240845725449e-01
2.922579348927468734e-01
2.646465240777183814e-01
1.970440599184865027e-01
5.335085844563026980e-02
2.492273664488643958e-01
2.451652525748426736e-01
6.227025574523612633e-02
2.604601621072146767e-01
6.403292905381804956e-02
5.671653330199909193e-02
2.307063518866839524e-01
2.523206908589109565e-01
2.600752484499196937e-01
2.329347592030325820e-01
2.445990764923269001e-01
2.012748837269972835e-01
2.897390564135427504e-01
2.437826801476503102e-01
1.746494293841211187e-01
2.028117344302718950e-01
7.926632919250770071e-02
2.610027558443198670e-01
2.915127962075361734e-01
2.766922803221072980e-01
2.879150183481395398e-01
6.306985481363704127e-02
2.977158282652286325e-01
2.820294030938137464e-01
1.579587983437059362e-01
1.206591568671683129e-01
8.012571596231533866e-02
9.903154903132641018e-02
1.633931652261878531e-01
2.813994080961269573e-01
4.819211266380049596e-02
2.218237814682153253e-01
2.219562680918199249e-01
2.938834299829986008e-01
6.426625192276089193e-02
4.014685422661732478e-02
4.067810027528166034e-02
2.778147503935709528e-01
2.533352483357371177e-01
1.658817775310021114e-01
6.878034716477306187e-02
1.444808183488999753e-01
2.452834415034962634e-01
2.472007933124876489e-01
1.197865577913814067e-01
2.279177399147101768e-01
4.164825621889930996e-02
2.108128984034885467e-01
2.628673281288905761e-01
1.494871336071987022e-01
1.689668032622628768e-01
7.617953440672807497e-02
4.950191101639322272e-02
2.997822187655186932e-01
3.010315066410654827e-01
2.673629779239488080e-01
2.133304385131485903e-01
2.184407640660183669e-01
2.368273837690221817e-01
6.198740950932010024e-02
2.854035770778018399e-01
2.014910148806597634e-01
2.734380872678024987e-01
2.850354189317660936e-01
1.640505538729654655e-01
2.654531912370382551e-01
2.871078091996009940e-01
2.353303938561614184e-01
1.017606782295018414e-01
2.792653495681869935e-01
3.317993580527665159e-02
4.695420054283729744e-02
6.692430259301880568e-02
2.306223594918346553e-01
1.188563480001284672e-01
2.338219588874609067e-01
1.032841920980678979e-01
1.151345654055563189e-01
2.791729210732332711e-01
2.609399959244979028e-01
1.945489923429305212e-01
1.242460852563138929e-01
2.624535004071739119e-01
5.882074803286021364e-02
1.290129120714910149e-01
5.513517255506444892e-02
1.412893463680337525e-01
2.072403520629894635e-01
6.683778677948308544e-02
2.606624012354222253e-01
7.726918862345348582e-02
3.066746710802586984e-02
1.186604435748086078e-01
2.558475767671093970e-01
2.197782785073912892e-01
2.756290956409614967e-01
1.254180155618845327e-01
9.169795744293871009e-02
2.923370194943660239e-01
2.312195138680668560e-01
7.212275035352810892e-02
2.226137027889853459e-01
3.958200141665618038e-02
2.413878252586792658e-02
2.046616177438428108e-01
2.516386284198880441e-01
1.037994128412288303e-01
2.247102469885749187e-01
2.709143400554674952e-01
8.402043551938988275e-02
1.985718999186786571e-01
2.969513527476826398e-01
1.160102519139489807e-01
1.171225844986917008e-01
2.376634940863685264e-01
1.179695405860312490e-01
2.173592945795723985e-01
3.010265150087907959e-01
4.137344264416067952e-02
2.234721163764512020e-01
1.489312549276132214e-01
2.455560458994600626e-01
9.667037574570162828e-02
2.653935942896018529e-01
1.351763512701007752e-01
2.710082907975309707e-01
1.343723516777718396e-01
8.345413025838108179e-02
3.926460444093361757e-02
1.070486399601290189e-01
9.383787399169954413e-02
1.153975709679920386e-01
2.911373097452931158e-01
9.181758425021185888e-02
1.051456264780196020e-01
2.942463074482614127e-01
1.509514017919665885e-01
1.534354993299542891e-01
2.765794246239971499e-01
1.616922711597908457e-01
2.103229937256209381e-01
2.039869355614679636e-01
1.429853706340643571e-01
2.106202754467931815e-01
6.937687466039314799e-02
3.001881553508271572e-01
1.640406943483951885e-01
1.756481029566269170e-01
2.722826799655270191e-01
1.902394575566140056e-01
7.212592568366263390e-02
3.049916560419581035e-01
9.139371384922385932e-02
1.831838897875214256e-01
1.026055110241098633e-01
2.410565197179143915e-01
2.356332103429134295e-01
2.354385676827165375e-01
2.531876855199401422e-01
1.293024946250220519e-01
1.446073844162530098e-01
2.966964679102844782e-01
2.247921881256528531e-01
2.972841952055297332e-01
2.742403361346713586e-01
6.726531542499458727e-02
1.862794594831853889e-01
2.721592473045086891e-01
2.982820712473515101e-01
2.013682573782392404e-01
4.955529814013442946e-02
2.896445678482683639e-01
1.520524295032354145e-01
1.166463950205704203e-01
1.205328848624516169e-01
5.938129068893587686e-02
1.539240286376224176e-01
2.841941723776280626e-01
2.723610800276142219e-01
2.732902535436462221e-01
2.480491653419267528e-01
1.079676656038354859e-01
1.691710909948856423e-01
7.036273691502578642e-02
3.048168439043062450e-01
2.766538369436319922e-01
1.867687588660233156e-01
2.259981460918768781e-01
2.683320814032893464e-01
6.367471155134647731e-02
3.010670574055887005e-01
1.419889137492836018e-01
7.229887318399327856e-02
2.895223527622636794e-01
1.179798044094397813e-01
2.032259782243852619e-01
1.195262319900533138e-01
2.814601568754864780e-01
2.747075507347160883e-01
5.085489082459600241e-02
1.025727491678057740e-01
1.428684266524027913e-01
1.471469749170477848e-01
5.489190330300074139e-02
2.915120137938823075e-01
1.695086577574126119e-01
2.790463117717822406e-01
1.773512506993633053e-01
2.969321790394799931e-01
3.033181319018303235e-01
2.406219849719767045e-01
1.804097320963195250e-01
1.727083854417501840e-01
2.510234200886596878e-01
2.377212183213249785e-01
2.690387377508734676e-02
1.769285605617833268e-01
1.270930489273043307e-01
8.934139549856746909e-02
2.341513368038642198e-02
2.365162892015752749e-01
2.554999323448490789e-01
2.541969998870375891e-01
2.261534076181020703e-01
2.206683430206907714e-01
2.880276563209743790e-01
2.367199742377288502e-02
2.121403168111727355e-01
1.051214213068728115e-01
1.966358299050814940e-01
8.464074389216151573e-02
1.734019115807130529e-01
2.150495713495866323e-01
2.656965266205503218e-01
2.881981641639236869e-01
5.225656184764979756e-02
5.177980086176039304e-02
1.516577291184477427e-01
2.451495800269782310e-01
1.881690898318147398e-01
2.204416191663108870e-01
2.190779930929713792e-01
2.668366109826219024e-01
3.044097606581809279e-01
2.545224506794586672e-01
2.019944965048100782e-01
4.445412928551371184e-02
2.909393275944839319e-01
2.670905248965074752e-01
8.512746728370483573e-02
1.449240787521212381e-01
2.570102269436602138e-01
9.723651321552237436e-02
2.327837324884967363e-01
2.475801634770389004e-01
2.757740438873547695e-01
3.538724594700893428e-02
2.467825845780027838e-01
2.126345085277530356e-01
4.881636511740319873e-02
5.913102583590439110e-02
2.117373338603447397e-01
2.951202036038930165e-01
2.830734745379586692e-01
2.678038638997141674e-01
2.536521313085625673e-01
1.999099280287950087e-01
3.026189441877504827e-01
2.914047988206197592e-01
2.994703217689917985e-01
1.816899081524568360e-01
2.879302080790258067e-01
2.675996778364513329e-01
2.718517734114324624e-01
2.918484125162519871e-01
1.663985387475005462e-01
2.009165577564800131e-01
2.389811610875982040e-01
1.897498329057500932e-01
2.731691688549022223e-01
9.487296110043992592e-02
2.639559264919885684e-01
2.531958156771503196e-02
1.589126821870155137e-01
4.081458136784502783e-02
1.163613262895897005e-01
3.028857520780479096e-01
2.794165625722368484e-01
2.977521066090783528e-02
2.724046338559167335e-01
2.102692930343026401e-01
8.002312709691376813e-02
2.527104128886455969e-01
2.438780163580229754e-01
2.782657535790322711e-01
5.462860402782682839e-02
2.896500883382290281e-01
8.840745985324599543e-02
5.994162171852038951e-02
2.095361797206226340e-01
2.837935788992381747e-01
2.366221055324828348e-01
8.182595905837158901e-02
9.963383264566501307e-02
2.318815421116364184e-01
2.578521867847698434e-01
2.220192752941924086e-01
1.963047963427136666e-01
1.500146169884064573e-01
2.555313420254068935e-01
1.941010233181678368e-01
8.433884656763143695e-02
1.183857511239497784e-01
1.937707257844435149e-01
2.851908746503811765e-01
7.403965710884982676e-02
8.140722234274049007e-02
2.871705259947243682e-01
2.544123480533795334e-01
2.246725908829994844e-01
2.843168359019807023e-01
9.410534462353895013e-02
2.972531729343118045e-01
2.729575397544378723e-01
3.001164023897925914e-01
2.132271238196445651e-01
1.188868175033936520e-01
3.054596383890733069e-01
2.909041478481709242e-01
2.869545403133320627e-01
2.068400516945773926e-01
1.915351555889252821e-01
2.829368930731516740e-01
1.746285324798292904e-01
1.752910548788489398e-01
2.091317363693580567e-01
8.150576577153371971e-02
8.907418802861517826e-02
9.320565383689280448e-02
3.039968762406288216e-01
1.009899167132964071e-01
1.693148764489245950e-01
2.906257015077266526e-01
7.147727926391038433e-02
1.085735914464143748e-01
1.946129424696575738e-01
1.603304679731319959e-01
2.589314601479761890e-01
9.007491546774484825e-02
1.207502267441307869e-01
2.860655317663603481e-01
3.017513096157306007e-01
2.528448947048332340e-01
2.793851044779624981e-01
8.203197272983356325e-02
2.895833670096666368e-01
2.594700633579634097e-01
2.567814322733409926e-01
2.943882106453037939e-01
2.626430413903965144e-01
1.852263714559940488e-01
2.263954715115618910e-01
2.360919641032910854e-01
2.682323871165950835e-01
2.318383192783491364e-01
1.545521368234439030e-01
1.311594345976407339e-01
6.561087691538708411e-02
1.946251031920428198e-01
2.571621059041898638e-01
1.169361115701567921e-01
6.301488172127531207e-02
2.096248674563738756e-01
2.730428798515028288e-01
1.255008412746572155e-01
2.955139848735253705e-01
1.711211679392924956e-01
3.021950830665006138e-01
1.770724634921699847e-01
2.319058368561329186e-01
4.298682674607326448e-02
2.919276347212517719e-01
6.988915110376919815e-02
2.671027940297568959e-01
1.590386803222878787e-01
2.558324971698315853e-01
2.574262574852024810e-01
1.886697537533498503e-01
4.413299494263678291e-02
2.010187050199257752e-01
8.016934768612027362e-02
2.835718725185801259e-01
3.440096192929724406e-02
1.305209585092547142e-01
9.082359452409974332e-02
8.945642885584029202e-02
2.681921527939905570e-01
2.613989161048037024e-01
1.300548975093955562e-01
1.608802189641449776e-01
2.805040242650094773e-01
7.143865522653582156e-02
2.928758161453898223e-01
2.934184075716921303e-01
1.391190058036626265e-01
1.151621041506392246e-01
2.673148162381095982e-01
1.201072685153100894e-01
1.142104507069288816e-01
