1.982621270401097383e-02
2.790104863449210243e-02
3.041201084202584462e-03
3.105000757617438767e-01
2.023465864119293189e-01
1.199462207597080943e-01
2.089355954493878897e-01
1.260915007400265943e-02
6.871313773053094875e-02
1.384155899976401982e-01
3.988897135047499154e-02
1.755045451098669884e-01
1.465387545968355187e-01
3.633872263389554408e-02
3.884366714062369771e-03
1.180674554752651345e-01
3.979218140538629683e-02
1.254630298061141236e-01
1.092806263893292620e-02
2.085418505918570573e-02
1.792129310166408196e-01
7.377001895572843360e-02
5.678614500778551150e-02
1.778143466511874493e-01
9.050492085524291250e-04
1.648222757828735341e-01
1.175763461743610516e-01
8.858364067790740204e-02
2.911571956482301160e-01
1.907556369889764070e-01
6.848790948912339416e-02
6.316114840374940920e-03
3.960278885769251411e-02
1.587962393315668075e-01
2.559068439480480933e-02
1.747194315615861748e-01
1.305731196705459465e-02
1.403713434089239320e-01
9.702915004881362132e-03
5.192893117258955138e-02
2.662614123505136488e-01
1.830582854384176774e-03
3.342716239317047172e-02
1.573923295807479195e-01
2.131602916790830138e-01
1.251359931139832959e-01
1.245525387500571873e-01
4.154234217399232001e-03
1.177210542497923729e-01
3.510761638527834169e-03
3.677923109951986014e-02
6.987433747827308250e-02
9.460199162543377061e-02
1.543261998400924373e-01
2.516779052036532405e-01
2.788907865912871320e-01
2.449011153630881732e-01
1.193814153693235069e-01
1.240682925097424671e-01
3.663148266368861095e-02
9.412087318124150170e-02
3.584918977117724365e-02
3.390362543415269768e-04
1.525298731631580806e-01
1.474431157604469134e-01
3.581177390121629070e-03
2.036910710816950409e-01
2.672679843298511049e-01
1.369603380260561998e-01
2.189561517183898770e-02
2.181213997658850157e-01
5.108841128919987956e-02
2.972018983136616790e-02
1.308662336146219629e-01
2.078913251916063298e-01
2.619177549062948196e-01
2.361526928491253577e-02
1.918663408371323875e-01
5.593324819725569580e-02
2.053382461605448572e-01
2.030287160980115968e-01
1.080343968327311110e-01
2.325399037499597532e-01
1.050651177818699364e-02
6.152545504894921247e-02
1.547854718119501538e-01
1.907742862516627058e-01
2.093620606014964247e-01
2.053175392479057448e-01
4.888324478450141453e-02
2.530388174523249822e-01
3.978488251799704861e-03
2.496814178821358809e-01
1.896386429970993159e-01
8.387856344896539584e-02
1.660605458195560657e-01
1.855941374220530446e-02
1.005485925235524193e-02
3.078772934120797000e-01
4.298524719960526014e-02
1.985052141559680017e-01
2.047054514110237811e-01
4.098403991651451694e-02
2.145124900901515183e-02
1.459612270347373543e-02
1.197123043356375094e-01
1.801317563198864546e-01
5.897069955809940839e-02
4.792023657982214663e-02
2.457295421700526339e-01
1.675064849994135630e-01
2.488715214522870534e-01
2.642480701503960305e-01
1.860573075276451549e-01
1.159863886205662886e-02
2.673619181387132948e-01
2.557230696584404384e-01
2.346525655903654306e-01
2.104981559569402416e-01
2.406955030684232791e-02
1.246296666676228876e-01
5.446261842796251695e-02
1.485163138135947580e-01
4.662371023012346766e-02
6.870996868571305205e-02
4.265319905705752118e-02
2.119534218280949289e-01
1.533882965701810486e-01
1.215476694957428744e-01
2.945847046044862694e-01
6.179082196362707148e-03
2.220910777624544308e-01
1.568250905236286408e-01
1.146190598311046804e-01
5.498043020436343790e-03
2.538650392569749559e-01
2.408384175279962292e-01
5.261071325809084376e-02
1.572582834810575259e-01
1.098478673968338037e-01
1.181638216307431821e-01
2.916568624840497684e-02
1.499638045844971582e-02
2.140038528120875305e-01
1.121998542785033054e-01
1.653065353090200362e-01
2.288297980917561869e-01
1.096889210790805008e-01
2.472386574490666178e-01
4.973465200329563185e-02
5.551088606885410011e-03
1.550091316348556347e-01
2.012381680200997225e-01
4.551377229661159735e-02
8.393047038096256018e-03
2.391362346606562828e-01
3.800046198741937470e-02
2.516625348531773346e-02
2.846272611110140655e-02
1.479614845645771740e-02
1.710001192163442263e-01
5.714734232535941851e-03
1.461033971568311551e-01
2.264824956433856562e-01
2.879249548702981776e-01
1.835431941169733405e-01
8.554660300311368870e-02
7.676101960131868907e-02
9.527685261269180916e-02
6.911361974897234361e-02
6.661756798551703163e-02
1.964637926781014413e-02
4.520612837062327333e-02
6.655358101880697042e-02
2.667019342280717575e-01
2.117443654756807903e-01
1.086320532631591534e-01
6.121792676685727796e-02
1.923956825887510394e-02
4.584559388144742592e-02
2.764424643684207927e-01
2.896723771955576621e-01
1.592769930362540609e-02
5.097593454325773099e-02
2.202094018219305505e-02
2.703783739852491097e-01
9.846076238461495822e-02
5.168609645888464638e-02
2.757941006180313348e-01
2.542852651022200483e-01
1.149321270751625136e-03
1.095096320546988244e-01
3.745600423617842165e-03
3.570102215392950001e-02
1.522381349943881246e-02
1.024067026533598407e-01
2.536367646778798224e-01
4.718334358995002198e-02
2.824506797358340981e-01
1.244745184655954642e-02
1.341529020390903881e-01
1.138203531912956590e-01
2.692144703725357080e-01
2.978686904679354042e-01
8.514781966827893178e-02
3.156499915181495974e-02
9.222636113807711200e-02
2.602288822211394348e-01
1.897377436693309660e-01
2.442054227046056014e-01
2.060392989479498671e-01
1.780320202454171441e-01
2.289897338464768062e-01
2.365705462934682424e-01
2.711995664023420655e-02
5.632539105567753446e-02
2.847602316579376791e-01
7.050195305094882937e-03
6.102516579129059482e-02
1.358308991143903077e-01
3.039881135223908015e-01
4.232831298116199875e-02
3.020087858586519847e-01
1.812160412068160031e-01
1.547651275787380321e-01
2.979576034637648196e-01
1.439689152336218192e-01
1.971249122137519461e-02
6.035351100650204748e-02
1.664806848077771684e-01
1.979680603912404580e-01
2.439810338117023858e-01
2.802044248785845459e-01
3.400758026223051067e-02
3.142918515936711787e-01
2.897208270501165361e-01
1.669546274783341444e-01
3.759544464204596370e-02
1.632188223540597671e-01
5.670348645303516927e-02
1.260270297837026987e-01
6.649608301135671862e-02
1.850173032242486137e-01
2.330273845895974860e-02
3.016141613626644458e-01
2.359789095203936038e-02
1.873250899265346270e-01
2.953435318950429767e-01
1.250340022830767339e-01
4.333161780309296301e-02
2.186933543821669157e-01
1.248643417746098244e-01
1.410436629712790435e-01
8.859342293822893011e-02
8.395746885498148182e-02
4.454407719985407910e-02
7.988736628122062797e-03
5.200529882650496011e-02
3.007040509379100279e-01
3.549451684788428041e-02
7.081203668458745104e-02
2.595044534059864905e-01
5.293631284813637289e-02
2.116793061473030979e-01
1.466651440395055628e-01
2.154159195577711183e-01
2.938346967841752311e-01
9.483742152559215821e-02
2.768429209641563027e-01
2.200982843644142262e-01
1.245598921481695792e-01
8.396672737694264865e-02
2.657568542937039924e-01
1.437777284985256206e-02
2.230306583122738939e-01
8.818370717064598352e-02
3.669205826585939662e-02
3.319264517080749294e-02
2.726976823175205622e-01
1.568602737577320383e-01
2.667845720279621302e-01
7.215081594281132216e-02
1.694083114119947775e-01
3.040491353912066486e-01
9.642704044735316005e-02
8.661568962050539278e-02
1.834066471067757149e-03
2.457856918199649576e-01
5.626852868883722159e-02
1.837808761483819830e-01
1.034119079741790681e-01
3.316991922379643881e-02
5.113541295884042881e-02
6.050325629604379543e-03
1.706352503872337126e-02
5.482737509339014048e-02
1.919566259615839710e-01
1.624570789023684417e-02
3.218969676459723650e-02
4.086057109989939262e-02
1.474182726495708862e-01
9.231396689315607418e-02
2.386455311814844882e-01
2.389171729224103258e-01
1.963614781557015965e-01
1.754575275836213477e-02
1.800937754274878344e-02
5.061231447985155285e-02
1.441964255288693542e-01
1.946838974081329388e-01
2.529570511859616580e-02
2.587925740005234676e-01
3.028915451716006259e-03
1.326731665594537424e-01
1.353840496338811795e-02
1.103638870903885794e-01
1.259393451243011053e-01
1.483383758422144039e-01
7.335669152078408417e-02
2.984533392957593179e-02
2.873705087960673477e-01
8.290321522269871249e-03
3.082703669948106545e-02
2.085743552005674684e-01
1.053414822179958854e-01
2.275269843258048152e-01
2.666077676977137156e-01
2.103375363528110775e-01
1.661622020648214904e-01
3.784768115938031557e-02
2.206311964593721600e-03
1.128099874485768428e-01
2.308700260889774980e-01
2.428847119653668729e-01
2.232955972861840332e-01
7.611082945388530918e-02
4.396526661339393571e-02
2.112083912908881700e-01
1.746658332371597844e-01
3.063370947769980188e-02
6.355120700443550597e-02
1.177836873268863355e-01
1.600921946341379576e-01
1.512972037538299619e-01
6.389045284655163470e-02
2.986593647279704444e-01
1.263615641816432517e-02
3.056451615276100653e-01
1.305098233234875948e-01
4.797986611967638981e-02
3.608794536328709807e-02
1.962110170230173603e-02
1.843572209900346814e-01
3.946437698843052039e-02
3.087852297085658115e-01
2.102185126887364253e-01
2.518702574731749855e-01
1.317387374284817447e-01
1.615830428735621771e-01
1.362938349967345031e-01
2.286660751602828945e-01
1.551817355608156937e-02
2.309834440533093392e-01
2.741633667344008929e-01
3.039131172337624087e-01
3.289321693014139736e-02
1.193778203972044706e-03
2.100909483856500948e-01
9.821748893056603258e-02
2.813048184367185067e-01
2.683079370302254851e-01
1.276335950579459144e-01
1.757953905129436278e-01
8.005952719335408807e-02
3.627047583822133603e-02
1.179450613250706548e-01
2.794657520650751237e-01
2.925311291255868196e-01
2.258214595507831990e-02
1.435321318467163432e-01
2.132362118086642833e-01
3.635694745773260239e-02
3.073591865642610887e-01
2.131418156870520594e-02
2.692602128628552305e-01
1.811586008849679352e-01
2.419691281866242771e-01
1.411273542268246493e-02
1.712193148422432032e-01
1.231400048045348389e-01
2.204205825176566436e-01
1.147323731245481447e-02
8.880726729615164017e-02
2.643371386048073285e-02
2.096273689613807611e-01
1.212619710986859584e-01
1.641255310224747077e-01
1.894494058621062071e-01
2.978365216596898790e-01
2.742930388992091406e-01
1.396050255377936644e-01
2.884717201376827411e-01
2.741317940644634188e-01
5.328257177061179045e-02
1.706232847530352870e-01
1.071137196025294391e-01
1.965931482490999860e-01
1.001683799237380358e-02
8.576939580916841110e-02
2.689298199580686388e-01
1.541430468033367363e-01
3.326312900084987118e-02
5.861521273284478473e-02
2.424635745476180770e-01
2.487031966112503503e-02
1.332210981758152335e-01
4.309316268256686150e-02
1.819607485401177061e-01
3.177811016324726123e-02
1.132358509560711796e-01
3.442341004952775146e-02
2.480312265587082954e-01
2.195217923712874108e-01
1.805462519699585489e-01
1.164236295272388227e-02
1.086245368501428943e-01
8.823148183851887982e-03
2.750376729712575297e-01
1.343451410979822624e-01
1.638333288793311637e-01
1.713107381227316484e-01
3.110083495875680740e-02
1.482301440950676008e-01
7.882539466115254245e-02
1.146765781497274678e-01
2.338743821098078490e-01
1.469303819878746975e-01
9.811771069115979294e-02
2.954173163036837857e-01
1.771107960520391369e-03
2.474421572949985493e-01
1.544300797517810797e-01
8.023269031332639148e-03
1.064019161312139972e-01
1.050666762292824241e-01
3.018793743750795566e-01
5.218627188846057530e-02
3.428757460775482685e-02
1.167837306635970129e-01
1.725621266936081255e-01
2.533579432210549681e-02
2.674001293364920429e-01
2.399229758027731363e-01
1.174594914159934611e-01
9.794352064272081673e-03
7.163333547822167691e-02
2.769079645596789763e-01
4.523506904715283994e-02
1.306358581255505635e-01
1.453009330351288653e-01
1.110946487406700572e-01
3.251560269823352417e-02
2.474110425534541968e-01
2.301621205610998311e-01
2.384851926351141682e-01
2.516190782341577448e-01
4.092396647968436774e-02
3.515258805414165494e-02
1.574237662423311757e-01
1.601605456128380178e-01
2.172517577319726945e-01
5.731263497420471809e-02
3.026671444037475900e-01
7.323553674309819794e-02
9.361017884477591811e-02
1.463248384499805099e-01
3.280731500957817515e-02
4.965111844667116636e-02
2.242310700901707921e-01
9.115363261083136992e-02
2.655587230265304410e-01
1.972578012700833550e-01
2.789911915887496319e-01
1.573984201071801647e-01
3.289912969672943027e-02
1.947102906234100123e-02
3.278068323589476002e-02
1.755818850140758447e-01
7.123699594314314432e-02
6.892767371270762389e-02
4.853813947123728628e-02
2.843512994045637732e-01
3.004438594233420079e-01
9.384546885865359053e-03
2.992937687330747831e-01
3.075495316893074871e-01
1.249631389820129446e-01
6.694655321403257531e-02
2.330751804786132253e-01
5.587934380003900525e-02
2.378822629533066113e-01
3.473859569063747488e-02
2.407059966941513807e-01
3.814449541511834990e-02
9.659902172947285037e-02
2.889154148750663342e-01
2.842175678933255012e-02
1.002380173295423366e-01
1.844143708072626675e-01
1.486442500092707286e-01
1.545521693435392419e-01
5.024109628035516861e-02
6.826143835643744273e-02
5.506675790996604092e-02
1.761977795561534832e-01
2.956013667211278562e-01
8.518432043177256996e-02
1.428336805723416821e-02
2.833828788887086947e-02
1.247919278191206433e-01
1.201448353934244338e-02
8.675130087062506157e-02
2.727724410901987556e-02
1.593955156728277534e-01
2.196245675030916999e-01
3.944699783636625851e-02
4.323149110499212300e-02
3.443313051232810285e-02
8.305638673175319911e-03
1.967760864012197200e-02
2.428620538769311055e-01
8.783890951530431979e-02
1.998134979448717430e-01
1.336196689657534187e-01
2.167233179309260849e-01
1.430400854170510161e-01
7.256013602972793963e-02
3.995314087478377650e-03
1.430994608866780760e-01
1.295118348854944479e-01
7.751438530537015092e-02
2.321918460682090846e-01
8.253086006144788600e-02
3.375615865381424718e-02
8.501656976974060476e-02
9.985372954389536149e-02
1.769176127079303551e-01
1.313248213229911698e-01
1.973125249442516937e-01
2.872006997012726548e-01
2.551946551923261475e-01
1.865335700931382568e-01
2.963720305214934680e-01
1.636180938066636725e-01
7.715981967399955510e-02
1.955935007791413938e-01
2.775617284801145668e-01
1.112805422727115578e-01
3.116817018313044682e-02
4.741729962062600674e-03
2.386058231521008821e-01
4.587150927581258586e-02
1.793241789086797433e-01
2.776286659437386395e-01
7.470281653877797884e-03
8.995477962541291450e-02
3.919184436421750684e-02
2.909766250461573445e-01
7.886535572912552194e-02
2.404665278789571425e-01
7.785262943191795237e-02
4.385491375380328599e-02
8.505981984395172280e-02
5.414580307800740538e-02
1.581029820388268545e-02
3.490093094462960038e-02
3.141193552915708675e-01
9.063982135747868096e-02
2.532427357209180996e-01
3.710160635699798898e-02
3.053122583919855582e-01
1.940523741976419858e-01
3.239255069327397901e-02
3.180180925270984643e-02
1.885357846316096930e-01
7.700479031775449290e-02
2.497841657282765249e-01
1.510968977590522733e-01
4.153607297842296792e-02
5.532097131257852907e-02
2.196540927363753726e-01
1.321442263380705473e-01
4.671660971899114362e-02
2.360707123815646014e-01
1.427835937541024371e-02
1.271806681122344962e-01
1.379549201872715958e-01
3.130151077498641299e-01
1.016210045402505119e-01
3.047250761367609750e-01
2.550405191506275315e-01
1.956880152909660775e-01
5.246543097888052912e-03
1.541954048014375078e-01
1.287503522198938655e-01
1.120747564672389673e-01
1.758723172744242891e-01
3.418853983103008198e-02
3.163215362881846571e-02
1.414137900749706800e-01
2.320119970958242628e-01
5.202763846448234947e-02
2.194269642124217490e-01
3.089804721780846086e-01
1.856620885621031170e-01
1.829434715322263150e-01
2.323970040104348656e-01
1.435640146035625786e-01
4.016876918426771914e-02
1.990335513401969569e-01
4.286512897312357712e-02
1.013789902355314784e-02
7.615500361031768417e-02
1.372715540166335665e-02
3.377258054924980185e-02
7.443477546959650915e-02
2.127106597628642404e-01
2.948855622935105947e-01
1.356853072017758510e-01
1.983717550615586578e-01
3.144897372685951514e-02
3.989447904077737805e-02
3.082007218556146941e-02
1.096835237897691717e-01
2.616202081441763166e-02
2.882082567811340978e-01
2.194787802997617138e-02
9.223819655845223037e-03
3.104643975682481235e-03
2.840233989675479132e-01
2.251783790366501392e-01
3.471968812520043407e-04
3.190052861882770180e-02
3.518993757695629276e-02
8.085921977303342500e-02
1.090160534931929881e-01
2.259029087498602706e-01
1.482332015714679929e-01
1.196716831331005870e-01
7.010379910769067024e-02
5.223865906912301266e-02
1.200262007982484391e-01
2.143828681989261020e-01
2.952773388081602057e-01
5.019638305804282469e-02
7.842772252822420576e-02
2.858336903265905615e-01
2.042298975545334405e-01
2.138758017668835887e-01
3.539398738213334061e-02
7.008758706326737031e-02
2.477694672657665409e-01
1.045206582355239083e-01
2.804493554712882142e-02
3.405136956044777646e-02
1.688799224796560527e-01
5.573805469882763680e-02
1.419773916746998876e-01
1.421090146431050298e-02
2.024383446014181576e-01
2.737626817317383443e-01
1.395588952524726969e-03
1.784620215466486137e-01
2.533750688444452170e-01
1.413853699975329281e-01
2.463654076701239995e-02
2.523676501340609279e-01
2.298174822406647277e-01
2.376967975571935010e-01
1.544814637414692049e-01
2.226959807363654287e-01
1.102683058355682505e-01
1.920650875633461707e-02
1.861243279156820363e-01
2.184050016684233597e-01
1.395502655039028428e-01
2.539470776369004423e-01
1.143132877446528389e-01
9.856293596665446563e-03
1.572058031483498930e-01
4.729218421605468903e-02
1.862306805180221347e-01
2.931373050388504792e-02
3.920872989551427851e-02
9.442006109092110355e-02
1.036092296895945730e-01
3.137292843031514455e-01
1.896357766555314961e-01
2.942569768829708110e-01
1.767967713888612402e-01
1.157022290727084818e-01
2.134117565104998171e-02
4.299154493011993206e-02
2.041621295795055802e-01
2.326476783578362573e-01
6.557745597713302010e-02
4.689699090398315867e-02
7.020505355306190520e-02
8.051457059883312950e-02
1.169029287217094870e-01
1.453554090862416437e-01
3.050177616564255650e-02
2.542235388206799951e-01
1.255587097847657985e-01
1.935251471078348884e-01
1.782935325475817345e-01
4.559962562601631991e-02
3.037942619835673139e-02
9.121896483869604277e-02
2.034069706495741647e-01
2.345864998545607316e-01
2.735328029960479301e-01
5.468847070236834695e-02
1.826192380229335610e-01
1.597797164802980951e-01
1.574388100532859991e-01
1.425618618208759347e-01
2.533853458594327868e-01
4.529437480168228142e-02
7.828627931021589492e-02
1.757907935398656321e-02
2.154343447865041394e-01
3.426699614312458952e-02
4.492342294828996496e-02
1.685927746450482934e-01
4.763167217454372659e-02
8.446523896446919699e-02
1.189675420259442978e-01
3.106051137067861179e-02
2.316334148460191811e-01
2.152840213014372076e-02
4.752520999139448615e-02
1.770743756532447144e-01
1.965901010828795537e-01
3.871198628257874197e-02
2.427888739374843008e-01
4.046448814031719521e-02
1.891367004851516875e-01
2.516571887633032856e-01
1.063041277423413256e-01
7.374586443612476949e-02
2.666413533121617663e-01
1.370202455057179490e-02
1.628438228541284061e-01
1.498772486277171745e-01
5.060594749631296130e-02
2.671693141318936746e-03
1.291635075359914564e-01
1.676684561569816989e-01
1.777783531019273833e-01
1.068785065023192954e-02
7.662153034503956656e-03
1.108346770211657006e-01
1.357199569244328108e-01
1.347266880026450619e-01
7.803817838710438992e-02
3.638268493430889261e-02
3.340331469736761844e-02
1.687336748992521868e-02
7.085704668220829325e-03
1.352426650931763397e-01
1.158934510766493342e-02
2.614137117364715990e-01
2.018466814130764064e-01
2.495056113487723395e-03
5.299797456753459202e-02
7.146186613745818608e-03
1.717020836330098721e-01
1.072600397641072095e-02
1.712124202709845375e-02
1.531959673954276790e-01
1.102281777130342290e-02
2.481929991607224537e-02
5.936116171801691325e-04
2.786577044611875387e-01
2.874624030366165414e-02
2.460972646275432774e-01
3.042357827388621552e-02
1.217248962385817090e-01
1.448103945252076363e-01
6.473536583703705383e-02
3.354146335650699806e-02
3.098116860980514309e-01
3.251099266532065518e-02
6.261010897153837518e-02
2.375087444777556622e-01
3.003262453358357953e-01
8.430942727249136209e-03
1.978925815975013727e-02
1.095420852147957202e-01
2.990119761862273240e-01
1.370283084059238377e-01
1.412222653254046889e-01
3.021634720231774485e-01
1.413491660248525350e-01
2.436968880298062690e-02
2.944118251219953741e-01
2.074389489022247512e-01
1.741837513367154588e-01
1.332017250316220591e-01
1.645154822360394772e-02
1.559177534395504716e-01
9.646279058701269504e-02
2.396778986360492414e-01
3.008188109741290021e-03
1.190573478984539579e-01
3.608949460943744730e-03
1.502618080735386719e-01
2.873668304455216371e-01
3.117063513022024640e-02
2.567320852220849464e-02
2.226777737566988657e-01
3.474498274409339865e-02
1.904432287614924724e-01
2.441364429137472536e-01
1.931170490764459735e-01
5.149046538388954083e-03
3.000819818266230524e-02
1.979766741097630789e-01
2.706833454334222483e-02
2.295206926606873643e-01
5.379266273725063358e-02
1.413532348283697837e-01
4.407158305396087494e-02
2.271782811373731781e-01
1.538217789047775785e-01
2.825423052428220339e-01
1.025570007566919441e-02
2.618624152314962261e-01
1.179420543035471086e-01
1.935384665646638636e-01
9.302476863347501623e-03
4.151337503668669354e-02
2.015677649501022572e-01
2.282528663642383604e-01
2.547354021435009885e-01
2.718913736056697839e-01
1.580438119039138112e-01
7.363806798582486768e-02
9.706132823183885594e-02
1.057368322735004612e-01
2.682914900230558980e-02
1.628932835131762236e-01
2.418077049568332082e-01
9.584601641576137587e-02
3.944651298879347373e-02
1.628812004997489127e-01
8.849977069173868560e-02
3.351566822096916504e-02
2.981713718054541662e-01
5.098421897095625072e-02
9.092209392776920418e-02
1.402460064975960818e-01
6.220610717590930455e-02
7.638211207025169536e-02
5.769148664925504398e-03
2.619245273957575559e-01
2.343113347906473215e-02
1.499641531324865107e-01
2.468464108422809278e-01
2.467412070711955396e-01
3.381363555457114756e-02
2.792112792335373905e-01
9.884848240435997746e-02
8.323719417967455347e-02
1.476913226615222674e-01
4.085473355542097729e-02
3.128835871310947647e-01
4.288680051226829298e-02
7.766054559615495623e-02
1.676650719070920392e-01
7.374153307018098055e-03
4.412062345209948055e-02
1.217952209208247351e-02
1.535523284591879534e-01
2.157055786842009687e-02
2.891465643764313254e-01
2.050357282669902984e-02
4.864322978232533956e-02
2.007192259232485898e-01
2.571604409460523932e-01
8.572052334545925611e-04
3.047747260190793450e-01
1.170163812013306354e-01
5.112059639639517095e-02
1.976782521051663119e-02
1.024736409310567919e-01
1.682928687998369310e-01
1.197174426285334131e-01
1.293295687022605889e-01
3.475192974840828758e-02
1.384733867063762947e-01
2.123085237475615950e-01
1.309339522836946712e-01
8.409595761386408352e-02
1.126578993619367364e-01
2.675065346095555352e-01
1.277697431853708487e-01
2.316647014480824607e-01
9.291406864789475417e-02
1.083294384302057323e-01
1.980473644852283888e-01
4.523299410192350989e-02
3.380530310430915342e-02
3.324662220014690250e-02
3.633598940873171423e-02
2.621133754722307363e-01
1.431887012074513632e-01
1.580703101450245396e-02
8.203472954728440250e-03
4.822289927905797774e-02
1.187207381019029784e-01
2.608853621811952350e-01
3.912290171384348592e-02
1.791279464597863302e-01
2.529688480028099429e-01
1.433471979924900441e-01
4.538780736158026796e-02
1.861118271695893778e-01
2.672928257659707985e-01
1.907794410888044578e-01
2.638472523878539477e-01
1.526718815121768519e-02
2.023758557644012579e-01
1.760173513497730602e-01
2.518054264578943324e-01
2.210446369433705788e-02
1.330466544829011222e-01
1.485144247859575273e-01
2.433422537693330501e-01
9.092257272201910434e-02
2.465140502724934013e-01
1.705780918414072922e-01
2.560444388523105963e-01
2.839817686508466429e-02
1.870435037986020038e-02
6.301749852058409485e-02
5.703350123035316049e-02
1.831946511183947982e-05
1.236997942698333519e-01
6.966443051864416869e-02
4.430838317278807531e-02
1.923117142385636080e-01
2.855375070957151262e-01
6.966137608803388628e-03
2.109284821614837158e-01
1.757782743540176607e-01
1.243970443243105489e-01
2.223586154104740809e-01
1.865846558818486656e-01
2.056628642514171934e-01
4.815165222067110083e-03
3.155804449948268475e-02
5.824975062280261795e-02
3.103765958617875076e-01
2.111924500933308746e-01
1.630303857270199719e-01
1.458853618769926086e-01
6.417814987091974288e-02
3.143491900531028005e-01
9.704549578894593187e-02
1.568005069668334528e-01
3.163827651442855087e-03
3.865344790866991759e-02
9.583468179180332225e-02
2.270169809685728957e-01
2.235255166287281048e-01
9.883581749772940572e-02
1.230432157490999184e-01
4.624751727687400477e-02
2.698724448201085813e-01
7.938457375125448912e-02
1.729359980601222480e-01
2.976686624666145808e-02
1.316670359600016216e-01
6.528992357448902550e-02
1.147345258912491756e-01
3.120197280068190415e-02
3.118501888704005576e-01
4.939707725239761427e-02
2.190375297942902602e-02
2.288996860159155378e-01
3.432327769966422859e-02
2.220817736977334922e-01
7.634245752248800150e-03
1.037428723235445521e-01
2.919634831446416556e-01
5.578899815091187958e-02
1.752793013609156014e-01
1.586100002650045193e-01
