1.344747461244629461e-01
3.096957643884515887e-01
2.656264627416826674e-01
1.130821772563607441e-01
8.842360204912255717e-02
2.547649636514560667e-01
2.924437775239112636e-01
5.288646097439784338e-02
1.337547074418459214e-01
1.878038740142997931e-01
1.088473685749453412e-01
2.854974210239618060e-01
3.325050559273729500e-01
1.057087054512993590e-01
8.562757115389496576e-02
2.697523863120893650e-01
2.313908173994766171e-01
3.305194717918106817e-01
1.756094287416768429e-01
1.469422430770554733e-01
3.259221022615100827e-01
2.776931552596332842e-01
3.360381622070450769e-01
8.564829185146920210e-02
7.770423858854255683e-02
1.387733693635946897e-01
3.424594930705077145e-01
3.125182582966534173e-01
3.411101210934063266e-01
3.120920514161542592e-01
2.733383279450468661e-01
2.966147056308298113e-01
7.651251648318611875e-02
3.389247859134085772e-01
2.992504547330180342e-01
8.903456848225393960e-02
1.905611977976357230e-01
7.195839863897501854e-02
2.395401627652415377e-01
1.320392059595439649e-01
5.777496627881075625e-02
2.646891450911315613e-01
2.243393584867494350e-01
1.414532217108984691e-01
8.341621856340830643e-02
7.706637077126632374e-02
9.267336686301179405e-02
3.174045366243026800e-01
1.805891659314088349e-01
2.920221892432650623e-01
3.021633989755168059e-01
2.945185902543829282e-01
1.038227038873065361e-01
1.256086412711457934e-01
2.942567447028563432e-01
2.440929928712517460e-01
2.126168490510281783e-01
2.996068470304697473e-01
5.062925551806315289e-02
3.008463136167551788e-01
2.867810943953358338e-01
2.484267099409951107e-01
2.846431421855656341e-01
9.040136282394999057e-02
2.925248901709077143e-01
2.659136688712480656e-01
2.145219970908631424e-01
2.965818747955063506e-01
2.430391392129889194e-01
1.589275153964355425e-01
8.935735755452500761e-02
1.056077258778029548e-01
2.663096202665679035e-01
3.131448737152796591e-01
4.174728102451377709e-02
2.339377184294151313e-01
1.296794564736784838e-01
3.024033404138607439e-01
2.837706593765412233e-01
2.130488024689125293e-01
3.402077525370319488e-01
6.356378370308395087e-02
6.790002776664542938e-02
3.432567115930395540e-01
1.794188508755605593e-01
1.324706234192223886e-01
2.600924272208166022e-01
1.186107414831060886e-01
2.299401957547883291e-01
2.618019594157168783e-01
1.094743876661808807e-01
2.983854630741249458e-01
1.053613590551357032e-01
3.426050030727134099e-01
2.517330356555633197e-01
2.798486446839952846e-01
1.019200944956608484e-01
3.403991890227080486e-01
3.366300005302581555e-01
1.792644731674621073e-01
2.240081459479737747e-01
1.355969982996368117e-01
8.449920470832902875e-02
9.211336838874326083e-02
1.912361955265161617e-01
2.142518907279803153e-01
1.426420680392316565e-01
9.562881939161496647e-02
3.187005848381291861e-01
2.573230602074823570e-01
1.535309404792906951e-01
1.733436520022071381e-01
8.692401201073624017e-02
2.042215979109020252e-01
1.020071695518190991e-01
2.983424278588779344e-01
3.029785780752491386e-01
4.880404837150505853e-02
2.085511004490042397e-01
2.771851940617560683e-01
1.608032652099331550e-01
1.207310554216976389e-01
4.459109502261413699e-02
2.733795520195390627e-01
1.090433433453140422e-01
1.998324984053700681e-01
1.241766212578118561e-01
1.293373541239211388e-01
9.646655198658317387e-02
2.479950790887732737e-01
7.504493690787364391e-02
9.664839944345073042e-02
1.763937823385239856e-01
1.476213655245231515e-01
3.265986264802606676e-01
1.782989246016210283e-01
2.870329759614432263e-01
5.947530570778515602e-02
2.983725495850267917e-01
5.834923737403150540e-02
1.650239633595595723e-01
8.947733026594655026e-02
6.520329641799810227e-02
1.055732821543090838e-01
2.501315630893634068e-01
3.232424474419602345e-01
2.248067081108231224e-01
2.012339964373690837e-01
1.712309075369022326e-01
1.814636459227936816e-01
4.994831920891582011e-02
2.030603916859813896e-01
3.316418332068524766e-01
2.091750265908155770e-01
3.176829886302486861e-01
1.201654954022210314e-01
2.992524242348676422e-01
2.629794280774920834e-01
2.248252227088312627e-01
3.337289037347457854e-01
1.207122990189147121e-01
1.853292041182217076e-01
2.155022184628804516e-01
2.020753915403322165e-01
1.277857154275127693e-01
1.056785258067244743e-01
3.038596965307403530e-01
2.047760322338292305e-01
3.254119497533451422e-01
3.304310604747977553e-01
9.366118838169090743e-02
2.018947348274954534e-01
2.428510127567871379e-01
1.672309805368985824e-01
2.917104572186759448e-01
3.101861497969509163e-01
3.376635409629808460e-01
4.359228359111035761e-02
2.859851240845673881e-01
1.781336594556874597e-01
2.603267028424426366e-01
3.169009964558019976e-01
2.737047987873701960e-01
2.773533522634913373e-01
3.257645229037294254e-01
2.298132710376495080e-01
2.038404186996493617e-01
1.336894424849328911e-01
2.533217302900436785e-01
2.590493194379243080e-01
3.038410863023620068e-01
3.078775459554132232e-01
9.814259399775074333e-02
2.795964549689268219e-01
1.039361507474757390e-01
1.814795367095382583e-01
1.935920846275401286e-01
3.411687457139673252e-01
2.889226097956349992e-01
3.244113769909559575e-01
5.687404597612833596e-02
2.286083823874179854e-01
2.042710340488772258e-01
6.911093689888009317e-02
1.114926677236510177e-01
2.126458718051069952e-01
7.996361958663832092e-02
2.067209040132636511e-01
2.636781178886805077e-01
2.313514994058446794e-01
3.004859841533140119e-01
8.965567436071242291e-02
7.721085577026648439e-02
1.904229701944789299e-01
1.682101011773319832e-01
1.773660651017753831e-01
1.707031741789735990e-01
3.321079331028483628e-01
1.948988825798620428e-01
1.622714741278474260e-01
1.353783698936423530e-01
1.184653724353701282e-01
1.172072065190369189e-01
2.725525547920268354e-01
3.261563946069581665e-01
1.369629786356272028e-01
2.525066779428570274e-01
2.502327478152202023e-01
1.794419776238153352e-01
3.377971315411734676e-01
3.241656785818912700e-01
1.226246655032802862e-01
1.276469449983612392e-01
1.656041811640046046e-01
1.706129614955179119e-01
3.079033531113813948e-01
3.339482202140011680e-01
2.990877995468261275e-01
3.232726642189296395e-01
1.280162027372973299e-01
7.882717492048750552e-02
5.944895322199504617e-02
2.972784265358531797e-01
7.931187759474282728e-02
2.129766246834738641e-01
9.757041651549032413e-02
1.091922314702899327e-01
2.791115493824030680e-01
2.275102544678337668e-01
2.133605940246263155e-01
3.149188332187821682e-01
1.986781234252412986e-01
1.380082167128434678e-01
8.942692677313061889e-02
9.491531276834004605e-02
2.100845441236533773e-01
2.787738305814664863e-01
3.104040873488096985e-01
3.084549601074750291e-01
1.606260876951782213e-01
8.010071759961276405e-02
3.434870806421365108e-01
2.864240006756944013e-01
1.876467597457213698e-01
2.578516759830559724e-01
4.081772752560719475e-02
2.560481857005487694e-01
6.802039459151339174e-02
1.519044461111824784e-01
2.994731539059041769e-01
9.281962083748493408e-02
2.008610158607709584e-01
2.806389577117991974e-01
3.139530030222791868e-01
1.382952917513305124e-01
1.391436569768086939e-01
1.618803073575081908e-01
1.091724737757524960e-01
6.052442151656679814e-02
3.068817744401554637e-01
2.710806346534066491e-01
7.624448820306829744e-02
1.399563675288243159e-01
3.050700158123599848e-01
3.057328722696634471e-01
2.573522717808826021e-01
3.081720961307197748e-01
5.366228724983947151e-02
1.951740771900663252e-01
2.642452677094952462e-01
6.840007553442692401e-02
1.561855263028736895e-01
2.878464764888366001e-01
1.715286506697411284e-01
3.138351146301741612e-01
1.455822860667966845e-01
2.868041677870688533e-01
2.866360248664987509e-01
2.622811017363442798e-01
1.027737558422976150e-01
5.709058264734873794e-02
2.438454173024538207e-01
1.928881587126535513e-01
1.083970809673345387e-01
6.145789130003923711e-02
1.370527469926877406e-01
1.984142671394489577e-01
9.037986646992338113e-02
3.201013402993536094e-01
5.271993109551222079e-02
2.837505028198918366e-01
3.215492438224046845e-01
3.431470403749175002e-01
1.886403569649606482e-01
2.948287813154452097e-01
5.768959750475573245e-02
3.165907273625077623e-01
1.366225088019018541e-01
7.803895222690433731e-02
3.428085577357748437e-01
2.980542885872653480e-01
1.072504918593505940e-01
2.995428912819214640e-01
1.071912046102391491e-01
3.144292783410492786e-01
1.284059315267654100e-01
2.111954994984267808e-01
1.308609010345327672e-01
2.635831162213063128e-01
9.831280619192166170e-02
3.230856107978536951e-01
3.125776018648641630e-01
2.914935029140577893e-01
6.976541441545554278e-02
1.630410107700922817e-01
3.184429688933895219e-01
1.732150732004598959e-01
1.600122948274178281e-01
7.935701560526883802e-02
1.318201913764094069e-01
1.689640615734384621e-01
2.628950953568582882e-01
1.432725211884897931e-01
3.194240188011872039e-01
3.395393204506705342e-01
2.674082530465397567e-01
1.592037352580074061e-01
9.005439786812283187e-02
8.292052829327495322e-02
1.963770158900668139e-01
2.998474548046093924e-01
8.697086674561453623e-02
3.318061201759712753e-01
8.352756117399179336e-02
2.851934503166404511e-01
3.027022217735496623e-01
5.563144758072441354e-02
1.078780745107610073e-01
1.353753120109351116e-01
9.382114913530520406e-02
1.738057435756747704e-01
1.132852266042272543e-01
9.492904757520317927e-02
3.404615574632051112e-01
1.686527657382716483e-01
2.465512414936038843e-01
4.587178973986602570e-02
2.391032260832151035e-01
2.058432998421525217e-01
1.962709886237578305e-01
3.308925147241015274e-01
7.443289308693892825e-02
2.953549440343717358e-01
8.782686901057958073e-02
9.963040645880107127e-02
1.578785672967917830e-01
1.644786765073418255e-01
3.268818540982051934e-01
5.120327023378050402e-02
1.343683315498612196e-01
1.718641695835693151e-01
2.958257237051183930e-01
1.560986754150950062e-01
2.983094298781337472e-01
2.366211163715607468e-01
2.640089025514344989e-01
9.045677150188384530e-02
2.904492467192233418e-01
1.100440216157304030e-01
2.734224824509470242e-01
2.803897590517337446e-01
4.066096636364668199e-02
3.241777072819331251e-01
2.921216699622787294e-01
2.450296788216999311e-01
2.969345535350493281e-01
1.269879045232261139e-01
1.875426708516591823e-01
5.599769727365461885e-02
2.921207708978812989e-01
3.357899439109210404e-01
3.344355241293901493e-01
3.011082009469897569e-01
9.156112348862346928e-02
2.464541807067223145e-01
4.604732945017846191e-02
5.613205273706355775e-02
2.736353654467441610e-01
1.957356494606308783e-01
2.341388980590567159e-01
1.017821193181923101e-01
8.076252453451963909e-02
7.061345555707350397e-02
2.571159203383998615e-01
9.449400065676889782e-02
3.401842483769091374e-01
2.363349936966203380e-01
7.201698781623457057e-02
3.163670079960375081e-01
1.543103851312974117e-01
9.297458306931313810e-02
1.377990746123397003e-01
3.125906422406063423e-01
6.910336280016067534e-02
2.239608752062613450e-01
8.544966384966318218e-02
3.140713236892123117e-01
1.829491184373517321e-01
2.159236988707863847e-01
3.109780018885835440e-01
2.972423751329621999e-01
3.213888775211473092e-01
1.302875031457594868e-01
2.102630774376162415e-01
7.805356709771432699e-02
2.500627568096764342e-01
1.526289630228366834e-01
7.996720759977396509e-02
9.797453261044870854e-02
2.485240998924796441e-01
2.596099443537723261e-01
7.011629038517207257e-02
8.459140265013659343e-02
2.730927823265832388e-01
9.168115911693552889e-02
3.451316257962750988e-01
2.897104273810088282e-01
9.305313361157824259e-02
4.807914728341552979e-02
1.171828500432162412e-01
2.427013140505346889e-01
2.576351719453596756e-01
2.124063302129036712e-01
2.302338589520746825e-01
2.471108487736689563e-01
2.693180588402679376e-01
1.721269543414790382e-01
3.143160414625631449e-01
1.610770314371166301e-01
8.746100536638010126e-02
2.916350578426604723e-01
2.221633355788751596e-01
2.180097148290693621e-01
2.195047299276036701e-01
9.155762838763058242e-02
2.324880214033228365e-01
8.473365517515969725e-02
5.180272067344014741e-02
1.014531136008027246e-01
1.187502993785077704e-01
1.008057501383418653e-01
3.162591896643664469e-01
3.334058360216329842e-01
8.273828994362737721e-02
2.841327320410059754e-01
2.273929460739564923e-01
3.391437012733186651e-01
3.386309225862370598e-01
2.797215056233762764e-01
2.307966439627616440e-01
1.690134139314807271e-01
2.408760488959923174e-01
2.936473070006264674e-01
2.453477524604596172e-01
5.859332476360482045e-02
5.402907213676091253e-02
2.518442307036041772e-01
3.215475758751799584e-01
3.101199145613292574e-01
7.955892979242643048e-02
2.422883324590726084e-01
2.046071082406336894e-01
1.451279580734581298e-01
1.295395109567715475e-01
6.619890100452759107e-02
3.295539357614205023e-01
2.074108073220699566e-01
5.456107445498555725e-02
8.140814471617556503e-02
2.989449662835328425e-01
1.058247075383800667e-01
1.110288127484336668e-01
1.066781191232765991e-01
5.907773839286131756e-02
2.648642826542810802e-01
3.438144874604640022e-01
2.320797915366991926e-01
5.570311601200467200e-02
1.298024121624420102e-01
9.878145056503399857e-02
2.234012242138807558e-01
1.846056768835547535e-01
8.210877999809949868e-02
8.052705494231648942e-02
4.918212384184388747e-02
9.336991858459486870e-02
1.724887102270585559e-01
9.236147765610851212e-02
2.722029645018192445e-01
1.549170940278464526e-01
2.043290744946768267e-01
2.225979943238947101e-01
2.838654405038515405e-01
1.149382942208575648e-01
1.327521516090329479e-01
3.094189892039893031e-01
1.631491535445021845e-01
1.193408356398456965e-01
2.213531390367956542e-01
2.574599541258096314e-01
2.977088309601910732e-01
3.320191207803850353e-01
1.757893969047997773e-01
6.270507764033787790e-02
1.363653439455412841e-01
3.078846838826450050e-01
2.745831032185963028e-01
1.378878481929014244e-01
9.319695650676090848e-02
2.329472844159879152e-01
1.263477120364988049e-01
1.686613769871316004e-01
8.987721077724981911e-02
1.815484514401958238e-01
2.981399827906793254e-01
2.989944270521912029e-01
3.434602247513967588e-01
1.875379548155113874e-01
9.258573789844727620e-02
1.563348497158924821e-01
6.998850394281307119e-02
2.952817222257275720e-01
2.918710708517814889e-01
2.429572454408423232e-01
2.000542896472266019e-01
3.009682339522137262e-01
3.326408775639660420e-01
2.388666032911171133e-01
3.014158079506553123e-01
1.610048216825173406e-01
2.965260737291047777e-01
2.990027038401967818e-01
2.045957649577344051e-01
3.458486191437247226e-01
3.323641950297834824e-01
2.702787455655293325e-01
2.842448904829260048e-01
2.153323913842495052e-01
2.960061564330792594e-01
2.010475135534990354e-01
2.795200609255609203e-01
8.907042004753838726e-02
2.874458064301147475e-01
1.260756189570019781e-01
2.081282325081931783e-01
2.743932236003788772e-01
6.360795232800668664e-02
1.156192774954580421e-01
1.657005426666482428e-01
1.848690993647665037e-01
1.007978978711060597e-01
3.086622502117329914e-01
1.176212025168516667e-01
7.515045187709983032e-02
2.186358811516762868e-01
8.911935320321608123e-02
3.164264235755782084e-01
3.053555735655512637e-01
1.641211518788809054e-01
3.182690058508489961e-01
3.216633126725687020e-01
2.304601564390160173e-01
6.623893770274678905e-02
2.071128148903000898e-01
3.340429181044661799e-01
3.190022594282277413e-01
2.540931187586877860e-01
3.247805843346744381e-01
2.717798709227006726e-01
1.019900325105102812e-01
1.027323567286241301e-01
1.981854757027136094e-01
1.437427405773745170e-01
1.198196039348067843e-01
1.135418880255120305e-01
4.625180241332817882e-02
8.955872668358463851e-02
2.608489998727469006e-01
2.863734348630255222e-01
1.913333782508113146e-01
3.290358067564301825e-01
8.103470792208143647e-02
3.205749963096439226e-01
3.382947083549220357e-01
2.488101282466676778e-01
2.445653111029016391e-01
1.116776282495503536e-01
3.319618959568085281e-01
2.454635903750383985e-01
1.515267641625161754e-01
1.035072877490294807e-01
3.434372525889194949e-01
3.212530796891114315e-01
1.040237101120973506e-01
2.006780973368903487e-01
4.939215978985812827e-02
3.107486956976263093e-01
2.705198328581187583e-01
7.750354282882544743e-02
4.196011131552141588e-02
2.185129395116231776e-01
3.000585542861951005e-01
2.062337551063154195e-01
9.987923762671642447e-02
7.867584273576556930e-02
5.490252497986757713e-02
6.577851860858881239e-02
7.397430322822634574e-02
7.503834413586357721e-02
2.541373003578163425e-01
8.706951438836445234e-02
3.445410777181195372e-01
3.323966364618716751e-01
1.263001023930681588e-01
8.692356934076826691e-02
8.070235622342197823e-02
3.174601244317781790e-01
2.601867760062279711e-01
9.182229111506824693e-02
2.698258406529654985e-01
1.084521339559771230e-01
2.936003360263265693e-01
2.421528040402766146e-01
9.934608399746368279e-02
3.427844848286824564e-01
2.562382800325412879e-01
9.068661557467339041e-02
3.401963994981943573e-01
6.239433346916503642e-02
3.366201117145160016e-01
2.838063344095606011e-01
2.115591755508518801e-01
2.338657918063669072e-01
2.554991947734588931e-01
4.889322479072662209e-02
8.866360399182253438e-02
3.096763316647341835e-01
9.747231066261122234e-02
1.434687457045549508e-01
6.040800108137338309e-02
3.272178640906259761e-01
3.430298712809932149e-01
4.076065405904198691e-02
3.184025267638049272e-01
3.121213861342103102e-01
2.437949969984760656e-01
6.187441901510151027e-02
2.772954377554741612e-01
1.959577282451041014e-01
2.912468869460729803e-01
1.982872260158622113e-01
2.751201310139247957e-01
9.571203630123868711e-02
1.917849173970038457e-01
3.035900470366522663e-01
1.600699464434792163e-01
3.179699275145258519e-01
7.131525112085805584e-02
2.607850515136918013e-01
7.176646567749414563e-02
3.077708363611417752e-01
2.019379682538182119e-01
1.750387443649187580e-01
2.420023978482422344e-01
1.010335693313029609e-01
8.878767870469245205e-02
2.815165959157376330e-01
2.865932754191459764e-01
1.546050493223400102e-01
3.342245706002112127e-01
3.242290732690982225e-01
3.407526748813208273e-01
8.882826352827044580e-02
1.464819509042591672e-01
2.944837708435046331e-01
1.997654857425078534e-01
3.457751794537715084e-01
7.041479627568741906e-02
6.674655363322230806e-02
2.702003623743539640e-01
2.812995964039138874e-01
2.682086230989190190e-01
8.554482607860558474e-02
1.585631835554595082e-01
6.787099574057291196e-02
3.314886679540401393e-01
7.217107806592894248e-02
2.009610846707284293e-01
1.184111970118090634e-01
1.446585907993158671e-01
2.856420496581517088e-01
1.701991241634465413e-01
7.526164475283383948e-02
1.777114331889881049e-01
2.263890949665477437e-01
1.911206220488015362e-01
2.393375282727863429e-01
3.176721111817265575e-01
2.679823267562757017e-01
1.048297728384302990e-01
3.310553874715602696e-01
3.338412202204704138e-01
5.566349794890104730e-02
2.556008748947719011e-01
2.083326482725630646e-01
3.098393972562136778e-01
1.033528065510612576e-01
2.761704158465358439e-01
1.120027845091058211e-01
2.768919584848533177e-01
1.603290250417706009e-01
2.910622113241127518e-01
3.129559987885339734e-01
2.121960721378523262e-01
2.559106722488857510e-01
2.614768248385393457e-01
1.045815840500916721e-01
2.432863012095460853e-01
8.031078818163973898e-02
1.822632052855643059e-01
1.531790766141935267e-01
9.899738082292862396e-02
3.338235842957225641e-01
1.381325498346190617e-01
1.661148982599638946e-01
3.305900617866305846e-01
3.247871773558068109e-01
7.919974156947147403e-02
1.818271564560091369e-01
3.155566355425828973e-01
2.221878998062704058e-01
2.746459890908671264e-01
2.716424665646692826e-01
3.075033589821061231e-01
8.912451709971407066e-02
2.008922789441396350e-01
1.108853339708776448e-01
2.416237679441757269e-01
2.276878825143619500e-01
3.285309374786861136e-01
1.654337966207997390e-01
1.060084765640990911e-01
3.275086292967556156e-01
2.275927384742878201e-01
6.570326851786570388e-02
2.830284384458915392e-01
2.772192394750807587e-01
6.620303710366598482e-02
4.664608053310598940e-02
2.616743717948242787e-01
2.048844291392893646e-01
3.387686841238436442e-01
1.650082235001591735e-01
1.581632740077147936e-01
2.787899132024587168e-01
2.361446911015464278e-01
2.774916141885417353e-01
3.279548345893064654e-01
3.179128763172125449e-01
2.450723673107785272e-01
3.093478875505197290e-01
3.377326279860352609e-01
2.400683915747901520e-01
7.107850961537413859e-02
6.253163999843305842e-02
7.771594968529205172e-02
1.985623144198807311e-01
5.073982609027335305e-02
2.469771256715244945e-01
1.803132609198853376e-01
3.179062115349426398e-01
1.828674501755513937e-01
1.198172075434722483e-01
2.082562968698712935e-01
2.187624034481604474e-01
7.989960625926036120e-02
2.833519690162252247e-01
2.375828912790446112e-01
3.023590048417829079e-01
2.852733790621767573e-01
4.889440794947470109e-02
9.093098012660952301e-02
2.273402082399754442e-01
3.104178862565137309e-01
2.933680494792976767e-01
1.247804386824491185e-01
4.083332075129265243e-02
8.542493041231438711e-02
2.509642111562764843e-01
2.896409078394725500e-01
8.529755854328596731e-02
2.251158896532624853e-01
2.705708786912685571e-01
1.427871758644304878e-01
5.899856354290683447e-02
1.021158847837728700e-01
3.191451361132494058e-01
7.695789698269411838e-02
6.467246952967105333e-02
3.017245841677941298e-01
8.704390802476370814e-02
9.419372392585804998e-02
2.766352988133101709e-01
1.428706805129314195e-01
1.481390445903809916e-01
8.832141560260600710e-02
1.380072818863356532e-01
2.837231971195444125e-01
2.985544666902595345e-01
7.281961259601850422e-02
1.349508178958279681e-01
2.085566718518009899e-01
3.163335640031648133e-01
8.706077651861221511e-02
3.199756423499353075e-01
2.807945715193969627e-01
9.941334643958692208e-02
3.077226659857206226e-01
1.034066741119494121e-01
9.257368940640238464e-02
5.012611083756891850e-02
1.134739703237535730e-01
1.317824972624906110e-01
2.227611728344889852e-01
2.271952964805761532e-01
2.365493142317379449e-01
3.440494540057691952e-01
2.078868511114204953e-01
8.643027105315370662e-02
1.517786337313242473e-01
1.516612767528385253e-01
3.036179068959827809e-01
3.332761729955657226e-01
1.164962890923478267e-01
2.960022058134620937e-01
1.961028147874304406e-01
7.345284553380473924e-02
1.006458717483777188e-01
3.433341040105952757e-01
1.788491313084004664e-01
6.315725892617875259e-02
8.257279067862800803e-02
9.259549117422516407e-02
5.343222165714697769e-02
3.082611176377789142e-01
3.081480069699603086e-01
2.399727375829891762e-01
3.393037064835502381e-01
1.182756408353101280e-01
2.735564942870646332e-01
9.071175011910359576e-02
2.736446261281061387e-01
5.837159360529250995e-02
1.157376407303318117e-01
2.673147955454188707e-01
1.683985534664226846e-01
2.643956371972612240e-01
9.136703642601673447e-02
2.047660019590086811e-01
8.826911098136397404e-02
2.766415964029018681e-01
2.190759024863950244e-01
9.789357970620807259e-02
2.517529649515303780e-01
2.815470607938604375e-01
2.643698302653587073e-01
1.811538211875592386e-01
1.824702162592972687e-01
3.195486225795952651e-01
3.398397082384614354e-01
1.818416844626541962e-01
1.234023753249473832e-01
1.292728296528388443e-01
9.130428277421731575e-02
6.059548750843224418e-02
3.303279277836294603e-01
1.784788868895465230e-01
3.066278984943892616e-01
3.385030132777755441e-01
2.167262759949109274e-01
1.642591031838214199e-01
2.954633581849287483e-01
1.606675309496499171e-01
2.881210412890968797e-01
1.018161550598876280e-01
1.648445523007733005e-01
1.915010809791575785e-01
2.502358486618784239e-01
1.400901113247157159e-01
8.827361176476529459e-02
1.619009396962132752e-01
4.350843330366802736e-02
3.150719086888192355e-01
6.914283281393979186e-02
1.938487808004097090e-01
5.979971650192352634e-02
2.165718487953207372e-01
1.312629597528063852e-01
3.209098800128597495e-01
2.101253261671771344e-01
1.038116813837106495e-01
1.201208572472773628e-01
2.524461081415282360e-01
8.419998550375841495e-02
1.561664926172817436e-01
3.116067368671010529e-01
3.273978591938753735e-01
2.975646681119707981e-01
1.054738237381359217e-01
3.177162178511186430e-01
8.460372250191827703e-02
2.247753746519554896e-01
1.070360002068710820e-01
1.508494321263445237e-01
1.424868141835045621e-01
2.056798219374024739e-01
2.889144510615150319e-01
3.051916922118136366e-01
2.690974593534837811e-01
2.189451841144304245e-01
1.161927630323741634e-01
3.314909555058648816e-01
8.157481710552569321e-02
3.459380391441360114e-01
5.444235907332153207e-02
3.031128019069228019e-01
7.564297168822514683e-02
3.314163090969362013e-01
2.889572142953350520e-01
1.340697246867847137e-01
1.322597798807493008e-01
2.892255334930079469e-01
1.422810206522705234e-01
1.441069236660126596e-01
2.874244937501129749e-01
1.419375438752266960e-01
2.881268852114744483e-01
2.040865003992932969e-01
1.953019253136976940e-01
3.190923827369342991e-01
1.346586188086809632e-01
3.250368205908265029e-01
3.147554644498234966e-01
2.081345230795350887e-01
8.627892755663202351e-02
1.830786372376514703e-01
3.347572277483933934e-01
3.058600735877903265e-01
2.759963046178276480e-01
2.039417557822041649e-01
1.929807415344967358e-01
7.915012871237994685e-02
2.258414495068369887e-01
1.864130640365627423e-01
5.860130251809038404e-02
4.159599017615246003e-02
9.844405019923167799e-02
1.699202277631920166e-01
3.326572637734941384e-01
8.512947456694437698e-02
2.670561117496932368e-01
1.077851153420211622e-01
1.390498519511675635e-01
3.308167525480670834e-01
1.577308482686413937e-01
1.129234557272602024e-01
1.063488202103293756e-01
8.986170748589604462e-02
3.204839368641965724e-01
1.604007007250560501e-01
