4.369032619204429174e-02
3.446339194529126071e-01
1.748041111400435721e-01
2.493827095884441070e-01
1.690809789604383051e-01
1.369313979769796186e-01
1.709033143188009862e-01
1.208961915997420478e-01
1.010845531881797710e-01
1.018596274645628685e-01
1.324987582565646804e-01
1.403187763862553672e-01
2.130534801160145486e-01
2.413588243198621364e-01
1.169334988092630839e-01
1.280017231077143214e-01
2.422889999503347880e-01
1.717708224247845028e-01
3.110582280898207541e-01
1.650945341725747195e-01
1.361146833251673516e-01
2.503718588698090608e-01
2.345834987441745290e-01
9.919012267637544733e-02
3.234675796743132214e-01
1.227988473672033121e-01
2.463104261069654355e-01
7.250451691973644475e-02
9.869394174713939927e-02
2.190987543030635532e-01
1.598904516044275526e-01
1.868344723410179653e-01
2.261719708550073704e-01
3.188365554283255632e-01
2.564514775493147436e-01
1.466323997452186334e-01
2.810020550871543676e-01
1.337557183777249026e-01
3.332791950918221890e-01
3.368592046768533188e-01
3.019759896043631708e-01
2.564320592687358569e-01
3.013480112210790152e-01
1.756693236457547991e-01
1.226455979079497244e-01
1.455878772702369206e-01
1.719080731127211048e-01
1.319060355783248095e-01
2.754641592176624854e-01
1.376046794691104247e-01
8.271910374599178439e-02
1.538168626767055236e-01
1.580656962217017736e-01
1.673930835792838412e-01
1.447533844628691724e-01
1.069900899612423600e-01
2.082894472920428508e-01
3.182015702898949860e-01
3.031207421422327797e-01
3.498739431900555474e-01
1.084029772909425454e-01
1.226283452693290310e-01
1.158597664904599117e-01
1.510279729797436021e-01
3.239710168987525174e-01
3.261007217156477456e-01
2.824955727111710391e-01
3.308620701249572194e-01
3.156425318296310900e-01
3.257880014241651412e-01
2.935137415044366538e-01
1.651672293830231397e-01
3.339776071287973713e-01
2.797497358240342291e-01
3.344590375161715645e-01
3.458571008891279108e-01
2.476116198611691688e-01
2.471278494562226813e-01
1.053289504626537809e-01
2.304291008726740697e-01
1.842582886321612046e-01
1.881715192464354369e-01
3.041141472669516288e-01
1.208595408445646835e-01
3.314971802166174486e-01
2.558749288945932898e-01
1.382042757478500472e-01
2.807647956886094032e-01
1.372020402887977608e-01
1.724742615405878421e-01
2.505291657189566146e-01
1.065986951724787746e-01
3.036555270313724408e-01
2.086421169988948165e-01
2.419437006696758541e-01
1.337896488121228522e-01
1.882637737087594354e-01
1.810258823040995224e-01
2.804376851441485186e-01
2.213184403495026542e-01
1.574783513908322441e-01
1.324022665163619716e-01
2.889683471960431405e-01
3.488795081285857025e-01
3.036932735292190433e-01
2.131359482608312095e-01
1.604006435124934460e-01
1.435329334210241614e-01
9.011781909323206274e-02
2.691855464609079762e-01
2.437797299576094090e-01
2.662698158154033212e-01
9.996677675621121195e-02
7.576824031790363456e-02
2.742857588589133200e-01
2.370516310525650761e-01
1.394822145763217058e-01
9.037401615170016778e-02
3.165176570286047375e-01
1.552784197070372352e-01
1.367881429891430467e-01
1.630022885677271660e-01
1.809615039473290998e-01
1.784593301743232774e-01
2.023896794839689928e-01
1.412811212076784395e-01
3.017660898026540417e-02
3.146228848800435296e-01
2.487224667288288338e-01
1.885811992783124613e-01
2.749647220527030589e-01
1.389717384385861509e-01
1.510597027060187336e-01
1.295860207669725928e-01
3.309649889585674631e-01
3.022616541697732417e-01
1.129606377647222742e-01
2.207097557052697390e-01
2.831607466308082022e-01
2.361058244913380733e-01
1.349098191380808109e-01
3.248725922015838208e-01
2.995648467325108255e-01
2.973502649981395463e-01
1.417557133917457524e-01
3.337390599681872572e-01
1.866129857649369839e-01
2.892756367154810659e-01
2.255193533544523898e-01
3.379870308776535270e-01
3.258659688961376699e-01
3.307037833789442938e-01
2.789472718049457733e-01
2.827565759733652317e-01
1.446052139845591666e-01
2.358479722146099578e-01
1.534739752041183736e-01
3.137841286927504636e-01
2.357259285696824969e-01
2.161363302125064445e-01
2.287230678778235105e-01
2.940402321632749616e-01
1.447482254946925451e-01
1.501032840078460051e-01
1.432284095351945286e-01
2.110517868875299019e-01
2.106547453540810189e-01
1.308779430017705803e-01
2.895294217320006913e-01
1.160583931902056110e-01
2.294440766895407824e-01
2.135171493767141770e-01
1.416052154812837693e-01
2.702302357038347536e-01
1.097196517359624729e-01
2.898375899627910202e-01
1.328407707425457163e-01
2.018370152060955103e-01
1.383871460128534014e-01
3.174677245817694726e-01
2.080246316021187314e-01
1.986853278419309643e-01
1.827066767197467467e-01
2.547189029204549593e-01
1.202751364901976094e-01
2.436985260604604409e-01
1.634745573699912247e-01
2.569835825589021905e-01
1.999242390322715779e-01
1.323512098436614992e-01
2.465900242938297293e-01
1.837790650699279160e-01
1.467541988669408548e-01
1.859269432424027757e-01
2.527631020020104646e-01
3.042594971430730433e-01
2.032090033299115972e-01
1.069758410931057752e-01
1.200794374342898096e-01
1.348021219546336746e-01
1.427873674695077366e-01
1.046833217094224611e-01
1.596096216282310021e-01
1.358935157358728829e-01
2.346886022830457219e-01
1.649437566204022820e-01
2.307600953202067484e-01
2.403643168687736309e-01
3.358346796676847656e-01
2.399376092459406529e-01
1.665289746594550147e-01
3.018850530131094168e-01
2.289846101131230993e-01
2.611380369356804954e-01
1.663777499395129589e-01
2.603380634837249574e-01
3.449741039698094869e-01
2.365826140256156451e-01
1.396292416716320706e-01
1.281506261100430755e-01
3.581697624288474654e-03
1.462277555902335990e-01
2.596300797261961169e-01
2.336337436786080357e-01
2.355120755646009645e-01
2.835191462330709511e-01
2.277734469530000305e-01
2.883474997405032214e-01
3.176618277179381611e-01
2.646238041652754780e-01
1.600247588611079241e-01
1.412662175804490494e-01
2.209509489786889158e-01
3.151013866949502473e-01
2.421885111816971525e-01
1.506387143832538245e-01
3.140892641702885957e-01
2.287423432751973518e-01
1.545560178232019410e-01
1.242894722160755999e-01
3.436868350880153411e-01
1.528696013922748176e-01
1.810521815868303130e-01
3.068539376165886345e-01
2.746027570775887994e-01
3.302426082278221986e-01
2.182871606680980847e-01
3.454706697335482302e-01
2.775881306465941556e-01
2.256529142261163301e-01
8.259365750624021729e-02
3.091448970434858556e-01
1.562836872649862041e-01
2.069472613139781147e-01
3.046251456216774733e-01
1.280492264319072482e-01
2.606877555297247295e-01
1.050953003341252578e-01
2.075202874532006414e-01
3.050927024056098724e-01
1.261598889670868251e-01
3.318228743760011645e-01
1.182370074551749306e-01
2.940768745755575342e-01
1.223822068051552414e-01
2.088120132885324109e-01
9.766167923220132885e-02
2.107120623044099750e-01
2.482719505276550498e-01
3.317168316463089961e-01
1.506137643901627743e-01
1.816387290160821899e-01
2.724275985695073232e-01
2.064976324692362475e-01
2.895509519359278361e-01
9.591303447227483847e-02
1.173259684244399997e-01
1.487737411197682103e-01
3.474938771932018500e-01
2.545233051745273700e-01
2.139287484554878160e-01
2.631567067515774294e-01
2.056510602924802866e-01
1.500762442355666193e-01
1.674564129797220802e-01
1.107138546225480413e-01
1.477283704687993027e-01
3.065771134361524597e-01
1.254914403902037401e-01
1.346268600479456068e-01
3.237766933490280330e-01
3.186524751391691668e-01
3.330353588693730771e-01
1.098978772068704146e-01
2.096850609409466881e-01
1.374846322134130328e-01
1.381100390278247048e-01
2.018446523976816787e-01
1.855241410372028554e-01
1.663596139670142360e-01
2.193890055990020127e-01
3.358611786523686416e-01
3.371228722670555067e-01
7.590260207356820665e-02
1.382049973107672136e-01
1.938641958553589673e-01
2.058182260560351418e-01
2.325109117932925296e-01
2.142793523030987191e-01
2.609263002745828564e-01
2.070905203735150524e-01
2.390283025032848008e-01
1.588159606357081588e-01
2.299693265077340509e-01
2.793158041417405646e-01
1.134804981513434091e-01
1.103207270162913922e-01
1.280837291342460105e-01
1.460797565875784632e-01
2.620277625559352952e-01
4.217917709381942271e-02
2.609042001966860869e-01
2.429670072018255966e-01
3.056714411356784566e-01
3.414539035925418520e-01
1.843074066352736184e-01
1.731035412209844249e-01
3.145102241277723532e-01
8.014319962809336728e-02
3.008445155371300417e-01
2.636194323717261367e-01
3.172067020869753784e-01
1.065621882128731795e-01
1.547970199535313451e-01
2.809530787918593231e-01
2.082012950547480756e-01
2.373122441104630054e-01
1.420084073898314203e-01
3.322829633544256422e-01
1.526122360167656011e-01
2.182043645743297622e-01
2.609088244498070086e-01
3.281875155965514601e-01
1.491636685808434837e-01
2.192372578046156983e-01
1.540047520671987136e-01
3.296805200976185013e-01
1.306940377428086608e-01
2.947365984066243061e-01
2.958272337069011715e-01
1.038558890627076375e-01
8.749455329267516457e-02
2.563460302332208340e-01
2.133723750290036358e-01
2.914412585254398946e-01
1.468593427990121381e-01
2.487199617794177697e-01
1.860690015803396213e-01
1.646984983345043119e-01
3.420382929665040095e-01
1.258229311221712443e-01
1.644140518243064342e-01
1.131038036989256701e-01
2.441424685954982909e-01
9.722225356373827287e-02
1.447659048629390266e-01
2.017257954876592874e-01
1.302117942128737105e-01
1.320456101315166386e-01
1.935958429813999515e-01
1.427332881513014018e-01
1.928487540571389713e-01
1.671066286275472712e-01
2.062828159975935161e-01
2.612552509515465582e-01
2.392781808585416059e-01
2.223345948006024420e-01
2.386290543723461888e-01
2.115104434146198864e-01
1.320374467130208118e-01
1.657695887625861009e-01
2.659034842066910209e-01
2.877342329460820802e-01
1.824259002121733919e-01
2.564832529348399226e-01
1.529125026708253732e-01
1.040183178289231097e-01
3.002764046402975895e-01
1.638061568210294194e-01
1.495986464292654583e-01
3.088144320335782234e-01
1.961941682340338500e-01
3.405083242823013778e-01
1.419484177226298660e-01
1.270157408957116874e-01
2.568057453935256307e-01
1.786262686411482503e-01
1.564305159062179540e-01
3.383409848171129997e-01
3.134655955005662409e-01
1.327251387703725083e-01
1.058224808375850812e-01
2.416786833565547077e-01
1.296268911524491863e-01
8.356845368303722488e-02
2.267734462220562242e-01
1.451939513088827127e-01
1.573552847046287284e-01
1.401435644936406266e-01
3.457610578100055454e-01
3.094521709200037662e-01
2.652506124630909980e-03
2.979772645239525120e-01
3.079142526893960397e-01
1.608487298172363300e-01
2.151479982409175151e-01
7.306081711431038073e-02
1.338017006274350718e-01
2.515822069743438583e-01
3.218482078892637710e-01
1.403984411858771320e-01
3.199632253445158225e-01
2.451507431553463789e-01
9.471536242575373521e-02
8.771736810323700617e-02
1.598718084286688546e-01
2.371542695169965576e-01
1.397743686298109633e-01
2.310493174456199339e-01
2.942596776666465130e-01
2.877311366674184523e-01
1.168409754427085362e-01
2.172715274353743398e-01
1.715959787933915015e-01
3.154226093694535438e-01
1.798024510040200363e-01
1.404034658010813452e-01
1.081601388459656893e-01
1.443615407319064070e-01
1.372088993829563563e-01
2.708471586315170376e-01
1.361057226491262928e-01
2.493050858746034826e-01
8.294396265570068427e-02
3.200650843518677013e-01
1.319879895803344472e-01
1.793586434391771511e-01
1.459480237480004217e-01
2.581722279751212379e-01
2.399299541276381231e-01
1.242768275117275556e-01
2.734951335981665177e-01
2.450204161376956236e-01
2.235350040958151707e-01
3.065269431549921819e-01
1.966516494352160416e-01
3.308600787004754573e-01
3.491219304031549786e-01
2.183605384384241788e-01
1.296563618783088678e-01
1.764655592314520183e-01
2.322023904558240814e-01
3.324799446716097950e-01
1.359043945232792372e-01
1.748196307891326405e-03
2.495394422471354512e-01
1.928242799464095492e-01
3.403413718679836331e-01
3.295916799398331820e-01
9.085272561082745335e-02
1.943360538053069964e-01
2.900594916900187115e-01
2.502218054463752339e-01
3.077978200317810220e-01
3.146284203023367865e-01
3.155808949508815409e-01
1.373044013203396640e-01
1.010779353260295582e-01
2.456351618999798592e-01
2.848679033749469403e-01
1.079107313303597493e-01
1.903475687128701188e-01
3.244507172136701367e-01
1.639458872667651779e-01
2.591067295600792408e-01
1.201873292643374502e-01
1.544159795240597488e-01
1.208588971695145481e-01
9.192468534733623780e-04
2.271387646082795586e-01
3.268075084674328945e-01
2.147182851515297142e-01
1.319038378237486764e-01
1.853764227760444916e-01
1.171272774457869092e-01
2.511005426520879213e-01
2.803300552017886083e-01
5.132862952495155506e-02
2.872870300441225377e-01
1.208303050578626026e-01
3.202547313250932448e-01
2.075273334765390665e-01
2.011533457415982384e-01
1.456941544898588681e-01
8.241790864476521150e-02
1.688498325932964450e-01
1.867302282539447800e-01
1.922594957933772553e-01
1.261142368686333781e-01
2.234412876282377280e-01
1.025972982633411579e-01
1.932596578113790209e-01
1.348942502743571414e-01
1.313792262456651150e-01
1.443807730838549686e-01
2.246630276902359946e-01
2.677209035456668551e-01
2.879398283967299355e-01
1.431832139708177076e-01
3.016018225312617693e-02
2.171725936770906862e-01
2.243769780050967610e-01
8.339198817878738790e-02
1.690834120476879532e-01
1.296182728591772915e-01
3.054597248138146703e-01
2.266123054981311613e-01
2.429579072424801478e-01
1.501641577203865485e-01
2.884931271773568187e-02
2.757112415773158576e-01
2.793101095234737374e-01
3.368948998096767400e-01
2.726089644189244043e-01
1.281158932131138406e-01
2.131980688897809617e-01
1.747293178655256740e-01
3.166462772239233003e-01
2.036343950336786113e-01
2.446652958616417350e-01
1.745446129028095372e-01
3.177050909670185996e-01
1.469300730308906733e-01
2.769789061918410122e-01
1.562196789312092493e-01
2.424328609505025101e-01
2.643220241352013389e-01
1.864675967753422203e-01
3.426399787500180594e-01
2.513286989438183183e-01
1.172061196168004138e-01
2.880181941813188540e-01
1.168933969661990618e-01
1.314216648160418388e-01
1.333577412233320769e-01
1.779359572683846258e-01
2.391016265235259564e-01
1.644662684485359017e-01
3.260918890565195905e-01
3.160061089537248291e-01
1.346421395769377971e-01
1.575593578463659605e-01
1.602509403533922960e-01
1.420770587905505755e-01
2.983736142786388434e-01
2.419830935973407426e-01
1.813831797168995730e-01
1.650605416165382422e-01
1.834104029075108999e-01
2.351876132171255018e-01
1.606899763212880083e-01
1.549885037994955805e-01
3.342638217207292706e-01
2.241172455914236250e-01
3.234978182625554144e-01
1.494046166898234385e-01
2.744545595260468596e-01
3.109140733188611727e-01
1.076869390436592105e-01
7.753453151430317325e-02
1.327351978585205594e-01
3.219273826781618442e-01
1.769956535961997590e-01
2.832365463472751865e-01
1.626779210648489071e-01
1.351198179448028502e-01
1.893493723927297256e-01
2.060792242098064275e-01
1.216132545166219159e-01
1.534645926881543498e-01
2.446997551828634931e-01
1.715383220597584135e-01
3.091357959699327362e-01
2.602678134175722136e-01
1.556220574476573637e-01
2.724892825737244006e-01
3.269952235239356186e-01
2.819719484837366341e-01
1.353186813778846087e-01
2.076867996819420081e-01
1.502962855628144911e-01
2.744104687991502645e-01
1.352596976797218187e-01
2.339497945665590661e-01
2.313136014746565994e-01
2.819811206941175707e-01
1.368278231697631908e-01
1.670783739785429156e-01
1.681534251313847039e-01
2.648700010118437698e-01
1.114894842607296183e-01
1.620140204455638167e-01
2.749827984624660937e-01
3.169370684411448869e-01
1.323781102503913953e-01
1.855087524594274673e-01
2.597074081745174290e-01
2.077656965532214683e-01
2.076928150805650020e-01
3.060804407340529387e-01
2.803884239302334991e-01
1.056563220812820475e-01
2.819153891439036830e-01
1.608520528683871076e-01
2.235860252699983231e-01
1.301913980513140223e-01
2.837678028633882077e-01
1.676446952454939687e-01
2.070693550852078235e-01
2.606726336020335211e-01
1.313642281369439835e-01
2.822515738079199310e-01
1.394186662803194032e-01
2.677513128376284857e-01
2.705369979987932716e-01
2.549750479714376072e-01
2.024826601023880235e-01
8.930596089914608071e-02
1.811634901424958588e-01
1.011592772871893198e-01
2.336091155581606071e-01
2.579619861037030226e-01
1.632283153196522063e-01
2.392514576607537302e-01
1.503320901916432584e-01
3.337522690227825994e-01
2.915409346462732310e-01
1.554102892976789996e-01
1.472957225834021777e-01
2.268809018524331755e-01
2.804355561231324234e-01
1.478059926129035029e-01
2.146411442006345982e-01
1.216695752368107952e-01
2.237542212395170205e-01
1.366459724191705083e-01
1.852488106453653305e-01
2.241245589426966445e-01
1.964199912286677951e-01
1.941444418656159410e-01
2.028507533551454356e-01
9.501010229540489405e-02
1.529929927167947012e-01
1.786200271960904085e-01
3.096292459723066770e-01
2.368858573938317225e-01
1.028804680358943041e-01
1.502886222557609786e-01
3.498933925245455989e-01
2.051086571109621837e-01
1.698373385010850667e-01
1.232248433733873771e-01
2.090012427708825837e-01
1.291518899299698986e-01
2.087764173425179781e-01
9.312294076915832164e-02
1.921874849067241320e-01
1.602618921759681736e-01
2.603032737950574105e-01
2.775150643060189104e-01
2.727104534954840620e-01
5.088846533144483070e-02
6.211825736759800376e-02
3.024832211320964692e-01
1.083434616247192783e-01
2.705640660180559931e-01
2.640003066877229521e-01
2.938414393247172907e-01
2.106939822621519409e-01
1.715598331712044067e-01
1.460076568343660341e-01
1.797570678537374067e-01
1.313808394751067865e-01
4.344076586412303799e-03
2.593516390480751221e-01
7.146437405056446646e-02
2.291958897606710122e-01
2.025596712203805161e-01
2.558410092916109657e-01
1.185645928383851355e-01
7.709741458054372720e-02
1.424486856918730227e-01
1.673755108718657236e-01
1.807813857100599997e-01
6.936638530860950169e-02
1.895896749500660394e-01
2.829975844133725271e-01
1.504019181530047433e-01
2.452494835471434043e-01
2.713232003047147955e-01
2.903703469149165883e-01
1.513355140858110848e-01
1.565468740866778341e-01
1.794593363629685689e-01
2.864683082701542927e-01
1.889439150412370871e-01
9.926513840982571779e-02
2.189045909794505862e-01
1.708202890125120610e-01
1.571084516689423283e-01
1.820800925854226537e-01
9.417932111103992365e-02
1.234022615638457609e-01
9.493526153709476445e-02
3.450659788100045033e-01
8.166385321835475941e-02
1.286149523504273584e-01
1.611646889739959398e-01
9.986591010962704573e-02
2.162371148762249895e-01
2.640319895951721008e-01
2.049722628634823851e-01
8.105481009637974243e-02
1.410603015574896923e-01
1.153093376222082134e-01
3.021129837181143474e-01
1.849081829142572297e-01
3.011340370426291990e-01
2.150945773709163067e-01
3.240761942119964600e-01
1.863583288388360737e-01
2.541191496163612284e-01
2.166022198697890311e-01
3.348315720869174394e-01
7.548947790045101858e-02
2.934652351338593035e-01
2.716868344228072218e-01
2.913157944277312561e-01
1.044214651456644993e-01
1.357053120317230077e-01
2.421397629407435470e-01
2.987623278169485030e-01
2.256505987306572925e-01
9.516715880713998155e-02
2.670382520744035149e-01
2.713961831228236532e-01
1.444500693022693905e-01
1.923633657948381204e-01
2.063755704921617362e-01
2.407407828355980217e-01
2.259828603030239191e-01
3.292746316357720304e-01
2.048545313327328199e-01
2.865772664137259951e-01
6.866593102930963755e-02
1.417991063517704542e-01
1.714643246997194781e-01
1.814451162450644861e-01
1.310499007293517149e-01
2.950033154617538456e-01
3.424652244512821908e-01
2.146316143767186824e-01
2.628121868159955521e-01
3.040136068719659912e-01
3.041795096328441805e-01
2.924591408206345111e-01
1.505594345607577655e-01
2.088902287750157571e-01
2.121614779359008995e-01
1.796621683804661695e-01
1.375149356504164755e-01
2.627672131440968450e-01
1.608602469916856903e-01
3.184421176555127242e-01
4.468858334787145781e-02
2.708947504987108679e-01
3.318501816681487804e-01
1.330222091226531123e-01
1.472595225940267760e-01
2.851010540792274783e-01
2.312742308062225305e-01
1.450488689244218699e-01
1.890189999809541443e-01
2.370942305793365401e-01
1.613033088097707568e-01
2.995834864696782507e-01
2.873762058472981162e-01
9.863725764215881819e-02
1.044227941263471404e-01
1.374637873055222781e-01
2.868791123730013437e-01
3.127625878389260206e-01
1.832151688603016471e-01
1.374800947121569694e-01
2.246537201834229447e-01
1.471773174533950179e-01
2.530365184375637511e-01
1.767990694367149174e-01
1.017740000852444676e-01
1.916667067785962353e-01
2.099464785569860326e-01
3.232354295470600825e-01
1.445240723543654293e-01
1.586076265437702248e-01
2.652856795243813681e-01
1.878622029430541129e-01
1.803225682983312927e-01
9.521319154661155026e-02
2.115076386840600564e-01
1.201674319135927760e-01
1.063997055004868159e-01
2.381824949954688964e-01
2.015002872548711244e-01
2.119672479506701512e-01
2.264699323434397338e-01
1.141970930715784510e-01
3.391596124979681659e-01
2.489492797092011933e-01
2.438857293695003425e-01
2.138435026747320111e-01
3.103470458347536987e-01
2.573091924502331485e-01
1.152582117451621674e-01
2.592614222133502455e-01
2.621271888568791897e-01
2.913654315021884655e-01
1.645572940198735679e-01
1.790881104954940573e-01
1.063884535730266617e-01
1.137058867107852284e-01
2.510150143148848212e-01
2.847380401915002301e-01
1.924157138499921205e-01
1.292007015172128570e-01
1.244847736219160256e-01
2.321873350824018023e-01
1.859234427598914774e-01
1.489755914295620987e-01
2.527372877079897551e-01
3.224865237247355187e-01
2.996649713855763508e-01
1.526068236011255408e-01
1.304977940209974541e-01
1.114132407914957545e-01
1.394843126836662062e-01
2.157284557762974009e-01
2.145049724799118762e-01
8.934539790049195185e-02
1.723874613459857874e-01
3.330387551887774022e-01
8.013380648993172206e-02
2.030035946890935139e-01
1.388695180461449463e-01
1.005086037474813149e-01
3.203852710819842242e-01
1.957015639284397368e-01
2.878916953736018747e-01
3.728571436790296262e-02
1.155959713694934693e-01
3.485682906267492109e-01
2.355307673934129709e-01
3.339176575780044565e-01
1.543476775168362292e-01
2.753759499462046234e-01
3.253699945495599488e-01
1.603197515401531825e-01
9.837809365178541710e-02
1.750893583329749814e-01
3.163695283007597059e-01
1.361909410926483155e-01
3.204854457190863259e-01
2.882969038834806152e-01
2.843416119029298361e-01
2.939038844468429557e-01
1.099191361542498357e-01
2.407785461853458320e-01
6.672285285376250430e-02
1.356006121222627925e-01
2.928800411046256769e-01
1.355964531691412900e-01
2.937247235538207879e-01
1.999208155926210928e-01
3.049545191281693990e-01
2.989001931403578727e-01
1.445748953445212537e-01
1.973771730391229995e-01
3.425297438915809733e-01
3.495959763673666121e-01
3.119262229313417012e-01
2.537276759664141013e-01
1.360578860517599742e-01
1.649794232014530626e-01
1.318648147403042592e-01
8.329027163753763285e-02
2.270416928339272500e-01
2.259957002482440580e-01
2.506894542371021495e-01
1.523692753397013766e-01
2.940965856295657543e-01
1.212493065723698749e-01
2.847327405430236102e-01
2.835127015069967560e-01
1.515143145277511039e-01
8.290590432319319691e-02
1.106081703866727689e-01
3.342184472176426002e-01
3.379563509148422185e-01
1.034561538944718251e-01
1.603832005416753470e-01
7.353754423893955894e-02
2.983272697651158101e-01
2.245359702901671417e-01
2.741374114359799719e-01
2.822930658239861113e-01
2.653455409256861852e-01
1.191136613666480271e-01
1.203669816880569149e-01
1.183323370775244548e-01
3.230566394027188926e-01
1.787255851254465899e-01
1.476240598756619615e-01
1.759492320122523767e-01
1.405869453949956382e-01
1.454513893911368871e-01
1.650850698374068948e-01
1.767985146126167528e-01
7.044634700571827945e-02
1.467488765285649421e-01
2.042351999498878967e-01
3.021112260551342965e-01
1.556617596011254934e-01
1.897792939102306287e-01
2.721951179239314178e-01
1.537322821874516632e-01
2.809481005530769515e-01
2.082669240042753223e-01
5.081496835184314692e-02
1.183490876991702134e-01
9.634819304820040065e-02
1.553912295741285976e-01
1.942774041497652426e-01
2.052076345705835525e-01
2.584938254861778306e-01
2.002786060491660858e-01
9.176750315979290140e-02
7.912930703108002339e-02
2.403691908647847542e-01
2.750789643785249705e-01
1.213520970747592603e-01
1.180586935022417544e-01
1.972665598619915694e-01
1.227543631302949467e-01
1.905702928514645123e-01
1.831667040549848080e-01
2.601374313447734066e-01
2.092402994834122731e-01
1.926089148832634268e-01
2.554096141821112775e-01
2.393806371944207645e-01
2.496526265930860689e-01
1.737092429478471478e-01
2.815986588482207731e-01
1.287970956320365901e-01
2.102251082291912709e-01
1.952321670826289990e-01
1.991330924148929093e-01
1.235696214485883793e-01
1.982975771867408477e-01
1.576685031968380890e-01
3.152551965531942280e-01
2.670798033694197215e-01
1.418286434412893704e-01
1.825879514622862632e-01
1.034759179306507515e-01
2.167039303687433027e-01
3.292613560670216710e-01
2.418775658171891663e-01
2.690986249382587014e-01
2.527729269548377178e-01
3.480846612447331401e-01
2.510190825582569452e-01
9.718256210020018160e-02
2.006383748335581751e-01
1.403876663780402045e-01
2.331009264648548351e-01
1.137871322182766043e-01
2.136910467524006374e-01
2.746413790269303101e-01
1.587719441596471270e-01
3.257165475015786349e-01
