3.308330841800338207e-01
3.087356075762551222e-01
1.407332302274672542e-01
1.294599267487628602e-01
7.652401043966094996e-02
2.236008379178248962e-01
2.387611684351192143e-01
2.161593092573273478e-01
2.365951814185043023e-01
9.295376973275852606e-02
3.124894958160663316e-01
7.365536228104291316e-02
1.618792846361157556e-01
8.234815111915538832e-02
2.216991730559094431e-01
1.806775281637089392e-01
3.091018793380780894e-01
4.921051587983271691e-02
9.190595106451594776e-02
2.185659674337121217e-01
2.608020561394784886e-01
9.740221939216962832e-02
1.607286535482953804e-01
9.501200924635984368e-02
2.215848537830568676e-01
9.061615050533819438e-02
1.756495985154601092e-01
9.900719883618744332e-02
2.737293879004609742e-01
2.582453848448107436e-01
3.064257881607014289e-01
1.340197833862499244e-01
2.968857551131142136e-01
2.337973775986247893e-01
2.700548805128490937e-01
1.535183209876319621e-01
2.051286430455428189e-01
8.677908432405301298e-02
3.118160299541324898e-01
3.008117242068715780e-01
2.466072917454301128e-01
1.602559353092670447e-01
6.350545238455149177e-02
1.685386599424998355e-01
2.925374265668029827e-01
1.030032614192195467e-01
1.509122426781422388e-01
3.400006616575281249e-01
2.657960461706465605e-01
9.882999447967495688e-02
3.344857823288441279e-01
8.051535660581790599e-02
2.962322112588368639e-01
2.809315323730986469e-01
9.099285465626751057e-02
1.935788098477535801e-01
2.740415626159742324e-01
2.421129202489153143e-01
1.118208271337785692e-01
2.080028154560458198e-01
1.552417297518745298e-01
1.961532489834885429e-01
1.948497292922107826e-01
2.641714081369251343e-01
8.932581415759664745e-02
2.890187019905849919e-01
2.315799033651480543e-01
1.067875611100620181e-01
3.051172408305929951e-01
1.015309213151262130e-01
1.038397998086133256e-01
3.086756704470969837e-01
2.723708541816886597e-01
2.413999808578007333e-01
1.967711467419684668e-01
2.861613023015033286e-01
1.491693093542962312e-01
2.929955412085216704e-01
2.501101274440978850e-01
2.866282661165141521e-01
1.533524004411539188e-01
2.019021187115961902e-01
4.546862518771245532e-02
5.620502766346539142e-02
5.475580060523303760e-02
8.258237968081869051e-02
3.015031697282281598e-01
9.906527734467059088e-02
1.677101309537607776e-01
1.739815816187919584e-01
1.122007316535125893e-01
3.062533505938577760e-01
1.021321330573742303e-01
2.979734991638907649e-01
1.138803675489322570e-01
1.521925758819073771e-01
7.032765918185798770e-02
1.268554669711757787e-01
5.664852736676285333e-02
6.955145556678055119e-02
4.842093188567359041e-02
2.994571194068383901e-01
2.894952387756608569e-01
1.339762697827788507e-01
9.190733350819645098e-02
2.771023680984919801e-01
2.190116323199547688e-01
3.370550186148859595e-01
9.654541229261069668e-02
4.744971150700520029e-02
4.173085458843248802e-02
3.252726245308888986e-01
2.889748302725589912e-01
9.368343012280795634e-02
9.340964342473871695e-02
9.434320698414967732e-02
8.884164691754813103e-02
8.986270227064187266e-02
1.512254747247223641e-01
3.219609452056846344e-01
2.559714922994696940e-01
1.189011338063567930e-01
2.684680075123960230e-01
8.041061176084311757e-02
3.037307384795553400e-01
9.054855244377564560e-02
1.986598550445916322e-01
3.158868939720352320e-01
8.956297284976960649e-02
1.218805237622672816e-01
1.241117267651740963e-01
1.550956947957132237e-01
1.141767171889217780e-01
1.582233312456441110e-01
7.860193468828240160e-02
1.059633909561846360e-01
2.024627216898648441e-01
1.116378576640365966e-01
2.780079475813730938e-01
8.375532542498610733e-02
1.106698663285080736e-01
2.696606740888514708e-01
1.732657820804265336e-01
3.201035024990779854e-01
3.316599763804601309e-01
1.621679046379082834e-01
1.061341570421661246e-01
3.116963790696811176e-01
9.426450946709488687e-02
6.800603931042273342e-02
3.099819450409567190e-01
2.877975903113493272e-01
3.173429301146047377e-01
3.346588020024510168e-01
1.741499798874498461e-01
7.766584610483094619e-02
3.330951737073823971e-01
1.256787541610872583e-01
9.194322263818698049e-02
1.268147564339231759e-01
4.151446436393200351e-02
2.303189854574613227e-01
2.241487410554582338e-01
2.711281777846432095e-01
2.755163128514168114e-01
6.361522239341663165e-02
1.332500815193266297e-01
2.644475149877076325e-01
2.471163800974970348e-01
1.001650502366075030e-01
3.224202909803883244e-01
8.858506044881071795e-02
1.225897147462236547e-01
2.512312678458132331e-01
1.890461885110837348e-01
1.271221306731458722e-01
1.499409946273650984e-01
2.591790119671587567e-01
1.166618186764839943e-01
3.032341332502628273e-01
3.166346861876565555e-01
3.187149616630488014e-01
1.703058482535171059e-01
1.877743327251236438e-01
2.857453885977886965e-01
3.126363108977602834e-01
2.313060458256357976e-01
3.246247662755147312e-01
8.122708242925998079e-02
2.616510181790555611e-01
9.341140782804202569e-02
1.994187374191666029e-01
1.599858090802560584e-01
9.515247787196444429e-02
6.963199521945295789e-02
8.361889229408367430e-02
1.798323629935248968e-01
1.677806223547435860e-01
2.241046908166079155e-01
3.359533160348696645e-01
9.591183255959950804e-02
1.847982642746041348e-01
2.937679625730994504e-01
3.264888529024396191e-01
8.487843671809952584e-02
2.979186828486319327e-01
1.501020583280805176e-01
3.368056926668506756e-01
3.177196996578993682e-01
1.384478194695517583e-01
1.008024789995970588e-01
1.137694762942368237e-01
2.919985636646194593e-01
6.138630292159095309e-02
7.974936145415750799e-02
8.422805523198509392e-02
1.007881383104963502e-01
2.032522591131391831e-01
3.314232503847942546e-01
9.780132907142465026e-02
7.996763960167950491e-02
2.657289912197096093e-01
6.065220600349646718e-02
3.334102261713598470e-01
2.767563383358353502e-01
2.761091515459078716e-01
9.916947755168108170e-02
8.021195289084717683e-02
2.990511335266488047e-01
3.175080914014853928e-01
1.402737868058866466e-01
6.809491834506814500e-02
2.992744608031260301e-01
3.280141674595627443e-01
1.901541895469396892e-01
3.003058329817905880e-01
1.397351666884982246e-01
1.042196270460323260e-01
2.421156708235530641e-01
2.766152952179594116e-01
1.148183214905875299e-01
1.688428721622937667e-01
1.688879057866845557e-01
3.065759063848862986e-01
1.663066459273020992e-01
8.089318716747102844e-02
1.878278523266462829e-01
1.280163747554504683e-01
7.183518823906194506e-02
2.868408292847842156e-01
1.336880986845669361e-01
1.846306618089539608e-01
6.622768356585756466e-02
9.203950159629693817e-02
1.051151869154971774e-01
2.028687962181888182e-01
3.394777412918183468e-01
1.557906085987005307e-01
2.657907651098743718e-01
2.511475445567378229e-01
7.887254198933624227e-02
6.830862443854257560e-02
1.644558045285868519e-01
9.396137508453580867e-02
1.120259730669696391e-01
9.522413469978230349e-02
1.810676146379328610e-01
2.525427910270245935e-01
2.940290749028851569e-01
1.130981474295692235e-01
6.932055181774626762e-02
2.986425949133590385e-01
9.242367109502765132e-02
1.806798413652027369e-01
2.028722377205771643e-01
2.366814411367748616e-01
3.375843070545053171e-01
1.682940833798609315e-01
3.330754280671182066e-01
3.398772155002234840e-01
1.293881988128507965e-01
3.279501878893281153e-01
3.112337243457112823e-01
2.122912955777580823e-01
6.895851271661967985e-02
9.455419744619981970e-02
3.223627670393318101e-01
3.164665674181568189e-01
2.711274814353148432e-01
2.044534518119180966e-01
4.967803263545013392e-02
1.050157910676064732e-01
8.918008611504139871e-02
7.424683403607444665e-02
6.429465381435094107e-02
1.469677309522796349e-01
1.199533021799652627e-01
2.789103875115600539e-01
2.488420187637142289e-01
2.563205278077370641e-01
7.224050621649591442e-02
2.085612285944062061e-01
3.027323058576414372e-01
1.080161225610688364e-01
1.327565821648309941e-01
8.279089399926350956e-02
9.452047692364637377e-02
2.627788068095987528e-01
2.769542090134324286e-01
1.910470172334048367e-01
2.889406959228098537e-01
5.097797679358584411e-02
9.705934716545262797e-02
1.532864665513896107e-01
3.271111652862175312e-01
1.270555702959906830e-01
9.573973570158696156e-02
1.866361527141647825e-01
1.698890997437515482e-01
4.714155149941078732e-02
3.133660875903269694e-01
2.317662159696346758e-01
1.735481821619044851e-01
1.312478760092651853e-01
2.068956407265628017e-01
3.210762443133958755e-01
1.171192708023259532e-01
2.347385179363882801e-01
2.218124460047479762e-01
2.649903845198900987e-01
3.109788107795281031e-01
4.418585231230738597e-02
2.987400460337934494e-01
8.424382548411386840e-02
1.049888038089450137e-01
4.865416205981303727e-02
3.345412018722555558e-01
1.211805506385530695e-01
3.231472595332209874e-01
1.696547541174837082e-01
2.746776276926942151e-01
1.633689267684230451e-01
3.315868218252912558e-01
2.371463867882432630e-01
1.021199539574049464e-01
2.283251472682724381e-01
9.717717992511568093e-02
3.092532071622478562e-01
3.210788240470125454e-01
2.694272157968497505e-01
2.095206691366487683e-01
1.610380708904095293e-01
1.642000468646737654e-01
2.736672247337235131e-01
5.479546103528565304e-02
3.190578405404598805e-01
1.583235791098498990e-01
1.830023792283825557e-01
1.410747287458337662e-01
2.298930378322773804e-01
9.741795134329457595e-02
3.330049512975473136e-01
4.990558328200816324e-02
2.303440796209056673e-01
2.895096343536334160e-01
2.767799970326115244e-01
9.823001268554992782e-02
2.679506651836350839e-01
1.188345069560150097e-01
2.805928078750672405e-01
1.759746395534747820e-01
1.496460716832196114e-01
1.294101575450311847e-01
2.904342240714800627e-01
3.044953602828727179e-01
1.950645630921114537e-01
1.082022385153832283e-01
2.232735727720123742e-01
1.978048810638309007e-01
1.892035909642991731e-01
1.339181712120513512e-01
2.835992902988184183e-01
2.973399763885740676e-01
1.633537808292418736e-01
2.974840785290260858e-01
2.176369418091902153e-01
2.452319403895139305e-01
1.133788074937724100e-01
5.660423994797854352e-02
6.878179589985283782e-02
2.622655480722043686e-01
5.419869381383107115e-02
1.138148614614332144e-01
9.074017066413385402e-02
2.215452933601171348e-01
2.011138078017233322e-01
1.810402296087236795e-01
8.636862095370180514e-02
1.154752949574962273e-01
2.223501774521059182e-01
2.696083280826832018e-01
3.130573722106498868e-01
7.128880734482220816e-02
2.056181646299377053e-01
1.318644491241967587e-01
7.458966160458918582e-02
1.121975223203260374e-01
2.689842371656253062e-01
1.032874044320283846e-01
2.689489769765920912e-01
3.256290146729394763e-01
3.032282305098084052e-01
2.682830625141688352e-01
8.470485964054656758e-02
9.825343226162215615e-02
2.559337880376882923e-01
1.018202308562060759e-01
1.515728869434957715e-01
1.704720351255370470e-01
2.894043633094535162e-01
4.656540552323402277e-02
3.114073520605712408e-01
1.647723594025190252e-01
1.385751730749359423e-01
6.544134124754687198e-02
1.019327786098605249e-01
3.299241365318212882e-01
3.377091644592466468e-01
3.002024553030330223e-01
8.686779813475703493e-02
1.150642010517848729e-01
3.235686677418754820e-01
2.767340439656484907e-01
1.046230259606238250e-01
2.397792463303278221e-01
7.671626644982486309e-02
1.741452317534850358e-01
1.931465416773364696e-01
3.362111089049338308e-01
1.478468358566727980e-01
2.148685680480545424e-01
1.592983986225831872e-01
2.064870143665064606e-01
9.434327597408007082e-02
3.007629696660727991e-01
1.036070015347987927e-01
6.056156323470298503e-02
2.197395986138434287e-01
2.120401443859691315e-01
2.005929681701372758e-01
7.908190186773421393e-02
3.214884451368902885e-01
3.367412441007850976e-01
3.079385955765220340e-01
4.833071798896516891e-02
1.501769364532923867e-01
1.936256499738733539e-01
1.525868219734455578e-01
3.386211828004150326e-01
2.983749892177976482e-01
1.474512645637327535e-01
5.592799124201822125e-02
2.864710515898438725e-01
1.812725253760980038e-01
2.448216361611907366e-01
2.945668050850416830e-01
1.264141552305202421e-01
2.004968197381635786e-01
1.306172814168533036e-01
3.295620522241900496e-01
3.410475883772659533e-01
2.722677914816782896e-01
1.433697511150251458e-01
1.977457330588201223e-01
2.549384032144035861e-01
2.816670738330585566e-01
1.014073760901255256e-01
3.063307038005322891e-01
8.739570609114122313e-02
2.092307327776124493e-01
9.460397691769942274e-02
1.190831754146080834e-01
2.572533707723010377e-01
9.098180727768744036e-02
2.291806109756925336e-01
1.129768580104039549e-01
1.239772741452151300e-01
1.206035073720719969e-01
1.105048429484241923e-01
9.772569526798416395e-02
1.732524818614733231e-01
1.430009103448923458e-01
1.093228304914416193e-01
1.808661648780315045e-01
1.127505187394697711e-01
2.775977729432224650e-01
1.868953011898619454e-01
2.479522912213426578e-01
7.565568029855369858e-02
8.314531974696795502e-02
1.239602405916030853e-01
2.129582657926853695e-01
3.407086621202670140e-01
3.238424536754421768e-01
2.675568707418427561e-01
1.772263082983006333e-01
2.804581934543032284e-01
2.930922015042222162e-01
2.775741122761719581e-01
2.982035788113783226e-01
2.149310763401417190e-01
2.259396940130850295e-01
3.360395917382371089e-01
1.152242244714541258e-01
2.997202728339714017e-01
1.170608691647212068e-01
2.611931994281420644e-01
2.409507732589958040e-01
7.675765011889852663e-02
2.811657695230022624e-01
1.277413108278805387e-01
7.218678567365167942e-02
9.587725409515854280e-02
1.958576361239914299e-01
2.964247180044911056e-01
1.002110873755515802e-01
1.703285271803240686e-01
5.515095997402651856e-02
2.779389496277841487e-01
3.337499610717072906e-01
7.616246327775284819e-02
6.916610931214743629e-02
3.179819507643689147e-01
2.797041185587710310e-01
2.215040289247222072e-01
6.138669206265981448e-02
1.073451609238185167e-01
3.035551384244052908e-01
9.068294115668820710e-02
3.370382609110536554e-01
8.510786887620919172e-02
1.086086667459290334e-01
3.178020453753873653e-01
3.272259115676146024e-01
1.759866843981346129e-01
3.064009264783881248e-01
1.313253721275270125e-01
1.086033768106232783e-01
1.464861541717837057e-01
3.199411794738226122e-01
2.400219575675376915e-01
8.269323202888585744e-02
5.979356203296654765e-02
6.439348012749963879e-02
3.269362469255019388e-01
2.812172774198267722e-01
2.959780198136407470e-01
1.076656784281443957e-01
2.038773181268169477e-01
1.195211217021886624e-01
2.791190121582526329e-01
5.781903167150050787e-02
8.730521137573067636e-02
2.642801217870339725e-01
1.967508596459464909e-01
6.773191624735533378e-02
3.235920442041687051e-01
2.920215921433667594e-01
2.773604509426307319e-01
1.982003027083919233e-01
2.574195918217802026e-01
1.116450003562755589e-01
5.084738339236678090e-02
8.941949821033949586e-02
6.422625075763253866e-02
2.828325170231373309e-01
2.801016359271170098e-01
3.371871263287027354e-01
1.515012050323995552e-01
1.807752911739695101e-01
1.806156834414060774e-01
2.629606175454232697e-01
2.855038616096722826e-01
2.121406033980183514e-01
2.678465057489193279e-01
2.917701528301224201e-01
3.317887211936282887e-01
9.641735667681713973e-02
1.067661035636260358e-01
1.510337197238608431e-01
9.785491619272958241e-02
9.782970602106229319e-02
1.217278829763459164e-01
2.012299738680162764e-01
9.734078632456652502e-02
6.585166210128585995e-02
2.140573474898822270e-01
3.261821845664729103e-01
1.824732718192253467e-01
2.345521604768955326e-01
9.509088766793394321e-02
8.099198091589851489e-02
2.987167977956703413e-01
1.217024670267787545e-01
2.283481679086751814e-01
2.839338771695207320e-01
1.771864916030214399e-01
3.154596165965896093e-01
3.009675430067796364e-01
9.393296296801256773e-02
3.085899247811274559e-01
1.243716189569326197e-01
7.779994849753958663e-02
1.314192161185260554e-01
2.959118905197938298e-01
1.373490798732510954e-01
2.372554941670394768e-01
1.985687823835714794e-01
9.612146374982258323e-02
3.204087240209855247e-01
3.058139630121781138e-01
2.990930017970549470e-01
6.794161305690679664e-02
4.481489608445606010e-02
9.191809284850561979e-02
1.780912241644289074e-01
9.858306349111981004e-02
1.268832195425202147e-01
3.237073029876681440e-01
1.623528317771191221e-01
3.408957067117839301e-01
1.138019027200811023e-01
2.802766391794326850e-01
1.986925312163165258e-01
1.869331856905079581e-01
2.388238587241121313e-01
1.182106131468742272e-01
3.220648318881688676e-01
7.799416158395976184e-02
3.122880440818122660e-01
1.006710040344002133e-01
2.588232675033199648e-01
1.258116389724083795e-01
3.160772916721808490e-01
1.437620746544433226e-01
3.165340667703922528e-01
1.606839632376366456e-01
9.966974939825457014e-02
2.666761302466698069e-01
3.175819236188839323e-01
8.619362446797379507e-02
1.153518703371091553e-01
3.293156416722174407e-01
1.308588531240978681e-01
2.967016915512077913e-01
1.699249518458700314e-01
1.923297080929363134e-01
3.169164057520207911e-01
1.925143199809856431e-01
3.200515920039631035e-01
1.901160065282019584e-01
1.482264995631682736e-01
2.851773750132916563e-01
2.741969490489660211e-01
1.575535287850993449e-01
2.233898221710827470e-01
1.048988822364416706e-01
1.479544202134616404e-01
2.949006832665155842e-01
1.071562469741590973e-01
2.906086105813810994e-01
1.397070376232973921e-01
2.504782784695108178e-01
2.765424875350474543e-01
8.658705661855826963e-02
1.059641582588213143e-01
2.552131888282128669e-01
8.968398441515185171e-02
8.437652951754935626e-02
3.132583181807210848e-01
3.120991284550235778e-01
2.777863437728191331e-01
2.848147102139253484e-01
7.401710573154154926e-02
3.226042619401947587e-01
5.277374113505241271e-02
5.805245226513180284e-02
9.001759022169977809e-02
3.124779702468384324e-01
4.708789926386616059e-02
2.420773551211102548e-01
3.017825790598172575e-01
2.457127978524598633e-01
1.035602810903943211e-01
2.666143638131613924e-01
2.430153896865355212e-01
3.294637443861715420e-01
2.644852557080711875e-01
7.382370839441923516e-02
3.101290302508677432e-01
3.122466313873089039e-01
2.848279602654010811e-01
3.320237711762584754e-01
2.324376573738620722e-01
3.194166376009253128e-01
1.328008642914923765e-01
9.896396439117956245e-02
1.209743236309917536e-01
1.492687564880067208e-01
1.447273946405767120e-01
9.122867660818384516e-02
1.387245735517009804e-01
7.344957463606001380e-02
2.505778753067416376e-01
2.003656742128220036e-01
1.242548307540532609e-01
2.992326040639382012e-01
1.114042386303104315e-01
2.104023778516737053e-01
2.861369844457581357e-01
3.194255280477825698e-01
6.694450597000474457e-02
2.288603061262019511e-01
4.959150452754388511e-02
2.469950838709712160e-01
1.711786102499734119e-01
1.070022572548842421e-01
1.104105681424435575e-01
1.141280208046229622e-01
9.094777940272831540e-02
8.371087799379658967e-02
3.404988172879783170e-01
1.809034414052876072e-01
1.569068418415450195e-01
2.099805042715762460e-01
1.909965694299596006e-01
2.349826863062956239e-01
1.179697105567658055e-01
9.081799338809962152e-02
2.505320035221118569e-01
3.019279262547412968e-01
1.849419637186848486e-01
1.009006672866835375e-01
1.506386023613178471e-01
1.828089184560253988e-01
1.891470396242417862e-01
8.646656709703161303e-02
1.444900729655573535e-01
3.006163832314237006e-01
2.568885315148539683e-01
2.283508965810669700e-01
2.987194231120733345e-01
1.998385058663452174e-01
1.781240928911862476e-01
2.689136620183886772e-01
2.884348045339572564e-01
9.512348667891731835e-02
2.521826198266520769e-01
3.300827881484195703e-01
2.975065483911893960e-01
8.411954789124713450e-02
7.397190728918888458e-02
2.679006836231913047e-01
1.621118673010901734e-01
3.315044758342345910e-01
9.342657102891277487e-02
3.165601490635823745e-01
3.234528502473759670e-01
3.284840974361121768e-01
2.204214665690445996e-01
1.973355505619992512e-01
8.957901478704027864e-02
9.934421513541294435e-02
2.068900101274352699e-01
3.001756257915121906e-01
9.614954998132260733e-02
2.378599208282736188e-01
7.277839025645782556e-02
2.304558622551550751e-01
2.703206413186354240e-01
1.126287927394066662e-01
1.850984760754138814e-01
2.118698176685817891e-01
2.815337340981604597e-01
3.370225977457007027e-01
2.830345494949109697e-01
2.971528430155704892e-01
4.430788246668266456e-02
2.024551839204885850e-01
9.778351109837500610e-02
5.856764536782643749e-02
2.479216008538238647e-01
9.327050609425964478e-02
2.597841897590563720e-01
2.409582828683324851e-01
1.005832499100406952e-01
2.920245045487067093e-01
1.348594153393728734e-01
3.119328393628973961e-01
1.668815979087794610e-01
8.895305233519930355e-02
3.371059601668586758e-01
1.022847718934324079e-01
1.954932264650406371e-01
1.000111957061492474e-01
2.238414756893520596e-01
2.386646929565298947e-01
2.926862795043482235e-01
2.414306121510551018e-01
7.234065509407965056e-02
1.972877271858406167e-01
1.015677330298074277e-01
5.406822634371158398e-02
1.281449973632713679e-01
2.572059674725441503e-01
9.868668243519405914e-02
1.421508502835752419e-01
1.020068465994050794e-01
2.926103448408247099e-01
6.943054743255119843e-02
1.448090776041122407e-01
3.336816480386960992e-01
1.571942996454544772e-01
7.637154942555328396e-02
2.263976586069145480e-01
1.895545188844562079e-01
3.000767946594863900e-01
3.116273661792545724e-01
3.252748350409965239e-01
1.316813086895655682e-01
5.397633159008848741e-02
3.057510347926959415e-01
4.561931235530762574e-02
7.936487968810188032e-02
2.245044923502371170e-01
2.132975996724863210e-01
2.020760146339005692e-01
9.267700146103449721e-02
1.918878171477817751e-01
1.402011404683945472e-01
9.882267189386477468e-02
1.942157631129674544e-01
1.235464186549337512e-01
1.513154624813122517e-01
1.010154081420581579e-01
1.073910073388011366e-01
7.222941292665480129e-02
9.197257725327850908e-02
2.143819843395035896e-01
2.695248234417716993e-01
1.014886396799742629e-01
2.759671969299294925e-01
1.649965478059775004e-01
1.368908353283105062e-01
1.660627807304876913e-01
1.480080049281707055e-01
2.252445040973090340e-01
9.184813354374003758e-02
3.204800023509845053e-01
1.244860352246537349e-01
3.221740636254575851e-01
2.325975683762764312e-01
1.523699623612131127e-01
3.014294032936720713e-01
6.326232819261548568e-02
6.984160863305639844e-02
9.494559421320698800e-02
2.095260362254205422e-01
1.472563226419802695e-01
1.703975728461104011e-01
7.492581805520674709e-02
3.375310023502102186e-01
6.881543247368671068e-02
1.484460269137872213e-01
2.527807586985827970e-01
2.359072123702625479e-01
1.027623567136970589e-01
8.396107744147328356e-02
1.844749821165419523e-01
2.698331151514887227e-01
2.485583603594354041e-01
2.838870506734102461e-01
1.822917263187253667e-01
3.095128542955351558e-01
8.128156781940218401e-02
6.969551311493210610e-02
2.657951061359049016e-01
1.848622774895238297e-01
3.082251625076026791e-01
1.808625146089686275e-01
2.911054711671544060e-01
3.109696661652228133e-01
1.221630210572130504e-01
3.238311234606413014e-01
1.011737894002412846e-01
8.993913503703387935e-02
2.962158188631302536e-01
2.289575778174819110e-01
3.196349882457094060e-01
6.000537985210763203e-02
1.037449570913739488e-01
2.624337153886333596e-01
2.229845815011039789e-01
1.715787613652386412e-01
2.698407273972379672e-01
2.896599491043346242e-01
9.904762575142589398e-02
2.728401917427715206e-01
6.161466792262774994e-02
1.060525974883787664e-01
1.392224474349903207e-01
3.111171346166745622e-01
2.070601532024226865e-01
6.916598325763498312e-02
1.139704411503990600e-01
3.192084833803111033e-01
2.880552006569757628e-01
2.092845251005417129e-01
3.248602052701249909e-01
2.648465575780833969e-01
2.544034569872764551e-01
3.358339931921585642e-01
1.269386027486361090e-01
3.310850330953828413e-01
2.459415517693838982e-01
3.072571146667062436e-01
2.614586391624423301e-01
1.937559944266052658e-01
1.650984296109976879e-01
1.290239316540666425e-01
1.783045500947091355e-01
2.978916813733661906e-01
1.382705868268599980e-01
2.970040585668147770e-01
2.444154936930969524e-01
1.334664318887364975e-01
3.364274453875702453e-01
1.055957215312579994e-01
7.264513167743370803e-02
2.949334242745607626e-01
8.883257987495148111e-02
7.817986889218345170e-02
2.799700770436699959e-01
2.280146715241329891e-01
3.279609631148205917e-01
2.311969778778206752e-01
2.519363970334710379e-01
3.375312414974624420e-01
2.841660641955881528e-01
1.029968742096433881e-01
9.191460041366840417e-02
2.810585998724076107e-01
1.366727067347247859e-01
1.914767417652659676e-01
1.951388812078953261e-01
3.294588748389769006e-01
1.626666097762607122e-01
1.039584899763874720e-01
3.102431557139505580e-01
1.741815984009964513e-01
2.826470529757622585e-01
1.599710649064476353e-01
1.818814339268313984e-01
3.131511199243871002e-01
2.628092207215795839e-01
3.126182275807716793e-01
1.137335310390556325e-01
3.083586313025556414e-01
3.193664199195762610e-01
1.851020764130786589e-01
3.150746172016617996e-01
1.477265725892329684e-01
2.948260589906293028e-01
2.794729481821089379e-01
2.651159104106332043e-01
2.738247614642222438e-01
1.213258916792804842e-01
3.402450485340093311e-01
2.708729245338121205e-01
2.102748759834231485e-01
2.468106809606661345e-01
3.010816946254965543e-01
2.528570764862509423e-01
2.791512757670936984e-01
2.568166343987799416e-01
3.288774484444935142e-01
2.929507980313353910e-01
2.914124573404202612e-01
3.108277292837067218e-01
2.218419330414816981e-01
8.883979788052745463e-02
8.771864962215440709e-02
7.569422213887992690e-02
1.793052764029899049e-01
8.556819232041905365e-02
1.536124496550927698e-01
1.504468571749208450e-01
1.814757581083466798e-01
2.383691581582128571e-01
1.277292586977263888e-01
