2.575206789373243321e-01
4.714868684324018816e-02
3.277033507540587087e-01
2.808770083785721572e-01
8.984707098949819282e-02
3.076318917532373520e-01
1.888874174525583816e-01
2.678217202671295261e-01
3.467907473504806132e-02
9.447726202151299213e-02
9.109816355947021604e-02
2.944625719900932637e-02
9.254527220267477761e-02
6.068961784139878524e-02
1.426027410794259431e-01
1.572718704851310545e-01
2.607490836767326070e-01
4.441172058369745324e-02
5.561280087964971114e-02
7.258064203696346084e-02
3.109515983686818585e-01
3.347728784771874522e-01
2.281168649776518439e-02
1.012620974768602550e-01
2.736128370832875967e-01
7.481633389076182417e-02
1.040324286286618966e-01
2.476749899319536097e-01
2.096801147615136307e-01
5.034855597989422449e-02
3.986101740848498054e-02
2.857435215861979794e-01
3.194101744870507797e-01
1.437975211636616790e-01
2.430591467241439152e-01
3.226884090533502780e-01
1.449881868698899567e-01
1.215829713437416165e-01
1.268941482026301748e-01
2.687546016285048966e-01
8.546864842006658691e-02
5.891986890209282429e-02
4.869668590805466268e-02
3.168881789591914133e-01
1.658644583598164191e-01
3.293779400225030352e-01
3.591728205967469056e-02
9.975393224370847356e-02
2.440981055179211878e-01
2.831835393107735577e-01
8.751848496867599414e-02
2.602042290631913501e-01
2.243116099292513654e-02
2.252310128123456157e-01
2.122222116499586919e-01
1.167385249246803286e-01
2.910084857622849061e-02
3.158330354773589144e-01
3.338435290509746134e-02
8.847423832205730809e-02
6.996306508541200175e-02
1.554220790532571117e-01
1.280823571680124728e-01
2.811982770917669239e-01
2.791402779813359492e-01
2.261023575057750645e-01
6.920303777595807060e-02
7.070261220627294119e-02
4.511810487836168115e-02
3.065512956988812876e-01
3.764718311247396143e-02
9.640776133490501498e-02
1.893767851079582176e-01
3.886884261058988488e-02
6.195708583653962431e-02
2.369707675923637125e-01
2.653975611177305516e-01
4.067560007927283755e-02
2.606238047761864629e-01
2.068655801948591499e-01
3.021003188805434503e-01
2.921231260880655656e-01
1.405947385411178696e-01
1.321709631720536238e-01
6.311371915674558741e-02
1.278434011671802928e-01
2.222895421593617249e-01
2.155872817212683978e-01
3.186941700806060762e-01
2.951011619699600019e-01
1.432685930490261716e-01
1.435283773115577088e-01
2.777562348906745249e-01
3.336614787028657769e-01
6.002818772629837235e-02
4.203352217403707319e-02
1.035491397595257324e-01
1.515195431874197252e-01
2.299395975959254990e-01
3.277464673058664429e-02
8.704735403085650525e-02
1.970301768361416017e-01
8.604811699825953841e-02
7.370156955264607623e-02
3.297050016152082152e-01
1.494717892771503520e-01
2.260224701375064538e-01
3.360284820616158963e-01
3.371799066858451877e-01
2.616312149408457910e-01
1.317424049978495881e-01
1.654150572064427838e-01
5.503757578442446119e-02
7.768329746508828570e-02
2.155270245239241100e-01
3.369420574820722325e-01
3.181557207845826796e-02
2.244365951547753202e-01
3.305824382245936555e-01
2.266484551117614044e-01
1.839822994148131163e-01
1.228889798927952776e-01
1.614954169420139141e-01
2.412780509614947944e-01
2.555741555779405538e-01
7.455461369909281710e-02
2.556032386474894613e-01
3.249045215563353128e-01
3.674301021781799237e-02
2.107506840173435300e-02
1.805264572303220127e-01
8.587208747214877813e-02
1.763979635788602285e-01
1.329267318290615063e-01
1.736612507323057331e-01
1.386713611200283691e-01
5.013876212499347035e-02
1.156194262701183001e-01
4.522072740831117182e-02
2.452038622246476285e-01
1.446714287862586878e-01
7.351365671309482985e-02
3.260270033917773147e-01
2.064945216205775480e-01
3.010494611303642931e-01
2.708328498088009018e-01
2.568231032646266510e-01
1.004583863625872070e-01
1.564539280547227740e-01
6.729691711117574693e-02
5.741306357060698556e-02
9.182493810375286225e-02
2.251643617356244576e-01
1.163379336043869200e-01
2.548582200169102752e-01
6.753446368826593327e-02
2.921164159296630869e-01
2.752534219893856271e-01
2.195162240918600571e-01
6.473066374493810504e-02
7.009586990340971324e-02
2.676423507268678170e-01
2.100783133088785781e-01
1.121546846211145393e-01
7.879217457436957228e-02
2.755075003902962005e-01
3.354474367460130724e-01
3.153917761737961012e-01
1.652632743188148789e-01
5.359163706342143924e-02
3.216210444783187961e-01
2.713035422690212584e-01
7.398159860984235281e-02
5.577161974886114815e-02
2.818150330502203760e-01
1.721415406533189085e-01
1.088871319565421214e-01
8.853151822011358363e-02
2.093325535613107247e-01
9.147945825673595155e-02
2.757685335111139113e-01
2.731997584076453212e-01
1.620498634489564160e-01
4.458619776456160949e-02
1.910445461389930766e-01
1.864000084404334179e-01
3.200939658683222833e-01
2.118868033075712032e-01
8.247315787683970334e-02
2.647955560528396091e-01
3.231876119279212256e-01
3.288769513230627162e-01
7.310546355568423027e-02
7.755455679088073262e-02
6.269411759203410983e-02
2.861758457596447203e-01
3.218361076863888171e-01
7.738406362538982619e-02
2.866381753736517712e-01
3.076695403606485302e-01
6.044371024842644380e-02
2.622179923215177122e-01
2.517875408674311033e-01
9.864101997952921808e-02
3.357844381317917071e-01
2.627134340160417261e-02
3.665182580201919310e-02
7.745592957207614315e-02
9.251303993717129026e-02
9.738378871166701589e-02
2.565995532450394689e-01
1.874586873920745245e-01
2.274794370409701783e-01
3.273334523709091615e-01
7.587791514427005835e-02
1.757824765537391309e-01
1.682246200460518759e-01
1.193788732342819375e-01
1.874062515572183507e-01
1.920694154975659262e-01
1.648146097676086164e-01
1.308170400138710388e-01
3.346429226201599882e-02
2.384381323744563241e-01
3.102238728294421377e-01
9.551182594449099394e-02
3.776946313997205790e-02
9.992123477840855750e-02
5.291752953695682410e-02
1.397167130685947334e-01
1.784851979680200929e-01
2.070450867962676800e-01
3.129003350952739293e-01
1.392415590630546318e-01
2.648094349532231773e-01
3.256733250781027045e-01
2.796328107566800059e-01
3.295240370029038912e-01
2.400453419246721676e-01
2.671135701405403240e-01
2.779781071110360435e-01
6.520002616429830533e-02
1.168991746833100420e-01
3.298574163716431196e-01
8.557553544701308745e-02
2.944427507334364535e-01
2.298240831063649847e-01
6.641567180651937463e-02
3.486949123520956262e-02
1.215816923980219261e-01
1.902531017008027847e-01
2.123941687402359224e-01
1.747026093111511968e-01
1.426593909769044710e-01
2.499676624288845739e-01
3.295172761389432714e-01
4.607045852712586542e-02
2.498352082455014556e-01
3.247865686411817165e-01
4.074269583267732531e-02
7.981356099026458428e-02
6.544218534599116621e-02
2.775780692641676706e-01
2.789646071503417701e-01
1.576118036477332507e-01
1.116465518956930580e-01
7.320770220615854806e-02
1.482232105884378481e-01
1.140823400696434758e-01
4.164094683347567549e-02
2.008869103144919621e-01
1.081504562291901728e-01
6.042173612797271942e-02
1.165037887519886628e-01
3.483647994871912762e-02
2.809957276860871045e-01
4.320678583212012036e-02
2.697264574389082389e-02
1.686213663617714686e-01
6.942325027837310814e-02
7.656208263588380747e-02
3.304750741084760968e-01
5.692065143692529028e-02
2.617004830975493967e-01
1.958700100559463420e-01
1.427262849024724667e-01
1.761689822187239574e-01
2.072218621539530237e-01
1.397702349476084571e-01
1.738819448811603496e-01
2.018419472925146174e-01
1.071330374429511484e-01
5.564785719154170807e-02
2.223230576924138668e-01
2.483014810943652839e-01
3.207563919964072641e-01
6.930767776589892570e-02
2.785907497903487573e-01
2.983819971478152144e-01
1.560948169833536181e-01
3.285434656352004268e-01
2.536927250749794194e-01
3.041282915080931529e-02
2.386006100978271260e-01
3.241355125921925873e-01
8.513755967132961844e-02
1.967067205272176045e-01
2.410570777126917474e-01
5.508457622719237917e-02
6.702016877601611744e-02
2.112348967927738241e-01
2.092176743995046440e-01
7.741655971585473250e-02
9.998045838039829047e-02
1.380172954950175113e-01
6.485294218498960372e-02
1.412203448267766170e-01
3.153692792436959547e-01
2.600756136465590673e-01
2.471268865718432572e-01
2.706031272168378243e-01
1.089470432417040113e-01
3.178410180439259491e-01
2.417611422671453181e-01
2.343027248470820889e-01
3.356280313472829735e-01
1.090893357248835099e-01
7.893493449087771174e-02
5.083707363718019401e-02
6.509350071062074139e-02
2.156935543699095292e-01
3.337306044936993454e-01
2.543046836578858882e-01
5.452364718262904530e-02
9.513341000552935633e-02
3.283964903346596187e-01
3.231009818759862928e-01
2.484688707091905202e-01
2.903899197784381436e-01
4.842247603554580143e-02
6.862631983430758642e-02
8.882656701304433855e-02
3.268516074149799278e-01
8.897234622274431681e-02
1.269069256830102632e-01
9.479950325021983815e-02
2.755009344723515219e-01
2.736231549991329226e-01
1.534216722341835148e-01
2.390614487461302784e-01
5.519807586600706389e-02
1.961066501953987185e-01
2.560197267153520584e-01
1.955753951772855881e-01
2.785825809885985049e-01
2.890524369226897261e-01
3.168149980232545238e-01
2.401544134191458679e-01
1.119121771735260423e-01
2.931759866486579047e-01
3.033603632644952808e-01
4.611786999010188126e-02
4.217953430878638305e-02
2.367916598138680995e-01
3.028642370807626064e-02
2.594354853863509724e-01
1.919634788679621673e-01
3.114038521049166119e-01
3.160944375874545909e-01
2.549064037774438352e-01
9.759159121321271668e-02
3.287893809806588519e-01
1.860707329908735108e-01
1.093920548052053493e-01
3.024658333406232691e-01
6.910705117212240234e-02
3.260000121098574621e-02
6.617734226785447482e-02
2.808985316209778801e-02
1.690007080974534059e-01
2.592535555725846708e-01
4.270252120522827904e-02
5.773692414788971633e-02
2.584894982428385113e-01
3.258649474773316901e-01
3.110481495230187354e-01
2.947865318340055496e-01
1.179203104317609746e-01
6.078544079092997043e-02
2.506601250825233329e-01
1.136733400213366108e-01
4.638739536684763354e-02
3.242271675159029143e-01
2.388741975988624699e-01
4.054030247300245693e-02
2.023628868085512733e-01
5.400856790321156842e-02
6.078536599072321966e-02
1.964634460790931070e-01
2.425721528683286998e-01
2.085263629715886080e-01
9.908429111043202953e-02
3.084621474731914503e-01
1.029382443388410506e-01
3.763439709905448682e-02
2.874304305411070071e-01
1.313882518060935922e-01
2.617646020141212726e-01
3.124220026462376509e-01
1.316946779339561724e-01
6.631749914223288023e-02
1.851836499044774986e-01
2.969235307827430836e-01
8.214330864020062684e-02
2.470112499754192614e-01
5.213522475271113732e-02
9.745849747876876579e-02
1.911677119823712578e-01
2.749650672798164552e-01
3.024983563841318612e-01
5.795143749693385665e-02
2.729143431906613793e-01
7.186900386910530236e-02
7.336413254687457197e-02
4.100352752490037112e-02
8.414352773822293685e-02
4.669728903639638190e-02
3.355765623039968504e-01
2.619104368278418749e-01
1.186431885147346127e-01
9.391583424655541856e-02
7.855818621746350761e-02
6.680161240825793767e-02
2.787303847341704444e-01
2.067180912656444991e-01
3.045623037053666327e-01
1.845588401812896795e-01
2.503175901352773791e-01
1.189672187240502360e-01
3.807691466196327923e-02
7.198383899456366197e-02
2.694881960060244719e-01
3.159065598920078322e-01
1.569494535980395511e-01
7.668670285000965536e-02
2.109327370327170326e-01
1.918169021265309360e-01
2.011453830887643401e-01
7.066736829330640124e-02
7.804307058494025506e-02
1.966121700266880434e-01
6.320087128631925177e-02
2.679922661526946276e-02
2.451400056503629521e-01
2.612254014042158512e-01
1.326789006904167678e-01
3.216664530121461918e-01
6.919403937196419441e-02
2.342172496636090173e-01
6.016087706058421969e-02
2.024893938724491721e-02
3.059221583957202339e-01
1.275257667203297529e-01
2.592356114929836863e-01
5.840739095032416311e-02
3.342389897626404371e-01
7.667655447372122290e-02
1.902054296135728406e-01
8.356828949388481198e-02
1.538656030418148191e-01
3.142988798863804306e-02
2.450028505629094355e-01
1.085901081989932709e-01
8.430256910050834551e-02
4.563390274384612061e-02
2.001052960881926912e-01
3.911353453566339400e-02
1.673028736287544838e-01
2.529040279916698331e-01
1.395728701229699553e-01
1.842336721169155200e-01
1.537612669363951634e-01
1.874403436926931898e-01
1.060816148167192385e-01
2.298678585804518337e-01
4.818860564088176673e-02
3.324636404994383287e-01
6.645323410021314325e-02
5.052655402385251848e-02
3.313205676523391929e-01
7.953394589322466957e-02
1.123819971979911486e-01
1.419980711782773686e-01
1.552046464123173763e-01
3.126978433378289624e-01
7.376439732107895053e-02
2.368886415158162062e-01
1.719218894137397036e-01
6.344325427245860183e-02
1.266399902380240805e-01
1.987710494544031037e-01
6.563192163312769889e-02
1.302337592023361801e-01
2.489593209338259588e-02
1.168943141866399249e-01
3.208493254685015894e-01
1.949579762624083501e-01
2.874762965076285703e-01
6.474626029624976076e-02
2.744245277323491966e-02
1.530452885265772001e-01
2.649094231389851478e-02
4.471179678850033951e-02
2.464284542635561057e-02
1.801366056304165852e-01
7.026965752904040796e-02
2.977372066896154523e-01
4.969426176715220633e-02
1.086014737078880993e-01
1.097268541157458005e-01
7.617793959002122639e-02
6.843512431158114973e-02
2.345459389228667924e-01
7.287976442427193668e-02
4.529798300535448075e-02
5.936792072309700352e-02
2.986855946392470429e-01
6.589674864132680221e-02
2.462249315268948968e-01
1.219802807650279958e-01
2.492720298685711655e-01
3.298257966520884432e-02
3.128227386162489854e-01
5.457594152252420033e-02
2.448184809687120600e-02
3.114432536402793050e-01
2.341104252329258284e-01
3.266182338728572110e-01
2.671604195500767998e-01
2.859091769073952571e-01
2.512932334084960195e-01
6.115246207431652287e-02
5.539890588760733314e-02
2.862511370621839690e-01
1.692777029462075866e-01
2.640691731484542948e-01
5.517806773985154539e-02
7.507484208705761386e-02
3.183517274173198325e-02
2.122152333635224930e-01
1.928230349970276869e-01
2.328025992131023403e-01
6.817291783314829989e-02
6.723705359769555079e-02
3.311938074708044577e-01
6.400200835814817690e-02
2.523735020361084214e-01
1.638829074520385676e-01
2.248759145840223683e-01
2.293863875726448731e-01
3.181740996903130725e-01
6.107179598399098408e-02
3.084470607122984376e-01
5.478657149659725556e-02
8.938886196653245131e-02
3.776656085766617182e-02
1.788746691228174646e-01
2.081549191227577977e-01
3.063798501980276590e-01
6.123855186571941500e-02
1.613795930165826953e-01
9.775952870644186166e-02
2.292300088241250033e-01
3.153572628789527710e-01
1.967015084311135587e-01
1.419875904118351184e-01
2.070646170036166966e-01
3.021632211410152369e-01
2.797047287557968831e-01
7.765813863740619882e-02
5.671403235706381357e-02
1.346192565791703155e-01
1.040000280146113482e-01
3.140408176963439546e-01
8.217600513352138480e-02
1.307682125445983889e-01
7.629655957330676308e-02
1.396806253147150623e-01
3.018346664473658403e-01
2.105224464924461414e-01
1.026663782073901632e-01
6.778361650626391066e-02
2.802167466185807032e-01
2.724022873102642864e-02
2.943335744599945292e-01
2.687797996571257841e-01
5.805652841233958916e-02
2.315677951668848877e-01
6.399300640511544624e-02
2.528474126346830914e-02
2.113969299864451590e-01
1.036466474601141635e-01
3.096240678024795787e-02
2.363561352612603417e-01
2.274309833112916901e-01
1.529448001024509285e-01
3.360771513531859433e-01
3.292196730325480658e-01
5.879951480243057055e-02
1.847120887340349127e-01
3.257174974033696380e-01
4.856499492372223781e-02
2.747465126058568630e-01
9.920903441117449872e-02
2.168080371951029428e-01
2.666336956650203205e-01
3.104636483026068094e-01
2.619692436117425083e-01
2.911421768710966695e-01
2.988539984719776332e-01
3.002374220121231674e-01
5.057057869070506750e-02
2.576860046940574259e-02
4.743323228784355333e-02
3.854146041898088432e-02
1.896751068521711214e-01
5.817146034779345498e-02
2.997326320491389695e-01
3.282601823229427951e-01
2.646506909879871028e-01
2.354793619405101401e-01
6.706951675182749872e-02
2.708129830566129992e-01
1.088001706600447288e-01
1.706375770795768854e-01
4.250297825489960518e-02
2.256702200188743790e-01
1.414141068956164538e-01
2.455007277284190215e-01
1.688861594317979387e-01
2.200434380642407872e-01
7.842997835952210395e-02
2.719113758828923255e-01
5.905302156350261678e-02
3.323557114726320427e-01
1.239139299723025500e-01
3.347061616794888006e-01
1.958086764639765109e-01
1.197649122177431857e-01
3.223309069464466714e-01
3.327960372051043669e-01
2.652152772836339004e-02
1.420610504110203787e-01
9.512862768411815828e-02
1.942711399896699109e-01
1.729123841875648548e-01
1.901544347871706730e-01
7.805547906243134881e-02
3.480431234817867731e-02
1.949650782779324687e-01
1.668128591408226113e-01
3.359057320651563650e-02
2.591717958452610659e-01
2.044988580958064239e-01
2.242292665431613319e-01
2.845322821559116422e-01
3.342533724220298486e-01
1.657974003685951658e-01
6.695209116351837075e-02
3.137590222339147195e-01
2.622170251121057616e-01
2.602305632355571552e-01
3.042128429698705006e-01
2.516266540538605531e-02
2.566389790179381403e-01
1.408354893928393525e-01
2.862288160003981785e-01
3.424578573985000152e-02
2.424367280715918060e-01
8.187985291420792067e-02
1.791675813367222536e-01
6.577127008715295819e-02
2.994361428225593147e-01
7.562196467467509342e-02
2.884038074791374084e-01
1.968338738592937398e-01
2.986488357554664130e-01
1.511835247499180024e-01
2.983147598448161464e-01
2.246609738040415694e-01
4.990192774431315148e-02
3.116018436312282813e-01
6.563028387284595977e-02
5.925895871141433763e-02
2.815682224255041111e-01
1.271880848679050324e-01
2.939690501157449232e-01
5.603152475803650778e-02
3.155661061024188641e-01
1.832968614238522087e-01
1.605135030025075515e-01
2.384352664558600510e-01
3.187562885450987565e-02
1.857641718593107671e-01
2.314155551132774657e-01
5.775178888716005210e-02
9.183053358160025992e-02
7.152731528802655503e-02
3.187876446796276686e-01
1.683411415416798118e-01
6.921638588530173997e-02
1.364658363196603330e-01
1.299816412360481621e-01
2.223158457207334293e-01
2.853320422845952997e-01
2.521324580586668529e-01
1.070489043919530953e-01
9.175694476277361511e-02
3.358385392853118212e-01
1.048036653959008441e-01
2.595238981847785009e-01
2.752393581050274207e-01
2.136585284968723075e-01
3.101297856586538448e-01
7.349808201209374892e-02
3.197029505053033405e-01
2.456484899611192652e-01
3.302196367616280215e-01
3.001928887985681471e-01
6.151080745615017387e-02
2.311312382479581429e-01
8.771909703020761007e-02
2.077328741993200167e-01
2.121329852234919711e-01
2.053761175517854753e-01
2.005600975417414777e-01
2.375452843479615439e-01
6.679536416648383657e-02
2.943703691775647613e-01
2.993821151481016463e-01
1.883601237690662733e-01
6.306046499621492663e-02
3.232594569835774423e-01
2.077006176146498073e-01
3.201836198781392029e-01
5.635537820003750503e-02
2.422345098040158407e-01
2.622787824751040067e-02
7.294916412719223975e-02
5.572897474552666874e-02
3.190231138714322984e-02
3.222001749663314096e-01
3.267523219735146145e-01
3.156735416382380199e-01
2.097943241406267645e-01
4.997112216736801504e-02
1.334559328402092904e-01
6.934631473029381765e-02
2.839182660029822003e-01
3.235005243796706953e-01
2.927597954793272894e-01
4.990312000985018537e-02
3.854693858418532793e-02
1.023885967820691023e-01
8.318125672838405649e-02
2.212823871322210367e-01
9.292722411669757099e-02
1.307074572040936855e-01
1.370995544508915587e-01
1.209706395353441211e-01
6.118116971482698979e-02
2.833163010136383053e-01
2.693668878935096545e-01
3.282724729970601385e-01
3.012723074350333041e-01
9.275004154498918407e-02
3.201148833524616322e-01
1.014660987576334744e-01
3.289515587251617412e-01
1.763147239619106688e-01
2.728133156144578741e-01
5.298221163539480749e-02
1.896352834738347648e-01
7.264878966010979155e-02
2.997396174523438428e-01
1.135455706153494781e-01
2.142808714260974745e-01
3.108409458576718021e-01
2.291144545367937713e-01
2.295067454187477429e-01
1.815286912530563179e-01
1.312930941108007288e-01
5.246246133717331200e-02
7.334566858085764252e-02
2.724978709827993173e-01
2.308990681586721161e-01
7.479539028062964778e-02
1.108251469119797411e-01
1.042953203617634217e-01
2.536863651869412650e-01
3.214705916798158425e-01
6.259029425379591949e-02
2.973988162325081341e-01
1.679716614883403347e-01
1.909126250631081601e-01
1.232320514568316511e-01
3.165502855391669756e-01
2.966533828706747200e-01
1.851210729941244471e-01
9.006690917505440208e-02
4.469937165310679944e-02
6.185112940985162955e-02
1.223292401493462772e-01
2.937142378111347596e-01
3.017477227463296052e-01
1.301639220811713349e-01
7.045349273387098432e-02
2.236449720639693550e-01
3.282591119399827506e-01
3.344266888064593157e-01
1.717799158553618144e-01
3.316459443288570785e-01
1.593900074274333944e-01
2.202428595774039433e-01
2.748857885967551651e-01
6.732017709854773435e-02
2.666376242940044494e-01
3.100603027683120905e-01
1.024987140642793643e-01
1.583188823379441945e-01
3.350539668183637465e-01
2.778201697789103308e-01
2.372517132537056705e-02
2.815167464871137781e-01
7.323581482815441634e-02
2.933775042987311898e-02
1.449014708962392817e-01
2.356975775446605026e-01
1.909891382685244554e-01
3.165841718498413893e-01
8.972565716064735686e-02
6.730628064560699453e-02
2.329448245495352732e-01
3.121371138053499750e-01
7.765518177188529547e-02
5.626624225119179756e-02
1.208192327951199824e-01
2.250267625977210931e-02
6.367859004423638558e-02
1.099984796141360022e-01
2.202583723875612964e-01
1.208234349072190017e-01
3.348335312171592526e-01
2.959293729886710578e-01
8.700501398465076974e-02
1.979199472657350856e-01
6.210033712421898777e-02
1.354055168095201489e-01
7.645500248238139285e-02
8.978716029030335555e-02
1.302958972833533347e-01
2.293039137049884824e-02
3.257452180794088298e-02
3.027090462723104336e-01
3.835488385967913971e-02
3.977082901256441538e-02
2.267396574897751482e-01
1.235829777728756906e-01
3.305225976079412264e-01
7.143083588117438154e-02
1.845088621032123788e-01
1.900107934458064585e-01
1.248730847183866649e-01
8.858740887002819475e-02
1.596462321089695546e-01
9.834304145312092182e-02
3.264731934214782361e-01
2.189816360881163826e-01
8.043183905716565218e-02
6.965408501759075277e-02
2.849813236019598239e-01
2.544879705929151692e-01
9.478607651021055125e-02
2.946958567697443576e-01
2.754162544008221802e-01
1.058390532859756622e-01
3.361121053103484080e-01
1.289712876727406865e-01
2.559842959475976468e-02
2.519060117331965443e-01
3.266723737062260380e-01
3.147489002869059693e-02
1.497192888604234606e-01
3.340648584331493143e-02
1.474166606409250679e-01
5.213402374330314976e-02
7.064938533449822977e-02
2.516230252484619179e-01
3.371114518771872737e-01
2.543602881085723633e-01
2.599248364310477455e-01
2.466324768177961257e-01
3.262822311718982515e-01
3.007732390549001655e-01
6.723368123244424788e-02
2.889774170272186860e-01
7.193395253488804597e-02
3.300928155247068174e-01
1.255289308352426081e-01
3.263343388798253253e-01
1.182780017498580721e-01
3.203365616485060463e-01
7.981047116999624713e-02
5.976373049254422865e-02
3.292712458955689980e-01
3.150401033052809274e-01
3.299497327307431838e-01
9.381572442380360644e-02
2.828769671768731064e-01
3.169212543534807858e-02
2.032123846178711390e-01
6.933848857090743611e-02
5.698169483164947785e-02
3.353695686442527135e-01
2.366908201574272619e-01
3.311497981339285857e-01
4.228371370921354955e-02
3.005785030288744553e-01
1.935580902505436018e-01
1.881848537290763401e-01
1.640189834721660633e-01
2.663684565066411214e-02
1.473733129502212691e-01
3.085410745891153383e-01
1.547251313857206656e-01
3.175070080587641952e-01
7.866501611680960793e-02
8.123471580070290576e-02
1.524293090097367520e-01
3.038337453684327172e-01
2.860821964636693915e-01
2.332104694853774640e-01
9.270220916997053140e-02
3.169598348900047879e-01
2.668883364765957666e-01
2.592502835153162044e-01
3.353357363674423081e-02
1.800333185221718313e-01
8.522284258982462668e-02
2.642276478324594446e-01
1.630316036003796876e-01
2.884374254728994669e-01
1.030388750559830952e-01
2.607504836874859344e-01
6.614706799010158789e-02
2.106668227634282964e-01
1.091897831742547342e-01
8.861607881417649102e-02
5.132109854033170548e-02
3.161848892842743508e-01
1.298765236603240947e-01
2.046483693431343509e-01
2.574482052367318419e-01
1.325192046943539093e-01
4.526672957383736512e-02
2.202249759934848256e-02
5.173701213819142247e-02
4.118809478126321533e-02
8.660869686199182405e-02
3.020074600299954212e-02
3.024531610056041542e-01
2.881544354178230960e-01
9.918487842365079910e-02
1.160904792466796731e-01
2.004141930644694758e-01
2.850999789419050301e-01
2.652414585488058196e-01
2.002891031325567117e-01
2.242719745735060125e-02
3.339167127187278039e-01
2.475958528911402154e-02
1.571001971911780426e-01
3.594766965900451222e-02
2.578719676899054458e-01
3.276855283856152656e-01
2.741435300817234855e-01
2.398433351884763365e-01
1.405872966855188921e-01
1.197173471149509810e-01
2.563317691955852018e-01
2.975925290836546333e-01
1.188460541568239770e-01
2.922206390399413878e-01
1.051410918172472758e-01
1.095837900540502091e-01
3.151174508137335462e-01
2.010905296014603161e-01
4.141082779816863263e-02
2.686533229425450142e-01
1.673039674497306117e-01
