2.363123031433599641e-01
2.109164918964360758e-01
1.398180834236465754e-02
1.750701100607338634e-01
1.004697877917866550e-01
3.109526498753436008e-01
2.514904114170735117e-01
5.006149908215534738e-02
2.178135052749120837e-01
3.704064347208338437e-02
1.725965586454950296e-01
2.754526218759321132e-01
1.264849847078834862e-02
1.926197981496896930e-02
8.724447155199230308e-02
6.514136252535027150e-02
1.438257908735706692e-01
1.199859618879734954e-02
5.179395921466365543e-02
1.968706698284261244e-02
2.109510342715323616e-01
6.565016989627191213e-02
3.047392117279686397e-01
3.246601411164078965e-01
2.905801207065112843e-02
1.110739470414270902e-02
4.487328033738376826e-02
2.205255727784012632e-01
2.159027340092540825e-01
2.017892593874021090e-02
7.639798734995469076e-02
2.462220251948759042e-01
5.158477975303621572e-03
3.717508035777549597e-02
7.225395375515777929e-02
1.786495724857870560e-01
3.039781335637398163e-01
2.391656748613480432e-01
5.610562420920273130e-02
1.372297344348102910e-01
3.177981532999291647e-01
1.668156083679020463e-01
2.621988177381232021e-01
2.755530010363977933e-01
5.625526242762759338e-02
4.443040394864148507e-02
1.970567352378072845e-01
2.262970134370697051e-01
2.008864943844520523e-01
1.469670198241366209e-02
4.772253795821503053e-02
3.433176947423220021e-02
1.164423781740359931e-01
1.961552697743453311e-01
3.022523778020744789e-01
6.812987275654957577e-03
3.744534396407319526e-02
1.622435835717435382e-02
2.016408804881925365e-01
2.066491521687642552e-02
1.181390248439387336e-01
3.276490307038379401e-02
1.208875495892844550e-02
1.103999199742824490e-02
2.282087058091197135e-02
1.558795602943681413e-01
2.733225016071095803e-01
1.385886340957352136e-01
1.085100424007121450e-01
1.236425994498143582e-01
2.549077595112929639e-01
9.679703479413384604e-02
2.930467290394865310e-01
1.256272171494959289e-01
5.468489735533942769e-02
3.868034282398393614e-02
2.412295716314449834e-02
2.334840371175703755e-01
3.104053987633179634e-01
8.462513733364339374e-02
2.226989728217081688e-01
9.608431931137462190e-02
3.120121710338075172e-01
3.000770244175993695e-01
1.268382633151474981e-01
2.755347713407418214e-02
5.562638323803564128e-02
1.178711088498153869e-01
5.895014364531032253e-02
1.920663782025179844e-01
2.678263222034032442e-01
1.462471490970077281e-01
2.238977850765797861e-01
4.624881523309454928e-02
2.835470290411137503e-02
4.852155353796795689e-02
2.427520946101324739e-02
1.782866073728618939e-01
3.072149194023661156e-01
2.227086434724465658e-01
3.995392123469921480e-02
2.066005893077125233e-01
8.711921522962402797e-02
8.069526880432328908e-02
6.103980686682371898e-02
2.099916931396264841e-01
1.075348139299889400e-01
7.348635456448349146e-02
1.119763352433158013e-02
1.675839468791157916e-01
7.637828068565599704e-02
2.588890360249888611e-01
2.552757732376829680e-01
5.550083214797209286e-02
2.327503690943114600e-01
1.366331532353259881e-01
1.155421408456385191e-01
2.602156594091117325e-01
2.386164761177659577e-01
3.052568303146698803e-01
8.520856041579377704e-02
5.806632299241378664e-02
1.195065758823791596e-01
2.342164330838204522e-01
2.712676098299150393e-02
2.892650467795814251e-01
1.690953649470044451e-01
9.687459672138665212e-02
2.713946830507748542e-01
1.547423351458906970e-01
2.816158740094261703e-01
5.259205568098958977e-02
2.423893779479995014e-02
3.118365761339770836e-01
2.571872660489579396e-02
2.861482897556161809e-01
9.680927818840505406e-02
3.100952713418438367e-01
7.904184422352286687e-02
2.928717555460240429e-02
5.233166141407693400e-02
2.666615150877444385e-01
6.668114124772738308e-03
2.875622303123826634e-02
1.678639462796611623e-02
3.813428165577970042e-02
1.863432556072545099e-01
2.952687316609488022e-01
1.422917140149318992e-02
2.951624586610884227e-01
5.681034332345588633e-02
1.125282207484183498e-02
1.830914476886750242e-01
2.227251992541414705e-01
6.846866367071746673e-02
1.800682616432563998e-01
2.255545958126355666e-01
1.598160884786379021e-01
2.103874631949360571e-02
4.820263923645375786e-02
2.181635808412661637e-02
2.343281516743018211e-01
1.241330517658798538e-01
9.848049824524861273e-02
2.175466260267315544e-01
2.431466403255752862e-01
2.694302652711040927e-02
1.683485955873993134e-01
4.840299851649576546e-02
8.299235182759015506e-02
1.730525568963127425e-01
2.781083506249545229e-02
7.555887065354544019e-02
7.654049398549744865e-02
2.956204849767519183e-01
8.234055642748916437e-02
1.018909471119819471e-01
1.320087090734216317e-01
2.621759577585872428e-02
2.143220556793865861e-01
2.384812313195838196e-01
1.773584140592215572e-02
1.105337509506532957e-02
1.585146793549215283e-01
6.492390854611526652e-02
2.008422234058855615e-01
1.413914391609998600e-01
4.213267561881068463e-02
2.516250375306054443e-01
1.269574388504849383e-01
5.116536626920051983e-02
4.567514081679407284e-02
8.278155485997366891e-02
2.583610318605022438e-01
2.646203015681226067e-01
2.411198720693906172e-01
2.699918521103542024e-01
2.933093670291200272e-01
2.916469400720093086e-01
2.934485723646533262e-01
2.486322013228549344e-01
3.242911900824929083e-01
1.564554572126573284e-01
3.074768533839703499e-01
1.460167210442088193e-01
1.347314929049446552e-01
1.632049385696220378e-01
2.711899817373416011e-01
9.769912718378132022e-02
2.436039994351590632e-01
2.756800283975426313e-01
8.094731845747261956e-02
2.822703944774058726e-01
4.106629657445692166e-02
6.990992420707194122e-02
1.754690004053622854e-01
1.162963324542391624e-01
2.596705688293744416e-02
1.146528292571098867e-01
2.176918166246972486e-01
1.738624067200857659e-01
1.424586216852813392e-01
4.632339766870002817e-02
2.387613923815486497e-02
1.561055252604235388e-01
1.977351680909131618e-02
8.442051209511072796e-02
6.871955153550705908e-02
2.004856229582450411e-01
6.888450155297372313e-02
6.016408444180493947e-02
2.781157774986199316e-01
1.914057741455305883e-01
4.389347304105209457e-02
2.295764998891447750e-01
3.200676904812613244e-01
2.936493161223895920e-01
1.141276038971930085e-01
2.706312357584262362e-01
2.642590159656229565e-01
2.773706507138938293e-01
7.557925817704334859e-02
2.094883255998073457e-01
2.933774312914891325e-01
2.476900250200311238e-01
3.754534558457498644e-02
3.567261472508000131e-02
2.603422326280541155e-01
2.941516288394389611e-01
2.047575220786803096e-01
2.294973875919298356e-01
2.785536063138588370e-01
2.520208997121827221e-01
1.551133660060369235e-01
2.737714282259359408e-02
1.805858196993071485e-01
6.601413758854408897e-02
2.563444246163867901e-01
8.936482225358957643e-02
1.250766447202302824e-02
1.910182688790139638e-01
2.271150015707121272e-01
2.003417473434266627e-01
9.191062084774311025e-02
8.294047388798712894e-02
3.164680581808448911e-01
4.554556550658457603e-02
8.593192091970009230e-03
2.720387735998357481e-01
3.241075179145083140e-01
2.096673013453589640e-01
6.323710792330007602e-02
4.324286627667096178e-02
2.100206776673149145e-01
2.838106618762596400e-01
2.279439684065195093e-01
2.819052350321680223e-01
4.272268431612941120e-02
1.998209566778885449e-01
1.794301400476665601e-02
4.637340599106593714e-02
2.336482240516580822e-01
2.912285021666498053e-01
1.867786932038398018e-01
1.726416614510037362e-01
1.357513930532831467e-02
2.264527954700186752e-01
1.929703219756430388e-01
2.662119770848177525e-01
8.122003472281170977e-02
2.569121615055224850e-01
2.947608444816197659e-01
2.827449181063645955e-01
3.108719395897016624e-01
1.593020247190192473e-01
1.642494162358338894e-01
8.759971335947644780e-03
2.286303012551550370e-02
1.950291734856285375e-01
2.618631728169962813e-01
1.766927438478141654e-01
3.170371298381318148e-01
5.060408379574012766e-02
1.905530131518622938e-01
8.199327421244392844e-02
1.206792798039472286e-01
2.130995253836600808e-02
1.795581247013360859e-01
3.141970914697947426e-02
1.669001886879515062e-01
3.183724825506725753e-01
2.910435549038670744e-01
1.987902551649443073e-01
2.529020827437167274e-01
2.670551563487239682e-02
2.086048918754850878e-01
1.910631818565987627e-01
7.875790855498023685e-03
2.433235580222965766e-03
6.052459387235125526e-02
8.594204073380030950e-02
3.248356760001530064e-01
2.671227797553091809e-01
3.100273278874368654e-01
1.064844820081478766e-01
2.982361631854052453e-01
6.825884656291185404e-02
3.767942968293869904e-02
2.590108514309047427e-01
1.573045088741897302e-01
1.364959804312774749e-01
1.244963970909061940e-01
4.099537149961365867e-02
2.685232614489356864e-02
6.711863951972563136e-02
1.558544064705550403e-01
1.277489236557400633e-02
4.918676501826420300e-02
2.136391796373774965e-01
2.805031004028194497e-01
2.186028601905734003e-01
2.509751750923213676e-01
3.164598894766571524e-01
3.703465680408740690e-02
7.576783168226589038e-02
4.421430874364960101e-02
5.716255423497766663e-02
2.936044997642071608e-01
1.954162832692838137e-01
1.521868691253696303e-02
2.112372061575734927e-01
4.458728140618468255e-02
1.997895812979525454e-01
1.354699532309180110e-01
2.575520583238303796e-01
1.313563756145823269e-01
1.897606123916558418e-01
3.084227732407481826e-01
1.695017817773338542e-01
6.601319335618660578e-02
1.697825892685173588e-01
1.424736097636701282e-01
3.008563702619743707e-01
4.292993347540132593e-02
1.106493674607684913e-01
2.696754847218926221e-01
3.128697096488425866e-01
1.009884135724854332e-01
1.447301719800795361e-01
1.453496712624844367e-01
1.911720039905822066e-01
3.041090339897428024e-02
3.087190289754117301e-02
2.714812468150937241e-01
3.171882348634293136e-02
5.770962073739725057e-02
1.332374013880124365e-02
1.513329209953491739e-01
1.702113305614971484e-01
1.596545125654295627e-01
4.831992415777044969e-02
3.018460384877293401e-01
9.435290240476594537e-02
3.377044808979896839e-02
1.564619792080179650e-01
2.710347357865968143e-01
3.214856190636457556e-01
1.325724400570079883e-02
2.140074236525636442e-01
5.698099337284116828e-02
8.862427175157050474e-02
3.202517471927034398e-01
1.932217981188586731e-01
1.568594352054977770e-02
9.303514029267401231e-02
7.022325815477731270e-02
2.526750292832164596e-02
1.960189869941279112e-02
4.733092966513852140e-02
2.176262467567260661e-01
1.605966347781071224e-01
5.803833960789733099e-02
5.093145265327098103e-02
2.657329334509751506e-01
2.895494153037531104e-01
1.629138667841071864e-01
1.795892069051764350e-01
3.160285129640079405e-02
6.248687055287037440e-02
2.935147368985879107e-02
3.029364587928528030e-01
6.874799748332158233e-02
4.820899681974077922e-02
7.415159062321827199e-02
1.207637959407826533e-01
1.095826655473463307e-01
9.483106401613375369e-02
2.699430363544138012e-01
1.394253455280205223e-01
2.653672650147319012e-01
3.738476656102832779e-02
4.451863899858242435e-02
3.221883750768983479e-01
7.776066604184886377e-02
1.961615918043542739e-01
9.942788802991291142e-02
6.921432666298164837e-02
1.378892862459692170e-01
1.508885739014499405e-01
2.811969494091947075e-01
2.673951752845535879e-01
8.355498446178527550e-02
2.294915464903995450e-01
1.373674131379243879e-01
1.823991945742520215e-01
2.024878246484676167e-02
2.938934703222914613e-01
7.793320609244626385e-02
2.312205378185973603e-01
3.075353105314255209e-01
7.846444566088647821e-02
2.095902996991594047e-01
7.374685064348129870e-02
1.656655941269507826e-01
4.732232370976155456e-02
1.435237513763691630e-01
2.082325761141279666e-02
1.872517451502262731e-01
4.792951195972628559e-02
1.757101448745892192e-01
3.203382731899197255e-02
2.039894064317242239e-02
3.178718133168527693e-01
1.623155783543109854e-01
5.723094803029309813e-02
1.972141690135574554e-01
3.225855426397403192e-01
1.635323291271644219e-01
6.077939097079343433e-02
3.079371377934811971e-01
5.168616133058438755e-02
1.799628223874188138e-01
2.540258800417579121e-01
3.143701733511953811e-01
3.055877082351193819e-01
2.118537835074023584e-03
9.443237558340566995e-02
4.340967573035275223e-02
1.914099746427262994e-01
1.935296933618750326e-01
1.221152206010075042e-01
2.911704409494207946e-01
2.069723423863057687e-01
2.053608922685102450e-02
2.962967587677542425e-01
1.373410572872640067e-01
1.668986448690779889e-01
2.210544116573854578e-01
3.193770840333643446e-01
8.000385982479818470e-02
2.230133480270564683e-01
3.259151443651516628e-02
1.320146842280302615e-02
2.218079603012873824e-01
5.717425792978884230e-02
2.814682681523928975e-01
2.709184992232634981e-01
1.852961629588401327e-01
1.053301943346075659e-01
2.617653643550995057e-01
3.068197551814758617e-01
3.189912570511287959e-01
1.341119301195352609e-01
2.507617910880933221e-01
2.348404362758533537e-01
1.165228729365565818e-01
2.047316803793872708e-01
4.551407217140196471e-02
3.002398135760390163e-01
1.715541360161375595e-01
4.777854931524894155e-02
6.364394318808563877e-02
6.288865609631952291e-02
5.960963728630801900e-02
5.096718437875247254e-02
7.333329018822315470e-02
1.011324575323736992e-02
2.844256330598690097e-01
1.912682391280397243e-01
1.527614787938477436e-01
6.185956497289328559e-02
4.630083510416078268e-02
2.028348232656900507e-01
1.185325207276984455e-01
1.247245260652706661e-02
1.862647672316429248e-01
2.003442615748499828e-02
1.460332910059814089e-02
1.123407060069989138e-01
2.326436618274815016e-01
2.274272385250118711e-01
2.214528706433623317e-01
9.851118851539047983e-02
9.848090121671776757e-05
7.653778958001622446e-02
7.413076518208110144e-02
1.982058360236784167e-01
2.822332786101611757e-01
4.556820651154093460e-02
9.030489367057020766e-02
8.610846508900718566e-02
2.340425672136157709e-01
3.241175231432084636e-01
3.115440463390308778e-01
1.602581246676157700e-01
1.893864234741542696e-01
2.312874521016919371e-01
4.080762426070606852e-02
6.167280206081518501e-02
1.823611064799450232e-01
7.040682962997955874e-02
1.910061869755252384e-01
2.992576970196499792e-02
3.222015486765369419e-01
1.877659671437825473e-01
1.689223192543204133e-01
4.331765047935581814e-02
1.869504536447055276e-01
8.565028278347779078e-02
2.866589182401008684e-01
5.553354358920357947e-02
1.753601416840389338e-01
3.030115070780379227e-01
3.542168319502916191e-02
5.757561511663580184e-02
3.437371988037210557e-02
1.740093502234400791e-01
3.248911774117523715e-02
2.727146324283659107e-01
7.052319056807979103e-02
2.307864695584211090e-01
2.091402746453449313e-01
1.298431839613700955e-01
3.240955591628184584e-01
2.130455820918375487e-02
9.430046498328696625e-02
1.971261130195507416e-01
6.486264567758721900e-02
2.233555270558181260e-01
2.481697485910436540e-01
2.347782626598153288e-01
2.163055205953282323e-01
4.217717676354525505e-03
2.903957808099457139e-01
1.086702059463516695e-01
2.392390535598359902e-02
2.022221090193956350e-01
1.983040637120105365e-01
3.023828783783124030e-01
2.218616630691720437e-01
1.251504205895612176e-01
2.212923160510948603e-02
1.274118915545965902e-01
3.721832769126656032e-02
2.773264410183089446e-01
2.411680675507834049e-01
1.613970629591172240e-02
2.469531665119293062e-01
1.641699844103654965e-02
5.497796869893737531e-02
3.880802702268820823e-03
2.053996070289821896e-01
1.631227012399323884e-01
5.807743646734569998e-02
4.057466453796242795e-02
2.655443150087989923e-01
2.761732303513519393e-01
1.533247992445964103e-01
5.143880179739859781e-02
4.525008542759755004e-02
4.210664957644668499e-02
1.124702946096368256e-01
1.650202499400468537e-01
1.311268100391300706e-01
4.616919239254346947e-03
5.454452570387634258e-02
1.105596984427114071e-01
3.949256684532097272e-02
2.553188294157505700e-01
5.710354211566264632e-02
3.708620274066104505e-02
2.507484910987147764e-01
2.803947968899781484e-01
8.634619300899520900e-02
2.289523498055818229e-01
8.997667624813084075e-02
2.028452911020521554e-01
1.722256785524985123e-01
2.100477991054812421e-02
7.416701152991168888e-02
3.126091331730494471e-01
2.719641695076663312e-01
2.142533558005030314e-01
1.236230579733716417e-01
1.530018720487039408e-01
1.538239134662595098e-01
2.815310269422153025e-02
2.078352441921073324e-01
3.188496570874811420e-01
4.401006805890145257e-02
3.393987882101714287e-02
7.585620168525544771e-02
6.694051538607320717e-02
1.162255583132243558e-01
1.805066807822161834e-01
2.978452938072586598e-01
4.936680936132011033e-02
4.493983554417060877e-02
3.196822568420395472e-01
2.466946490508560852e-01
1.660379245739984355e-01
5.569027915646691806e-02
5.384007629770544423e-02
1.686876146126105314e-02
5.806706108853328108e-02
2.455053274782381389e-01
2.138531170049189634e-01
3.206940145183395652e-01
1.731401177080927611e-01
1.818382529162755334e-01
9.635500433582844942e-03
4.565066752111111154e-02
2.114952906741486838e-01
1.282328393933287736e-01
2.188338603566976071e-01
2.815247825660332492e-01
4.879336845517782961e-02
3.088986715946210881e-01
4.592373726011413776e-02
4.718618344483788835e-02
1.807731011182817094e-01
1.356805242009524459e-01
2.660009601304214044e-01
2.497697833085479324e-01
2.767598053066684938e-01
2.570015752290593092e-01
1.715102723839801724e-01
1.611835862741711756e-01
1.095334660589199066e-01
2.970422685187680822e-01
1.762797746508576111e-02
3.135406859068108898e-01
2.360442934076118025e-03
2.710350477313397954e-01
8.387516323501915949e-02
1.372896563393341540e-02
2.044750228101876455e-01
3.193475603651549921e-01
1.156073735049450296e-01
7.885193246050324622e-02
2.449245200694801783e-01
2.104265652670042064e-01
1.336651337047052579e-01
1.449782650462396738e-01
4.913367233065227963e-02
8.499856734530748803e-02
2.531186220187670033e-01
8.900644385211982368e-02
4.534914693270060415e-02
2.844906889004244488e-01
4.895068201642430866e-02
1.958543551907811486e-01
3.403615962680707485e-02
3.764996448406109780e-02
3.011774828162977480e-01
1.973819077072560269e-01
2.958800014489733621e-01
2.507581193259678098e-01
1.908662174750603568e-01
1.258730908485606037e-01
9.092248999194334214e-02
2.287914897957237792e-01
1.528450320969070540e-02
2.709998937024993282e-01
7.499781807228475539e-02
5.376600785089955675e-02
3.242244749365369993e-01
7.039780298893014154e-02
2.493771360509644194e-02
1.182100846990905008e-01
4.621719881282316394e-02
5.552081770652734366e-02
2.705366982182106361e-01
1.588477520710451507e-01
1.716865570801987539e-01
1.004802746147873821e-01
2.758912929820017124e-01
2.589871979482997744e-01
7.404966063439684387e-02
2.628051568538138094e-02
1.647669619507678013e-02
3.458651822835002304e-02
6.598047019892520904e-02
1.216760863822913125e-01
4.778104189693399562e-02
1.567701070122381746e-01
3.537271461649395266e-02
2.824489928764109536e-01
3.775337481454314054e-02
4.797393207953371680e-02
4.924550526736956590e-02
2.482811279810236416e-01
2.947448372061720612e-01
6.721964596373754264e-02
1.368724110855832898e-01
9.022828700178806005e-02
8.689335262584764463e-02
3.083761004854453369e-01
1.891704367580591128e-01
2.044211312047811147e-01
2.323137889541794510e-01
4.643108596683663547e-02
8.883137801124708910e-02
7.001101178955304594e-02
2.470486397447357596e-01
2.448365117863189055e-01
2.587987595609829716e-01
2.546650006984264580e-01
2.204225386445858026e-01
6.398493640721308884e-02
2.969701175079199340e-02
3.187607723920747871e-01
2.967282726326946896e-01
3.155752064533427492e-01
6.351943172591831277e-02
1.375892897702344908e-01
2.753329427439991581e-02
1.343938444368685536e-01
2.363921482184159761e-01
2.879707556539909397e-01
1.411552300895011491e-01
2.660191243515831472e-01
1.532582112532797636e-01
7.196378163624427005e-02
2.349367559767765457e-01
1.879433969273744398e-01
2.033201361263244633e-01
5.788806632564808680e-02
5.406144975293721705e-02
1.370731129146936234e-01
2.160511988511078230e-01
2.079172804337096545e-02
2.431645374834186524e-01
3.355629182724031989e-02
5.849505800636065067e-02
8.548134515157754243e-02
2.512511123723548331e-02
6.048971867231604793e-02
1.055294546178607434e-01
1.880583815084803934e-01
3.844496802638272537e-02
3.125340437674529320e-02
4.106153155283864820e-02
6.478625073745068741e-02
2.839890613975063482e-01
1.788020924383995625e-02
6.179791275604495926e-02
2.485346299168820772e-01
1.755991197971237261e-01
1.667010842865298825e-01
2.424360544793899286e-01
1.129452484992652106e-01
5.425680035568375935e-03
1.442902948423890330e-01
8.450259436593884899e-02
3.132115277249855056e-01
5.632787038638416982e-02
1.159579956226187980e-01
7.003730319291584516e-02
7.359592677814694173e-02
5.097638412655507850e-02
2.827145608091359841e-01
2.037866080280164444e-02
1.338282780063067279e-01
1.666388170630642152e-02
8.385751789526332822e-02
6.678199013346611257e-02
5.393877564009194603e-02
1.521106843026462652e-01
1.942921039948263817e-01
8.339202880812544849e-02
8.087324454235343685e-02
1.097794891709483328e-01
2.009984533063056411e-01
1.135860556319515796e-02
2.644600454406101919e-01
1.507220146632950175e-01
1.740509854329496675e-01
3.973900915408676987e-02
2.333061892442795104e-01
2.652391738310626024e-01
1.872375953550012573e-01
2.892978692964145448e-01
1.581421413634860884e-01
1.130922871864704776e-01
3.804154667616527902e-02
6.953613331501112826e-02
2.877487817180122628e-02
2.474504634101746536e-01
2.311154069556401458e-01
4.395653634556054290e-02
1.986985001993501754e-01
1.844664395793489120e-01
1.959863116097158020e-01
5.723172835249559082e-02
1.969228416259959646e-01
5.483898890294339884e-02
4.843856622240855225e-02
3.135434173217902520e-01
4.525768164170297647e-02
2.099610596327414758e-01
3.082531462142358847e-01
4.167011590284386280e-02
1.542942163200539119e-01
1.851697846518361446e-01
6.103714244443551873e-02
5.103614386942700865e-02
4.431993971651177616e-02
3.095766993667471018e-02
2.792315222771861727e-01
7.480004393629402504e-02
5.657188926728889955e-02
2.421724489988854034e-01
5.890224987583610877e-02
3.216411813362342054e-01
7.643263078964013246e-02
8.890471563402940758e-02
4.518548845386205493e-02
4.332607167927244457e-02
1.523107649813454367e-02
1.020796611408657795e-01
5.125741599871324466e-02
7.686389155774607518e-02
3.042057984337141474e-01
2.026927984920250461e-02
1.359062649978981518e-01
1.327090039812180988e-01
1.965033322178640421e-02
3.168446377369637523e-01
1.743259145536655563e-01
8.235888582360348376e-02
3.423306422206517236e-02
1.513431978416707735e-01
1.366201563085481518e-01
2.311020476752655428e-01
3.167013515835871429e-01
1.271294749312451011e-01
3.222941750106412262e-01
1.779060189238862166e-01
1.527699389908710945e-02
8.967234140106113138e-02
3.170027681219005911e-01
2.203461969824165034e-01
2.716568891346090031e-01
1.096369078235286641e-02
3.000037882603574443e-02
6.207814931936463110e-02
5.723662022785060838e-02
3.214157491369114550e-01
1.631140269396481324e-01
2.051180408981666814e-01
3.926901462957636119e-02
2.655593413267309244e-01
2.536854131605306151e-01
2.265202860149267972e-01
2.368153415928692662e-01
2.488655896221872721e-01
1.277429766933834976e-01
9.414943132185170371e-02
2.122903043826747660e-01
2.933943058130815684e-01
1.171986885193057742e-01
2.495452516244360819e-01
2.841656414447705781e-01
7.123071063208961939e-02
1.278871861918960684e-01
2.637896221077535852e-01
2.471068902384704891e-01
1.181048407785458554e-01
8.323802248678971449e-02
1.490126461133771674e-01
3.174587042318924301e-01
4.904731789214967358e-02
2.849190016236180512e-01
4.575814801006892335e-02
1.433376575589865032e-01
5.293570218390308835e-02
2.891534412869866677e-01
2.664254753131198306e-01
1.881603522640979409e-01
2.208788771291800290e-01
2.459341883979959675e-02
4.871918677567321082e-02
4.375940958510497747e-02
1.595642892613902408e-01
8.687729542642139147e-02
8.788214880748700109e-02
2.883368139731712909e-01
1.974647905001694348e-01
2.126450947407740877e-01
2.793463084335845448e-01
2.123840524808508212e-01
7.984765233727496303e-02
2.064953549749125317e-01
2.110206012789216379e-01
2.509255181213101982e-01
9.125223710353881634e-02
3.176180837237575494e-01
5.600277258995051133e-02
1.545473651656026626e-01
9.025669952122772344e-02
1.814129923115668508e-01
2.964987443399954015e-01
1.417061645450256625e-02
1.795540768721792524e-01
8.699075868001474032e-02
6.601811032595426842e-02
1.255702989169174277e-01
6.827688749053145711e-02
1.435643197560130258e-01
3.112060480922855255e-01
2.078704857184913157e-01
1.557547701343295343e-01
1.105145293746299245e-01
3.027737723785314805e-01
1.648378229040766974e-01
2.034144012310075689e-01
1.514432575581170226e-01
3.223346676974384595e-01
1.531269936183892733e-01
1.465290595586757061e-01
3.846538181053446581e-02
1.815693942225334867e-01
4.746463425694438104e-02
2.974972740947418592e-01
2.741801510554520149e-01
6.759589546977529118e-02
1.171538873964710903e-01
2.109602635399201315e-02
2.555948032171401207e-01
6.211422424128040104e-02
1.684457146836816632e-01
3.154908212842134907e-02
3.748416260799673771e-02
6.212831330604918351e-02
1.101583109529051391e-01
1.778291922858726559e-01
3.228991497329353200e-01
9.700593233355946088e-02
5.982268091160874296e-02
3.021829392949433868e-01
2.377582028372887679e-01
4.482341298851465899e-02
2.682200307329689615e-01
9.878633224799290846e-02
1.784070011566186720e-01
9.654574492784864792e-02
1.180658451822579197e-01
2.715065491290361566e-01
1.836886453026008170e-01
3.091818770586860499e-01
2.264642159214450834e-01
3.498345004418944304e-02
1.917269794616789369e-01
5.340319857463708686e-02
1.709524127594028720e-01
2.297501333543800206e-01
1.995756272461459979e-01
4.931516724548487551e-02
2.273871116931695455e-02
