2.584872810654209596e-01
5.873461964197976976e-02
7.850796788924974123e-02
7.022398405322660686e-02
2.016623810135836081e-01
2.585675870123055886e-01
1.279512683600717848e-01
2.147445534206498807e-01
7.645832488326567700e-02
3.686729801949528706e-02
1.408376312840294575e-01
9.925919232740031128e-02
8.618580272279935395e-02
1.397756853666180521e-01
1.829185282075124208e-01
1.192629000119086735e-01
8.065860536825354699e-02
2.936370290909198211e-01
5.994983574112133090e-02
1.130534711531785280e-01
1.774458343510336433e-01
3.230725379764936567e-01
3.187666014989560814e-01
9.946056859020779850e-02
9.066608999826694659e-02
3.756518425984535503e-02
1.757528697454535382e-01
5.610857768066595391e-02
1.592025671114990215e-01
1.241329022818519201e-01
1.783712457635731607e-01
2.539132420926792366e-01
7.005999800141296530e-02
1.298035377629492559e-01
5.208510901374143603e-02
3.090581612879499951e-01
2.414917016639727965e-01
3.187105353883599168e-01
3.202898495911433163e-01
3.185798485494593102e-01
5.822610576621580630e-02
3.051079086826867237e-01
1.631027477862207198e-01
8.093802060491220307e-02
8.252674685208455374e-02
1.307522081117287183e-01
1.002727152481271283e-01
9.906183892109007849e-02
3.248416005369391679e-01
2.176252541713798172e-01
6.882203819609078455e-02
1.798437140663284028e-01
1.252199436943624844e-01
2.614443051462662648e-01
9.367877340594291113e-02
1.357963027943327461e-01
2.360812068283727472e-01
9.275221640289035840e-02
4.717377057748625008e-02
8.953366911765991976e-02
2.174933075840876640e-01
3.091512434692577638e-01
1.720872601585149153e-01
1.043562427476358162e-01
5.597768849023346260e-02
1.644787627484465276e-01
1.834550326656017027e-01
1.166048419954924809e-01
1.241790715839455883e-01
2.278304166752917470e-01
3.092861961292873163e-01
3.254708057755846817e-01
3.259090127193665087e-01
3.141602265518505382e-02
2.104300665098862433e-01
4.972007254015702732e-02
1.553910403196497314e-01
6.422318898172713064e-02
2.073952855666975070e-01
3.841947539038214482e-02
9.504659865405500063e-02
2.853925562018960402e-02
3.998266963074726538e-02
1.762998110231190907e-01
2.687286689375408266e-01
1.721364612594227517e-01
8.979314157739751168e-02
1.012933210896142244e-01
1.170955036974923591e-01
2.718631290046460425e-01
2.809398804847531572e-01
2.396732383028488678e-01
3.235569907687277924e-01
2.941884732809375569e-01
2.047437192053742083e-01
4.174120846092726350e-02
2.196046302575206111e-01
2.768556138079667495e-01
2.606847907847877899e-01
1.728726250974823853e-01
1.559270351272342425e-01
2.739108387524602506e-01
1.980828161683175770e-01
1.676031362572973082e-02
5.179282897074661413e-02
1.104250726099779423e-01
3.976250696738639623e-02
3.958568066164759591e-02
1.097277698699599263e-01
5.652300657361059022e-02
2.980179903698328969e-01
1.013459705879645595e-01
1.910544602242187362e-01
3.169687091153013392e-01
1.926233704584988660e-01
1.550932860348860076e-01
2.825512627521281628e-01
2.880882231641475610e-01
2.645736769261295973e-01
9.511746808614209014e-02
4.328372863504829221e-02
2.940850348927673275e-01
1.069552586855852389e-01
1.965139232658498769e-01
1.498800338060378989e-01
2.925018315979269201e-01
3.589571405155603939e-02
9.621776255443043047e-02
3.266172975594061612e-02
1.985798197965548129e-01
4.537193860439803911e-02
2.794712667996273048e-01
8.104964273534853714e-02
1.404797151074308470e-01
1.451606625282557406e-01
1.130239153518016182e-01
1.496047247305100636e-01
6.593484297781626591e-02
1.114091975945444291e-01
2.430381046302395598e-01
1.868664358485989385e-01
2.449018823290412261e-01
7.478247082844544091e-02
2.157468538400224844e-01
4.234964258002485438e-02
3.272792893977354844e-01
1.764573910231322096e-01
8.636539992041265823e-02
2.106826373361961047e-01
8.967936861149544692e-02
1.879063260693339676e-01
2.302073095986537088e-01
3.095451688782995814e-01
1.155645595220380073e-01
3.190536619999991830e-01
1.744681142219728642e-01
2.559653124432268931e-02
2.867909126257064956e-01
1.497200526105125773e-01
1.868570623084728488e-01
2.265950165256965243e-01
3.018971217231774529e-01
2.831861407710394296e-01
3.012956582214675397e-02
1.690273020039017859e-01
3.170401756794105630e-02
3.252982611342191133e-01
1.840076818614465592e-01
1.251192679884846060e-01
2.057580036062043871e-01
2.234133892274269284e-01
1.055422624710393442e-01
7.945669630397088345e-02
2.952732712254692582e-01
8.406733307437305736e-02
1.429638106765067362e-01
9.117234609478840068e-02
2.841528958874004474e-01
3.709541104159606861e-02
3.238893782216705763e-01
2.787692760052032925e-01
1.410813437419567579e-02
7.173693838564131064e-02
1.077502314115066917e-01
6.572197776097829514e-02
3.213178850134904008e-01
3.018870365004389100e-01
7.280657555974975881e-02
7.545635883383651488e-02
2.222508028503698135e-02
3.255076984067828971e-01
6.160614946107052098e-02
7.576058670870158829e-02
8.252136826465503172e-02
1.974627412506929636e-01
7.928184781644363743e-02
6.314077286621345986e-02
1.217449746719050652e-01
3.028842895625615816e-01
1.306924671265389803e-01
2.317858993494819608e-01
2.554010351398697254e-01
1.495930955810653440e-01
1.965050606650981524e-01
1.000300461460171264e-01
2.544644418361499127e-01
5.810042889758727791e-02
8.869775217084871488e-02
3.178361945869337957e-01
1.965243037235571977e-01
2.457447868267210733e-01
1.037337203089985505e-01
5.150520813959084954e-02
1.885180645951502754e-01
1.212803567191151344e-01
2.552097787221245806e-01
1.752990454546810573e-01
2.270620140080717719e-01
6.294740989523731067e-02
4.974131294461810182e-02
2.541057530868373049e-01
4.628500081920551568e-02
2.922904712615714273e-01
9.137652757327004160e-02
2.849387415263555101e-01
2.877150831109612922e-02
3.807622348470569851e-02
4.027842134209629749e-02
2.053894393475294844e-01
1.665878228281754136e-01
1.404341162298245738e-01
2.227550433776663841e-01
3.028283524133807969e-01
1.072034695452842995e-01
2.682724837724395628e-01
8.194197842322334391e-02
2.843861866545325245e-01
1.835821987095277996e-01
3.214993674660598932e-01
3.187832957707757431e-01
1.151253817080509084e-01
4.198913537632514154e-02
6.573550944713679733e-02
2.415607642191668347e-01
3.191213944264484903e-01
3.663094853454629263e-02
1.719182803380250035e-01
1.083901193901674331e-01
2.239544997043166896e-01
9.296790478854569106e-02
2.896092867305448057e-02
3.153554626538055961e-01
2.295864410099320851e-01
2.950597598192769566e-01
1.459311490010672951e-01
2.838825502778523635e-01
2.664915132475061954e-01
9.660148909899203551e-02
2.497659298731567667e-01
2.725920479273581942e-01
2.582999828156131716e-01
2.039652044101415707e-01
2.597481817812714033e-01
4.680201425386917163e-02
2.255147010022338916e-01
6.231413494823368621e-02
1.901287905607323137e-01
2.522164084790459726e-01
8.577461582314353794e-02
2.360395436770751018e-02
1.868119327843333344e-01
2.745645618080672090e-01
6.006824975797087074e-02
2.454856502134332430e-01
6.880454829695430152e-02
1.649267955014251663e-01
1.264771078605808619e-01
2.917244582904877648e-01
1.213198601699095464e-01
5.439748143988280132e-02
1.074427927430611218e-01
3.016890106163258589e-01
6.761934059979807232e-02
2.792945796867956076e-01
2.931485603908023374e-01
6.325365894718316950e-02
1.653919884868503276e-01
2.903518651121823613e-01
2.825279090026464046e-01
3.190606232291180455e-01
5.592922703334748252e-02
3.198483476864513730e-01
3.072476395165154028e-01
1.157496710371920673e-01
1.339806433453169243e-01
1.413677851140383857e-01
1.630314220771771350e-01
2.708577377834479050e-01
1.767173227740342079e-01
1.778117604391062367e-01
2.206441702010622785e-01
2.484748698852958237e-01
3.179593881210903139e-01
3.063393859612932868e-01
2.813636528975348439e-01
2.060038991681570897e-01
3.393832956506338816e-02
3.656953335945366257e-02
2.414480704554041735e-01
6.294934012172051507e-02
6.969080730778504096e-02
1.052009877969716650e-01
6.433815876673215639e-02
1.695231391229335138e-01
9.629110871104010205e-02
2.181032719054044056e-01
1.195472577561454974e-01
6.126917068128715643e-02
1.550541976592955673e-01
1.969233059102508954e-01
2.161742559535195785e-01
4.472687533950078786e-02
3.095651144264296301e-02
3.197266591996548168e-01
6.645939914584576835e-02
2.308351486922465834e-01
1.283639019939045167e-01
2.807511843254242856e-01
3.880858577684764832e-02
1.375715872027821751e-01
6.276733970385724171e-02
7.296747025531417907e-02
2.625890754869039667e-01
6.513740485459218466e-02
2.638875013449231699e-01
2.489293643089553199e-01
1.491205442596246766e-01
6.623742630168889811e-02
3.200770842712679642e-01
6.378285054285104394e-02
6.898112797694745668e-02
3.060953855169728510e-01
2.574800636476017313e-01
2.406264788305762514e-01
1.334730550163479856e-01
3.264395561173902283e-01
1.683405446997188470e-01
3.271568999740998018e-01
8.615594364766052116e-02
1.922839486012282995e-01
1.159203379994195177e-01
2.351198437672765984e-01
3.109821834785291839e-01
1.116667758200765997e-01
9.543221758427200552e-02
2.816062100717482974e-01
7.182241270012383605e-02
5.646139359632364879e-02
4.379563573051003383e-02
2.215397399833181902e-01
9.460287894767079042e-02
2.454325347313202413e-02
9.202866906983971085e-02
1.727291481850972699e-01
3.879535614387692732e-02
3.272092219735301399e-01
1.226830940412872301e-01
7.585591881032781314e-02
9.484075175922905554e-02
3.235757164258017404e-01
8.251068447359165281e-02
1.203377434192944018e-01
2.136870442580178220e-01
2.616002421280415602e-01
2.825740003411666978e-01
1.515061571364493265e-01
1.512381047173287363e-01
2.715637656731904603e-01
1.237067713954111692e-01
3.041412069521453043e-01
1.917870608635506291e-01
2.377256369761895916e-01
8.568065070068683897e-02
6.641299607890227552e-02
1.968928999286200521e-01
9.804106032593197517e-02
1.742066049879932854e-01
5.084351311917015281e-02
7.167207620511907573e-02
2.150733169788128785e-01
1.969337354058666445e-01
2.976778912226044627e-01
2.023148405779618686e-01
5.339924991249490882e-02
1.892619792311924787e-01
3.010024529289873629e-01
1.814664391492045725e-01
5.893513753429568264e-02
2.205479610935652257e-01
2.891452439751637793e-01
2.166300041703998480e-01
2.413199356149537886e-02
3.249803598066362542e-01
1.141221073902019476e-02
6.499427723662619394e-02
1.685763028131103194e-02
5.165799839117967557e-02
2.092314658630037016e-01
2.115049777023702282e-01
2.917295863791273258e-01
1.031802240025398859e-01
1.924986052078173082e-01
1.772574132069830444e-01
3.574027340896866051e-02
2.301987704033193194e-01
7.756768585982175279e-02
3.124148411249415003e-01
3.246305789377169071e-01
2.482806981692467496e-01
3.162238858783383288e-01
4.781045256037281393e-02
1.744004425583313700e-01
2.146828300979372883e-01
2.929209924380945518e-01
1.814863945029115411e-01
3.172970165458736669e-01
3.605402251429566662e-02
1.401594018726081692e-01
2.758502903440703813e-01
2.040094032554485015e-01
2.021449919712544896e-01
2.800065364420166181e-01
2.452167219241660756e-01
2.595248897782450603e-01
9.469534087572854808e-02
3.012090022664232203e-01
1.258992789683982816e-01
3.003083681950606265e-01
1.106187203932457036e-01
6.343843045171079775e-02
3.559013250526314731e-02
7.836288710175878802e-02
2.866689547978238384e-01
2.742283654292110295e-01
3.131013608726255226e-01
2.730176014552101668e-02
2.789186437950069708e-01
7.129507168599150124e-02
2.321631165982136480e-01
1.387444370261963489e-01
1.303197479203876963e-01
5.926038707542077844e-02
1.471017851642623109e-01
3.118227619758937585e-01
2.359388673254943503e-01
2.422648244872910861e-01
1.184726472318970436e-01
1.819052548716230400e-01
2.888933307408401152e-01
1.552685395221121423e-01
2.087574192495332548e-01
3.780417386826489395e-02
2.029272451206236283e-01
3.111415552806344187e-01
1.294451337162852711e-01
1.257452338876599574e-01
2.025581581669804454e-01
8.464020305225440632e-02
1.202677883375501688e-01
2.083598721756202699e-01
1.665880165039844707e-01
1.029095324346226137e-01
2.892602843177515259e-01
1.561300486733949444e-01
2.844770464108962171e-01
3.036100187476921050e-02
2.834828450643696041e-01
1.647140098171510636e-01
2.051388288536999394e-01
2.295949068743531885e-01
3.036508098217730045e-01
2.776577359546720247e-01
3.326279217930498688e-02
2.214571542785484515e-01
7.630395491730708468e-02
8.155588402408991966e-02
2.953910955157129647e-01
7.052847916008424256e-02
4.767192027275104355e-02
8.742732467991304324e-02
2.829246067314922786e-01
7.427164604367164635e-02
2.560180873034063054e-01
4.345954569773680110e-02
3.048185228652843803e-01
6.546752448569811977e-02
1.020691128568894518e-01
8.938259824414232502e-02
2.958576236664728909e-01
1.769865379257571092e-01
2.672467569886469718e-01
1.924804231350697031e-02
8.096154120839586799e-02
1.656692534192476252e-01
1.792841061831824678e-01
1.307893201105449765e-01
7.295357081001355160e-02
2.369630793453597895e-01
5.546534458295077769e-02
3.353424450282418284e-02
1.588013212948386765e-01
6.754271634442592098e-02
3.419360340926175246e-02
2.506706162861863096e-01
3.116048350382846222e-01
7.981186468158288361e-02
1.825295367760336740e-01
7.515134373667556322e-02
4.623349670723598398e-02
7.427330951529541314e-02
1.619808688595651691e-01
2.036529131779816204e-01
6.340167744084648782e-02
3.471552273225180646e-02
4.620936171698967337e-02
5.477692848349542676e-02
1.414297591363068152e-01
2.807549982055700943e-01
3.103399910033381448e-01
3.387745783167481900e-02
7.527894711036853259e-02
2.612177002864954009e-02
2.533784937375248986e-02
5.625503959614540361e-02
2.424083737504422187e-01
3.093016384304217437e-01
2.763106929623647123e-01
1.451766432102862547e-01
1.884828305209504673e-01
2.143862810497818294e-01
2.763274710439475243e-02
3.254932747635405632e-01
3.036684358932677519e-01
3.261840469898225070e-01
2.178399717713844497e-01
8.338867857758046342e-02
8.957424828233115366e-02
8.623491268503995222e-02
9.619298881067521456e-02
2.968926868860779500e-01
9.913501103904620582e-02
3.200327258046382212e-02
3.179436422238959281e-01
3.098096340941335902e-01
1.738456075914091292e-01
2.433147259978013163e-02
1.620991839184018901e-01
2.645983699730585226e-01
1.699787260416399937e-01
1.065787868299153812e-01
3.190888914006708710e-01
3.016745061579150788e-01
1.356961596036396905e-02
6.658411477296831416e-02
1.326904000645759141e-01
3.179064857113209630e-01
1.350052456378668941e-01
2.889725603021061073e-01
3.096839323614095640e-01
6.237174491232144041e-02
2.530085280618770693e-01
1.096599656163930146e-02
9.692063306592957339e-02
1.030653056404636919e-01
1.792596595751323185e-01
2.871814424819244538e-01
5.458122621565489330e-02
6.734293239731696523e-02
2.348336357410351349e-01
3.190615383068983180e-01
1.603000330671494056e-01
1.154464410648106815e-01
3.065890113055396576e-02
6.592427759115110364e-02
1.743778270708044031e-01
1.224938585290008680e-01
1.977377831199993163e-01
2.866195131340156244e-01
4.889126080938394070e-02
2.559481227170724571e-01
3.806121299808190583e-02
2.048154696233557281e-01
1.064141499745923369e-01
4.477428233593622880e-02
4.488618624459628920e-02
5.804766548563396883e-02
3.173947031162726029e-01
6.358630326857164783e-02
2.345595525207033460e-01
2.945664490978475714e-01
3.127804693846830686e-01
2.528857249710181332e-02
2.718757625151668189e-01
3.264822054780415761e-01
1.399839321954752247e-01
5.717760958767658525e-02
1.448957299388742570e-01
2.537445435609615441e-01
2.607226001417624617e-01
2.494275455195147650e-01
2.602127083717942768e-01
4.214594190838792664e-02
2.734522484738750037e-01
8.409269235229842321e-02
2.019541764453243182e-01
1.779222577494057322e-01
3.017436624233178488e-01
2.129194648760940611e-01
3.086495019189025579e-01
8.333296051895210110e-02
3.463629303555723626e-02
3.054016563679927687e-01
1.995351838154945101e-01
7.827150411732344826e-02
8.160175887599176170e-02
4.947572956949893019e-02
1.124714192720863842e-01
2.311694211897841467e-01
1.263276685032014290e-01
1.349969215005503431e-01
2.529744462901356225e-02
3.929458654253861066e-02
2.729673540318007796e-01
1.919646513578170677e-01
2.176911583892778002e-02
3.008293992825768481e-01
2.167773123767432752e-01
8.079170862034996958e-02
3.994233417986191997e-02
8.783043176307263333e-02
2.563018411429284216e-01
2.566323533786865063e-01
1.687180300019642809e-01
1.590920499745801520e-01
1.478465260727072905e-01
2.543136323163089907e-01
2.384004893369369993e-01
6.416901484820632107e-02
6.244902986708628784e-02
6.664894579285356169e-02
2.094831524922324550e-01
3.218086602372087213e-01
6.825118800787466355e-02
4.432848002222607164e-02
3.126507585874918616e-01
1.860969873841760436e-01
2.965897597908507266e-01
1.312537143665305495e-01
3.219070975831078152e-01
3.244394552104036267e-01
1.437859807481551566e-01
7.464544065914506532e-02
1.540632391234826870e-01
1.882669594999183404e-01
1.129326078761357655e-01
2.292161432615007766e-01
2.073069059024042204e-01
2.954909959867667579e-01
8.824020989195383025e-02
3.130621412337961790e-02
3.196166107529525846e-02
2.553310251959746702e-01
5.948901559733960759e-02
5.568335571701285569e-02
1.464015439582546096e-01
5.325756236945790312e-02
1.600804355230294185e-01
9.816348626622256601e-02
5.525568145060211905e-02
2.906724982553142711e-01
6.494818060932991410e-02
6.213897256871641489e-02
1.135757560303909397e-01
4.930759407287382129e-02
6.464395811594737806e-02
2.734384415275402103e-01
2.417738011595820247e-01
1.619350046712134117e-01
2.093423262600750401e-01
2.472269189866264927e-01
8.327096839096499725e-02
1.383369823988431779e-01
7.270814829236671439e-02
2.063036526736574880e-02
9.750818085112364364e-02
7.281820709157195426e-02
2.406736087052201434e-01
3.001188952541268273e-01
2.221908505993885063e-01
1.791015183178650827e-01
2.773567414036909873e-01
6.228430925105286203e-02
3.123979265183477461e-01
6.624526889016936482e-02
1.739643305368409817e-02
2.147409402483451135e-01
2.593864215620330649e-01
2.543264072438231049e-01
9.892212961140570138e-02
2.107428939677764290e-01
4.264810436758991602e-02
6.756186517505051448e-02
3.741162569353025102e-02
2.651714567637162290e-01
8.459188324863475827e-02
2.333905574445044873e-01
3.455306393404784099e-02
1.084120981667937578e-01
3.013263966088077783e-01
6.487775945090849816e-02
1.133086231073311828e-01
2.971880485694508023e-01
3.550347589168852819e-02
1.337322482721941541e-01
1.798246312344335962e-01
2.101827467096412660e-01
7.612260376528548478e-02
1.971218976600503658e-01
1.217330387887013143e-01
3.175867388191384172e-02
3.515852953388991925e-02
2.558889850162447410e-01
2.277821987403342296e-01
6.491848494507115874e-02
2.443771850854010719e-01
7.665123853136761312e-02
2.756283108869982956e-01
1.173708398086681232e-01
5.146418419888228180e-02
1.165589922054219296e-01
2.915184248908848086e-01
1.657340731375543386e-01
5.753132561167054182e-02
1.653863291337551722e-01
2.165853395791772773e-01
4.500993756237528509e-02
2.402327530343244533e-01
1.700644637787577795e-01
2.164199052865728168e-01
5.169119920446778316e-02
2.670129162012791491e-01
2.386805724083285452e-01
2.841170321096861406e-01
1.239785299473261382e-01
2.179716338824346233e-01
1.973706291315266426e-01
5.286273302932245621e-02
6.107515272267179107e-02
2.071302595847830108e-01
1.533000155080574967e-01
3.011009436510379556e-01
2.340985463648197762e-01
1.478706863160392515e-01
6.098698004956325941e-02
2.963392777022004765e-01
3.250794195680525300e-01
3.211354256082906145e-01
2.155066254902656547e-02
2.157294480198403142e-01
3.017103246454769794e-01
1.834953435696664581e-01
1.023313789132177382e-01
2.147898897390693451e-01
1.499355743628150439e-01
6.965296262813862327e-02
1.295508397465061634e-01
3.055485924881439219e-01
1.834242449773424710e-01
7.843524020628495075e-02
2.262963184152654572e-01
3.081641011173197331e-01
2.505344769131470639e-01
2.813201902242311037e-01
8.387555452816142232e-02
2.216507928597553911e-01
1.845282594654908959e-01
3.194624386799543303e-01
1.329610294911075241e-01
6.718494253117729409e-02
9.275829935143399541e-02
1.641004282670885106e-01
2.385446345396207909e-02
1.020852760691708626e-02
1.982694260000736897e-01
2.610797644021702335e-01
4.401405038357635718e-02
2.778837006454037417e-01
1.995290678555802777e-01
8.275397616026038128e-02
5.903924244573535013e-02
2.752380542711966305e-01
7.813742592074954252e-02
8.717017617562808351e-02
4.805190876907549508e-02
2.652550038060441651e-01
9.564346055258776680e-02
9.260619863968337639e-02
1.847304690186036269e-01
2.722579134641860479e-02
3.246629103622041268e-01
1.789204759583564938e-02
3.250619443073083370e-01
3.116313381242120095e-01
8.211859433958092203e-02
1.204170122321736452e-01
3.222515707736710588e-01
1.321159760728360111e-01
2.986186355169362927e-01
3.486274298726636800e-02
9.976657400169848533e-02
2.147323058404536356e-01
4.582517204467723149e-02
3.172371997336631555e-01
2.004884698860054937e-01
2.061069506239074367e-01
1.600543036359373672e-01
2.293898878831334559e-02
1.104465291727090848e-01
1.452733941345510649e-01
2.169179021923368644e-01
3.118761443185130156e-01
7.353086680117813800e-02
1.608493839435685413e-01
2.485322915827046508e-01
2.673232939456221535e-01
1.260237355152865786e-02
2.377410205225594445e-02
1.490001938309930794e-02
9.375071654217922990e-02
2.833706717996459234e-01
8.061191770879205798e-02
3.176385270945655259e-01
2.624431708609306080e-01
2.536200353594541546e-01
7.102842496167842412e-02
1.270248659103037914e-01
8.026776025397462655e-02
7.345593417497242594e-02
5.987305091662054740e-02
4.168858921271327567e-02
1.410663551448596009e-01
7.022945237597266743e-02
3.077324256577982919e-01
1.945768060380469872e-02
1.740778779068577475e-01
3.204755926390617099e-02
2.155565411356110406e-01
4.105881229184055181e-02
2.317786777041597468e-01
6.893874155387730296e-02
8.591621061628426648e-02
1.568140667212229999e-01
6.507490280047573128e-02
2.766195900332802937e-01
9.568787186876812068e-02
1.236341862143901793e-01
5.651877665513249660e-02
2.014638297327179806e-01
8.498824020291753656e-02
2.138939620082573947e-02
6.460311464360125877e-02
1.243514032971260452e-01
1.028396731714280171e-01
1.287866948582458704e-01
1.731556265822896123e-01
1.000446837529175015e-01
2.537542888952387665e-01
1.609500952876293522e-01
2.672543237805079519e-01
1.761461128012809518e-01
1.355738475372106899e-01
1.445830730511380446e-01
1.991453866026348940e-01
1.835781677774797893e-01
2.960852160144684664e-01
3.107855753995482084e-01
2.876495377109624108e-01
2.172089980336480708e-01
3.275345882578939993e-01
1.862691035126332606e-01
2.892272567629061708e-01
2.635468309543369525e-01
2.524230444311905686e-01
1.807033459956237376e-01
3.070458665055931236e-01
2.675452467970361181e-01
3.153272999892984263e-01
3.205022325620172641e-01
2.475356512955835253e-01
1.303163540348926952e-01
1.483574274574135377e-01
7.504466579546363592e-02
2.950678751208362649e-01
2.879448187322133923e-02
6.704204390012691306e-02
2.035946549848969833e-01
1.918084925022638110e-02
2.508048665959498047e-01
1.321515543878536703e-01
1.571513748095401952e-01
1.931586456780894356e-01
2.608044612311772870e-01
8.311023251775079279e-02
5.811647756944510190e-02
3.014477110019226913e-01
1.462353313818232636e-01
4.710937041155986021e-02
2.139540860178950066e-01
2.570396759082871005e-02
2.766956777437751952e-02
3.056772660680474596e-01
1.822011515161111872e-01
2.246895054871809738e-01
7.274759166557133450e-02
2.169830854162974332e-01
1.697511711383399569e-01
2.074525742349450363e-01
7.879025574878731342e-02
1.767324293451813522e-01
3.137264432666241332e-01
3.220756840860171666e-01
3.240179414553531756e-01
6.843592303393210285e-02
6.856112028796432223e-02
5.664327720461440757e-02
2.411796692028807532e-01
2.403729060799275341e-01
1.313444466488660478e-01
1.175843051243544296e-01
5.577302627001247404e-02
2.606509928287390476e-01
2.291317261345069689e-01
1.963901082393852138e-01
9.472724662443864074e-02
8.026623200320005813e-02
5.563076268174926842e-02
1.157521529578664499e-01
1.753966873728934339e-01
2.972162739532449235e-02
2.957767578404900677e-01
2.579998334964425100e-01
2.251608751499523942e-01
9.932980101203041368e-02
1.627424386657709554e-01
2.201205169078325197e-01
1.343023275404798822e-01
2.823604562768152748e-01
1.904908986050400377e-01
5.729677005901714221e-02
7.748044818007432388e-02
2.774296209327498097e-01
8.364517442220167909e-02
6.222200979359780032e-02
5.006268246140374578e-02
2.975274209615752508e-01
2.995652653951303424e-01
6.414535827575790217e-02
4.883498766966297422e-02
1.431523542802024263e-01
3.274442418517216347e-02
3.235520865740052626e-02
3.219939019410002490e-01
3.187706232322732869e-01
2.209010420686314397e-02
6.822640919682917970e-02
1.021455701198031168e-01
4.720229978492734152e-02
2.298456238683790898e-01
1.952082423124228694e-01
1.984076971750677876e-01
2.158093432450148286e-01
5.613132918508452474e-02
3.213374649200863575e-01
1.499508835743185442e-01
6.657475196541093321e-02
1.892275764190120835e-01
2.520814108928512431e-01
2.938922543122418074e-01
2.401546384665014522e-01
1.009378000843799555e-01
7.003682871426190892e-02
1.215049576567271555e-01
5.640890527373230295e-02
9.003817174379835642e-02
2.059880383303338836e-01
7.463298946703204872e-02
2.762531825414687447e-01
2.862850089196091186e-01
2.254734575261340412e-01
1.643861353893180666e-01
