7.068126108316959144e-02
6.131089173128636410e-02
1.993923065910929437e-01
3.048073728948523242e-01
8.839184648320323745e-02
1.187494078575357798e-01
1.077656976182346654e-01
1.204386561497005487e-01
2.778758076239131736e-01
1.097080286622944684e-01
7.121445162650577587e-02
1.193041406675182797e-01
3.134684225551523373e-01
8.362875053670598691e-02
3.245232514293159842e-01
1.074085757923154694e-01
1.553721881553495887e-01
2.631467263424638325e-01
2.772511982828540500e-01
1.807694149456086918e-01
4.004931590634983746e-02
2.339425572871420833e-01
1.675120014464529239e-01
2.224308320260294791e-01
9.528612923754511965e-02
3.057582969439559539e-01
2.020026602845755304e-01
8.199053278592707827e-02
8.589379926078953564e-02
1.207448624250618135e-01
2.585293087257253264e-01
3.251980826948688841e-01
1.243836438071762723e-01
2.365685516625987417e-01
7.747967948705143659e-02
1.275462901827690010e-01
8.215247043504703139e-02
1.511478760901789620e-01
1.211667429370287680e-01
5.528192748384857386e-02
8.822678588044628734e-02
4.521939510512049815e-02
1.623779491972665578e-01
5.214590349414259529e-02
1.659303161682725569e-01
5.636406692373376048e-02
7.001500760385155619e-02
2.050497226972067821e-01
3.320899801598129475e-01
1.734621698159364844e-01
2.786809181893754039e-01
1.236833512908322441e-01
2.338189812857118244e-01
3.308566737608655273e-01
2.702292109508657725e-01
2.707660453332981221e-01
1.819964809113726878e-01
9.804735298094389984e-02
5.063294073498249975e-02
1.066553352548438305e-01
9.426384213128168044e-02
3.126040377352488076e-01
2.780347059629769135e-01
6.030611395063500274e-02
3.121005044963469088e-01
3.277226655210367934e-01
2.409882406609038519e-01
1.895436969830767704e-01
8.840516676625628789e-02
1.589847365843326810e-01
2.924228727240192893e-01
2.729991769173995553e-01
3.276547523303564025e-01
1.194166353557589155e-01
8.924571896988697794e-02
9.382137777215038277e-02
7.383109951279909211e-02
1.989297206523432116e-01
1.312456287633498864e-01
5.344906654759622872e-02
4.979070458208737643e-02
3.209007271215658097e-01
1.045141972771003042e-01
1.091150717570847500e-01
2.564752823601266774e-01
2.523521101002677014e-01
2.206405475059365906e-01
2.135005594348928781e-01
1.056676013293593869e-01
3.182566890142170535e-01
3.119492770014514194e-01
2.169416286477237055e-01
6.027884579237665491e-02
5.376317124065581321e-02
9.307215182711045531e-02
8.773975191980575017e-02
2.444737488268739767e-01
2.182095430000832170e-01
2.917242647269651656e-01
1.023944247323119450e-01
4.922638986807290756e-02
2.907398020518668358e-01
8.388294142879898496e-02
7.678080249018012782e-02
5.101539581080739849e-02
1.458283812846478122e-01
2.316764697848842092e-01
4.969126201663087716e-02
5.769842817970138871e-02
2.327757722038019395e-01
6.114128378067072017e-02
2.628684279862509299e-01
2.935667835006030013e-01
1.235372253748010379e-01
2.178006624162194815e-01
1.030626809642048725e-01
3.296510968538202691e-01
3.193405395006218006e-01
1.000997386752549845e-01
1.910381257052294057e-01
4.198443491127303723e-02
7.421843666573271769e-02
9.654483816150785658e-02
2.687336330710505816e-01
3.332308959547153893e-01
1.492264902683287375e-01
2.976158571701930655e-01
1.649198534132231275e-01
2.662916373361399192e-01
1.970630048282692726e-01
2.528544134914920694e-01
2.257983711105789049e-01
1.930325895819127169e-01
2.783279552047437932e-01
1.444407419136142512e-01
2.685389656210601661e-01
1.434836824735811478e-01
2.947526058012089334e-01
2.613558546756503675e-01
3.319256175023223010e-01
1.748883746515912940e-01
2.866628633610099341e-01
8.288876125921133819e-02
8.042280741556910584e-02
3.078537110881979788e-01
1.959712016058917372e-01
2.164982870326760123e-01
1.437637625168238231e-01
3.175502290870959587e-01
2.733672625080149077e-01
3.369216004541549236e-01
3.013944430779725292e-01
4.266831477243641924e-02
3.171387906917944588e-01
2.691700085164411282e-01
6.031412098658273796e-02
3.215125931866077980e-01
1.168841592695872150e-01
2.724036142264826821e-01
1.077610747093378785e-01
3.123374794736024640e-01
2.243841660103220725e-01
1.065192862972142163e-01
3.967395579446184734e-02
2.467179769672128986e-01
1.018201872684248027e-01
1.712157657339951622e-01
1.540935963607867887e-01
6.556712606669942711e-02
3.314434638905622288e-01
2.675583855158326085e-01
2.093387692075678042e-01
8.939526294141478258e-02
3.382233017647379159e-01
2.622931247685143519e-01
1.041753966405759013e-01
3.367570562884851237e-01
8.279704705816698374e-02
6.434290420662017174e-02
1.771175666827278783e-01
9.079486070092003536e-02
2.206696861427197842e-01
2.513204066620600141e-01
2.985615268060873295e-01
9.297862503736996354e-02
1.506468002469480150e-01
1.563660678382569891e-01
2.804230989206668023e-01
2.210394268080163038e-01
1.939759241397421841e-01
2.953971417132622013e-01
3.700869138813624171e-02
2.380262243827985236e-01
1.828496149226714607e-01
1.377913862341570705e-01
2.246915586952078769e-01
7.747462251084116791e-02
2.512803269210700519e-01
3.075490408420828992e-01
9.078601992265182552e-02
1.531426130954030296e-01
2.087197833969605953e-01
1.330432860686042995e-01
2.273770697470269275e-01
2.259890926834779712e-01
2.044524675724833096e-01
3.097447406501350753e-01
2.068658897824330878e-01
2.688866666120024451e-01
2.766002532451432017e-01
4.665705541451880406e-02
3.011279539122291848e-01
3.041312335452672766e-01
1.166605827970894210e-01
2.238974786956543783e-01
1.647158168385471355e-01
1.801236253671383014e-01
8.599463139496989206e-02
1.011026549898176446e-01
9.599044271610693291e-02
4.246218893204267708e-02
3.210965741118256833e-01
3.143680888329490331e-01
2.647643473745565079e-01
1.356127693154089431e-01
3.342136059231756162e-01
7.379129023977382129e-02
3.058478991671998992e-01
1.634111111344390965e-01
1.228225829434857891e-01
1.912550508371123059e-01
1.772855766645846376e-01
1.155892136117721292e-01
2.352613670582976713e-01
2.911190399697946574e-01
8.369373122257135755e-02
2.107423886681135672e-01
1.509236249167415778e-01
8.956420999318627507e-02
2.771569764776992684e-01
1.399670994444376648e-01
1.056866310566400985e-01
3.037746383563471042e-01
2.838265569933453025e-01
1.149071722187485073e-01
2.730306244917000691e-01
2.423115855928646700e-01
1.156224600009208014e-01
1.417929214818005879e-01
8.485302574898681560e-02
3.068934179735634538e-01
6.384595795030972853e-02
2.931004863173227726e-01
1.553207888898576750e-01
2.139605176343772064e-01
4.524693937228477236e-02
3.176696886418698962e-01
3.312034464871065342e-01
2.875534403984792986e-01
1.372574198229283560e-01
1.810005488539109253e-01
2.740193919887749519e-01
1.557914658006211428e-01
2.916329918008768729e-01
1.814921330236997921e-01
2.319937620617450180e-01
3.004785653464657758e-01
8.643284028786608897e-02
8.028280336272340667e-02
1.185522502720091353e-01
3.012040418277250886e-01
2.680054947092556650e-01
5.087424549698976034e-02
3.211570104757264787e-01
1.867741524885110083e-01
3.006106347730463368e-01
1.294395032194327888e-01
2.468831503706148678e-01
3.067272226600812890e-01
2.592777744291382414e-01
3.256733153789634350e-01
6.524955596659977319e-02
1.101635427339041906e-01
1.421311544466176413e-01
1.231274580879559016e-01
8.147548166343657194e-02
2.230990875953539898e-01
3.003304935038021428e-01
2.104637804220871322e-01
2.920710362844019525e-01
1.322111622210504489e-01
2.946578981242827799e-01
2.886679001326250549e-01
1.104062968521589277e-01
2.055997138158375537e-01
2.260149072615916521e-01
3.647378234227294930e-02
1.514147046526504170e-01
4.537472432229217728e-02
2.646452831959868468e-01
2.600903522569659732e-01
9.058589904194250253e-02
2.181591613842898958e-01
1.306625048669560196e-01
4.820328523227115913e-02
2.312208390316222717e-01
2.141483901154035696e-01
8.638780336060161713e-02
3.166565614233771142e-01
7.611047741541801526e-02
1.838159031280335309e-01
3.236158826892304718e-01
9.985840119936338632e-02
3.333454534018621684e-01
1.047537267046832754e-01
1.316885901764781597e-01
3.350566448596986602e-01
2.828386204701859308e-01
6.127436809695780556e-02
4.334450012540219666e-02
2.459984828529497014e-01
4.982463214469461110e-02
2.777248847149543787e-01
9.034928625761011467e-02
3.237090001432761932e-01
1.034344479520653004e-01
2.939999636171268804e-01
9.400853747058844634e-02
1.088805569136627321e-01
1.134068932176487410e-01
1.365863609762250075e-01
9.819305629338463681e-02
2.530256558948739687e-01
8.363445541309690034e-02
3.023629182913453728e-01
1.165180408062138212e-01
2.187602643009159409e-01
1.005254209501872803e-01
2.775382853273790640e-01
2.816283903231803776e-01
3.104738386711304865e-01
2.020353316825909684e-01
5.752314724422276371e-02
1.692745801444202058e-01
9.186585036187377984e-02
9.426119669479923746e-02
1.635726186008830685e-01
2.476378773572561476e-01
9.924043114616357131e-02
7.391417044822784499e-02
3.079041997224314930e-01
8.304843907622877497e-02
2.948041801886168711e-01
9.174045857730085685e-02
3.022825240958155746e-01
8.898515008114736557e-02
4.175523324536818681e-02
2.672359174943065296e-01
2.694075581329991587e-01
2.729963291658583091e-01
1.109771741624710900e-01
7.608103062273272044e-02
1.598373763854677165e-01
4.763419347310759999e-02
2.519952203278304492e-01
1.431389007704782779e-01
1.199870987056946975e-01
1.011860480901752152e-01
1.067795821264287959e-01
1.007974531148453368e-01
2.962645685400413509e-01
2.295761094341160768e-01
2.794362373362366814e-01
9.812549312690896364e-02
2.797072184706169695e-01
1.943555131761656452e-01
1.648648304141331067e-01
7.811552580822862801e-02
1.116276231931481594e-01
3.091821690596861516e-01
1.109840701282306802e-01
3.333468615654224809e-01
2.864723592261856910e-01
4.327509961502819247e-02
1.566761772031263211e-01
1.242070756149989963e-01
1.814817923577695113e-01
9.980783061202444517e-02
2.244171694939104955e-01
2.985860687397070556e-01
2.673190810448382027e-01
1.176789252556239285e-01
2.101664949227069756e-01
3.192181502370214918e-01
2.973748620992582858e-01
1.683812991500686640e-01
1.866957333619876092e-01
3.073191770596528372e-01
1.940062480917239263e-01
2.232515629055973061e-01
1.986915350955281434e-01
1.301742905448763643e-01
1.118455774008591808e-01
2.881186858145267649e-01
3.083135475904567047e-01
8.184906779505829455e-02
1.406247391054690488e-01
1.048405048277908785e-01
8.281027410197691618e-02
3.149010029951038736e-01
1.809757893627813308e-01
1.341540057930911134e-01
2.787476295867364340e-01
1.197821009792859742e-01
4.771372906499625477e-02
4.973504932984764565e-02
2.942980553802730381e-01
1.756534349939400941e-01
3.020693160088092077e-01
4.790471593046925769e-02
8.786615111385127908e-02
3.305543126646959817e-01
3.088445957047670221e-01
9.841805257279508112e-02
1.459664118877763428e-01
3.257173480064987081e-01
6.855462752121363468e-02
1.548112926146190949e-01
2.595487691992298673e-01
2.128853540896840923e-01
1.370951982007091174e-01
1.988721145653569999e-01
8.782289292642053713e-02
6.044992389518188264e-02
1.369288087949308563e-01
2.218302992446486710e-01
2.921670294014996339e-01
3.114783783534401107e-01
2.093658467441198712e-01
1.388731066173929107e-01
5.428322032871582548e-02
3.324895499136908961e-01
9.751927057877052274e-02
2.915985710275907361e-01
3.235677482112233605e-01
2.922711697090882854e-01
2.622514399853596578e-01
9.646472968093225409e-02
4.595157517593988911e-02
7.062297070084666561e-02
1.461827695559533014e-01
1.028123116955578231e-01
8.249000488288849020e-02
2.173785329365578167e-01
6.324380405109834846e-02
7.621154144430498933e-02
1.034683752870542151e-01
7.077815183574734381e-02
2.117615497836749794e-01
3.027183982485179281e-01
9.161490972645515429e-02
2.362472024286885741e-01
2.992436527279447867e-01
2.970632311396675940e-01
2.762991514463223330e-01
2.359701635744131110e-01
8.590055716604672043e-02
2.559062118842382327e-01
2.323092392522940475e-01
1.489044265024847269e-01
5.882372661366092048e-02
6.691614809667811858e-02
4.822346300391838758e-02
2.464449423990080490e-01
4.292801055777437785e-02
3.065307523874343798e-01
1.831041885108001255e-01
2.715850007162105562e-01
2.573156937990034865e-01
2.916002726084681029e-01
3.282033736132209389e-01
2.975751471331292697e-01
2.569759777961333480e-01
2.705767967542025976e-01
3.355632957140119998e-01
1.864033375349038457e-01
3.038891322972550602e-01
9.299430800374498818e-02
2.918594226443590456e-01
7.796222082635867467e-02
1.298309583165392911e-01
9.263894578006040548e-02
1.413083006957456256e-01
2.832629923234569191e-01
2.529060925614873279e-01
1.712748901779599098e-01
1.963732829416060255e-01
5.057168025601709027e-02
3.137550668168843648e-01
2.362033508695546846e-01
9.529571908432477034e-02
3.177130134731568911e-01
1.684819383697296891e-01
3.185750055901038769e-01
1.523792754347889356e-01
9.796467721936119588e-02
6.976059207066395706e-02
1.032518638487935903e-01
1.131503579764295414e-01
2.846329723996235961e-01
1.050608820754874301e-01
2.489169141129357055e-01
1.225672239163641125e-01
2.005077247598485712e-01
4.150419811060859082e-02
3.074883344946909292e-01
3.129449782383570966e-01
2.235200603259139829e-01
1.256421513271326895e-01
8.894107807664083931e-02
1.480097952774926950e-01
1.520764243219200618e-01
3.567027955771153586e-02
2.842620913306413422e-01
3.197328908040517614e-01
8.309604999186856467e-02
2.384424536019392193e-01
2.874583438730418106e-01
1.459297573431120043e-01
2.765652341157445182e-01
6.477390121808493384e-02
2.958416869992072651e-01
1.663451026269242849e-01
1.730502662903908306e-01
9.913298077737489611e-02
3.363218443335139751e-01
2.984029010324149578e-01
9.499147742443989073e-02
3.165706397537264016e-01
3.341450584046638528e-01
8.160614407295231632e-02
3.086649329057483127e-01
8.375385735673630816e-02
9.985580083236310356e-02
2.496547399420712965e-01
1.557556854092135845e-01
2.488615802977249547e-01
8.891282951104791110e-02
1.524465787547334694e-01
1.606015460577965293e-01
8.395051781784614031e-02
9.336765997591266186e-02
5.913582631278229557e-02
1.257417858184954884e-01
1.013779123918697456e-01
9.884623177246551484e-02
2.000018316409572505e-01
8.540476212174144544e-02
8.793167222163002228e-02
3.198346423777989056e-01
7.466107108079859944e-02
3.220565312976027550e-01
1.408155228263343328e-01
3.261303367855862279e-01
2.309418072735994754e-01
2.384472798620438094e-01
3.283102631006899474e-01
1.169210170154254408e-01
6.780363548414183872e-02
3.202923939693378963e-01
9.213011602996087901e-02
2.397512850794688011e-01
2.166849106176591822e-01
1.106266800290293950e-01
3.291052951734550480e-01
2.201378177399192226e-01
6.302695782089233478e-02
2.956214134764257317e-01
3.275322597625245913e-01
2.665640411350952976e-01
1.354007955828370746e-01
3.164539578170014189e-01
2.144732321402561537e-01
2.643952126410459846e-01
2.965863237601973901e-01
1.450871200080203205e-01
3.212633000664966154e-01
2.063467072041434702e-01
2.955892399738986875e-01
9.028750290304021764e-02
1.790261641381661328e-01
3.298187626794804594e-01
1.950518949201079932e-01
3.338772964750586492e-01
1.918486009918771995e-01
2.568541643072885794e-01
2.862020212592536472e-01
3.040132859924201680e-01
1.524010973771003641e-01
3.087377978433415993e-01
1.342096059721076262e-01
3.301188024537510812e-01
8.192266672830740559e-02
8.290697177929386152e-02
1.628131017843036654e-01
1.601237303695786374e-01
1.060033084773017026e-01
8.050571392708262553e-02
1.325238491222480441e-01
1.058543106134422346e-01
2.382800565505389379e-01
3.343510417606152529e-01
1.138674276877659347e-01
1.251670445781233598e-01
1.443534150710564790e-01
8.195550134017927368e-02
6.318333690428175331e-02
2.984315708545448587e-01
8.940547714715464667e-02
1.976040233520154621e-01
6.527870938923263644e-02
3.041851840545801711e-01
3.065634784685660752e-01
3.283755314359156352e-01
4.694403410007008670e-02
1.193842023214941317e-01
1.969892801492157119e-01
2.776094718992999644e-01
2.769874713568475366e-01
1.338012171322233990e-01
2.829400554390407718e-01
7.940997671113284029e-02
5.177684242373329498e-02
1.266894415317567912e-01
2.771846688724037278e-01
1.581458515034734336e-01
1.836053380581555150e-01
7.114167635279056157e-02
9.985322763466714102e-02
3.138321095343277189e-01
2.396376210904222481e-01
3.209655918125137730e-01
1.535612036622179821e-01
3.152640397806161787e-01
2.913923216792919102e-01
9.840737167111880679e-02
6.582899952998570725e-02
2.739024548958598482e-01
3.358899311814325106e-01
2.617492789615958326e-01
2.501517627085282913e-01
2.849126743863070188e-01
2.734917657394160262e-01
6.883480113777215581e-02
9.110943506770650957e-02
2.766841838497803852e-01
2.779973596770591304e-01
5.851482663671211254e-02
2.913203574384598538e-01
3.133712206074228956e-01
8.373817015613475856e-02
1.266710510454580330e-01
2.460697049620488852e-01
2.439839104212061516e-01
1.152056937872701359e-01
9.664607512036640924e-02
1.399132598523504245e-01
1.794581766943920687e-01
3.187635583741802447e-01
3.253458696308433873e-01
1.873798768153192573e-01
2.274037746391503467e-01
2.773639655598416631e-01
3.273810712735542028e-01
3.154946892417270221e-01
1.320971691756651911e-01
3.097939237081391295e-01
1.961501852914172839e-01
5.818696525763990962e-02
3.135096886665392213e-01
1.119746902660359728e-01
1.658409437981607226e-01
3.028313990581750770e-01
2.269425110977310034e-01
1.206341400722952817e-01
8.831771026640006239e-02
1.125654199482896411e-01
4.020826449455448814e-02
4.469576767879136076e-02
8.955373329618500355e-02
4.477811100989793902e-02
2.956088899191627872e-01
1.393456571517338038e-01
6.265228501041486542e-02
2.230297407823039757e-01
1.878440315696672802e-01
2.777657613393868519e-01
3.002161461870693215e-01
6.811430867152198920e-02
2.002114326405261824e-01
8.643946588266908371e-02
2.723225757215081422e-01
3.192373932078754750e-01
2.557422744735119435e-01
2.832239294227988924e-01
1.151227773479030630e-01
9.972789995334044311e-02
2.927036118240992080e-01
2.587113422606267532e-01
3.344757637404429107e-01
1.583504883466465840e-01
7.526326116726017590e-02
2.832619489147469305e-01
7.505680161986129362e-02
1.943880882124615350e-01
1.951013096769204924e-01
1.347762874131184230e-01
2.248887377969974732e-01
1.073092408425341815e-01
2.451925018455937411e-01
2.944353057220454595e-01
1.650442847367184218e-01
7.352347075172269153e-02
2.622722286193604480e-01
2.704984906054344607e-01
2.770818114617312200e-01
1.858341780559525647e-01
2.231587144328079364e-01
1.326594101964816974e-01
2.420828532642735342e-01
5.591145459883632013e-02
2.184046296776074592e-01
2.934967559222815825e-01
1.431272959123613686e-01
2.543187909195575025e-01
8.158794467278131235e-02
3.391362252953719625e-01
3.100708802721788837e-01
3.069185498337045348e-01
1.219701117846639232e-01
1.583427971058510020e-01
1.977148342926090818e-01
8.221992863142393859e-02
3.065754353203968829e-01
1.109166821177659384e-01
9.002377052493550080e-02
3.187599696709317865e-01
9.150784474729863061e-02
3.273751080359463828e-01
1.479741520257817078e-01
3.163572916721871797e-01
1.385646979229286924e-01
1.140653360828337293e-01
2.545050616202259031e-01
1.871925932038890072e-01
3.261079085308913328e-01
2.887888707086118112e-01
2.906571764781171185e-01
2.201016937232813664e-01
2.918745987791228624e-01
1.307842396453098299e-01
3.096048895212327734e-01
1.494505395839900164e-01
4.963607103922313551e-02
1.804763099604937415e-01
2.980067079019888543e-01
1.783249310525007736e-01
2.186067961139744886e-01
3.248517491030719073e-01
2.164848689007747018e-01
2.977537652149394587e-01
2.913096233873215257e-01
8.081075312975434521e-02
2.833758482975290427e-01
1.187474131182105069e-01
2.966625819406608633e-01
3.190734517052426500e-01
8.261058177785082779e-02
1.285832420703853785e-01
9.827707351059215835e-02
2.247952584968793410e-01
1.923061633492859912e-01
1.949413270486617944e-01
9.267692490544583717e-02
3.125475139321224893e-01
2.517760500720667705e-01
3.295305478795125254e-01
1.422302136648682380e-01
8.899336670334487276e-02
2.939652951971835626e-01
2.383203576772234267e-01
2.112634407001031944e-01
3.364490665782008949e-01
3.193494108401879195e-01
3.170248018488604491e-01
9.296221334741243403e-02
3.373144046464139900e-01
9.450377745157609310e-02
2.784801002681325799e-01
2.549252962421810764e-01
1.319792300349653669e-01
2.536195575730881835e-01
2.194418398994579522e-01
3.362005753252362283e-01
2.814470728912452091e-01
3.127293679920075120e-01
2.872103196990230534e-01
1.294310625042006113e-01
1.469333049074516007e-01
2.473672514333001837e-01
2.427048911622407268e-01
1.773252578631090148e-01
3.342068709871511278e-01
1.070680327797562253e-01
1.770307187201232979e-01
1.220004506390901938e-01
7.911653800141009441e-02
1.346719293253148542e-01
3.097011654018131943e-01
3.281928279096276713e-01
7.207740165025770807e-02
2.652602618776653820e-01
1.213150412345947449e-01
1.035985498543870731e-01
7.332723695216626647e-02
8.497046375195523027e-02
1.537849688879257826e-01
3.049265440630619661e-01
2.134754118850038240e-01
2.006820232684499716e-01
4.158659131287872207e-02
9.070505290929901931e-02
3.229039734077917001e-01
3.062996919278806462e-01
1.269277874572558862e-01
2.225363645257908973e-01
1.371578434254412948e-01
1.111503128232342180e-01
2.841901085001021232e-01
1.342119020954728736e-01
9.854492477167021980e-02
1.196825185126510760e-01
3.211700608760784115e-01
3.159139500855159266e-01
2.989131252878851064e-01
1.657608627142792834e-01
1.518010079147644187e-01
1.236693038155564639e-01
6.628012224175579281e-02
1.146442191426988166e-01
3.097170878086821233e-01
2.492732032040243517e-01
2.112209619844682973e-01
9.363470164138937291e-02
3.070963482128392097e-01
1.931713741339281809e-01
1.942533787586727678e-01
3.656438519820625482e-02
6.655021982434666805e-02
3.030558876967837101e-01
1.606143208390210519e-01
3.166075004119796032e-01
2.684985182415610683e-01
8.974129343827157157e-02
6.255185604194411775e-02
2.908128608460245346e-01
8.317235480254833724e-02
7.619342147382232588e-02
9.689311757986911189e-02
1.986777535009675855e-01
2.531500090881283471e-01
2.814299618209893383e-01
2.827469128025506540e-01
8.320018285777615319e-02
1.077730581839533852e-01
1.399293003224909016e-01
3.274453337686720200e-01
1.631142744857934923e-01
8.599719009536659076e-02
2.228620859238799323e-01
2.440217403308616306e-01
1.280875440496954121e-01
8.759487281510494605e-02
3.120661195574682134e-01
1.828530859619123539e-01
2.431187762171874156e-01
7.482337364073191055e-02
5.685500750642301371e-02
5.049086838032267738e-02
8.899339438358749854e-02
2.484803670732373404e-01
1.214713198407122163e-01
1.857245154468680770e-01
2.170846146582373348e-01
9.107904868342753257e-02
3.383231010423289886e-01
2.388372570574930631e-01
1.448615572461745826e-01
1.584279005976510224e-01
3.052156730093010251e-01
2.532168156536295234e-01
2.620577299938137150e-01
5.936520347883842558e-02
8.225949892389158857e-02
5.411849375808489016e-02
9.717736486210439006e-02
7.383077952512838438e-02
5.533400721580886833e-02
1.024910984686683291e-01
9.287902507725259715e-02
3.122816448700611036e-01
9.454159166292142036e-02
3.002578710537711082e-01
2.045367936526418795e-01
3.137537324570279784e-01
3.188246326597045099e-01
5.708964811921154320e-02
2.027693750593331790e-01
1.063003452039934654e-01
2.622152948584826060e-01
2.524308929620520670e-01
9.380274490772395890e-02
2.168528936088336967e-01
2.962148190315444518e-01
8.700409416628705761e-02
2.174865919506774048e-01
3.321155808896604222e-01
2.842882507797188651e-01
1.394584337479598535e-01
2.260360808965236612e-01
8.042636300539288130e-02
2.330266215998608448e-01
1.025230126005106379e-01
2.377176689778048302e-01
2.592913850559871447e-01
9.314624342341171204e-02
4.703698131197154436e-02
2.546322279752429307e-01
2.933328571122045814e-01
8.006383583988775643e-02
2.095952936384395116e-01
3.330451798686259735e-01
1.649188417788247374e-01
3.206814272212452632e-01
8.750948947115620713e-02
1.536284501258637081e-01
1.966133346141287486e-01
6.433502980407776461e-02
1.146744241274179066e-01
2.911027995121569512e-01
2.591781556342107051e-01
1.830022697411039234e-01
9.353941578644418831e-02
2.041375375139936055e-01
2.636191994526746463e-01
2.568321081664421968e-01
2.996207153397147938e-01
5.525630114455901132e-02
8.637022576860861611e-02
3.232742343335717750e-01
3.221088619787141893e-01
3.352047933787290490e-01
6.996072011780930799e-02
8.507780055795557961e-02
2.975046345983370366e-01
5.977631510957991112e-02
1.522174448333731833e-01
9.974645936324276485e-02
4.031319616255819166e-02
2.941628306067386456e-01
6.034679430569690750e-02
9.825304406403609359e-02
1.267183390588797476e-01
3.248906263368008807e-01
1.757076551342277027e-01
2.786703490559530594e-01
9.018525319441651755e-02
3.071390746729197874e-01
2.305352630122113333e-01
6.648193061347473787e-02
2.793081792390968987e-01
3.293072725966588177e-01
2.430306518162792806e-01
2.143361960053324078e-01
1.287874979339312109e-01
1.020094026896657680e-01
1.865994976705778463e-01
9.115139345713121899e-02
1.707508774676797791e-01
1.459315912234330770e-01
2.755322290437074439e-01
5.264635745961691871e-02
2.198015099117583693e-01
2.197702979513823096e-01
3.280336851566165723e-01
2.812783501454566015e-01
3.179976286878797853e-01
1.049038740883718734e-01
1.234604475065421009e-01
5.206111144765172838e-02
