2.807077906677252765e-01
1.124775202109347810e-01
1.506990238527362858e-01
1.163527491936588720e-01
1.732129863460966368e-01
1.343561973088127359e-01
5.697976994271635592e-02
7.291900800517901737e-02
5.283768266260755603e-02
3.076598396256626788e-01
2.159409050578718625e-01
2.431345454907961612e-01
1.346159683215143177e-01
1.875002075323755901e-01
1.707512322109615288e-01
2.874869406426829310e-01
6.628575343790566593e-03
1.511712402523033572e-01
2.161897620869171754e-01
6.051395348157173615e-02
2.631410933059141755e-01
7.960521724155317225e-02
1.169481536553663437e-01
1.686824030114552619e-01
6.830789899963529699e-02
5.241170204141254452e-02
3.430332789412509492e-02
1.956045638608689963e-01
2.996731795084077166e-01
2.185455570551168847e-02
4.445985474829561995e-02
1.019732542507386930e-01
2.285698805212077189e-01
8.675766717055055643e-02
7.573228902405398921e-02
2.186133584162163190e-01
1.761430974282155726e-01
4.229614685474325508e-02
7.743516365234251464e-02
7.288153923133813827e-02
1.790581793850550552e-01
1.033981900483214034e-01
3.573114206088827405e-02
2.711157709994893930e-02
7.626449982913363623e-02
2.656867350688592588e-01
2.585425277638432329e-01
2.961859126510804630e-02
2.405579985599483883e-01
2.888019367727488462e-01
1.843032732951074282e-01
2.150141651269957266e-01
2.378249202813110391e-02
9.687071185713817811e-03
3.390661369333580061e-02
6.884271108453927923e-02
1.964644960134624002e-02
2.252023476392855661e-01
1.359607476242396251e-01
2.965372848124702213e-02
7.550877403827127576e-02
3.039078663808653102e-01
1.573103412824092273e-01
2.773445575128052343e-01
2.330646263891453240e-01
1.577704357840090665e-01
3.749747126491991683e-02
1.225358381132391206e-01
6.433733225288283675e-02
2.744541026654713223e-01
4.553003677107898134e-02
2.867535714281215231e-01
1.053908173061634534e-01
2.271536855791623788e-01
6.519430010983331969e-02
1.497893810020839434e-01
2.867820683462448533e-02
1.273168106929806198e-01
1.531896021093098470e-01
3.018325066524980005e-01
1.469410702624401877e-01
2.680055502129289891e-01
1.317498101046297165e-01
9.561892893714947494e-02
1.015606787661674643e-01
1.901046754026573110e-02
1.550798930606685777e-01
1.873134968786928922e-01
7.957952604250050077e-02
2.526417668563441521e-01
2.864378897648174882e-01
1.129193571135199692e-01
1.812172392174510038e-01
4.674200073586871201e-02
1.612268922046940223e-01
1.801989064430274956e-01
2.723630936315229456e-01
8.469403673481677719e-02
7.002980753395161850e-02
2.119492302339877343e-02
7.184106999150469131e-02
1.449959287094673421e-01
9.681550985190259806e-02
2.374125741336939599e-01
2.980171055640482569e-01
2.085182077083240215e-01
5.700498361297192534e-02
2.512325166002979948e-01
2.940759763540774507e-01
1.593300568616224933e-01
1.306980601244150941e-01
2.238391891215608664e-01
2.157856215341845060e-02
2.913357364816490658e-01
3.399211902874011565e-02
2.254311013344731107e-01
5.406385791281829306e-02
5.204133970133863890e-02
1.652148465149321788e-01
9.050395558321931710e-02
3.467874351155458140e-02
2.189055013247125647e-01
6.821712373747584879e-02
2.774794803402902965e-01
2.772694334273392847e-01
4.225693013155628480e-02
1.417071682694114876e-01
1.561619050405316789e-01
2.335441679805932147e-01
5.042079941993153278e-03
2.764029543504906705e-01
1.464725700789370755e-01
6.880701704775978034e-02
1.479349751326762830e-01
6.575017843207249524e-02
2.919133930576754410e-01
3.021565929502411096e-01
2.507070653506768276e-01
2.456806563067829088e-02
3.034924889032201145e-01
2.991240230941723602e-02
1.135016133464050309e-01
1.299663260451518199e-01
1.644532917448430775e-01
1.442603018371990120e-01
2.054815366884672201e-01
1.634295265132362229e-01
4.157599100155848215e-02
1.229191298921866321e-01
2.058519062200630245e-01
3.073117017127306450e-01
2.702756626277846852e-01
2.126205066046089054e-01
2.446877553770580305e-01
1.806885027697699153e-01
1.267643341538051034e-02
2.771629794450672368e-01
2.553357515602410754e-01
1.321536940488743372e-01
2.451050709519461412e-01
2.575759047899767729e-01
1.241778064336054449e-01
3.009558887601549437e-01
2.189257668920791267e-01
5.831483180820116324e-02
2.487332762576798806e-01
2.116829315142138013e-02
2.248485000633249908e-01
7.350353661191771915e-02
7.428134049979748244e-02
1.750780792611760783e-01
6.099313920876293926e-02
3.636938784735845726e-02
6.373020501925536797e-03
2.772189402493313026e-01
2.788876488755868133e-01
1.724071931782664713e-01
1.116461980528828946e-01
2.081926171061504460e-02
1.753608541254696451e-01
2.797078393211518410e-01
3.383570286062855675e-02
7.824157317417029800e-02
2.609250931077189070e-02
1.279710987289381929e-01
1.993419580958238624e-01
3.485753341988614973e-02
2.004899127640991929e-01
2.989292565542567837e-01
2.190975151467330628e-01
1.827972574079640700e-01
2.369680774219958541e-01
2.952613167018109386e-01
4.815364488825685935e-02
1.581415652824632867e-01
2.850977937075001578e-01
7.151781028407111496e-02
2.000861949540189144e-01
3.034962771403571513e-01
2.534028148676847891e-02
1.843134911687366873e-01
1.767060200059799857e-01
4.303382136414565795e-02
1.745833966962538342e-01
1.510514295545028474e-01
1.625069446937542628e-01
2.724984720726137885e-02
1.318268213884055129e-01
4.878891698579045783e-02
8.499494947978794568e-02
3.033501959660167557e-01
2.583171711840280826e-01
1.356860614963244054e-02
2.482611871709239637e-01
9.782981184552692888e-02
2.416502534627790744e-01
1.534938730948592900e-01
3.971020846804552973e-02
2.477689304001655102e-01
2.480822898751042227e-01
6.268857714994265085e-02
4.132392054714054130e-02
1.369895100072801020e-01
6.213444766243486628e-02
3.074622238916890349e-01
7.157213416113547555e-02
1.574346405859206044e-01
1.988575200837583157e-01
1.965105026074417116e-01
1.746682566232811706e-01
2.917486113941789583e-01
1.740112807537547435e-01
6.696899747205425912e-02
1.114002040274309629e-01
1.823423695842914249e-01
1.642925516819367382e-01
1.685385444488183282e-01
2.763488651884931646e-01
1.475004405270133045e-01
5.588612523630043238e-02
2.714587332078464629e-02
2.571304840932907565e-01
2.847124280097864182e-02
1.736840511949732102e-01
1.257973931490088682e-01
4.180454689283640002e-02
2.127786750934193283e-01
3.312276151962727233e-02
1.526095304258393570e-01
2.111457192269882432e-01
5.419745962125114419e-02
3.000155825395143250e-01
1.507327905009906155e-01
4.310420451188687330e-02
3.395896777593222088e-02
7.954534515701537764e-04
3.214323536263646863e-02
5.962394311624526211e-02
5.427077334079290216e-02
1.226051576854060576e-01
9.442067651404527362e-02
5.082124715273968196e-02
1.448287517686572268e-01
7.784202338350516837e-02
5.785153907046328148e-02
2.124286610141677967e-01
1.015379741636309591e-01
2.011841638330011950e-01
1.504643061669365955e-01
2.763973292384758196e-01
2.718781179312473872e-01
2.265083769393022931e-02
6.744931506857523851e-02
8.770708975258292850e-02
1.054829089678054749e-01
1.300307607920483943e-02
3.049030122634018292e-01
2.769863583961603704e-01
7.120885444750979509e-02
2.281473366990353635e-01
8.496857287523704172e-02
5.378759884837780447e-02
7.514037913161801530e-02
1.059188600227514293e-01
2.733771143109771096e-01
4.001973353744407713e-02
1.980690419570354521e-01
2.868376860134211337e-02
1.778357659617117725e-01
2.069257668904757597e-01
2.166215763536477046e-01
1.504804612149722998e-01
9.348436394538382765e-02
1.440874295227795032e-01
3.632172328847112913e-02
3.600326472101336717e-02
2.101549092288973741e-01
7.230436104988210988e-02
3.655152013988805654e-02
2.107966728757986186e-01
1.365225023672130555e-01
2.722096543987810868e-01
3.031127547636417244e-02
3.090810991412791878e-02
1.876885673562167511e-01
2.193489670366149252e-02
2.645304784535804088e-01
2.014527351558029894e-02
7.316519885588612659e-02
1.097720196771856116e-01
2.759904740193911965e-01
1.881834439250388846e-01
8.403518289196885982e-02
2.128238464133834495e-01
1.818738867489391731e-01
7.833679657835684873e-03
1.632703211527883891e-01
6.934971349090354557e-03
1.712535199301368216e-01
1.615640652607323313e-01
2.472579620549395230e-01
1.767965150552583964e-01
4.209917180323308888e-02
2.008641351230557315e-01
1.116048413212841206e-01
6.303017375845994252e-02
3.287149509993180646e-02
3.858048894975017740e-02
2.162746624216402291e-01
4.357873791694296534e-02
8.143632758393352933e-02
6.066684855770916596e-02
1.585470693057502156e-01
9.650694428142038428e-02
1.496007086455952706e-01
2.679329884125749017e-01
5.594440366071175980e-02
1.669942619142482654e-01
1.875187335637765185e-01
2.394724978947534999e-01
3.730066470107170490e-02
6.128423272143919409e-02
5.582228108362564251e-02
4.529922580545250876e-02
5.221390942775142041e-02
4.673840126133382844e-02
1.812114463687574187e-02
2.469257575916337377e-01
2.776871866633885411e-01
3.695443146826470765e-02
1.041396134835702175e-01
9.416081809607734776e-02
9.533609711454299473e-02
4.907686708196336983e-02
1.707640314704076956e-01
1.204088719910048066e-01
1.593397557770627471e-01
1.935981222323366890e-01
4.836413596595934283e-02
1.745044723639535555e-01
2.679607066854612363e-01
2.068716689653563590e-01
2.276343715061458217e-01
2.889837181643700736e-01
9.163445286599296302e-02
1.832069598805857735e-01
4.565761144632152907e-02
3.059325433153756713e-01
6.037695878370318014e-02
3.495875819982137422e-02
1.857125286589513258e-01
2.107706756890679115e-02
1.595764092136767454e-01
2.732932247744104814e-01
1.845050645668408762e-01
1.351921387586498269e-01
7.467179329295660362e-02
2.499477060634938963e-01
1.368817636551963868e-01
1.508974170193372599e-01
1.677464017011421893e-01
2.483692530148201849e-01
7.277603249005054620e-02
2.335267736171267039e-01
2.315862091287362867e-01
1.710215010525286683e-01
8.159617738646016138e-02
6.104016420235364865e-02
1.301075053745315568e-01
4.143661213144822844e-03
1.349898361620006371e-01
1.587419363454310173e-01
8.408505516575795480e-02
7.808862719778737749e-02
2.104040487237738011e-01
2.796749695288334725e-01
6.568975639513120746e-02
1.861846694585194140e-01
6.436281491851850167e-02
1.455266599015264672e-01
7.033802157606278138e-02
1.685778780286110168e-01
1.694227012341957550e-01
1.644284710798858962e-01
2.700112986710510032e-01
1.794780409003888730e-02
2.849358799089690142e-01
1.594078476763789720e-01
2.116847970228233899e-01
2.951064478498188204e-01
1.651889835445741750e-01
1.997322981397148811e-01
1.454083803319976831e-01
2.965462112888947455e-01
3.020878282513961843e-01
2.988123248366550966e-01
1.455173322748617298e-02
9.205066651269000477e-02
2.554616526770602247e-01
2.841750795426316034e-01
6.162922240540297247e-02
5.393444671156264608e-02
3.534124575031830778e-02
1.591058384802384873e-01
2.313037699408362902e-01
2.531375149662209445e-01
2.101365468297524686e-01
9.251462073708041634e-02
5.261394305598459525e-02
1.326316286916766618e-01
7.502554669146942190e-02
1.103945098707603961e-01
8.210302663919508831e-03
3.276853878918473129e-02
4.614347452914785430e-02
2.276373255042606347e-01
8.823944718615703287e-02
4.470318925850909342e-02
4.640510889629939628e-02
2.482702852922655246e-01
1.976118001681052838e-01
1.307773480055400006e-01
2.179207458582840540e-01
2.432503982766950623e-01
2.016429960688251311e-01
9.508779926928322135e-02
2.412778310796059866e-01
6.284097333854089806e-02
1.562737055682179299e-01
4.295743100641557372e-02
1.012074721872739391e-01
1.431635166880198262e-01
2.782727451502247651e-01
4.008410137443375876e-02
1.036894922372414291e-01
2.550146229843753831e-01
4.164212275408384067e-02
3.557641180068202985e-02
3.048689594766860744e-01
9.896367452073552562e-02
1.235663523592225865e-01
1.976910273506199689e-01
2.349510830763480995e-01
2.623978808876072932e-01
3.136210431084420630e-02
8.576052679253846900e-02
1.983856679342331786e-01
2.846538872514570717e-01
2.984428648939912651e-02
2.363231781319498903e-01
6.807152920166070764e-02
2.989256160372241733e-01
6.609647429174149436e-02
2.623987742471265983e-01
2.578037484757092490e-01
1.465618535782490239e-01
8.137404476732053304e-02
1.948413501039951423e-01
2.511890970881920926e-01
5.641008460080689652e-02
2.865934041825794476e-01
1.276387886172948016e-01
1.398583478146226966e-01
2.901597426819646497e-01
6.267161894896591812e-02
1.907023525969935573e-01
1.946170955315012496e-01
2.438973274795163126e-01
8.253678239256380389e-02
5.671550885998431074e-02
1.454958118859041027e-01
5.726747488589543911e-02
1.122026013867747363e-01
7.212080132605776239e-02
1.914608594627188187e-01
2.316167540888424137e-01
5.566919742405559979e-02
2.832844083525968282e-01
3.737767152103979584e-02
1.898497476631861858e-01
9.928851216282134906e-02
2.174424002801572664e-01
1.159925965204191278e-01
2.264069527704373752e-01
1.803962498055274588e-01
2.177529482134339667e-01
6.231151718739651874e-02
2.377760804263121669e-02
2.715332689240494979e-01
2.967967670489524146e-01
5.454600783970765115e-02
1.093489904648591443e-01
1.348821143636601549e-01
1.445366025402943511e-01
1.166946741962810175e-01
5.095188177483470082e-02
2.910663371646180497e-01
5.941380718780003151e-02
5.822980276537302602e-02
3.378049437450037634e-02
1.289774727658504760e-01
5.089952920157100186e-02
3.968231250109217206e-02
5.296734169581452517e-02
6.964491986045283356e-02
5.161353084376028161e-02
2.326503401576223984e-01
9.552147857183783397e-02
3.046963537418887619e-02
2.841965867938892054e-01
5.387092599257882475e-02
8.363114500974849763e-02
5.798922951795899838e-02
1.230275935835692808e-01
1.196008445781740065e-01
9.278021579960812892e-02
2.452759247777477059e-01
1.923860864506781454e-01
1.117266605844950272e-01
6.778346936184576066e-02
1.818549834537432353e-01
2.009184943418385050e-01
5.505328616282557236e-02
4.738310048259658513e-02
1.436901346785957323e-01
2.734339771985900280e-01
4.746368293646473918e-02
2.842276150888689012e-01
8.474634169799556693e-02
6.799932230688808532e-02
3.181210943982626382e-02
1.207636573967465626e-01
2.654593833695971239e-01
7.836379155980048583e-02
2.562387584334560042e-01
1.042919684197360641e-01
1.524057726587093597e-01
1.962808012446250749e-01
2.175211247772423223e-02
4.098853917466053348e-02
8.800148291420383309e-03
6.637299880256564144e-02
2.795635300842334026e-01
2.690118385311588561e-02
6.747642964109634711e-02
1.806230299341264056e-01
4.512554440978843590e-02
6.126948071759936304e-02
3.329203286179376747e-02
2.055171797081966900e-01
2.700972110357408029e-01
1.296330516191460114e-01
1.587881117667100939e-01
8.967749169502842177e-02
5.848383123793270133e-02
1.457867980027695576e-01
2.443718846114744658e-01
2.468468837438661800e-01
4.975282258503890137e-02
4.635788479165470904e-02
1.673127279943268375e-01
2.551435137552282573e-01
2.021887654769315978e-01
6.021349134919158630e-02
8.529960851848122916e-02
1.698330824315505416e-01
1.141163214455833824e-01
2.549381838534020006e-01
3.957675609169918063e-02
8.549412032349473778e-02
6.228078568988233699e-02
2.695870515267972944e-01
1.836299644788831065e-01
5.329581493113114826e-02
1.647161435294202947e-01
4.255549206174872451e-02
1.209216536729991048e-01
1.427140228023857094e-01
2.318099716274513999e-01
4.049063579289139542e-02
4.545995943834334890e-02
3.034904184125281623e-01
2.508842923411393477e-01
1.410513699115015576e-02
1.881684223338120354e-01
1.124402240544457310e-01
2.495904506186474858e-01
1.410763380596756766e-01
3.051889690977594577e-02
1.384749006230238666e-01
4.919580806948193469e-02
1.494209040507435970e-01
9.802522000558847037e-02
1.215477610216622734e-01
7.550059244313635232e-02
1.705459819069974486e-02
2.678806983970647426e-01
1.767446611195189754e-01
2.884834092367082742e-02
1.459703656867162580e-01
1.219105594085487659e-01
1.682143687686303568e-02
6.418764135052174025e-02
1.399773733975061552e-01
5.966820635268333534e-02
1.067198617928244025e-01
4.936494691431360382e-02
2.881640197378850798e-01
2.302749498016108398e-01
9.682185942104601373e-02
1.060546608958347764e-01
5.443653720644666544e-02
3.088077550906137211e-02
5.469194779389836142e-02
1.050150946589789441e-01
1.021372063072329694e-01
2.191553631193174020e-02
2.289100681954820693e-01
6.548194637394029460e-02
1.726945271712158059e-01
5.247829364277394049e-02
2.424082434418125265e-01
1.787149087635568623e-02
4.559845345008405049e-02
2.711007438917192869e-01
8.769040034337374778e-02
1.557341383843737215e-01
9.801848574872339126e-02
2.339712997762963820e-01
2.928141582971223802e-02
2.944793319229526696e-01
1.515727259450665443e-01
2.285561182001125125e-01
1.802550206472818273e-01
1.219196655341494295e-01
2.914804088032871277e-01
6.387563969630395688e-02
1.131841777577591579e-01
1.212757027839048152e-01
3.606998927062050886e-02
1.313284322691873895e-01
7.012763567889475358e-02
2.227571113692152216e-01
3.091951992118047166e-02
4.256711589560729231e-02
1.378754507768242821e-01
5.451069038368727693e-02
7.640538295986387674e-02
2.821262541663815265e-02
1.776690572326123929e-01
5.741775520658361220e-02
6.696771541213344947e-02
4.743460777057032646e-02
6.666911414149430393e-02
1.736314342393315835e-01
1.986089431782169512e-01
2.299422789633385200e-01
2.230833331746897782e-02
1.815994825401501256e-01
2.265919433956453122e-01
2.003370918693722358e-01
1.547924352637675138e-01
1.103921827908535269e-01
2.866350249060000133e-01
2.703875362012309047e-01
1.733673287377125172e-01
9.584058777056406186e-02
3.566838788663227733e-02
2.527376338490597285e-01
2.854714985973690333e-01
2.333599518166160347e-01
1.680313743403335502e-01
6.161706548809357115e-02
3.055330735163285794e-01
2.644771023214314565e-01
2.280111718644270979e-01
5.226571514861165502e-02
3.023131594071714057e-01
5.023011026733659873e-02
6.089689085256550644e-02
1.146704915719053142e-01
2.752696623761465289e-01
8.666658801992402350e-02
4.482550261602472053e-02
1.399362990324589107e-01
2.652531798407353064e-02
6.576101654809983488e-02
4.988147601155002581e-02
7.901781866597644421e-02
1.785848443026347154e-01
2.760705250484546958e-01
2.317557306232980244e-02
5.008003582776772433e-02
3.056384940557455021e-01
5.238495334924620633e-02
1.433446478128729273e-01
2.552225274300134669e-02
8.160274406954239057e-02
1.065525120100243445e-01
2.234048787718415363e-01
1.719920264059789441e-02
2.920905746162102412e-01
6.745817316821851872e-02
1.577899011603411117e-01
2.655437049085251910e-01
1.026839244334632611e-01
8.648793391565912092e-02
5.161519867020147173e-02
2.790437342184586833e-01
2.135819807829280326e-01
4.012790861820344362e-02
2.499299813186477426e-01
2.257153934669850759e-01
2.152950406920730031e-01
7.456332210828768570e-02
5.231072512993360096e-02
7.904948124443349211e-02
3.052374000994796388e-01
1.118974222730190621e-01
1.545915762055056174e-02
2.267011482382796927e-01
2.620012088759411661e-02
3.258620553121414215e-02
1.074712910747364497e-01
1.427339019218408500e-01
1.968394060619903796e-01
2.104344589974871393e-01
4.784018077678357794e-02
1.123075576943883581e-02
2.957045201659342926e-01
8.969351170804121254e-02
1.806599623755474893e-01
2.982999712368548662e-01
7.484264645992673437e-02
1.208895879133805168e-01
3.643383154761031806e-02
2.708505024239140635e-01
2.458157506235671419e-01
3.810268466755687561e-02
6.440673965395538048e-02
1.574738681867459134e-01
1.773665195329645616e-01
2.626302059161512714e-01
2.713277697094632623e-01
2.492323122484995934e-01
2.520585477746836167e-01
7.592605163806145918e-02
1.042074150931517618e-01
3.860824610794360429e-02
1.030872280543651542e-01
1.073384707310717084e-02
2.171576173391729925e-01
1.255547953402263994e-01
3.588718860795557519e-02
3.247704166068191706e-02
2.658600826989516164e-01
3.419434412138557672e-02
5.301508216934059520e-02
2.701913838140257429e-02
4.303554747838628930e-02
4.913660800477182705e-02
1.648673202635084212e-01
2.014957423730889818e-01
2.536933509002866627e-01
6.090142512941411346e-02
1.169476029255044937e-02
2.737429191024246533e-01
1.144341044267145890e-01
2.302387698231289637e-01
1.389927292447966367e-01
3.055916853003973199e-01
1.860336041966624832e-01
1.673499219819524209e-01
1.749466017911892601e-01
1.049995995810843602e-02
6.167228168105700487e-02
8.071242276058191237e-03
1.548407987236158634e-01
5.341771640340975402e-02
4.304700785494355170e-02
1.919781817643609889e-01
2.074511229098147114e-01
2.952672919053859202e-01
1.669722729741031017e-02
2.387063449042455821e-01
1.342645111136204494e-01
1.600057074443165805e-01
4.755012300375473927e-02
6.189052766897771424e-02
1.174489978468733625e-01
1.337624558487098270e-01
3.550458351735045343e-02
2.326650494413099179e-01
2.561328801372069752e-01
8.304285542455017155e-02
2.958384720218030228e-01
2.479224939626598345e-01
1.612422952160501022e-01
4.908078031356739868e-02
2.778324539356227113e-02
2.996847013906763224e-01
9.378660635341164176e-02
1.149995872334571706e-01
1.141073778551132401e-01
2.970122988458453461e-01
1.015552737062726529e-01
1.915685015074104769e-02
1.476164832311431807e-01
9.259744313047656161e-02
1.664069354341745910e-01
1.955982259682651769e-01
2.623255382989666540e-01
1.461521171984673795e-01
8.906071616440394689e-02
2.974378797145292574e-02
9.196633497473108432e-02
1.842317619741062618e-01
7.110574724272884783e-02
6.138511926824670450e-02
4.938213440738475901e-02
9.927878622141113329e-02
2.138007269138422206e-01
2.172962013380065338e-01
2.076419515831268714e-01
1.008512348680220411e-01
2.412372965409433079e-01
1.030385434577769654e-01
2.964484918222694554e-01
4.794030697390137818e-02
1.457316758076073263e-02
6.873697694459636465e-02
5.279718837973634837e-02
5.081591394008480589e-02
8.687144774286054139e-02
8.582247235305898170e-02
1.934134207590407217e-01
2.447824837539582521e-01
5.264392843035323871e-02
1.709261614114831185e-01
3.390898379035311300e-02
8.617844374535048313e-02
2.573094580070013904e-01
4.502482684872777252e-02
2.037716080074395975e-01
1.733570375931431720e-02
1.387757165431425244e-01
6.953737674180530959e-02
6.996794491246546670e-03
4.770390830422169270e-02
1.224410888504414152e-01
6.294307685280914333e-02
4.906630165673210586e-02
2.502253535155267161e-01
1.081471931686939086e-01
1.185030909005495570e-01
2.317769579435888794e-01
5.815638143760213513e-02
6.190989268363303322e-02
1.491605124680572547e-01
4.483541047558292636e-02
2.916879178273452111e-01
1.003816306661326208e-01
2.657418386112996855e-01
2.144761654765736658e-01
2.149055138205996709e-02
2.263045448788957859e-01
5.800275542886212943e-02
2.096551831569122282e-01
3.880639613951952782e-02
1.812575527195173786e-01
1.733059799251775168e-01
1.581887130687480436e-01
1.411950558594125549e-01
8.278614608836765143e-02
1.296069218837128945e-01
1.569833146351645448e-01
1.604278255116165786e-01
1.391464490836154810e-01
1.279982674650333163e-01
2.278562659487703423e-01
1.445514277219898669e-01
1.509060406203031890e-01
3.230435841544980480e-02
3.556864957240021829e-02
5.543113170959610737e-03
1.416475954736586829e-01
2.796599151753481061e-01
6.672269054025496693e-02
1.229786638544754923e-01
1.932160902350372744e-01
1.201835833580848362e-01
4.944596014542339268e-02
6.785407854608965436e-03
6.965644340294357799e-03
9.567170365769085694e-02
1.288333971629262165e-01
3.891899069437479430e-02
6.601591220757804801e-02
1.217230332899502526e-01
2.449337799620034117e-01
4.244350464060474976e-02
1.661047866387009020e-01
4.364984184302597020e-02
1.837484861306674655e-01
3.119644177116984163e-02
8.909584711710680227e-02
2.409231557638873145e-01
1.818972952194956028e-01
2.567483452853489556e-01
2.137545222842403281e-01
1.985239108184878032e-01
1.329159266896933200e-01
1.529016121777536930e-01
2.464613075485919125e-01
2.046031777823288378e-01
2.284310465670328361e-01
2.147630820083568925e-01
1.869207991881351172e-01
5.337884290567618262e-02
2.906694352397790060e-01
2.239318630198489923e-01
8.508029390297228156e-02
7.685663483256534312e-02
4.950134958554140707e-02
1.520013606911373438e-01
2.825082409141259077e-01
4.374922651764042575e-02
1.690403180039793396e-01
9.675210118030050377e-02
2.226636057478570407e-01
1.510610872180216113e-01
1.546725468714435503e-01
1.714694031412051789e-01
2.663733229984186490e-01
1.070792786266460371e-02
4.151875150491434602e-02
9.170289672653100799e-02
2.585800128636182027e-01
2.664058384698118065e-01
3.003236976817427739e-01
1.924895886427918923e-01
5.260987259354907297e-02
2.413062074546512906e-02
2.517041276807788774e-01
2.805732776664175004e-02
9.299825043914457245e-02
4.119281445851173673e-02
1.650422898079377185e-02
1.263155214033923612e-01
5.135633460497846664e-02
1.891339876694133337e-01
6.964515584333674791e-02
8.146731101281448617e-02
1.256578825730126359e-01
2.661407671711182310e-01
1.460281175308265345e-01
1.946979897194931475e-01
2.864371013665438226e-01
2.853081652633609466e-01
6.765187111050613433e-02
1.515390567082619266e-01
2.975824853484201338e-01
2.034237447266594445e-01
4.077650483727917469e-02
1.538074076703968285e-01
1.259170813517206389e-01
2.536675102370338220e-01
8.539956717482774518e-02
8.475563496904399419e-02
1.204949327016228422e-01
2.476481131867575014e-01
2.923636741286667062e-01
2.581394576960747145e-01
2.769711385855894159e-02
3.502010627128770287e-02
1.127145727573596393e-02
9.254553613456691086e-02
1.268830436503487757e-01
2.515446470256939016e-01
1.519899168975966663e-01
