2.728367938656578451e-01
2.095516825776723158e-01
2.043494381384899083e-01
2.190977127596801799e-01
1.025297559937478077e-04
1.869522823299108738e-01
7.301183868666179244e-02
1.822576041503235766e-01
2.915730732509795864e-01
1.789318434110495071e-01
2.491000614665984936e-01
1.940054845436051112e-01
2.752473209509492258e-01
3.503997990359967174e-01
3.230684005509676937e-01
9.172700420306701546e-03
1.792149820193334187e-01
2.695192906918029707e-01
2.438054109084689947e-01
2.953354849950667882e-01
1.322456688483155396e-01
1.111859005119598121e-01
1.065057921275552599e-01
2.390923631187573395e-01
1.929235022843455161e-01
4.495573656888629532e-02
2.382170386527848460e-01
6.868798226528918804e-02
2.594440375316376945e-01
1.612953261630567514e-01
1.744152194619342233e-01
6.344605114791709854e-02
2.533884960929894681e-01
2.310285308389630476e-01
2.514685302950208645e-01
2.335977607088057795e-01
1.772732429675727139e-01
2.533228256136833556e-01
2.254981016371227776e-01
1.689387225234250112e-01
3.357663224398326207e-01
1.703834194648973788e-01
3.412008817849482845e-01
1.556038771123492148e-01
2.553975572402061300e-01
1.528479151040996187e-01
2.579958692982789459e-01
1.953404311087038603e-01
1.907979628634099145e-01
1.408768975505844401e-01
1.229733736599471772e-01
2.542931105372006062e-01
1.845314923980106159e-01
2.370809173051512675e-01
3.409493276161896236e-01
1.914952958530500848e-01
3.116814344980817220e-02
2.299202524383705815e-01
2.407556843865854279e-01
9.527354077878788519e-02
2.045693440758023784e-01
1.082236512597073569e-01
1.635870675620263726e-01
2.180537477398422908e-01
3.098940587091547072e-01
1.921753775107937212e-01
2.117553623784067252e-01
2.309972442822085317e-02
1.827049903214019444e-01
2.120785646278218195e-01
2.173793526540930554e-01
3.498649565894543234e-01
1.577554683581668671e-01
1.686205997084301300e-01
2.179311114222262646e-01
2.039245686752047537e-01
1.527795532965947056e-01
2.451962034894033804e-01
2.868455926741343420e-01
3.075481467880141206e-01
2.254965149413809822e-01
2.163492447622172299e-01
7.995618157334952181e-02
1.992213469093029876e-01
2.311931702507611930e-01
3.096683467687417202e-01
2.205890616220516909e-01
1.653127151060770905e-01
2.037971707657079412e-01
1.404684452563667585e-01
2.177592916803252066e-01
1.851086798387304722e-01
1.986011148514983116e-01
1.850509823581361624e-01
3.543391267532852162e-01
2.459659871605158477e-01
2.124118105809945922e-01
2.046146750980747664e-01
2.038091826740182633e-01
1.615107118408296571e-01
3.188324838592209165e-01
2.417592582969126380e-01
2.464218292030370960e-01
2.359097074958383944e-01
1.561670820652147906e-01
8.815630330964706893e-04
1.145110843197677114e-01
3.446103700013951610e-01
1.659219155973313542e-01
4.634661358391078956e-02
2.759858339012770112e-01
2.802330985992876888e-01
3.012008051769515249e-01
2.524446737803826557e-01
6.384486147362604391e-02
1.855309204860284278e-01
1.526051055312781513e-01
3.253828241398743493e-01
1.773101135589198185e-01
2.038798576845533284e-01
1.576423062195548563e-01
3.009795289086164560e-01
1.896085098875031905e-01
7.080727302224738839e-02
2.052631473918492266e-01
2.168861462591719913e-01
1.585382823198615287e-01
2.278476139119806065e-01
2.170118841380176689e-01
6.006537029648524595e-02
1.743016037765781345e-01
2.307540396566053198e-01
3.114136336026447904e-01
3.207100574944844462e-01
1.453004741650252563e-01
1.292357689289889977e-01
3.397433098972922338e-01
2.388585683461734721e-01
2.189719287569203421e-01
1.972691363635237227e-01
3.339073553376451509e-01
1.875201267465150257e-01
1.532570430265044747e-01
1.661242028524234637e-01
1.649222276116168728e-01
1.514884681796440924e-01
1.577759743909190604e-01
2.211633541514018142e-01
1.723847124744218862e-01
3.136171470121630334e-01
2.077243043561587399e-01
2.237371634418167388e-01
1.948631271886074601e-01
2.751223351226477765e-01
2.163360258208299469e-01
2.033770348701061936e-01
1.761325754249897235e-01
2.031900869645758001e-01
2.942909569454644214e-01
1.920069494956157530e-01
1.513422851718118078e-01
2.987794911577331125e-01
2.502883190771902355e-01
5.340202064526991012e-03
1.473188319742616270e-01
1.523525373367376201e-01
1.866297965173434048e-01
3.033524903138864331e-02
2.847291010674902201e-01
3.171270271211145686e-01
1.831398349288357597e-01
2.392056687935125436e-01
1.227093276790730894e-02
1.793031478451989347e-01
2.840356121168287062e-01
1.498655579626810286e-01
3.121416322866914506e-01
2.638633203982785891e-01
2.534898660628893685e-01
2.737598643513732832e-01
3.437297067843223530e-01
2.585428698319212626e-01
3.386696599788173723e-01
2.837680777519311914e-01
1.076423803321560069e-01
9.968808783079431690e-02
2.737982663955059182e-01
3.276156824900665621e-01
1.802736013101294832e-01
1.889615481518424622e-01
1.754294150470061819e-01
5.633009292434807552e-02
3.117109818050186054e-01
1.824381835344670577e-01
1.514941102513839288e-01
2.034056048525094140e-01
2.321384050464379845e-01
3.391738317936620478e-02
2.469477031192697514e-01
1.386992408778989216e-01
2.044487354431698267e-01
1.223404234946902092e-01
6.647976924775789165e-02
1.092425572020818726e-02
1.638944966069802167e-01
2.964738258432721985e-01
1.789367680358141810e-01
1.196614787545572794e-01
2.400609906000285565e-01
2.283311993122550954e-01
3.519125263660583536e-01
7.022688890135359019e-02
1.598661141059466023e-02
1.168205194283528509e-01
2.437179933016609401e-01
2.741371995034131981e-01
1.224507082173359046e-01
2.112427616398003805e-01
2.856427805400172382e-01
2.662139436332995324e-01
3.094503308154414878e-01
2.062273732285209715e-01
1.390565236881902700e-01
2.913309122458865863e-01
2.065091514673037532e-01
2.183363398140447664e-01
2.235299111304682451e-02
1.545308921526923895e-01
2.138237883675094542e-01
1.816581386217714089e-01
1.801299390856350158e-01
3.006116004700300492e-01
4.282089893700614935e-02
1.809836191923221427e-01
2.218798605793600720e-01
9.612553708581531020e-02
3.332137386914856836e-01
2.627870772735977356e-01
1.811736283135612913e-01
1.870608199547853234e-01
1.886029906263902711e-01
3.252017865992501977e-01
1.831512060721992574e-01
2.091563273818136115e-01
6.680869289335099326e-02
2.559548516038878119e-01
2.806866435757107703e-01
1.901402724787893683e-01
1.401446474423023725e-01
1.812259417806621475e-01
1.282397615813349601e-01
2.983002077186497902e-01
3.346313247175821126e-01
2.053082805796045407e-01
1.275432601423062973e-01
1.947388969495641997e-01
2.147401029787020243e-01
9.992275758456800605e-02
3.049460100242789781e-02
3.544073837659156845e-01
1.649951559479925500e-01
1.619698001575622937e-01
3.321357415988144823e-01
2.185649823921041179e-01
1.723471498412064984e-01
2.078742777048555868e-01
1.824075869278784234e-01
2.170425778552280971e-01
3.137573679724291464e-01
2.912078691248152218e-01
3.065707939501848833e-01
2.436474918332384998e-01
1.383245415350360941e-01
1.763120691488234137e-01
2.495530210943507632e-01
2.272118175785674821e-01
2.153156469311028887e-01
2.826462531977579906e-01
3.197049963822831131e-01
1.785943805684547803e-01
3.430604461666125760e-01
1.170230191925765162e-01
2.133289475070111185e-01
1.784408272210239177e-01
1.133672045248625276e-01
1.533780775413718933e-01
1.563949294388053968e-01
3.427533752723329608e-01
5.905449231293784240e-02
1.233490558433577716e-01
3.126165821868829853e-01
3.156530139689560643e-01
1.704269637031758100e-01
1.372641536275864826e-01
1.918320348473012416e-01
1.566072800149343192e-01
3.552813072535055960e-01
2.558542694156325514e-01
2.609480808466563273e-01
6.422993938243694301e-02
2.466766012229651972e-01
2.383824997246740129e-01
3.029308105994024114e-01
1.173672097930794078e-01
3.047405515893533701e-01
1.850165760983147889e-01
1.632742674426351445e-02
2.257027663885128876e-01
1.957558176838616604e-01
1.579433497787634533e-01
1.865121441468470254e-01
1.063573194373557407e-01
2.535566046121915940e-01
3.005909474655608093e-01
3.337043465792192687e-01
2.171828836473525537e-01
1.713206498293175506e-01
2.598909551981142818e-01
1.909745264537098530e-01
3.000644442896648889e-01
1.938426768220378738e-01
1.616610864353085208e-01
2.741978026128513157e-01
1.258712852346209887e-01
2.807634081062259646e-01
3.114203930943811871e-01
2.092842784368271480e-01
1.839401322764510349e-01
1.063794781300040487e-01
2.800362331696936158e-01
2.286452002879378609e-01
1.236418251206806984e-01
2.570630005936244689e-01
1.570693528437158148e-01
6.896756718219111681e-02
1.548873364840759048e-01
2.102638553899832674e-01
2.743992289811859053e-01
1.925666526594629335e-01
1.604227738220322941e-01
1.875106986893095573e-01
1.316392832869162088e-01
3.217467034547538338e-03
2.386838768331958627e-01
2.677744025863670330e-01
2.084817337218003996e-01
1.445919677957397953e-01
1.914349724104003059e-01
2.472940581056314036e-01
1.936764220285288052e-01
3.510836229487930837e-01
1.878506522105399534e-01
5.875165124693382257e-02
2.691577221726805802e-01
2.210180844610811213e-01
2.050774101734813559e-01
1.730494458190770524e-01
2.051078096221241598e-01
1.940660880071398142e-01
2.524197911962157703e-01
2.924881034104307997e-01
1.769562440309610796e-01
2.177636924504590954e-01
1.231080644582249195e-01
3.082285306593434138e-01
6.946790423903517753e-02
3.336014209912281370e-01
3.289724351557402615e-01
2.242981593988009337e-01
1.241313734360808066e-02
3.348861280099067056e-03
1.484570847738998500e-01
2.259429987973259329e-04
1.728799173599654682e-01
1.152164561350697697e-01
3.697144934481261334e-03
2.627295601639230704e-01
1.389618274012492938e-01
2.183054391059336685e-01
2.438337889916448731e-01
2.369899774996591657e-01
2.442832006095345676e-01
2.923512249918928663e-01
2.902802897362074530e-01
1.789425953238554245e-01
1.700506323401429487e-01
2.017084259082416453e-01
1.759425442814697149e-01
1.647766390980832107e-01
1.906050467279664373e-01
2.705414697118146972e-01
2.251924616369085363e-01
3.150299449697612775e-01
2.314451818613486728e-02
1.990612106662983383e-01
3.205655233633959433e-01
1.776793731537417154e-01
1.875783869351937971e-01
2.933839679473844164e-01
2.821213692841181842e-01
1.786147799383274448e-01
1.828261980326115477e-01
2.159583685946445952e-01
2.168758312613942585e-01
2.988409327637402968e-01
1.551871942821893280e-01
6.248503376521210347e-04
3.463267129518758924e-01
2.135518406368732136e-01
1.061953979354476607e-01
2.769690791023284859e-01
6.403474655598828669e-02
1.893872498815956096e-01
1.871891128198433785e-01
3.039854506045006621e-01
2.592323807688299286e-01
1.760879475987507659e-01
1.403515397416601751e-01
1.550520917950822530e-01
9.097883086254537899e-02
3.178454436047279952e-01
3.408059314040764454e-01
4.929633272729903003e-03
1.293626395841502852e-01
1.103073991442047458e-01
2.447789333908003129e-01
2.446247749809000449e-01
2.185933059357620667e-01
2.250746382382553257e-01
1.705351814434443725e-01
3.166891478761347245e-01
1.677590445285953302e-01
2.302912257584834310e-01
1.769310570498501267e-01
3.389660796037484713e-01
2.258383493568918154e-01
1.897979544569520782e-01
2.490420337634922932e-01
1.742991593782753090e-01
1.976323375131976146e-01
5.150477389511150250e-02
1.931351105588723638e-01
2.794397169616832377e-01
1.842272220461023957e-01
3.112804588080739232e-01
8.774162493528116225e-02
2.517989390894303514e-01
2.941572413323941815e-01
3.075056381588394672e-01
2.096432538598488882e-01
1.369431552971664134e-01
1.240804198248383339e-01
2.833448068634068506e-01
1.707730170466924269e-01
1.620934620154311778e-01
2.528932341446806231e-01
1.592207731952483274e-01
1.297110567561531314e-01
2.184271770487351827e-02
9.148412027675226210e-02
5.352495452887748653e-04
3.442201160554621553e-01
2.086723054853804882e-01
1.762603204546288604e-01
1.409781716693909726e-01
8.797036667475689742e-02
2.120155145463860913e-01
1.701246589976670165e-01
2.091550328426670657e-01
3.332629612756846660e-01
5.114480150471698017e-02
7.521426796486857524e-02
2.013727491770080091e-01
1.961747719385722455e-01
2.022465468236068209e-01
3.486035926299677623e-01
1.438698389780499187e-01
1.592872901289944798e-01
1.430559234396436563e-01
8.938155450203956465e-02
2.955282703084054496e-01
3.480236561102150183e-01
1.821154200983140792e-01
1.810446220723413158e-01
1.562981249342347001e-01
2.546055795337300309e-01
2.992561442560270554e-02
2.990661265057387164e-01
2.481536300010886154e-01
1.827922838203496769e-01
5.284085718611461480e-02
1.573928221634745828e-01
1.989261713683592447e-01
3.132467656834285186e-01
3.149125740439120413e-01
2.579201392463832954e-01
1.691830762634924101e-01
1.821536040274387702e-01
1.531671397497430809e-01
7.067358982346515217e-02
2.060525211016282776e-01
1.788468941066811424e-01
1.921846062337996264e-01
2.711749283823957080e-01
3.521716642349196347e-01
2.141301915195814864e-01
1.737780545377866082e-01
2.497493686641113764e-01
2.334949505416613336e-01
2.270204692178083572e-01
1.995003462469134570e-01
2.209052317636943652e-01
1.433417631384512059e-01
1.752652269517094297e-01
1.424733624824418288e-01
2.021585821886417444e-01
2.541061695338986959e-01
1.072664828208290955e-01
1.496195719487185272e-01
1.243994219945812330e-01
3.161763229591676438e-01
2.843524106129805551e-01
2.922816198815358923e-02
1.180351550859566195e-01
3.018466995509263562e-01
2.843112180724239324e-01
1.985517329078994586e-01
1.298313101076077891e-01
1.922944899911120387e-01
1.721569881844670635e-01
2.426258887482543036e-01
2.323153889056717158e-01
3.015627007260611725e-01
1.591112978894108076e-01
1.287780064226448917e-01
2.315218895461698123e-01
3.406176766939795764e-01
1.083176921311902463e-01
2.561892782956179948e-01
1.405032053050278007e-01
1.379280556376510924e-01
1.973587715577804491e-01
2.883255655586678956e-01
8.635906282867961137e-02
3.139758602769764928e-01
1.185900335027659236e-01
1.901632194047205016e-01
1.074930779642672418e-01
2.098730051639397659e-03
3.050360682915732036e-01
2.303236526079140145e-01
1.347048990675442925e-01
2.493801127723027644e-01
3.968440370680550999e-02
8.214920821300908393e-02
1.819305987339340791e-01
1.698587811277881292e-04
1.947911838283440389e-01
2.293323343125546095e-03
2.218954799785978482e-01
5.473154802733785212e-02
3.465598563048495340e-01
1.432616972222829355e-01
2.694166867967978662e-01
3.143483758981384657e-01
1.238460719202177790e-01
5.201835655939342218e-02
2.726289613885797269e-01
1.854017569805272436e-01
2.219239922363215878e-01
1.805297391576493327e-01
3.520716919906337061e-01
2.275970506814534999e-01
3.486186930595820410e-01
2.719316110041991030e-01
3.076207000747049891e-01
7.367993908830569594e-02
1.385673049535109114e-01
3.513913412571362249e-01
2.475964847495896737e-01
2.651629207631812091e-01
2.563297447471449830e-01
1.694123340209208184e-01
1.823596548156357078e-01
2.065439393173730820e-01
7.388845760210661570e-03
2.185850844871369825e-01
2.236205539554480259e-01
3.061110007513376807e-01
3.392182478753790198e-01
1.172443596180271219e-01
2.679973794771228213e-01
1.576989726857849217e-01
6.238705055742347141e-04
2.774951862924412982e-01
1.369816520108485813e-01
1.939768942264009643e-01
1.908382645596828076e-01
1.814779843493306843e-01
1.217798338570294688e-02
2.056157129876939327e-01
2.370575793242726270e-01
2.071345549149503362e-01
1.144903055574200273e-01
1.087452316679128617e-01
1.872540479437878602e-01
2.790180114015779478e-01
2.931845109198452093e-01
1.331231811384582242e-01
2.202628003962196768e-01
2.905559860315291010e-01
1.564335772893082621e-01
1.948095211987561082e-01
6.959933482559206575e-02
3.541344719629857529e-01
1.915884191022774741e-01
1.494162891710643926e-01
2.124885576974272772e-01
2.401604402039680397e-01
1.076697685174147212e-01
2.040009801457560445e-01
2.769096164443157759e-01
2.165570664754773444e-01
3.008758831589589122e-01
2.356632446658837032e-01
1.565095084566975880e-01
1.849607799884392667e-01
2.167755493875619943e-01
2.128251183585228024e-01
2.708105275046683857e-01
1.765305148373050026e-01
2.699080399614778858e-01
2.240598143501089656e-01
1.087608478899689327e-03
1.542966350786882379e-01
2.942961460336377399e-01
1.873064588236051098e-01
2.445919216182649292e-01
1.370968376457245563e-01
3.551370960525648823e-01
1.472075780458250438e-01
7.811236482844116646e-02
2.370771567634969157e-01
2.749198026781222715e-01
9.480838887863481113e-02
8.283393967184759805e-04
1.560005538414580284e-01
1.250066355244910110e-01
2.766594252012805621e-01
1.740555201940366670e-01
1.889477187530469449e-01
1.698631920040571952e-01
3.159493285181043110e-01
2.673095521247211281e-01
1.739667440195351578e-01
1.175378397841293360e-01
1.944767778309251516e-01
2.984217281119306286e-01
2.810245618851239802e-01
2.884050009882539456e-01
3.296314641378005755e-02
1.990219473359786939e-01
1.977757308758146260e-01
1.865705412388639350e-01
4.648015103627196193e-02
3.372930014511194008e-01
3.240947637732961573e-01
2.550777813768346225e-01
1.552384507601700936e-01
1.901828350018943403e-01
2.632204314262270861e-01
1.969142653039529789e-01
2.523877963000600855e-01
2.013188915066796425e-01
2.811247653448798456e-01
3.468907280203732679e-02
1.495263349013672798e-02
1.586207609357198345e-01
3.226055053569927278e-01
2.676332800062853901e-01
2.260536676004106516e-01
2.390681666901560420e-01
1.707343623386027576e-01
1.595289714181295226e-01
1.553856363137366969e-01
8.948994782978851939e-03
2.401536387454671628e-01
1.777681022455707971e-01
1.818587777254063731e-01
1.300496963255212968e-01
3.159864243609195600e-01
6.646842538164028646e-02
1.639737130724442660e-01
2.758436586819772995e-01
2.569309299133780145e-01
1.269396796402608996e-01
1.859819602399761240e-01
3.289788784635765961e-01
1.839821516582121341e-01
1.965560874405763991e-01
1.840019811568768260e-01
1.892874988166621808e-01
2.954768971843128589e-01
2.584232173236887808e-01
2.567672034210611298e-01
1.628590640590292238e-01
1.240739905157906414e-01
3.004580024795012183e-01
2.680737697364888317e-01
2.320693921709848784e-01
2.047312631674865768e-01
2.232459132165530435e-01
1.683376545308568895e-01
3.206256553257016972e-02
1.435882927302364331e-01
3.532310416060610025e-01
1.205792870853503590e-01
2.235990033390229670e-01
3.385937994064215362e-01
2.643969824870522345e-01
1.900049805047555884e-01
3.606771610940682354e-02
2.207581528233307777e-01
4.399676102949449941e-02
1.160026278161606916e-01
2.258629127230303013e-01
2.220421377976569688e-01
1.808766441643638034e-01
1.326524603908057487e-01
2.741362922073309893e-01
1.995824248728587103e-01
1.656066106661957787e-04
2.194715178187583993e-01
2.070302087272508917e-01
1.982525448754122455e-01
8.206132578218825347e-05
3.114997349836320928e-01
1.767606203064469306e-01
1.988103942990513406e-01
1.773830018451455215e-01
1.434115765938307474e-01
2.246634450506542480e-01
2.254900962808493170e-01
1.220049415893952188e-01
1.935311121012941171e-01
2.819086880915488980e-01
1.576366736379281042e-01
1.669748027116472466e-01
1.328857416829386517e-01
2.210625843891878273e-01
3.272774357441151083e-01
1.530177279883101760e-01
1.574000210042440229e-01
1.849976576233922920e-01
1.862047824087915138e-01
2.192163056614555294e-01
2.964165763714203816e-01
2.722751549752605582e-01
2.481603336901541390e-01
2.011736503948803045e-01
1.728389788958388240e-01
1.728051809124790394e-01
3.260897409958226634e-01
2.063231006672242573e-01
3.259887275494951497e-01
2.034923698213460252e-01
2.086250182372337836e-01
1.550565148721435305e-01
1.737636861077712092e-01
2.067330184950039451e-01
3.098229250842945981e-01
2.379838855567796563e-01
2.823385364366369221e-01
1.747942237401850230e-01
2.333393231763246714e-02
2.010872416255073958e-01
2.164008109864423990e-01
1.803978477654147317e-01
2.660738313611623607e-01
2.657930167010743583e-01
1.345943830366054528e-01
2.595746257627478126e-01
2.283809791987660431e-01
1.657468539599539215e-01
1.108804213645719350e-01
2.275397336801190107e-01
3.320199967741751523e-01
1.574652264999004125e-01
2.886068987310073664e-01
3.287982013404688320e-01
2.042467694716369742e-01
6.280665858822681580e-02
3.111321729801955760e-01
2.575136940621450266e-01
9.788003814670906411e-02
3.288658270684940987e-01
2.465292907739183303e-01
2.129254973653150473e-01
2.531153443014629301e-01
1.554114409959311272e-01
1.088476685949713030e-01
7.271176203064191879e-02
2.615746840084413605e-01
2.888131289962148629e-01
2.170207993968991111e-01
2.663047825518037870e-01
1.731431368295062168e-01
2.102172120586980886e-01
2.465205128789334232e-01
1.966651464531860849e-01
2.913654312611623221e-01
1.811319381194916589e-01
3.385517468486977655e-01
2.960677832235911744e-01
1.810562554829363846e-01
1.337028675743639761e-01
1.199061595117125040e-01
2.083509697586945486e-01
2.241794502205113337e-01
2.103615140410183548e-01
1.668985590347696613e-01
2.672718519612252708e-01
2.138530139015478171e-01
2.845976991161465741e-01
3.004788278767223098e-01
2.080502246388489518e-01
8.817780463116695056e-02
2.054395516151164280e-01
1.658099360503543229e-01
2.503863025959005562e-01
1.868756253617784857e-01
1.652342803963240403e-01
1.494370216248859795e-01
2.289283539636538800e-01
1.892083994584039808e-01
1.786387266851977851e-01
2.747054944708258173e-01
1.906692177732047244e-01
1.088655607908541600e-01
1.706106626311301722e-01
6.320304635579782060e-02
2.217555468612684710e-01
1.557146234447692734e-01
1.545858774452939510e-01
1.381005088174870610e-01
3.246397883152193353e-01
1.967374010478646629e-01
1.942836888320374766e-01
1.205094265440131707e-01
2.216823833031734414e-01
2.430862576984701706e-01
2.733091799284969037e-01
2.362653656759863829e-01
2.087702735532858127e-04
2.257541896961128003e-01
2.739765819706367345e-01
2.498407907070047118e-01
2.341065241820147191e-01
1.442289123386257359e-02
2.063336254627382294e-01
1.795292680686894349e-01
3.467135266154356410e-01
2.561069250568681066e-01
2.093682864578953196e-01
1.737433455070127863e-01
2.916497549506608111e-01
1.165221106541808882e-01
3.212259511047820260e-01
1.201095137553976899e-01
1.377497792690287048e-01
2.676203906130539267e-01
2.805572812013655826e-01
1.291484345173510850e-01
1.927604554796823466e-01
1.739254089651436630e-01
1.985123428054122730e-01
2.552798928960017810e-01
2.582279703474548715e-01
3.381438428675095365e-01
1.515099723977436086e-01
3.149442558879363419e-01
2.471596805698430821e-01
1.362170010679555066e-01
2.976835287038565592e-01
2.204879989057129674e-01
1.725522923805647701e-01
3.302511892311881248e-01
2.355698166138702476e-01
2.279152044945284838e-01
2.461634020753902807e-01
1.313548760694466244e-01
1.876041895830652395e-01
3.016554376309437679e-01
1.511515128722618617e-01
2.008368126216261984e-01
1.602859966689403337e-01
2.120459436050496915e-01
1.170864904028873499e-01
2.527054014282570371e-01
1.603528172708479083e-01
5.866759949202348529e-02
2.323771364178345011e-01
3.044408823117216722e-01
1.768537350884119841e-01
2.053143957043900847e-01
2.318667724755125170e-01
2.246942181583078124e-02
1.753635230509285325e-01
1.409588961867308810e-01
1.934172196794313181e-01
1.076948444262019605e-01
3.253560399128915814e-01
4.688924572291616570e-03
2.777097896970002200e-01
2.070730400784574488e-01
1.199898853779833852e-01
3.453602725628085457e-01
2.045146819364626334e-01
2.552220116596423671e-02
1.978755096249121548e-01
1.994864441344691430e-01
1.525488365802253887e-01
3.476586647771731653e-01
4.955428791442614139e-02
1.311717381247497205e-01
2.078436033841367381e-01
1.978415962093829361e-01
1.386873848175604051e-01
2.393499725414793555e-01
1.442720635588845834e-01
3.042140447137780743e-02
1.827097401481478645e-01
2.385408753849146968e-01
2.524624241308049966e-01
1.874013689014882023e-01
3.185068499855299162e-01
2.758255079028482104e-01
1.671272469130578586e-01
2.412537045676075853e-01
2.088421681441129940e-01
2.319006999580974782e-01
2.001925277461986397e-01
1.322449566789612452e-01
2.174308742151623980e-02
1.562739040211115482e-01
2.310436874276972918e-01
2.006117875830842057e-01
2.219820434501392492e-01
1.190881132556041860e-01
2.695700674451285139e-01
1.917624505287787717e-01
2.139472568319923107e-01
1.902708302923548644e-01
2.994157595860595933e-01
1.743257661930137647e-01
1.970978966501062413e-01
1.623372648757828440e-01
8.445139268111133066e-03
3.427772030042391394e-01
8.651356536956870957e-02
1.332867126654213759e-03
1.842236344705524831e-01
2.663473502547825666e-01
2.399810560661139736e-01
2.867249928347855858e-01
1.632858297521118107e-01
2.112310302003230500e-01
2.188348850421107661e-01
1.559702306660838145e-01
1.333810306695060455e-01
1.874237469610794682e-01
2.426626702438623162e-01
2.723423282386879252e-01
1.667412752961225028e-02
3.470672670430537954e-01
1.576357107006439162e-01
2.134760052820028620e-01
1.465476675648021421e-01
1.864846672016562124e-01
1.864120359692977291e-01
2.066441167335311691e-01
2.985420049959370270e-01
2.110887239294990669e-01
2.624987557042029462e-01
9.597529094629543567e-02
1.449909658805597634e-01
2.323863349800539546e-01
1.252747706963077134e-01
2.294141556369080626e-01
2.321453849986876983e-01
9.095497997867056650e-02
1.465736859025698613e-01
2.092280861789989621e-01
1.705580423110960309e-01
2.819245119703279179e-01
1.694353189124090664e-01
3.062941331256338606e-01
1.889002512881941265e-01
3.339646400506570134e-01
7.333665629187646751e-02
