9.044939182992400850e-02
2.114127776713989881e-01
7.996341028305570253e-02
9.377134433777399580e-02
5.534505510283996288e-02
6.350591158270536829e-02
2.732980168634553397e-01
4.901749102478329678e-02
2.452151239474163746e-02
6.372562679103960237e-02
3.243897742365950410e-01
1.310883174698868614e-01
1.158610650254924823e-01
6.238040785602406990e-02
7.497362496830156653e-02
4.369800426574715208e-02
9.866167715742632516e-02
2.638580691310877246e-01
1.768192559250732765e-01
2.632375972150777788e-01
3.282746199785756963e-02
1.763147720485252479e-01
3.033363209476170330e-01
1.790101503468000121e-01
2.869634150583565413e-01
2.504681374222457180e-01
5.583665403363397700e-02
1.039361243227760745e-01
2.469490771033607535e-01
2.996158094625301360e-01
2.099905916406402950e-01
3.166781966317713803e-01
6.808197971779214597e-02
7.730406203178449842e-02
1.013848145864393313e-01
5.577047379674818228e-02
1.507561593163748159e-01
1.056433302109800881e-01
3.088377470453430515e-02
1.782224582946424218e-01
4.512251807486057642e-02
2.573615628736391492e-01
1.222151954587121919e-01
3.753844375010097906e-02
3.072236437258666908e-01
2.810473127507266411e-01
2.708540489394474157e-02
2.842883236548442438e-01
1.041688936668254267e-01
2.836308330856550097e-01
8.923726291037067937e-02
3.243360532621967773e-01
2.497985830870214641e-01
5.390294146088982219e-02
2.983922710529093303e-01
6.416349986953631679e-02
1.056063983810918844e-01
2.843685755370650714e-01
3.014128807735546034e-01
1.359131565732350222e-01
2.528003221510429221e-01
6.156559020946896638e-02
1.849853345927250647e-01
3.189689474702935845e-01
6.383932154366273037e-02
3.945501761224624176e-02
2.072500248701699410e-01
6.009676016763098455e-02
1.045065508635930340e-01
2.505885292406967446e-01
3.022682165018043543e-01
2.438394109233263385e-01
4.488080787778172404e-02
2.200394765592426360e-01
6.084431955511418466e-02
2.639879021752453703e-01
4.390785778127177102e-02
4.559033994323315186e-02
2.145320397447524063e-01
1.195996730026058358e-01
1.382451498565634151e-01
2.203727060874885457e-02
3.251450661058239433e-01
2.474883261628859910e-01
1.912306174075637799e-01
3.020701121955419732e-01
3.148214137400784374e-01
2.022915609155527816e-01
1.779066332057470667e-01
1.250666149278509554e-01
3.804286200478660535e-02
5.223504710727040062e-02
3.205409808233011804e-01
2.912172712400354357e-01
1.778684531837052274e-01
6.427039686226415638e-02
2.520281425197729575e-01
1.162939667892171208e-01
2.866804301832941992e-01
3.802063744743425927e-02
8.186721802982215024e-02
3.209574545720971783e-01
2.512862421984499162e-01
2.144106173377278157e-01
3.407597628616546026e-02
2.372906293121310184e-02
7.039212819905608931e-02
3.148770567834771605e-01
1.479586405492223367e-01
1.394819744159779273e-01
2.804338571361074672e-01
1.036250792239564039e-01
3.194788664450138316e-01
6.814527869935195492e-02
6.176588773042163832e-02
2.941082612017838563e-02
2.030943396420984426e-01
6.478923275980519314e-02
4.722923112953018865e-02
2.617216162280553982e-01
1.876715952254935371e-01
1.456514331531009732e-01
1.228927820611214194e-01
5.470776380933840832e-02
2.958034800993643576e-01
3.293715801168157209e-01
3.182059808713372240e-01
4.334679746085635943e-02
2.666796571795736551e-02
2.136208487901233299e-01
2.795012833881394543e-01
1.380915697499770500e-01
3.183368261275275612e-01
5.864920491608917319e-02
1.237530265217558212e-02
3.279598059758631057e-01
2.213690617061598587e-01
1.630598511529895434e-01
2.290360485626180276e-01
5.003098505043413607e-02
6.058306377254433356e-02
9.425482411021267326e-02
2.502732913681433580e-01
2.565968668719804668e-01
1.066147391987001120e-01
2.928499861558424011e-01
6.029282363201587946e-02
4.079665631144040183e-02
1.815741621184787935e-01
3.241301488839172240e-01
2.865141484382785139e-02
1.385414085207192780e-01
2.869919480849019711e-01
1.485049024043595400e-01
3.268946786781675162e-01
5.472584001059980358e-02
1.235737464707096639e-01
1.171576588127127144e-01
1.926605176411501918e-01
5.884166950830527210e-02
2.340568408906152087e-01
8.513436311986968819e-02
1.046807232881064725e-01
1.080756745398534363e-01
2.288583111721192997e-02
1.565704435215671542e-01
1.795232279040488432e-01
5.597862276618011806e-02
1.111136204543047012e-01
2.170142993231414519e-01
3.135486047852361624e-01
3.193719274751992132e-01
3.068187627300551501e-01
2.294084141163618695e-01
2.844929447625813568e-01
2.063763418348663614e-01
1.434483105695025795e-01
2.465866389563242389e-01
2.085163506282594337e-01
1.057117338357989461e-01
2.527412472825434908e-01
2.074812661682081394e-01
1.982857140386831696e-01
6.592241312619612215e-02
5.956516989545780627e-02
3.047534408275834883e-01
2.414517157285626381e-01
1.203622320614244345e-01
1.662065604314543754e-01
1.926060693570848248e-01
1.418354323148338647e-01
9.973129661551953518e-02
3.937906109084915451e-02
2.867214017519182506e-02
2.848710302050765919e-01
2.597974278962719707e-01
3.234675102188521167e-01
2.327544896276579345e-01
2.753925530332848037e-01
2.681421669729079915e-01
1.667373312571976962e-01
7.324988176157998243e-02
2.990910052686600595e-01
1.987581762593850221e-01
3.266737528300971971e-01
2.235989302961182978e-01
2.353664462126235646e-01
3.868907010796446971e-02
1.489602641154766892e-02
7.551930409210620698e-02
9.583480634009526600e-02
2.589433826580978537e-01
1.252428732775397457e-01
8.733360925529143337e-02
9.230351379120961541e-02
3.111812889851935382e-01
2.890139811913216561e-01
2.394914376004906031e-01
1.844580592474904523e-01
2.715444060550888383e-01
7.994827815588988196e-02
2.331213497590113592e-01
2.384714897176664905e-01
3.623145930032210110e-02
2.870366025789135023e-01
3.141141780894591840e-01
2.094737770012940897e-02
5.192036943531680437e-02
1.861682124568434238e-01
2.498763490939154286e-01
1.073782792843134409e-01
2.894187743496853815e-01
8.875931015143861957e-02
2.656441106493586113e-01
1.624297511889598311e-02
3.227561309632636100e-01
2.782109319831667649e-01
1.782150497958337118e-02
2.320533450750627003e-01
8.769640053649041533e-02
7.520179706472321368e-02
3.256363401229179777e-01
2.367934362783722102e-01
1.765357968071239736e-01
2.247165744226971296e-02
3.034048236920364738e-01
2.881367174915262508e-01
2.851975369695119999e-01
2.969773756482946836e-01
3.123331179647312883e-01
2.616718524810567742e-02
8.091373378548991080e-02
1.877896446072917502e-01
4.706850771611575251e-02
9.750546054134649754e-02
3.149467149980695879e-01
1.850537469213335007e-01
1.377923175111430976e-01
2.451569792067150866e-01
2.463281387808043121e-01
1.178157380824222319e-02
2.564010893222783416e-01
1.244658012465538061e-01
6.315024638731814299e-02
5.018908624690446296e-02
2.652940595595062456e-01
1.468033758194135785e-01
2.910972758902764523e-01
3.157859913228445725e-01
2.792606740255937359e-01
2.313784189377102729e-01
4.523183279517321159e-02
1.780537271819123968e-01
3.290490116485769168e-01
1.016237923872742588e-01
3.209188877931409833e-01
9.912901082682999687e-02
2.705418128547149581e-01
3.837221284042049985e-02
2.339883385797317250e-01
7.084943385298546337e-02
2.498318144659058410e-02
5.999275514224990113e-02
1.539491548079715277e-01
6.468799911753664311e-02
1.354612669487241516e-01
5.571885515942916201e-02
2.015476623114159926e-01
1.970804654124238275e-01
1.303937296839264848e-01
5.739001070895100726e-02
2.346734590624001138e-01
2.878063758608385148e-01
7.611037470608024436e-02
4.616816316105995521e-02
6.778902526081763413e-02
2.466268118513135210e-01
3.218727868101078360e-01
6.846375009129729294e-02
2.481377150551476451e-01
1.566225391693109315e-01
2.194281927622618034e-01
2.753811302228769686e-01
1.634289457664749590e-01
3.114581545192495748e-01
3.237803964198732731e-01
3.007624692935703670e-01
8.838606229683085291e-02
3.164375917028676155e-01
1.311034812438548747e-01
1.625794624632984631e-01
2.641293250194821640e-01
2.580001254397888966e-01
2.397312745071952800e-01
9.892175469167507895e-02
1.863781273594408427e-01
8.151703384293103316e-02
4.330346577306967010e-02
1.530867799737817281e-01
2.057664375534415946e-01
7.079457954685894339e-02
1.117277414145859821e-01
7.693001721355791078e-02
2.914192249962098760e-02
7.252881392574563046e-02
1.340161848684083001e-01
2.001528001611968810e-01
2.258513436510276862e-01
2.819340384412367256e-02
3.209088498955579155e-02
2.580527495393071802e-01
1.535243670650310588e-01
1.258347533390889728e-01
3.628630752564775824e-02
1.427379099095976711e-01
2.682759422578439024e-01
9.295401085286197906e-02
2.854419419002789393e-01
3.278082222380886979e-01
2.688150005118603025e-01
3.006866827630811367e-01
6.644551157669388586e-02
1.460196418541607755e-01
6.659607776076900687e-02
6.089718219488816225e-02
6.691473278139924152e-02
2.447573189983887343e-01
5.863548586220103387e-02
8.042229274466992928e-02
3.049616386951434777e-01
1.230308816504823016e-01
1.676969422873126614e-01
2.021780273949885243e-01
1.788041326217693072e-01
8.897325929865880501e-02
5.889819735640716702e-02
1.562714498554309550e-01
3.135916592894024690e-01
3.805327343409901919e-02
3.074457695626393039e-01
2.139025010637241597e-01
2.421658581594549609e-01
1.590317666882366254e-01
6.312791130369183046e-02
2.131345448935637876e-01
3.501223095248904432e-02
2.494904983825430578e-01
1.837344814855519370e-01
1.935178822492612527e-01
1.067384754310171796e-01
1.822929341918621410e-02
1.694829522661725763e-01
3.176306781189544570e-01
3.277476911625456513e-01
2.161779357562647677e-02
1.887512431590132322e-01
6.718507619495830974e-02
2.584957402474439281e-01
5.755654771756058691e-02
1.807060195671803537e-01
2.660751300506564165e-01
2.772220307688533780e-01
2.072057012106133800e-01
1.005214456833751629e-01
6.984213585590738627e-02
7.114466839651946428e-02
2.101402269505106835e-01
1.955601620899189153e-01
1.840537164984322460e-01
1.329155815273063701e-01
1.786359747282106336e-01
2.623561934221910752e-01
1.169663434561497850e-01
1.273494212187990249e-01
1.315048011463278710e-01
1.626375547765714427e-02
6.085315431890859356e-02
2.215453989014694314e-01
2.425859356487527763e-01
6.715966194158937141e-02
7.834442769568576714e-02
2.613620712769218479e-01
3.062496574528877913e-01
2.213263761674694741e-01
3.257744842115838368e-01
1.653231245217981760e-01
9.188859508820981792e-02
5.478742122796924352e-02
6.131587158656950226e-02
1.318944754082383430e-01
3.179855047023262826e-01
4.860692120444494446e-02
2.447016502862525422e-01
1.450794869822595416e-02
1.334771129474777995e-01
2.024232501287666075e-01
1.722928921309388739e-01
3.014236857347817877e-01
1.297126423808860340e-01
1.224262992506323783e-01
2.870313247578152316e-01
3.078371210050563911e-01
3.673951737234922715e-02
1.828545975363912376e-02
2.165198835308767555e-01
2.837574127148022041e-01
1.659866203592325895e-01
3.281660026166038913e-01
2.182228467033275610e-01
2.083531577769541787e-01
2.359310580725330897e-01
8.138900592444733850e-02
6.297629406593804879e-02
2.771136955842475325e-01
1.336497975808395230e-02
5.917202549334457662e-02
1.112421095054328263e-01
2.787133751104881041e-01
2.531112839694377725e-01
2.495024050132401139e-01
3.364637519713561259e-02
1.163131319033545719e-01
6.160234498193312841e-02
1.514384021369492850e-01
8.054396705884847574e-02
7.628812392613820714e-02
5.624784884162465498e-02
1.007652083384255742e-01
1.810753198292381072e-01
2.976342344930842376e-01
2.752772524256117959e-01
1.127371069505350154e-01
2.724765709314274087e-01
1.271320705883807467e-01
1.723148521804185318e-01
1.866839699276618691e-01
3.851587022935512583e-02
1.579868587476702391e-01
5.016013126995654686e-02
5.653587948482327596e-02
1.864091575005961121e-01
2.860442486004372009e-01
2.516726599689676491e-01
8.468487862035323221e-02
1.454824851966161903e-01
2.972477146114599900e-01
4.217107578035631660e-02
2.438246941377046340e-01
2.292203826468361127e-01
2.470626857085635175e-01
3.750697582889306325e-02
3.402045772445130845e-02
2.891215222775415650e-01
3.207861145667530445e-01
3.241813583754044048e-01
8.032473342602561295e-02
2.970651260199023702e-01
1.544484565352528260e-01
3.219987222007593131e-01
2.038202008268378551e-01
1.877180363742166069e-01
2.238845289897100077e-01
2.295584078364971969e-01
6.939649794601339405e-02
7.320134533429092927e-02
1.249163171555754265e-01
1.886953969470343481e-02
2.399813537481214898e-01
5.242922102623360364e-02
2.599717770635465164e-01
2.028326802735883616e-01
3.186813162975586367e-01
6.568125706494586102e-02
2.290990116730483583e-01
1.703231368371054821e-01
2.944943308075351762e-01
3.241872817540203955e-01
8.116537168370527300e-02
1.941239990000047030e-02
2.965224597778501892e-01
1.623787226806655548e-01
7.874611012660229226e-02
9.719962046547538093e-02
3.201080850937186861e-01
6.540654730664967331e-02
5.568168291727552260e-02
1.039281092495851766e-01
7.462506879514331504e-02
2.575473032068932300e-01
2.452868661331518776e-02
5.520830695191472626e-02
8.638415438023396009e-02
2.104726568782966656e-01
2.240097054675505017e-02
2.052249487937903016e-01
8.133534239688981760e-02
2.102932455030889075e-02
6.641929757372606880e-02
7.480171834478993587e-02
2.433284464975239425e-01
9.812791096589508488e-02
2.786519240818632337e-01
7.403625687045843617e-02
3.057797643009984578e-01
5.212096368229618415e-02
7.606223082280288983e-02
2.718083956147452351e-01
3.185476153116499343e-01
1.005325961975320342e-01
2.418612267592926690e-01
3.688467231583452549e-02
3.815509319882458283e-02
3.263282564680743958e-01
5.389887309533783477e-02
1.916457715390261496e-01
2.395297132298793708e-01
5.083060657242653713e-02
1.306365818197569584e-01
3.673930941164330749e-02
1.296535674362970236e-01
1.934518162776969752e-01
1.910568356670194062e-02
5.350062801060805062e-02
2.817492831231669936e-01
2.665577539408037766e-01
4.453397105913706883e-02
8.745957075610391596e-02
5.824662904912096539e-02
1.917885721486464190e-01
3.734909429273598758e-02
8.834233178310700596e-02
1.856016533466132434e-01
3.148719226220352829e-01
3.131171731160028449e-01
2.199561499613528204e-01
4.316731925169031703e-02
7.049617759481169310e-02
8.300091889307491255e-02
3.066604729338193724e-01
8.225240644796610878e-02
1.202795467546251412e-01
1.065516402585420103e-01
8.332685186904426056e-02
2.471092349131902982e-02
2.446799422082099676e-02
5.685393776563733848e-02
2.887502564586781340e-01
2.419917276359428993e-01
1.121352495807598632e-01
4.126099828618658844e-02
2.932523149918259686e-01
2.040738859338006028e-01
2.469825223602847286e-01
2.973505788669856056e-02
1.586117155705163428e-01
1.842293742745517438e-01
2.469792355452760380e-01
3.169473663640757777e-01
7.399077077599276742e-02
2.404426466863874845e-01
3.122178657329292562e-01
1.828356289728759188e-01
2.650326088603138230e-01
2.056717380921639637e-01
1.813961190597420878e-02
2.041970832863242713e-01
5.757422058447807245e-02
1.284257424662959002e-01
2.270479418556239359e-01
5.771856093349370803e-02
2.536488805287172577e-01
5.206201774668223203e-02
9.332616420876919949e-02
4.657662387772917856e-02
1.827952949003461627e-02
3.257896914846010739e-01
1.761952901109337111e-02
1.984533049631563573e-02
2.420922865974524732e-02
5.634744782645552397e-02
4.943305491700408089e-02
6.908571787687625698e-02
4.733211772326554462e-02
2.635548831899632849e-01
3.131421687493420869e-01
1.324015446473283397e-01
2.337057668160376078e-01
2.330012689638832069e-01
6.377904759375041532e-02
1.221220364800372077e-01
9.231526099991917145e-02
7.895803871352295722e-02
6.767749690381966166e-02
1.478718934688166009e-01
6.935042643316330357e-02
3.218493490287141490e-01
3.226236948771502577e-01
2.913764066009034703e-01
8.120554149385457443e-02
1.000188404730688735e-01
3.291368463499930175e-01
2.286636222372390725e-01
7.883285687963910437e-02
3.137819358498852296e-01
7.932984398413864269e-02
5.387628791642509740e-02
2.989807139509489398e-01
1.054967462707394332e-01
8.544840199685924120e-02
1.893407101722941951e-02
1.232475241559467249e-01
1.655614738156949151e-01
2.583098192956148065e-01
4.315503989189011652e-02
9.025155747969432207e-02
8.555541406896685630e-02
1.929837391799770624e-02
1.722758752227432633e-01
2.122236364480326043e-01
1.721095320865121125e-01
1.164643129114637798e-01
1.018124298593493654e-01
5.939951811245708369e-02
8.709218427591414180e-02
7.824836160431586363e-02
3.082318229705089396e-01
3.300717434289021646e-01
9.803264817154505595e-02
9.682238652243477239e-02
1.818539524560903453e-01
2.377409627565960915e-01
6.811091246644702946e-02
4.536256865343235578e-02
2.978749505070629744e-02
8.195250744615545369e-02
2.381268356543470369e-02
1.490675186392263589e-02
3.289560234666697447e-01
1.947780291577535239e-01
7.164311956748757593e-02
3.106551723901015416e-01
9.411668182560455065e-02
2.512641022230137633e-01
1.272321937025289729e-01
2.296368640924604798e-01
2.598136468446116676e-01
1.377384007003226440e-01
2.261575939365574883e-01
8.777620902668820113e-02
2.387583133703610749e-01
7.391386168241144417e-02
2.226026101263758328e-01
1.181025987973304686e-01
1.177910216690848527e-01
2.995885836779343392e-01
1.503668799103475562e-01
2.258963277593893648e-01
2.377408914022112740e-01
2.847628211656899611e-01
2.338900585946510902e-01
2.242202801816078339e-01
1.140865042907852206e-01
9.364523804111420102e-02
2.319694711113843844e-01
2.662145419492008003e-01
2.580993352425908771e-01
7.294596045089256353e-02
2.969447180179344281e-01
2.447866877599185753e-01
2.171620397769534472e-02
9.798740570671266026e-02
6.983730739717472491e-02
9.640017041859003100e-02
2.594890225946489548e-01
2.272009611403824625e-01
2.984718695009236922e-01
2.344433519309359060e-01
2.739739380265580615e-01
4.712310289562067489e-02
5.619027830138186713e-02
1.370886878527985964e-01
2.965661168940448844e-01
3.226281570528798937e-01
1.111367584297442285e-01
2.203113706088973694e-02
2.232108752821776176e-01
2.654138755151676521e-01
1.627736267735033215e-02
1.821676602883371410e-01
1.420712181919263351e-01
2.324523727573219248e-02
3.114585724039492520e-01
1.786707134904697569e-01
6.230066204042683520e-02
3.124165784984685446e-01
1.615699763217124940e-01
2.935874951985869008e-01
1.046243319790416959e-01
3.069133095798803890e-01
1.873715315161754158e-01
2.886614941540965526e-02
2.758081401907658270e-01
8.979233476737258357e-02
3.030843386726725930e-01
2.725405416560574556e-01
1.815499660960998296e-01
2.431775357371058766e-01
3.035962077712019425e-01
2.903968841394800049e-01
2.848591033407109688e-02
1.463303500389485368e-01
5.139378030542059161e-02
2.690505799588891467e-01
2.582283790194457307e-01
9.927185338140893933e-02
3.249713219362649896e-01
6.017866762241805278e-02
1.580847698823698300e-01
1.725003967777075931e-01
2.822973690479534947e-01
7.808780694680735046e-02
8.011675767935610981e-02
2.367433269113988423e-02
6.069400679596862608e-02
2.326858979277248995e-01
4.958924176537925221e-02
1.553939562111189832e-01
9.402963832302684011e-02
2.442320168146169257e-01
2.742698666245279582e-01
1.823519915867123642e-01
1.201224000899572403e-01
6.475996317669861779e-02
1.001671315288515662e-01
1.976797294594146437e-01
2.639769931201954023e-01
2.754534706675476619e-01
2.665472075666376339e-01
2.641693429625287942e-02
2.121987054301406606e-01
1.468363744166044926e-01
1.573728866908091217e-01
8.966519895913853400e-02
4.006454473015347989e-02
2.164968713043013693e-01
9.118372529092481915e-02
5.465365092338121678e-02
1.060135759824823581e-01
2.729086278430792323e-01
2.104337213080470226e-01
2.710898493054899605e-01
1.507121827510303769e-01
3.000548662343252571e-01
2.072191811991394295e-01
2.078722030066004200e-01
5.868255466238298662e-02
5.909110932544343192e-02
1.803894967856678466e-01
1.642218062265405620e-01
2.137849109001908887e-01
2.664993315257565068e-02
3.179249130750469443e-01
2.921782097580591930e-01
5.386019602203614282e-02
2.380264850296725798e-01
2.560100618879242174e-02
6.313715375324835399e-02
7.847086534490066434e-02
6.169016721279470955e-02
2.374143325630795054e-01
1.570550739868480927e-01
7.054078936714033854e-02
3.877375025461649721e-02
1.147131618627000166e-01
3.046122975676963107e-01
1.427379929715914472e-02
1.258678361760603159e-01
3.419160487720149244e-02
2.819777707513496101e-01
2.319072778954932856e-01
2.859903475162850831e-02
2.923616589721144132e-01
1.591527340422366210e-01
3.882956993936121509e-02
8.810784555416084629e-02
3.300451805071886180e-01
2.411066814817025561e-01
1.697774355315996297e-01
3.246610058602278359e-02
2.386760019687227119e-01
1.556084293633597515e-01
1.581052910256069421e-01
2.446275619253668043e-01
6.546055508638017051e-02
2.533061678812285611e-01
4.556436365647165143e-02
2.917568142664508923e-02
2.515265970977907384e-01
4.825743899698434897e-02
4.865183071254326058e-02
1.440124246183249745e-01
9.671067384324420757e-02
3.237682799054418525e-02
3.255338010582113362e-01
2.599353278844953596e-01
3.273318832746419799e-02
9.842270565406334437e-02
2.541833061543471439e-01
1.007332560902720470e-01
3.997467901411647095e-02
3.300266625099602114e-01
6.216766431255606878e-02
1.174660544488976832e-01
2.759440771968748110e-02
2.398051028381299188e-01
1.954821675285304261e-01
3.048123713102910970e-01
3.079143471286646117e-01
3.412207453105885191e-02
3.155489237213289222e-01
3.656679906997374607e-02
9.279361914539110967e-02
5.435262622757538326e-02
1.691151620826647217e-01
7.995899712242869606e-02
9.359936999450674255e-02
2.676741558849995428e-01
2.302484249818793349e-01
4.666717053830746198e-02
1.367988873890189083e-01
2.860407617943661052e-01
1.385991473811135945e-02
2.483198297401379220e-02
3.274111666425784661e-01
1.017457617725026353e-01
1.019304540706477552e-01
6.511419852479295722e-02
3.200749551082283095e-01
1.152484744385015719e-01
3.255348747219998229e-01
3.216145527667180204e-01
3.046756562299812177e-01
3.275568033175438321e-01
2.106828679472337040e-01
7.785281954542000449e-02
2.627597475494916623e-01
1.747133965085020391e-01
2.084265281394074576e-01
1.357415851712645283e-01
2.010843629379469033e-01
2.152478186416909578e-01
1.048021214950093510e-01
3.005657621038287930e-02
1.063382745173337973e-01
4.365494675751074860e-02
2.558559601503548539e-02
3.253302510484416543e-01
3.071899280057039383e-01
2.615458494459981242e-01
5.802234587401119970e-02
2.153952206597976593e-01
1.966393216803143801e-02
1.829194732221272601e-01
4.313797824824311400e-02
1.003862932280482900e-01
1.853233205916282322e-01
2.851722837695165325e-01
2.219459514519699361e-01
6.589159947396140693e-02
3.264916189331048546e-01
1.072056414942210989e-01
3.178875040535070196e-02
9.940914520473095872e-02
2.985820724977295559e-01
1.002719471186832578e-01
3.008842344068604069e-01
2.722839443752503863e-01
1.945679728762608474e-01
2.079222376596262523e-01
2.342787560188461515e-01
3.887403391294744215e-02
1.476617075966976944e-01
1.782840955739161543e-02
1.917900954777865818e-01
5.933478233293252441e-02
2.790499151150181989e-01
8.103126103388741397e-02
2.668396053875181084e-01
2.608548095191364213e-01
2.052773762141448521e-01
2.484536328047032006e-01
2.437671129466266462e-01
3.266239855110435464e-01
1.460630390366292330e-01
6.827874348121766579e-02
7.578075265060534027e-02
6.602589743577036430e-02
3.240555800263161257e-01
2.794113287673726798e-01
2.010558267738278282e-01
3.067381725086117950e-01
7.560556929353040578e-02
2.691617382908667588e-01
4.535674837746066917e-02
2.433397073858702686e-01
2.176462492029691276e-01
2.497376663242185379e-01
1.063561904380168344e-01
8.666286857595760507e-02
6.075242763551349373e-02
6.657175528081757387e-02
6.396045255709292832e-02
2.749213208014724130e-01
1.016158349044434112e-01
5.394587505546515754e-02
5.985129892098243337e-02
6.924264266182708627e-02
1.311086745899464889e-01
9.016970804417097363e-02
1.120453176337281448e-01
7.953733781169983197e-02
5.975546899556964664e-02
3.293267999816855696e-01
1.892199655010294579e-01
5.584335809913999055e-02
7.261871284052998088e-02
2.038519663686706729e-01
1.964270103509965781e-01
4.748326062134556463e-02
1.851838762229474911e-01
1.568669607248918477e-02
2.707011598044540418e-02
2.286072178723704273e-01
1.920880351814084896e-01
1.625381878552846215e-01
6.602330615859998419e-02
1.776249342378273255e-01
2.851909829765482685e-01
2.154165449578046287e-01
1.387671942152932381e-01
2.061637026131426520e-01
1.980884172748854644e-01
1.386114615455204813e-01
1.066842377718981716e-01
2.001163418192454801e-01
1.639692223376762736e-01
2.750232488931542707e-01
8.401548907192553373e-02
1.021421283373048078e-01
2.891595268719527809e-02
3.294701030605821646e-01
2.662201431638939741e-01
3.071315992916472948e-01
3.194380796437520931e-01
1.641242329579632453e-01
1.759128719886084991e-01
2.698342666966860870e-01
5.938783283719619582e-02
3.239148788395744827e-01
2.065565843981065006e-02
1.713314910585991002e-01
1.111286024605780270e-01
2.610663850789478602e-01
5.918960906315455517e-02
6.997635012144146072e-02
2.031450725703714544e-01
2.811121886687901195e-01
2.188672519277331252e-01
3.851255744602652409e-02
2.385660566466902832e-01
2.002672959427908295e-01
4.545263499877576219e-02
6.412823689097629787e-02
4.938884738180864681e-02
6.801803682183338307e-02
2.145680841248161219e-01
2.204191048709520373e-01
1.476852497159571176e-01
5.728320845586261367e-02
1.554665521956929697e-01
