1.873640053184592591e-01
1.048615831001434573e-01
3.081777666136424898e-01
1.008891769579886993e-01
5.123067406428836318e-02
8.463028384508333724e-02
6.516824670607546111e-02
2.641384035189315860e-01
1.607249583906702473e-01
7.741673478881590242e-02
6.357209609618696966e-02
1.482607236075199064e-01
1.328745876723801678e-01
2.305820827166166764e-01
1.143266348206163907e-01
1.063147358368569384e-01
2.881396898150871966e-01
5.078656154310529774e-02
6.407523659373901004e-02
4.004715671701847973e-02
1.856385453164548227e-01
2.058396316828405570e-01
3.169289158511738314e-01
1.222421928936870128e-01
3.139369435076506676e-01
2.229758843530808277e-01
3.313460049701030252e-01
2.322997721584427466e-01
2.445899643682916680e-01
3.254901310607649645e-01
2.913683128886568330e-01
1.325385559759305054e-01
2.745243111902468947e-01
2.109798883903712396e-01
1.191679930213753041e-01
6.596108244892845418e-02
1.363583939823641289e-01
3.002569132027355647e-01
3.028646630059754208e-01
3.306381995862117673e-01
1.455052474723023681e-01
1.666553754482836824e-01
3.337342684156361372e-01
8.665938565465808319e-02
3.296604304952047704e-01
7.413702224628118675e-02
3.219228807131452319e-01
2.739830397569458231e-01
2.343368036931538223e-01
2.831346168750518144e-01
2.620502212445312007e-01
1.402886219299137038e-01
3.248697411792839107e-01
2.390327444858358907e-01
3.236248299421204400e-01
3.094883861736383301e-01
2.622181104524965445e-01
4.399023766234168298e-02
3.092861062856198107e-01
3.637941163350570661e-02
8.459064167989768790e-02
3.707007374309905651e-02
3.100974743115736051e-02
8.873277611059404713e-02
3.114526780369774039e-01
3.190294733177264641e-01
3.366990476790626685e-01
1.560496208853977551e-01
2.707014923442567778e-01
3.316817162410001241e-01
1.543819647669231743e-01
2.781986799490915319e-01
3.149998529000490044e-01
1.167400495188336967e-01
4.319071372664744918e-02
3.316830403847541575e-01
2.218873253499331344e-01
2.199596675599313766e-01
4.799213808165096740e-02
2.867683382900907962e-01
2.574095950161789381e-01
2.412717059910321760e-01
2.975435487864877548e-02
8.869516626915228963e-02
3.146486514353192265e-01
3.183142881886773523e-01
1.041280357500920517e-01
3.294762196650961039e-01
3.121629251213989820e-01
1.381137615002241414e-01
1.207415277643626161e-01
2.671682570992913175e-01
7.738417228617110177e-02
1.685005778672310772e-01
9.315736333763109667e-02
2.550771660381253025e-01
3.350272393785316272e-01
1.433094708271239748e-01
2.915044808212565175e-01
2.973874889508442698e-01
1.219985986670265032e-01
1.799548392588919410e-01
9.496286458596178703e-02
2.887878609168649247e-01
8.101455019868485097e-02
1.533331681906703881e-01
3.295017988031282985e-01
8.676808521729888202e-02
1.679225455757167029e-01
5.582986845497489581e-02
2.914360882248144824e-01
3.114591840501011455e-01
5.258230105569370455e-02
3.167209796115709741e-01
2.788748613663307729e-01
2.252755890185172971e-01
6.137093395826271475e-02
3.546276621698896125e-02
3.261864316865316638e-01
1.843078433462620180e-01
1.830880103717110741e-01
5.073040658933800073e-02
6.017798693666111254e-02
1.522684917214132960e-01
3.191096526316500870e-01
9.413450399274497782e-02
3.271586935906826699e-01
3.174258698664412792e-01
8.852265023906633057e-02
2.209276129569019420e-01
1.669084547439606270e-01
1.174389851123138206e-01
2.502603477944105315e-01
7.282738208516412182e-02
2.845199570246521037e-01
3.131260606874798902e-01
3.033004839936058739e-01
2.577144026471920313e-01
1.274484671976448269e-01
1.109682247815148154e-01
1.137785077687749752e-01
1.420004749158170487e-01
4.709717524000167632e-02
7.798904426592202788e-02
3.182685478170895754e-01
1.448383940882323750e-01
3.007388003903246898e-01
7.258709336157524727e-02
2.321952667127337999e-01
5.395628518224006992e-02
1.350251187670994391e-01
4.075249254592207271e-02
1.771040697515615381e-01
3.334901446153413218e-01
2.443451426173206265e-01
7.819796645513685251e-02
7.185476891756402418e-02
1.004740061393953054e-01
1.186628282565007769e-01
6.340561555532449323e-02
7.579667253450626807e-02
2.940784884663680820e-01
3.381313183652322474e-01
4.809357928328429621e-02
5.196003615855754321e-02
7.763645386233333778e-02
2.054592903861935105e-01
4.455116517374342611e-02
4.501803638276481723e-02
2.090891772355413514e-01
2.474315360823269305e-01
1.568320908258152013e-01
7.209772424596708196e-02
2.985504996429365621e-01
2.903389065284275872e-01
7.165831778601843005e-02
1.700326670170876631e-01
2.148114154242825591e-01
3.304957590773985321e-01
3.153731902488048355e-01
2.400008282943195126e-01
1.283014335817067308e-01
2.607629417847769915e-01
7.532742858133101294e-02
2.303747989776046834e-01
2.936419686731149281e-01
8.548870844212247411e-02
3.089466350642378623e-01
2.543092262128348047e-01
2.763562878135200074e-01
1.291974806881327487e-01
3.294329729785369643e-01
6.615493522541000815e-02
1.220713503751163775e-01
2.941147344337593506e-01
3.191738929016726956e-01
8.667222882907650583e-02
1.896549436440539971e-01
2.962780321415161566e-01
2.241069026649359919e-01
2.188167459181230845e-01
3.219420941520687030e-01
2.249505516512843584e-01
1.817971674225545287e-01
3.215686096435512731e-01
2.269456157614675451e-01
2.111983843709793751e-01
1.273241548444902227e-01
1.786467601664610549e-01
1.042448493480327698e-01
1.926092012428264610e-01
1.547316283100135248e-01
1.406136670967129410e-01
2.730710728360347117e-01
1.226793602410193446e-01
4.860904802603180364e-02
1.766965494567077910e-01
1.884071038759422556e-01
4.344234506608353474e-02
2.202970324377629963e-01
1.190675220909189896e-01
4.053452976968342086e-02
2.747514270984373619e-01
2.400540409605968206e-01
4.242334988474288915e-02
2.135170699543630646e-01
2.461655511201825963e-01
3.357283093741608715e-01
2.570235921388467348e-01
2.764820102751185948e-01
1.480691561841905035e-01
6.319305898494245732e-02
7.934568717622463019e-02
6.064560136481818298e-02
2.499210882979159276e-01
3.303280720590069941e-01
3.288377205343150922e-01
4.133058224789736695e-02
9.582316329685895695e-02
7.343992045432864990e-02
2.457887564644811451e-01
1.024093645296950128e-01
9.716023960021637207e-02
2.839024648449348098e-01
1.863555985101573997e-01
3.299929108820598977e-01
3.155821090362020964e-01
1.544373448850562547e-01
9.069617431346159442e-02
3.275844989672045959e-01
1.271854876121808198e-01
3.116174671334714930e-01
2.870181902007016284e-01
3.095848989151407937e-01
1.260577522470342493e-01
1.395773374590753291e-01
1.752544920824998798e-01
7.814942750344855416e-02
5.026428567599760394e-02
7.308310669989023789e-02
9.085800382021849697e-02
2.855692380954190646e-01
3.347249564555528356e-01
4.260854514726866021e-02
7.569025363446406363e-02
3.609721336455068430e-02
4.291270773161006552e-02
1.410760730720399814e-01
4.505334452992287853e-02
2.226654961592041126e-01
3.157348330334805442e-01
2.881045248271765780e-01
1.844215913807208951e-01
2.600334186535610548e-01
2.791310270608857724e-01
2.415363920507397066e-01
2.479751471196127433e-01
3.624932559562055873e-02
1.920088701677533927e-01
6.015506558191553027e-02
2.774437233124264490e-01
2.351596440723478787e-01
2.603943834759265274e-01
1.307013324912646435e-01
2.579439591149299549e-01
2.925481038010205870e-01
7.541534190284918115e-02
9.334002954899053850e-02
6.947908769621982672e-02
8.894000393978124253e-02
1.633912028679482820e-01
2.651153561165732198e-01
1.883225547087427898e-01
7.700045090346663290e-02
2.285862658885937093e-01
4.613781514337195189e-02
3.188219387180790676e-01
1.391508833451040317e-01
3.149244168297224977e-01
1.592398367328656805e-01
3.045979134470533367e-01
2.978861074499891681e-01
1.615034234910627253e-01
7.446457290117002026e-02
2.426647723828954661e-01
3.125750618141327486e-01
1.468537473899520773e-01
1.050075522317008431e-01
3.158739455631829340e-01
1.551819091483582214e-01
2.249321660502718589e-01
1.769687423097647261e-01
2.477404928344635326e-01
8.500672426323446773e-02
7.533695925817764094e-02
3.757124874485887750e-02
8.865882799072104248e-02
2.112573116342079671e-01
5.887226891720474808e-02
2.083570752699612227e-01
7.916687745239327223e-02
2.905427318684328242e-02
2.649572223987172737e-01
1.576389594288615803e-01
2.484171018178680246e-01
6.863663432250551033e-02
1.404132988324951758e-01
1.369813902661471405e-01
2.682276348572836810e-01
7.735667194241196976e-02
2.393902450172982754e-01
2.761224454117955363e-01
1.089994241271723813e-01
2.653463922768075633e-01
2.966095926704337415e-01
3.573258981471062051e-02
9.923516444972872719e-02
1.446097947351399349e-01
3.159606019751354800e-01
2.486799536691106371e-01
2.558641318717261304e-01
3.297177893512769353e-01
6.463893723430072513e-02
3.079920257238452641e-01
8.163727334309356376e-02
3.887423431191285722e-02
8.443446951160613057e-02
3.181259373668895996e-01
1.346531919885219086e-01
5.561782027145886070e-02
2.045646731453804879e-01
1.525247678568474041e-01
6.061697647565270075e-02
9.971499215561258067e-02
1.765516547146837867e-01
3.034008569976356928e-01
4.881151705976893851e-02
7.116940761853804420e-02
3.116956987616606445e-01
3.191361897899102074e-01
9.623391985533619186e-02
1.258413665678887738e-01
2.526283811216872288e-01
2.169721975826163496e-01
1.109593217893833500e-01
7.576501516683296911e-02
1.990154487841953035e-01
2.053839965435375614e-01
3.612921966821610459e-02
2.977473645338563069e-01
1.769797570868473502e-01
2.642968424848627929e-01
7.137705012929559945e-02
1.882156083285772552e-01
2.447199750369022098e-01
3.133716381679702567e-01
8.812583950999308691e-02
1.663937018840957738e-01
2.219451445225213149e-01
2.142191505395435458e-01
3.283849490985407682e-01
1.681528337996820444e-01
3.067518338809962705e-02
4.156613174837720665e-02
7.818639923404434311e-02
1.914369877607721149e-01
6.362962302310302964e-02
8.981050815271665599e-02
2.172947719247775578e-01
1.929806354433948323e-01
2.054506243178468583e-01
1.727225165845717447e-01
2.559956678061614532e-01
2.758567161159184988e-01
1.336298446562939335e-01
8.060956169845122365e-02
1.567245349930102838e-01
4.544867409587251966e-02
3.929178627865277662e-02
1.947296488527865133e-01
2.121261762741221413e-01
1.314807978471548844e-01
3.037039269969215097e-02
1.696127953869562832e-01
3.281917833205340029e-01
8.753601867670815495e-02
1.252552271095467851e-01
2.986148628924894521e-01
1.594397481578223030e-01
1.949472814842355406e-01
1.391547082940919611e-01
1.294123264926668182e-01
3.015346163319269635e-01
1.712369229066824095e-01
7.853435639222354492e-02
3.119956629062752840e-01
2.410531304287095999e-01
2.742621140841293714e-01
1.068755268920059259e-01
3.298775974587062065e-01
1.293469221810555070e-01
2.296699909000825823e-01
1.585293308457638162e-01
2.077503905162952080e-01
8.614937853208977370e-02
3.127399248391428133e-01
1.247763303809921037e-01
2.807336411430027545e-01
1.098590574729571556e-01
1.299897912965516933e-01
3.204776352708233467e-01
3.285809593362779696e-02
8.643914211494709010e-02
3.229289593674602998e-01
2.202738735272128379e-01
7.757988710212031236e-02
1.854425036630193702e-01
9.657742219003657980e-02
1.851976250209274033e-01
3.336975103692167988e-01
1.015478365705736186e-01
2.292564254549835645e-01
1.148819820549729503e-01
1.425238862753126223e-01
3.246145329624322562e-01
3.269357096416778963e-01
1.103035277396438862e-01
5.913619134658561205e-02
8.272304650348977217e-02
2.996915996922283054e-01
2.462746556053940494e-01
8.291035537135091338e-02
9.739154218800383234e-02
2.791649684667219522e-01
6.958279911940476459e-02
1.757613933615981283e-01
3.173354296886876647e-01
5.141775486690431524e-02
2.725421183718423346e-01
3.362409963259493928e-01
1.929121786772343139e-01
1.116493490815922418e-01
3.030281442929700364e-01
1.461940341260604403e-01
1.771335473222936663e-01
2.917962750107159775e-01
3.238108128926947549e-01
2.202181035288546251e-01
1.201192447519488643e-01
1.032764074462642068e-01
1.306744976183487894e-01
8.346151212722251189e-02
3.182468307350435066e-01
2.318272713505495353e-01
2.060579179647454851e-01
7.470575145683691631e-02
2.263829910337105400e-01
3.835902942525627746e-02
1.168815470901761050e-01
4.658519245155164079e-02
8.280048810299814321e-02
7.842688993834363853e-02
3.021580413454915681e-01
1.792609181187528600e-01
1.198314419969676303e-01
7.955072866082982253e-02
2.521428913254307735e-01
5.443023868537993221e-02
9.179943455106742700e-02
3.590986556368176014e-02
7.227281718439435010e-02
1.022136440179019362e-01
2.357749665418974183e-01
6.733068394396694856e-02
2.528006951866224039e-01
8.509193785614060923e-02
1.108924006011824531e-01
5.470627731397381677e-02
9.787514593190926870e-02
2.821189192503037457e-01
8.102170525721014149e-02
1.746278352549699708e-01
1.995723556174260616e-01
7.218652914670103948e-02
6.390525942249369873e-02
9.399529546265530944e-02
1.960568254396754528e-01
1.271191734414330032e-01
7.496197150944765297e-02
2.944579507432866783e-01
2.227549201586531968e-01
3.374086971053323891e-01
3.108992363459560648e-01
3.148387424441869697e-01
9.776442740604951442e-02
1.074707825739582984e-01
2.544077542599900710e-01
2.567793121120403033e-01
6.669819593390806378e-02
3.017631820533304143e-01
1.173041639318563728e-01
3.018739936853253036e-01
2.513884393036882603e-01
9.128602224037772606e-02
7.273233294361225454e-02
3.020361698385194971e-01
3.859648119848108072e-02
1.358759787059601321e-01
3.315919967319448936e-01
2.077607700467411223e-01
2.991176050465259584e-01
4.367760456024318699e-02
1.875957301060835469e-01
2.921105116294497317e-01
6.144516134217822834e-02
7.591001865043719987e-02
2.803799464625164051e-01
2.575656206999126230e-01
7.992952499657791920e-02
2.004863326823609626e-01
1.038997288264042612e-01
1.594577343642135381e-01
2.783675350717533803e-01
2.466864871520076108e-01
2.004718235884877242e-01
2.532400852754591591e-01
8.589171658091133976e-02
3.612492567445891450e-02
2.277098858098016154e-01
1.817861478521241581e-01
8.071713362802729330e-02
1.872763254463311322e-01
2.072584707236909407e-01
2.830098999436960194e-01
2.980548730200803798e-01
1.606288606582036704e-01
2.708349023198361460e-01
3.373378601529533061e-01
3.231464063749742155e-01
7.658578257553257107e-02
2.401556117745441699e-01
1.066889324505225362e-01
3.260233496771142714e-01
8.496858898304820995e-02
3.341944251212170536e-01
1.473106826812598247e-01
2.430464732389506777e-01
2.729318795125087460e-01
3.269601963957888269e-01
3.364656783059605250e-01
2.855722202646398533e-01
8.341134549869337611e-02
1.010813851832088051e-01
2.946240812734539638e-01
7.218226056368760857e-02
2.639115465574560782e-01
3.172160730474595236e-01
3.084951981930496023e-01
3.016542029136897729e-01
1.076225102575278092e-01
3.341065234498652448e-01
4.834498894355682141e-02
3.175273075582178417e-01
1.022635882424495629e-01
6.310991559369032167e-02
8.378855620934860804e-02
3.161234787110180910e-01
3.002177398807008221e-02
2.837009467749486147e-01
1.248947559987250433e-01
2.951446003271296914e-01
2.921445045937878793e-01
3.254498357923910623e-01
2.247956688121339197e-01
1.129460340185240996e-01
3.344991986989263033e-01
2.971619705092234387e-01
7.997249218562009487e-02
1.211382448196029332e-01
2.064062713906895385e-01
8.619013161137735468e-02
1.293646353442730323e-01
1.439901562807742730e-01
1.269034520392444410e-01
4.718339452680587326e-02
1.371801187161360291e-01
2.981609962565229255e-01
2.721724976816687902e-01
4.969283229376376954e-02
2.817774208846683948e-01
2.811963756016223059e-01
2.958355099608774297e-01
1.027243514121694845e-01
7.612330714904286255e-02
8.302065852952805747e-02
9.351769783768071331e-02
1.471561176019805517e-01
1.014101293447705193e-01
3.113001913389124575e-01
1.260143658083468787e-01
2.264065026233814670e-01
1.143699167311818254e-01
2.017110401609512604e-01
3.039778907279406805e-01
8.301778356741998377e-02
3.029933464713641111e-01
2.640048671325216922e-01
2.376131236627777310e-01
2.806030488956696711e-01
9.480094098011837556e-02
5.611005753110448468e-02
3.303269271617780833e-01
6.913769255127688584e-02
2.963226287758736754e-01
2.979190031748188972e-01
1.583209178152192587e-01
2.993395144383688700e-01
2.505401646759429779e-01
3.339625057299506206e-01
2.179338034948080371e-01
6.899231923500474817e-02
3.047847124273834751e-01
2.674627392429801964e-01
2.819802581666280283e-01
2.897764235349143402e-01
2.783481791791909132e-01
7.470709522232162059e-02
1.470381237017475695e-01
2.189641823865000891e-01
9.500476912602655311e-02
4.740034130802004558e-02
1.725322233283426987e-01
1.160351622817142603e-01
2.684129602268362502e-01
4.732993357956778030e-02
3.256903378760977463e-01
5.027378027907505875e-02
7.872695167210448652e-02
3.110264471250037133e-01
1.599793124761698659e-01
1.754261251942450250e-01
1.447114474557731900e-01
2.098448923620818973e-01
1.045790485721969226e-01
5.693251539381793958e-02
1.841133658561156516e-01
2.064648471452374401e-01
2.565239734812045369e-01
1.179850032028122303e-01
9.256172763647228796e-02
2.808751206656613930e-01
1.100828474150844782e-01
2.244975136935332127e-01
9.901258405495903803e-02
2.814155439870302255e-01
1.479700227924087841e-01
4.245609356746031515e-02
2.821513445555903776e-01
6.114688634394204597e-02
2.774496889226755192e-01
7.375190455081552521e-02
2.304294931982031336e-01
7.693302016852661407e-02
6.222734873745159462e-02
1.178468379320488507e-01
5.694035881094605678e-02
2.125350170701670316e-01
3.357544331460693421e-01
2.206676792030611844e-01
2.873377080986487253e-01
3.376139859385052233e-01
4.233616436865290933e-02
1.984351637547605574e-01
3.240822939702280303e-01
2.012121242216609873e-01
2.473795946878408480e-01
8.823337405600636951e-02
3.301684251274378257e-01
1.919072728933816363e-01
3.377612716674589788e-02
3.492191862974042965e-02
2.442650207773432725e-01
1.310621856717258393e-01
1.329265429926528019e-01
3.310272421154951128e-01
6.768657111945461380e-02
2.951016316669584083e-01
3.187419996614417883e-01
1.863771765233854794e-01
7.563820537431971414e-02
8.809748184073265542e-02
6.356697837891614467e-02
1.020930532424267762e-01
1.346976295189957762e-01
2.743111678579360224e-01
9.017697791117700035e-02
7.219763327752731774e-02
1.896308931406111009e-01
3.270981970817699730e-02
7.439672459219674738e-02
3.067607997721176205e-01
6.809531587419430376e-02
9.315587972479150158e-02
2.021387551463567356e-01
2.030693267096294607e-01
3.240670827008491073e-01
8.952062697545326575e-02
3.020820818942756003e-01
3.198402765038381168e-01
3.605789068288281496e-02
1.145494347384803380e-01
5.722674766132820195e-02
6.079760382552439058e-02
2.701068590281659465e-01
2.030540462026750870e-01
1.414264995017505133e-01
2.925595702317829172e-01
3.175299608117697070e-01
8.475754613139538374e-02
8.947246309387778263e-02
8.030991934585410275e-02
8.437443229903571207e-02
3.377040553568823600e-01
5.639175105516671532e-02
1.364401355050942344e-01
2.353467904468848348e-01
3.106556535247050332e-01
9.601681652032910408e-02
2.762261255991311018e-02
1.655679029602759589e-01
3.196106994326253919e-02
2.546416788767724704e-01
3.070677050604417868e-01
1.197768705561429864e-01
2.274258774858756993e-01
9.732220970432400864e-02
3.111617834792838044e-01
1.114413451414609235e-01
2.717538437629104520e-01
9.059989811761885725e-02
2.529407018989609512e-01
1.201885311996345462e-01
1.250219634032503357e-01
2.252656101643397413e-01
2.065053539932809323e-01
3.324366930385888041e-01
1.116518054756719946e-01
3.033375042066527860e-01
7.849661372738356291e-02
2.769882998694284115e-01
2.334729922218543308e-01
7.675203122664993327e-02
1.087286721544099971e-01
5.853030604889384453e-02
1.347333023403478047e-01
2.749880293564092165e-02
2.387403428395608596e-01
2.946401391904989175e-01
3.045736017740369728e-01
3.160169921481300603e-01
2.994616960424745233e-01
3.049969060936353893e-01
2.581164189395271369e-01
2.330645998180559120e-01
4.898555928259550746e-02
8.600983564642820933e-02
1.099604394117020406e-01
2.332180591775410150e-01
5.894601169331017271e-02
1.361559633793460178e-01
7.981558510604823409e-02
3.227172724614788546e-01
7.770431292692651926e-02
2.216944223929000479e-01
2.677615070961939514e-01
2.949968335696206423e-01
8.157412010962264426e-02
1.449203023463582485e-01
1.606299348816209172e-01
3.139370860446183964e-01
1.821153869326653241e-01
2.798584352919803453e-01
4.372774180022048068e-02
3.214858928304691887e-01
2.636303774698109392e-01
5.700068624745829177e-02
3.224998665459912761e-01
3.040631534331973418e-01
2.710192769705317417e-01
3.107557198899886797e-01
8.097444747693370581e-02
2.837798835207512305e-01
8.545856054134923219e-02
1.760353997455274266e-01
2.436805296022746814e-01
1.735262536810699141e-01
2.720383690253146969e-01
1.502906666684340198e-01
2.990547763385860078e-02
3.216181346599972790e-01
1.201862555403495486e-01
3.083753239075849861e-01
2.836547516836944172e-01
2.940513904062291850e-01
2.506432482433014752e-01
2.763767657897445718e-01
2.579977352613615493e-01
8.179231699776488840e-02
6.704973092407200130e-02
1.101460124469423041e-01
2.903473885308844316e-01
3.255695252075021529e-01
9.715806513484764873e-02
1.712996005054918669e-01
1.826585844507435663e-01
2.963217791884434904e-01
2.489869354445720384e-01
6.886850737927245614e-02
9.910255885787369601e-02
3.131046369299158028e-01
2.882061412283258850e-01
7.806535649484076800e-02
7.858492704060440759e-02
8.022366938455387231e-02
7.465549683648327328e-02
3.002901752363342780e-01
7.260615780309286060e-02
3.218488757208506357e-01
3.169213719742561969e-02
5.731292424672915220e-02
3.262175197341246613e-01
2.352538966160202527e-01
3.083816372390462690e-01
1.338984090760721168e-01
2.453618118812438686e-01
8.171555746194325565e-02
3.213292837701117177e-01
2.898535939558386509e-01
2.184994361076591785e-01
1.919693843511991460e-01
2.733029142057293859e-01
4.069885110548513568e-02
1.842764677473628931e-01
1.553017966465920219e-01
3.205526085485391752e-01
3.033996837814085801e-01
2.256572864933510947e-01
3.012362215703405233e-01
2.153424251380984811e-01
3.254947247411864031e-01
2.322177595593333255e-01
7.145810581419829999e-02
2.784463149049171693e-01
1.941107039451775707e-01
1.905161576221777175e-01
2.947900773444055988e-01
4.056825170898027688e-02
2.537611536832790060e-01
5.242734583651002117e-02
6.291668873815625673e-02
1.688061881292095834e-01
2.843320262068073714e-02
4.877026933356599925e-02
9.007426827856256091e-02
7.708225334697761666e-02
6.755314478057118655e-02
9.655070943498113289e-02
1.186643496174656920e-01
6.607013072358608463e-02
3.276175384687823877e-01
1.384313038838661802e-01
1.747250467414145914e-01
2.797956759595143089e-02
9.462254667683564491e-02
1.662320456892439069e-01
2.268821407967404336e-01
9.519925414151635124e-02
1.101819693893455882e-01
7.372034765883686558e-02
5.187429583267142569e-02
1.792947346748429982e-01
2.918383969944212120e-01
7.032298093800147532e-02
5.562572910174992669e-02
5.938286335696360552e-02
1.410319463529732531e-01
2.933337404936567916e-01
1.705825653494357774e-01
1.354258555291089905e-01
3.119115935096825609e-01
1.522485079507377992e-01
1.783633263497906019e-01
2.190340737809216565e-01
7.836948934439212644e-02
2.207846356494366225e-01
3.260670751255917432e-01
6.208100498463308553e-02
1.762687761129771713e-01
3.929035975709278122e-02
3.239758083591454119e-01
2.596893834038432880e-01
9.151853487121386355e-02
1.092946210930952483e-01
3.172733210050921460e-01
7.809356551186048823e-02
3.181368043565455661e-01
8.289836991605674388e-02
1.018273150145049544e-01
2.261145045844337731e-01
2.296526333582179502e-01
7.722259615115754927e-02
1.128302633165538804e-01
4.195581584782281243e-02
3.155103652878292753e-01
8.093293843421824063e-02
1.345919919840612988e-01
3.066856755693938008e-01
1.902758714955077035e-01
2.270599272209531672e-01
2.703440790984073527e-01
1.593554881640033560e-01
7.501602640158834545e-02
3.214953938380673559e-01
1.996925798237965954e-01
2.635841522059998443e-01
3.112682100321400580e-01
1.999039090893407755e-01
1.208481177815220881e-01
1.632764828611252550e-01
8.781286525512034535e-02
1.205197158613819236e-01
2.166116887286466397e-01
1.985362419313829174e-01
3.371138660239537677e-01
3.339724813994021102e-01
1.378130970492567053e-01
4.056487288894598808e-02
8.604587282937033177e-02
6.085922571377250234e-02
2.100781664513515501e-01
5.501335208606288052e-02
9.429233909811604586e-02
5.168355307930815740e-02
2.871959524187908119e-01
3.237902995859173738e-01
2.893672777777215877e-01
1.702310473823174519e-01
3.174899953754203308e-01
1.367040142047953322e-01
8.066049944658662540e-02
2.670481380284082662e-01
1.703837587668433351e-01
1.164843042210985807e-01
5.572316728570098077e-02
3.098068968081900132e-01
3.339523165945991190e-01
1.940600883253462139e-01
7.667012035830871042e-02
1.994359371277021065e-01
5.209938310932543670e-02
2.366226145343959253e-01
3.014900773150331892e-01
8.215916374454493298e-02
7.126841890288608539e-02
2.639764383724810815e-01
7.712036892941977195e-02
9.772938564608142642e-02
3.264643558435663118e-01
3.047938268616149915e-01
7.198750292688962937e-02
3.370759000341524980e-01
2.872640971385149733e-01
4.684993390571239730e-02
2.213101714905126027e-01
3.277944196857247583e-01
1.552007614400376934e-01
1.599870431029783158e-01
2.757161666445182013e-01
5.418311944591328727e-02
5.628097482827457143e-02
