7.549601148054411147e-03
1.461353714918831592e-01
1.941392243909375592e-01
1.969286507078306936e-01
1.859946449497080767e-01
2.564937979939124202e-01
1.648493624290205961e-01
2.084271274645607130e-01
1.723454511896511110e-01
1.524671734890800934e-01
2.081312529564107172e-01
1.186652537298342053e-01
1.121096647498897175e-01
1.145500486321108721e-02
6.463981316936561784e-03
1.667458515624102022e-01
1.662670313636560870e-01
1.626387517755482626e-01
5.379019737806047669e-02
8.271296098976822775e-02
1.234090679593786710e-01
1.108543371630301422e-01
2.152865735354672072e-01
2.497556459606510570e-01
1.702018353566753517e-01
2.461791354870150883e-01
1.367070303518561070e-01
1.110000661344265060e-01
1.254226346340166220e-01
4.421127517715125327e-02
1.736054563959269631e-02
1.904895384915332168e-01
1.962965571200212533e-01
1.538234053301578697e-01
2.427902956496723053e-01
1.195065948002569517e-01
1.520668835358430504e-01
1.523696994859565224e-01
1.634176163576748220e-01
1.097673748398387827e-01
1.619629577591219782e-01
2.530808762723743555e-01
1.199828546886624533e-03
2.036190000876045847e-01
3.116658257302129705e-04
1.633518609200739768e-01
3.942409993619615249e-02
7.310491889413781030e-02
2.236044055032547773e-01
1.270533835644973575e-01
1.031976091581368465e-01
1.409920717551330638e-01
1.162848002670253539e-01
1.823011477253045909e-01
2.189350658844040898e-01
2.464658877285840488e-01
7.314302115449705655e-02
2.377334356233148371e-01
1.456435883827214561e-01
2.157592413507387896e-01
1.884718718504191926e-01
1.954807375294198846e-01
1.849032890441870414e-01
1.236305631692414392e-01
1.643510902904345983e-01
2.397657957967274100e-01
1.219982698716616937e-01
1.744514749871728942e-01
1.526498555524259670e-01
1.676657965755441737e-01
1.419231502705082804e-01
1.564466218226664151e-01
1.288599942755891126e-01
2.529732344284839063e-01
2.517158341963854351e-01
2.075922069060111563e-01
9.800996131084363516e-02
2.490431270180867296e-01
1.341076829793844682e-01
2.122997915207486819e-01
1.175904318014769773e-01
1.135992601155140676e-02
2.217895115247161819e-01
1.803288553715765193e-04
2.041080278328935849e-01
1.345168910735969892e-01
1.199892637778553345e-01
1.182997279961948978e-01
2.392040034407735272e-01
2.241243543842218883e-02
1.696702828392191165e-01
7.535126472818888532e-02
1.795187802003045674e-01
1.850709484607769850e-01
1.856734547127637525e-01
8.751792418624271264e-02
3.315265745826000837e-02
1.818856962708780001e-01
1.553815282578459578e-01
1.428674302121742991e-03
1.192770213107356425e-01
1.304936930605857803e-01
1.113079643273530567e-01
1.477435886368950735e-01
4.006468439531457593e-02
4.503794560891450673e-03
2.011144712138329682e-01
1.104110605380957399e-01
7.652037564776979772e-02
1.837842448181669641e-01
2.161845900411574761e-01
1.531427750549552436e-01
1.749311249837468723e-05
1.906130336179892859e-01
1.443339751984823727e-01
1.591238879599562173e-01
2.282955527669399409e-01
2.049157158542930790e-01
1.272074678752675714e-01
1.999887024924886791e-01
1.361332832763250678e-01
7.711772907565361823e-02
1.511557266693211443e-01
2.310879573841902457e-01
2.481891412767333327e-01
2.148947959394933299e-02
2.037467024113778248e-05
3.051242975415413006e-01
7.494982890249633767e-02
2.091097903877978392e-01
2.037691410412053872e-01
3.657426225954366408e-05
1.550458803984896550e-01
2.031714279566615156e-01
1.122716506149199767e-01
1.109760369833331789e-01
2.018786978865460546e-01
9.121951339507923529e-02
1.776726789481015700e-01
4.224682169262277548e-02
8.952413638586920186e-02
1.557229020590531199e-01
1.310930336369375560e-01
1.982863869859939343e-01
2.444000416310961599e-01
1.197053298934920712e-01
1.185541155673212471e-01
1.943721897704767110e-01
1.802208648726636719e-01
1.557046084730369095e-01
1.823162077554443261e-01
1.461479842662802564e-01
1.757093187709439508e-01
1.823121473059165776e-01
2.248006387144640961e-02
2.788102127447659173e-01
2.580374823669559503e-01
2.073495790877550593e-01
2.114733578894888999e-01
2.275236018942177960e-02
1.189833439088454348e-01
1.966262977185011529e-01
1.431968541333457079e-01
2.495214819269503670e-01
2.016019093522816163e-01
1.097467527639320178e-01
1.759264656082168143e-01
1.172599484423218902e-01
1.232636660969244485e-01
1.520546726787944947e-01
1.691094193880497698e-01
7.435060920911533942e-03
2.059859411195772982e-01
1.615030696786278197e-01
5.067348266884337711e-03
2.427780820250126648e-01
4.689407121147463192e-03
4.570490563524703953e-02
2.030282680343500901e-01
2.038967286912725663e-01
2.808285935930054586e-03
1.991612587060059003e-01
1.294425311772816334e-01
1.745592292143119117e-01
1.901517789622132193e-01
1.582838420010015124e-01
1.904663392320896931e-01
2.710752290602806008e-02
1.020952477731248420e-01
2.518359130629627823e-02
1.625992302863959182e-01
1.457646595139320822e-01
7.534973756227908437e-02
1.783087546219966901e-01
2.214580047038924859e-01
2.013987215865163383e-01
1.441854087929420047e-01
2.221061429650803831e-01
1.246518861767365455e-01
1.948406219537017758e-01
1.270300096250955579e-01
3.067329002300883158e-03
2.080419511389086651e-01
8.320609280704792388e-02
1.390644315695281907e-01
1.636239129587275035e-02
1.979177816022153480e-01
2.507613637698973830e-01
2.399100727119877485e-01
1.923203744689599148e-01
1.211961864743819851e-03
2.056569028475748184e-01
3.797962991831325269e-02
2.327532865029486586e-01
1.372915743622976081e-01
1.039284212972730048e-01
1.032393579034402015e-01
5.618707008313336693e-02
2.490401303723178694e-01
3.882554225640643216e-05
5.439508572574495993e-02
1.090519020511449173e-02
2.348683909597627240e-01
1.413898689245149665e-01
1.064261739613060337e-01
1.614799588703574873e-01
1.916454755377009211e-01
2.530541297477035267e-01
4.274485422052461125e-02
2.107709252636989494e-01
1.340208995841952466e-01
1.855160772571314287e-01
1.887396111852035485e-01
1.354287673880126552e-01
2.371013373693749426e-01
1.534922705865506276e-01
1.902825490917088302e-01
2.292094688292246329e-01
1.364739229109807328e-01
1.273079881224523369e-01
1.561701751440957853e-01
1.818137391787630064e-01
1.971915709053775057e-01
1.115436181168786706e-01
2.327450402964664766e-01
8.704557726602960011e-02
8.091308298755871264e-02
2.384357508874049569e-01
1.914626187977145622e-01
1.711436607163624168e-01
4.604066826609564539e-02
2.157482987181478518e-01
2.103933309014681674e-01
2.294584597522119629e-01
1.488839092883859627e-01
1.906815187602371731e-01
2.358047748790222387e-01
2.032675887116646429e-01
1.650187661458291932e-01
2.440152145344553214e-01
1.272038546957740268e-01
1.168752779111227186e-01
1.606183885897839447e-01
1.096574630469249710e-02
5.144488566390489903e-02
1.203691340620802602e-01
1.052341018959769559e-01
2.391130655746372680e-01
2.085625419161318828e-01
1.604244957816645945e-01
1.787080879460320459e-01
1.798885139849059484e-02
1.973886827275703471e-01
1.421123107821133658e-01
1.624118569255104116e-01
1.895564009785747073e-01
1.777095897168915473e-01
1.498521738364762546e-01
2.065939881702639480e-01
1.995294948259886125e-01
5.969885110319008564e-02
2.518515791208684670e-02
1.003749277925939376e-01
1.193276146952101657e-01
1.706054075694365402e-01
1.200861222113225463e-01
2.211716824853593166e-01
5.081292587731909421e-02
1.108277595436596985e-01
9.319416392508945990e-02
1.262037770544787996e-01
9.465580286102710794e-02
1.813640536643303380e-01
2.254819683892090310e-01
1.267140054522589709e-01
1.374226819920233433e-01
2.555254031357202527e-01
4.958022546529425312e-02
1.703914308754629903e-01
1.246251643292375227e-01
1.149861317629536500e-01
1.480789572826364531e-01
1.469864630720350562e-01
2.067679312867484742e-01
1.662615299013801284e-01
9.622850655105430473e-02
2.266935831918946431e-01
2.146847793991337738e-01
6.127779963004636316e-02
1.640739156395306375e-01
2.281784915406690484e-01
1.731891130845514826e-01
2.151800293757942240e-01
2.089429747678383520e-01
2.350640219496070993e-01
1.633741676680364463e-01
6.515918046005282627e-02
2.175880793164888527e-01
2.295651138877737862e-01
1.097485133585894002e-01
2.757783903759232838e-02
1.567803164174170760e-01
1.326419967427828472e-01
1.177544220407495262e-01
2.424533651623699548e-01
1.125972903729353242e-01
6.132582984786931826e-03
6.120721328560774915e-02
1.517679111794086044e-01
1.967634063355187535e-01
2.212457390967652870e-01
2.434611414773860671e-01
2.228372698257907181e-01
1.673456720143685073e-01
2.065181717092429148e-01
1.868587736435600444e-01
1.189450004198211869e-01
2.322586029355391546e-01
1.025444828406828768e-01
1.216884896840117469e-01
1.865543002772124814e-01
1.831596809008289028e-01
1.174352998230478312e-01
1.401476765446747763e-01
1.190213839665412717e-04
8.710433824896578192e-02
9.347175776455518559e-02
8.801752097400097896e-03
1.035437422245127914e-02
1.211786290841145586e-01
2.186358720804402467e-01
1.737034809010236380e-01
9.566519758404905260e-02
7.709660691549967415e-02
1.745282633125905536e-01
1.709351048764168324e-01
2.154605348675630305e-01
2.287231988646580283e-01
1.113771415609822041e-01
1.060621374247519046e-02
1.028005430427053613e-01
8.127405129087202085e-02
5.828534651045730319e-02
2.440475307040648190e-01
3.150495316605996660e-02
2.106469605128759304e-01
1.272779790091211338e-01
1.346331197174867045e-01
8.634098054888612872e-02
7.556029739654991639e-02
2.459080906116432319e-01
8.372632167366741984e-02
1.251852933442040017e-01
3.299800757514052135e-02
1.417253994218179713e-01
2.113968877480083830e-01
1.066316011815964943e-01
1.881603050593896320e-01
1.953318884265577982e-01
1.923716767536192418e-01
1.268858825709466009e-01
1.375266097909022267e-01
1.146352208883466561e-01
2.343906033860181370e-01
1.624830360336958490e-01
2.399262749597939615e-01
2.324286601140639896e-01
2.523972528884734778e-01
1.972572445908487293e-01
1.578386992537537115e-01
1.608347566811080820e-01
2.190706473901937734e-01
2.308516851392129476e-01
1.727857632237435048e-01
1.516115067057841881e-01
1.303532389222036847e-01
2.130887467075031141e-03
2.355588777734122369e-02
1.346339114817923788e-01
8.975929223616307961e-02
1.103928241954544275e-02
1.636839192054548586e-01
8.263828138867793105e-02
1.741324819603868590e-01
2.568647690866289190e-01
1.579037949025248076e-03
1.755477948194022753e-01
3.171698141328396781e-02
1.694280802278216036e-01
5.298702105727097619e-04
1.954408498180611464e-01
2.369703621431339391e-01
5.822162858917739187e-02
1.812196992246323524e-01
1.405262610940323509e-01
3.363388528344511620e-04
1.817758846108531445e-01
1.422306583096950572e-01
1.947852316846733212e-01
6.421512604423955384e-02
2.182392501854664990e-01
2.084530789333349232e-01
1.249294700619420495e-01
1.621373289855426170e-01
1.868098525943357180e-01
1.345692601991271831e-01
7.929252313313321643e-02
1.134767821100347678e-02
1.825460559871078248e-01
1.854178862959458829e-01
2.022318807741065316e-01
9.439303742381022211e-02
9.623297140316915133e-02
1.473878704553727437e-01
1.740978071577060082e-01
1.229395915480109014e-01
4.527404574097942253e-02
7.802529412092847061e-02
1.977214270597293100e-01
1.737921273340714556e-01
1.201968789014874472e-01
1.326545842930204888e-01
1.068986606577134180e-01
2.273937878140318281e-01
1.514646501094727149e-01
1.592832483620650608e-01
1.838610388963214937e-01
1.902804299075919470e-01
2.303265459903153511e-01
2.015860760009325348e-01
1.246243337370210869e-01
2.073276515231740336e-01
6.424901439180949470e-02
1.071349910807145867e-01
1.935352914752937470e-01
1.787359798610435035e-01
7.549660410267498498e-03
1.678336355260408863e-01
1.287756181525495092e-01
1.505555691584681555e-01
7.532114359692730632e-02
2.218439840184827649e-01
2.104842506374758337e-01
2.286844321772312782e-01
8.276989711842189235e-02
1.776133547771673038e-01
2.965268909137470932e-02
2.328774145378291471e-01
1.156210482047804744e-01
1.978201159368122297e-01
9.586548894680123334e-02
1.411825425887674734e-01
1.723476624213332586e-01
2.808744676786728220e-02
1.594990028212111832e-01
1.974510257568661276e-01
1.717987802128511376e-01
2.141988388101576379e-01
1.017419304751098624e-01
1.303943990145558784e-01
2.131344912357149568e-01
1.937905527115593995e-01
3.769752458777011345e-02
2.419606125275092501e-01
8.420688723842401774e-03
1.449669771540617325e-01
2.140486197631182863e-01
1.143841409092362649e-01
2.203093174863050285e-01
1.297886967460121742e-02
1.890296306528396753e-01
1.689343358022375452e-01
1.647620538472069629e-01
2.226128732145346290e-01
8.895041651522028747e-02
2.066550311919536365e-01
2.074246683181911743e-01
6.903362176953836693e-02
2.325597765365782499e-01
1.161448181347411457e-01
2.172647107710848347e-01
1.495492162123031044e-01
1.873871284572829476e-01
1.856040911911701341e-01
1.677399254041273269e-01
1.374585306680299324e-01
2.431950479348490290e-01
2.105393418994667420e-01
9.242240800230341891e-02
2.533824214384756690e-01
1.430951761065024641e-01
1.095253899211261900e-01
9.359887824336339535e-02
1.744511382991005277e-01
1.233721856698527658e-01
1.197475721838010473e-02
1.171816377708619489e-01
2.293481770208850579e-01
1.168817256368735562e-02
1.912336770415877518e-01
1.074743804766224997e-01
8.663356876522604333e-02
1.016459439385341001e-01
2.433381999286461372e-01
1.454257654406891920e-01
1.909870749299855675e-01
1.979161688573162214e-01
2.025995150274552681e-01
2.278668406777689586e-06
1.984578815420474929e-01
1.534358619104332633e-01
2.102025131159353522e-01
2.045039900289811474e-01
1.834833258303015247e-01
1.024259736745183891e-01
2.043826736131171551e-01
2.154237122042841346e-01
2.029269655422644425e-01
1.189338219698357207e-01
3.961811790457661978e-03
1.312908035429229958e-01
1.228168498853467322e-01
1.872296258998925600e-01
1.541949154452491311e-01
1.548299910341106866e-01
1.585606210567476193e-01
2.025927505052697308e-01
8.952437757049946931e-02
2.055427890645028233e-01
1.995533876419410269e-01
1.285133200354468541e-01
1.985993187060201004e-01
3.837315670117635857e-02
2.548156139761372230e-01
1.686499291450243854e-01
2.528547304424030306e-01
1.053979056923876473e-01
1.903990244314625879e-01
1.249527657706749895e-01
1.284779909935911957e-01
2.335252021693886570e-01
1.336127862590297810e-01
2.223112937804274103e-01
1.740635182179104679e-01
1.089786528970109331e-01
1.035295837586682061e-01
2.842464911468059398e-04
1.307029701540161071e-01
1.373806184299474105e-02
1.000130718343361647e-01
1.400875744704900561e-01
1.851883471247255664e-01
1.155958920424595276e-01
2.371901428059977057e-01
7.758420636498070122e-02
2.196726677759767987e-01
1.390756490414889468e-01
1.964679474871854903e-01
1.987179220155468884e-01
1.872133859514981957e-01
1.081698816795882284e-01
2.255363080159711875e-01
2.066514911636753993e-01
1.713923255295405831e-02
2.146025097931510972e-01
2.888068483113225785e-03
1.641446493571685206e-01
1.688891537996448089e-01
1.708623370131035490e-01
2.002497052965132862e-01
1.734919100623309729e-01
2.521509950656894983e-01
2.309723950075359966e-01
1.723173587128962458e-01
1.122490882402713969e-01
1.329427820223965107e-01
2.226366469654824376e-01
2.538185421957443455e-01
2.175662338728513723e-01
1.443971607712001559e-01
2.282415859454511031e-01
2.091419677943206767e-01
2.608058590282245903e-02
2.134489054133585639e-01
4.281036383026139841e-02
1.437868275006959629e-01
1.461878251441271481e-01
1.763553839067750484e-01
2.536848142782147097e-01
1.456895841911797218e-01
8.303966924038398700e-02
2.096841240241920923e-01
1.176516428840366640e-01
1.272613880750292636e-01
1.392303906799799429e-01
1.532720696616484690e-01
7.590243967187340624e-03
2.205104772068279817e-01
1.543280006770272328e-01
1.126398847541514175e-01
2.065845659626683317e-01
2.276187598174181648e-01
2.402123758875546744e-01
2.030312829499937854e-01
1.421954537203083957e-01
1.468402474465178853e-01
6.543638452918079662e-02
2.314994236028334873e-01
1.335233508224549503e-01
1.324983297015614458e-01
8.025055528066447896e-02
2.124679544508112083e-01
8.428490567671931277e-02
1.233083564440947827e-01
1.881017969861210892e-01
5.336128230513569048e-03
5.799904984457506657e-02
1.999897684445029189e-01
1.954671493479947508e-01
1.710977102652551096e-01
1.261183522895991949e-01
2.170344485096984410e-01
7.351421752335915438e-02
2.068052362968147428e-01
1.798032794569614234e-01
2.116459773298770553e-01
1.046106177191154785e-01
1.029834604573475754e-01
1.509558130828467792e-01
1.755263074944628243e-01
1.379361323969490183e-01
2.525309463721072123e-01
2.104818891541552495e-01
1.901714492016728930e-01
1.700521649314170047e-01
1.408628904733272569e-01
2.673872671542979959e-02
1.342827517959485073e-01
1.322500043035447492e-01
3.271867654486550203e-02
1.944159195973436116e-01
7.069018827463649512e-02
1.609749096237990673e-01
9.422128949661603969e-02
1.802311025551243950e-01
2.070821958960609721e-01
2.092385017467174868e-01
2.046765268928128767e-03
5.477961644883524994e-02
1.159588858924869709e-01
1.283910505930796753e-01
1.936921519033365235e-01
1.085954444398888330e-01
4.705913799712964189e-03
1.793046046666765814e-01
3.369117833283215568e-01
1.167398699110266252e-01
2.475401448368187984e-01
2.062654427668416390e-01
1.554342422831918313e-01
1.974588432095600588e-01
1.291070323371724671e-01
1.993487773547834574e-01
1.293030329622995855e-01
1.776157156545313809e-01
1.836892123902965634e-01
2.378673673096759200e-01
2.010958669419627420e-01
2.089855137302245591e-01
1.767774783536098793e-01
1.633551961122944873e-01
4.230445640140268262e-03
3.876554203365831230e-02
1.660668424670426746e-01
5.862736679364559736e-03
9.480907509711110348e-02
2.023933167726657267e-01
2.195273855425417531e-01
9.031848966084025931e-02
1.788602847094821202e-01
2.331130774134596018e-01
1.728692512005697290e-01
1.641104111748783179e-01
1.318205203735637043e-01
5.995008453062117271e-02
5.150629303286200639e-02
9.874446389307547922e-02
2.391952343669271341e-01
1.952439853973752804e-01
2.057188907027450164e-01
1.625860547249348420e-01
2.560362319164568023e-01
1.242215395847687809e-01
2.146442038024032051e-01
1.792867361160537243e-01
1.909965511716427977e-01
1.403176937584366679e-01
8.672544255907019273e-02
1.443388985801358770e-01
2.226680957412789097e-01
1.900212500905735513e-01
2.242674241728861151e-01
1.207886987345472146e-01
2.218158208321039937e-01
1.728044528901807597e-01
1.010198635637700182e-01
1.253827409646625923e-01
6.842801440367531074e-02
9.702168688381168637e-02
6.730116049174494908e-02
7.003065344410246140e-02
2.476854421663576278e-01
2.474172976191404139e-01
1.457274978853297098e-01
2.222433439604524774e-01
1.215990176127875466e-01
8.540586030996889788e-02
1.861924994763663674e-02
1.293337443879400694e-01
1.099861264882265460e-01
1.097466414726251532e-01
1.681575591626568444e-01
6.911025822954386388e-02
2.415879062942130062e-01
1.900544520498228251e-01
1.572480282617284841e-01
2.111201755540028924e-01
1.806984239626229782e-01
8.161705945147491870e-02
2.350762375015382280e-02
1.142930908812135327e-01
2.353984403771601508e-01
5.030785522465760357e-02
1.932616548191263828e-01
2.216625088494829920e-01
1.614883940361569181e-01
1.494970207667390208e-03
1.149961538468772665e-01
1.087393757972059671e-01
1.956292049162203783e-01
9.718195408829836957e-02
1.421052231173474956e-01
1.886794391390111403e-01
2.243107127903848363e-01
9.417870558055095598e-02
1.458318529478399572e-01
2.453529388295163649e-01
1.343881287378200506e-01
1.094869419463710830e-01
1.260579270374544703e-01
1.746687270519557966e-01
1.430270473695952338e-01
1.573309927670466790e-01
1.118374020106129296e-01
1.271945832773051233e-01
4.553016606501221475e-02
1.571466860553552836e-01
1.687686484313253021e-01
2.214365638430801642e-01
9.420169108526758872e-02
1.125903915933296751e-01
1.101686206362144232e-01
1.253937501732864668e-01
1.964311366705269180e-01
2.052333849219036832e-01
2.466752718963814428e-01
2.445258880417384983e-01
2.231410819536275569e-01
1.278695006763277686e-01
1.890369678784017959e-01
2.044953953404460012e-01
1.356986748958338984e-01
1.027517698347351141e-02
1.000559484431297191e-01
2.195744521382441972e-01
2.176630481573803289e-01
1.384320462029933752e-01
3.048664546573713607e-02
1.656735700280411450e-01
2.114183673214383996e-01
4.519877562135437427e-02
2.493685838822581047e-01
1.555613818920465602e-02
8.169698766989055838e-02
2.574251990380502231e-01
1.886702289777040242e-01
2.166398383704536412e-01
2.056540003082417967e-01
2.244726187149753138e-01
2.094341020973931877e-01
2.084670929178401855e-01
1.782360902226868826e-01
1.386504193701254273e-01
1.864318947687717276e-01
7.957578051788426199e-02
2.563693375183269674e-01
2.378707492850121730e-01
3.463560851054967027e-03
1.684584051093384882e-01
1.424393048742669809e-01
2.059539542143557223e-01
7.503095825932303009e-02
2.219340836673220352e-01
1.106682697066841033e-02
1.813904725455519895e-01
1.033828815415478442e-01
2.484685909382016722e-01
2.059352884590127941e-01
2.318305116961262291e-01
1.204132301271677863e-01
1.801847387182614613e-01
1.709260522457932141e-01
1.680279322949589926e-01
2.377008683518034571e-01
4.627620419333269841e-02
1.294442259869856282e-01
2.394271231402180233e-01
2.454380935023142696e-01
1.644043543961300757e-01
1.867255490375334115e-01
1.238195799513871348e-01
1.930369483993190638e-01
1.088844863801153168e-01
1.238068697858522027e-01
1.351536296031740081e-01
1.758470365032781535e-01
1.140059607172246997e-01
9.709720109687737521e-02
1.097006973113859168e-01
2.036505769195650628e-01
1.488208054865058916e-01
9.747124999700752801e-02
2.861246993532379213e-03
1.264120131053828866e-01
4.572723800314714565e-03
1.256704402919296415e-01
1.728970344896672284e-01
1.752632938769470849e-01
1.099378778517822869e-01
2.548623548579690423e-01
2.141224078340545900e-01
2.283992852448256394e-01
9.134199095182984895e-02
1.257445892948263477e-01
1.605601249889900273e-01
1.741740995574919404e-01
2.002169893431521019e-01
2.328505013967650250e-01
1.694054301551055353e-01
2.535744131926505607e-01
8.008852825043599744e-02
1.321154883799451757e-02
1.844541098990997718e-01
1.441075064466768030e-01
1.591724406237342015e-01
2.516497293960746895e-02
1.201149437826272010e-01
1.194611431805862461e-01
1.988132303484924646e-01
1.582021183853195290e-01
7.560180020080004004e-02
6.042494794992762930e-02
1.521147925627487352e-01
5.036077771781223567e-02
1.890956859683274038e-01
1.918259453522606905e-01
2.218674584000409344e-01
1.106589079714195289e-01
1.189262823312763895e-01
5.659435656885893062e-02
1.129361940434449874e-01
1.628250668965114945e-01
1.448867383890837524e-01
2.039227658663608223e-01
2.268584067641295499e-01
8.182855882633700839e-02
1.263434904124394464e-01
2.383752633158322809e-01
1.075608601326867309e-01
2.056769738175548423e-01
1.409246911169283745e-01
1.457302998020672535e-01
1.608464958155020608e-01
3.787382504660499055e-02
1.213139834149202850e-03
1.331204397865903832e-01
9.060177133116355166e-04
5.027832263569046020e-04
2.283101927384083019e-01
9.256082544664719081e-02
1.217952378261639851e-01
1.826505984479594447e-01
1.507728483796061114e-01
8.804386847526841919e-02
1.350870531889326598e-01
1.660119439236291683e-01
1.204212670231414734e-01
2.456666302532823365e-01
1.816119769687569718e-01
1.745812544128010901e-01
1.684219458795378210e-01
1.080921790399066856e-01
1.607153684356746048e-01
1.563012777383922802e-01
1.944041952629472769e-01
1.868851199983600775e-01
2.495003092146412527e-01
1.190696769534862337e-01
9.086356984719351493e-02
1.546947414140348864e-01
2.570441749245972601e-02
4.819177703781254291e-02
7.948320650916677887e-02
2.302519323945352303e-01
2.141914357471899344e-01
2.298142928655469153e-01
1.467315477824838454e-01
1.455083188751195855e-01
9.945925072969315217e-02
2.436457856454583848e-01
1.946403620452437644e-01
1.250941714740992916e-01
9.557429190686801690e-02
2.047499618677095512e-01
1.824816979016075924e-01
2.073297296017288238e-01
2.067024354206662695e-01
2.532606372891417768e-01
1.835205616834107434e-01
1.816744319162535704e-01
7.910116816112282290e-02
2.267511163818381748e-01
2.450306318979204867e-01
2.215579193917532885e-01
1.367856843940274403e-01
1.808816588390669000e-01
2.011507099139555055e-01
1.897381767649650997e-01
2.187272358284177709e-01
7.852749704153830093e-04
2.054367398582186421e-01
1.737752170396960616e-01
1.039811936962299621e-01
1.941782430795263581e-01
1.147564148162204256e-01
2.295499623244780796e-01
2.474913982251052691e-01
2.099262327149181706e-01
2.124501072045258954e-01
1.440988779250506613e-01
1.494952021856264801e-01
1.830531002073810254e-01
7.438964247408685893e-02
1.912913422659953122e-01
1.216153501580680661e-02
2.068128251335663581e-01
2.204370223014686936e-01
2.113792284087638307e-01
1.250607688685094754e-01
1.604754239599478216e-01
2.207927765522625929e-01
2.421118660335101203e-01
2.454029213239865836e-01
1.928118303086109042e-01
2.031185553303322677e-01
1.390014007505493976e-01
2.068927783419843291e-01
2.031973432019389958e-01
4.341807956775706190e-02
2.181315851023775676e-01
1.578639250372663450e-01
1.404150043349765287e-01
4.976228950989931843e-02
2.125381371733010560e-01
1.004974403499803298e-01
1.989185642820014976e-01
1.801077192635307245e-01
2.046074568589250353e-01
1.194774603593237866e-01
1.142205696230651629e-01
