2.675144846092505913e-01
1.416121662318953200e-01
5.046080921133483388e-02
8.873470877298766935e-02
3.028970686827467951e-01
4.181977102392459705e-02
4.393025375357528794e-02
1.884294061575132739e-01
8.831241529810120172e-02
5.147773043548957428e-02
1.152106549369738414e-01
3.208994141448668902e-01
3.219159793208115627e-01
3.261362009307212095e-01
9.859230479516253864e-02
7.197161659134646006e-02
1.105578064328258947e-01
2.611134052291231855e-01
2.218901672755543564e-01
1.829176468976314029e-01
1.678228633453331953e-01
4.515020552976443946e-02
4.850938900301529633e-02
9.631239880253154861e-02
1.642418857826986878e-02
5.610406535062626571e-02
5.723078868810776293e-02
1.097912617317044065e-01
2.730652402044458915e-01
2.369466078793174557e-01
1.445849250104869199e-01
2.563451676789894190e-02
2.230072048047261613e-01
2.208510362075555011e-01
2.180477037160371279e-01
3.172248002452563442e-01
1.071083238147637479e-01
5.608277639200164033e-02
2.304806376559585535e-01
1.617002685996924566e-02
4.238589005913949437e-02
1.162373902455342001e-01
3.746328648830519331e-02
2.005677085924777170e-01
9.451998459405348829e-02
1.249893251797288551e-01
1.136379965472587572e-01
2.717645417368113603e-01
2.391595015176143091e-01
8.754419421311213090e-02
2.666084342507263338e-01
1.006777926023344483e-02
1.399204272338595498e-02
1.818203349879752434e-02
2.350300797436949418e-01
1.889319043778482990e-02
1.966987253003861236e-01
2.690266844440699634e-01
2.764049105692632513e-01
3.163074589463766434e-02
1.833405180676209723e-01
2.859628142589435984e-01
2.196961837801726380e-01
3.435541577750830800e-02
2.550464532607392143e-01
3.053600376003954842e-01
1.269689445068332076e-03
2.633352856361984573e-01
2.159169334711078247e-01
8.032619028261418770e-03
2.136440908507113157e-01
1.667287629745943800e-01
3.186416064919364022e-01
6.190593465428361093e-03
5.364646557578576364e-02
8.762768498755549307e-02
1.914063653013906574e-01
6.476796914518168080e-02
7.476647796783751285e-03
4.042823444112703807e-02
1.963206452006699965e-01
6.220076826833452477e-02
9.752655894933866254e-02
4.051354305491304542e-02
2.470222825201910943e-01
6.653741058699869093e-02
6.178578297796080004e-02
1.726617212552498948e-01
2.004074400026225611e-01
5.272407433544013845e-03
2.640411657346328766e-01
9.681865565140518326e-02
2.276668303689602380e-01
2.957639090895873291e-01
2.191972674291491341e-01
1.449435637493240794e-02
2.184391618598905127e-01
4.035675722575320784e-02
6.485402619159011395e-02
1.521274427497482963e-02
2.680325596741673366e-01
7.708055772402802597e-02
1.373088385789585919e-01
1.385706310235048366e-01
2.438865280793084678e-01
2.404446182637995644e-01
8.294509098111969847e-02
3.009695557314536751e-01
2.140342354194894881e-01
6.793181967595523368e-03
3.297581514399990088e-02
2.792548560148579995e-01
1.337349155795568845e-01
1.144652092047971359e-01
4.007084302795277386e-02
8.801170938922685261e-02
3.088126451267136363e-01
6.608740117564661232e-02
1.589850863469861597e-01
3.214902328604625770e-01
2.851666549145478458e-01
2.597368921610776829e-02
4.760339112043354692e-02
3.265759000981768301e-01
5.257732188294339526e-02
7.996920305010900287e-02
5.790152166775802169e-03
2.448510895167374246e-01
1.895779732299045575e-02
7.216532336105266343e-02
2.537777472114173816e-01
1.799065171905818161e-01
3.793053263212926851e-02
5.684701591554639638e-02
1.806466684620180313e-02
2.830479430559774690e-01
1.580614881780671721e-02
2.133599662501012850e-01
2.433808100700547150e-01
8.071070220999293152e-03
1.765778513225522151e-01
2.136219834019033315e-01
2.309441893801547629e-01
8.139557227778602966e-02
4.454800068618602199e-02
1.969456039079549858e-01
1.541789602497933565e-01
1.883851224224722953e-01
1.520886567249944143e-01
2.176541545616600959e-01
1.294773924969951084e-01
1.290878199186112386e-02
1.064783270082481775e-01
3.143054941651088341e-01
1.728307006731885642e-01
7.147973769020957158e-02
7.872030425532335063e-02
3.833627625684028761e-02
5.143019669322870802e-02
2.983621867490348842e-02
2.499835681811140020e-01
9.126490849251953086e-02
4.306190218015071985e-02
4.553756546000762434e-02
1.230579450090205362e-01
3.107983880800189169e-01
3.094475014354302056e-01
2.202593717704037779e-01
7.723931350330436041e-02
3.331223379508155280e-02
2.970279581711716688e-01
1.864670459431883587e-01
1.960835826275272586e-01
1.431945701448086167e-02
2.783381379600662897e-01
2.073752146961929665e-02
4.402293414197869931e-02
7.801389327774085891e-02
2.655872706291960705e-01
2.985847861823911487e-01
4.253125317604879163e-02
4.081243520246183309e-02
2.887322527196322652e-01
3.180681580301622513e-01
6.301615659898199273e-02
2.666464583365436569e-01
2.766856340253348034e-01
8.890855847191968947e-03
3.209195442429602085e-01
4.258224043436088790e-02
2.576298165709536847e-02
1.218772526540694012e-01
7.124290780265295220e-02
9.105767674100397752e-03
3.413676533629594195e-02
2.782054680506464497e-02
5.763300187777109507e-02
2.981525672003338401e-01
1.730464477912973253e-01
1.194370272338541455e-01
5.096426692060206792e-02
2.137582569027804691e-01
1.998924557488263865e-01
3.093437699200112800e-01
1.137661734844420437e-02
7.291604031301064659e-02
1.110652907841701634e-02
3.057832212076950218e-01
2.288046496862965185e-01
2.375170758705472396e-01
2.408530851743359014e-01
3.141074043913499869e-01
9.827229216815285169e-04
2.651265843728927568e-02
7.343318843098881055e-02
1.708103196297311999e-01
1.185335004547189014e-01
9.533942804702060306e-03
7.135294949529769060e-02
2.490783792145315895e-02
2.882827803369693645e-02
2.886491837157912840e-02
1.393951179474097746e-01
3.695653239887417701e-02
2.615839354667968131e-01
2.218088532255703960e-01
2.819927688327922288e-01
3.992322015953037734e-02
2.921011078777261960e-01
2.237694053256902849e-02
9.691574483490111858e-02
1.605040662561334763e-01
1.857666179287192354e-01
2.912232762331748437e-01
4.862577617811297825e-02
3.514375520080654895e-03
9.586402488331224880e-02
2.412776282643983861e-01
1.219173590269421875e-01
1.228036283350670554e-01
2.657458541549706510e-01
8.465072606127191368e-02
3.181267768406215724e-01
6.407082923198334501e-02
2.594455871660701907e-01
2.466347203448756298e-01
1.972178202513560075e-01
2.908339029452999269e-01
5.719974414634461379e-02
2.622189342481498486e-01
1.858281955185372147e-01
6.023280325776150801e-02
2.833612152173501375e-01
6.237123420414282179e-03
1.684525376659523899e-01
2.737150728517571130e-01
3.052729106886624758e-02
5.195635770906568279e-02
2.312971405822414339e-01
1.095580511208832236e-01
1.280316360551900755e-02
3.178033223274298047e-01
2.084860338622629081e-02
3.610395213878363208e-02
1.899369575563809032e-01
2.258966511222538776e-01
5.253585722214447473e-02
1.469860338994221916e-01
3.879729160173495117e-02
8.896875039035644084e-02
2.390172711215714230e-02
2.715950851675751343e-01
2.189485597979525522e-01
2.166800199895836387e-01
3.670521503896311682e-02
1.229902504771151761e-01
1.777608013783763818e-01
1.155563794524717552e-01
1.226659548543602568e-01
2.056197113147225641e-01
2.075903094352806177e-01
3.253226468801504595e-02
1.950605639699943550e-01
5.413452203260375739e-02
1.193278047907560813e-01
9.890345620880834632e-03
1.360914156910225659e-01
3.966884957779645560e-02
5.142319052031627674e-02
4.682239603546952539e-02
2.718938823606333877e-01
2.615177103776208239e-02
1.572977852651720188e-01
5.761493510295667003e-02
2.468706654199588901e-01
8.323859748856703156e-02
6.958806679012131957e-02
2.047546315431184316e-01
2.874233181679732296e-01
2.903823910584084067e-01
2.984079316697197948e-01
3.063746057248763546e-02
4.197384421475171962e-02
1.562777674342212819e-01
2.938725159984346136e-01
1.656995793381633164e-01
3.242192859701573671e-01
2.169589141535264720e-01
7.937244879983838819e-02
5.604885903566870359e-02
1.736690185268800202e-01
1.759919302461524296e-02
1.694864880837196330e-02
7.888186508262161334e-02
1.063562464631293523e-02
1.686534445089051537e-01
3.133804143065900272e-01
1.450344652888475028e-01
2.930919896833580340e-01
2.722131435064044092e-01
3.049440884108299277e-01
1.181152290970915175e-01
4.512133029067021822e-02
2.677516951495254038e-02
4.241548112841928703e-02
6.730058288683503365e-02
2.019163042579541212e-01
4.358699361261562238e-02
7.264414235008420651e-02
2.384341634276353483e-01
3.199982589866425253e-01
3.150462638817660421e-01
2.224101227419777727e-01
5.427724018070920892e-02
1.260930929300995741e-02
2.322927231975354390e-01
6.933252773826380222e-02
1.520985486077313688e-02
3.050330682846409402e-01
1.482369114333799420e-01
1.875126797367116238e-01
3.105846054085512065e-01
4.342562623605972921e-02
2.472353966702554515e-02
2.254618101151501797e-01
2.098113392119114740e-01
2.389741327956546313e-01
1.921756129611922326e-01
2.159881926177996125e-01
1.824875750804544061e-01
1.442222212164873119e-01
2.476789687361637127e-01
2.182404836989032260e-01
7.290791027792500878e-02
2.190632318710520610e-01
1.914983985784414477e-01
5.191242534050805046e-02
1.697240132402747237e-01
5.518268068931119624e-02
3.223758426849240855e-01
1.954794953725745021e-01
2.937339454222012702e-01
1.188744514255144352e-01
2.401011990543327757e-01
2.805929926650833628e-01
2.377850716267307929e-01
1.909183512767929913e-01
8.895666157937806573e-02
4.554392488596526595e-02
1.249273294435692128e-01
2.501907382013183745e-01
2.130958058732811966e-01
1.910496004119266178e-01
1.591923281236068966e-01
9.998832813230598693e-02
3.142817795105887213e-01
1.926547178579470221e-01
1.221174557464385496e-01
8.817548936258158554e-02
1.894407388743420823e-02
8.046965644502314385e-02
2.082332115487535995e-01
3.220955804200494321e-01
2.978275518189089643e-01
1.206966783164242253e-02
3.057339672321475743e-01
8.994945651577646029e-02
1.527370695441510329e-01
5.174741391100144694e-02
4.828680335260204098e-02
2.376999310923683106e-01
6.966514526525961759e-02
5.951392964853646078e-02
3.247074809719732169e-01
1.636253135951387938e-01
6.104165048637196639e-03
1.149403358764587157e-01
1.847720150698199393e-01
1.991049648581507958e-01
4.766997870454472291e-02
2.346520140500432949e-01
6.788709474186652160e-02
1.182474634642533169e-02
9.233592274104480968e-02
2.321756292786438802e-01
8.890328587808019045e-02
2.922031722666272868e-01
1.613954910658467468e-02
8.727257694994688952e-02
2.827916316979978140e-01
3.014017502208980737e-02
1.637104447836475463e-01
2.810154720145632279e-01
2.699612039646586900e-02
1.154288904079116274e-01
7.480560757417302475e-02
7.944549110755338983e-02
1.842043555778849484e-02
3.024286499523574645e-01
1.043354899264192261e-02
2.805509109450757266e-02
1.258379125256406939e-01
1.967731890335581713e-01
1.550585993149593556e-01
1.809276719701642111e-01
4.338486699198331603e-02
1.526769633257567538e-01
3.909422708124899587e-02
7.968729142988052738e-02
1.626529725846092012e-01
1.583544386852316771e-02
2.953196497095122441e-01
2.641904276074907298e-01
2.813783104324966630e-02
4.030952565043070118e-02
2.105342507207349015e-02
2.287357687617684876e-01
3.168277969481264056e-01
1.529343570728251833e-02
6.284798766954992344e-02
1.343885816679975531e-01
1.828049611976030608e-01
2.585512076736944456e-02
9.814174999735002236e-02
1.565847017965892596e-01
6.313647004986683298e-02
5.755080887396993999e-02
4.996169928954319328e-02
8.322783849262702094e-02
1.822592546967579663e-01
2.572996852968358339e-01
1.873669116662305956e-01
1.692160578227153989e-01
1.657718615263649442e-01
2.340189311987218856e-01
2.810589204744675107e-01
5.440429774151207820e-02
2.878056788053021120e-02
4.024920132913145654e-02
1.303354606602854238e-01
1.141014318462319627e-01
6.304619774437507373e-02
2.180441209558328930e-01
5.228318549188575026e-02
1.601862849580367176e-01
1.592523247262113695e-01
2.655889964103230749e-01
2.589771965853492897e-01
3.830442581891024129e-02
7.231297692525155696e-02
2.141102944605159653e-01
1.598155570273398218e-01
2.720189755312957813e-01
2.019656810230634481e-01
2.245077869025526862e-01
2.292623968571123327e-01
2.817342513589401465e-01
2.482236284451135033e-01
4.836927089426515392e-02
8.101813894051690390e-02
5.624892681863979255e-02
1.233499701363230394e-01
3.076264503286301744e-01
1.105114585564520857e-01
5.128711812993030222e-02
1.088609798426257991e-01
5.670677595988248693e-02
3.103110968163542149e-01
1.118923321627682543e-01
1.249284285608230974e-02
2.902075842411213497e-02
5.717865097035032540e-02
3.147369109780611129e-01
1.166333929515663559e-01
3.289968952240836936e-02
1.020362650330197962e-01
2.651469694689492229e-01
1.930298827378809645e-01
7.020092777105897686e-02
2.747132768044899809e-01
1.830073965153552196e-01
2.825430660701173102e-01
1.297446570494071028e-01
3.507131944254687772e-02
1.141918671090413617e-01
1.448801130006333315e-01
8.871949505530331292e-02
5.440651662011973359e-03
5.987458478856885757e-02
9.340279061998049692e-02
2.012329828001967746e-01
2.072875119742881300e-01
2.483054503022190385e-01
2.594924670835653882e-02
2.857903480067020552e-01
3.510300951672631897e-02
2.078770947486559273e-01
9.861291560898503838e-02
2.265446051155104723e-01
2.774680065284723107e-01
2.394488749536170108e-02
2.052993456085484281e-01
2.240164797881772918e-01
2.503086222795333771e-01
2.468286475717484107e-01
5.519036664692857780e-02
1.487059038146628098e-01
6.507954106221869317e-02
3.610036198344228342e-02
2.836363987415508880e-01
1.481170130117089034e-01
1.454705647352863519e-03
2.806047528628081156e-01
3.030569396629623768e-01
1.807975404181347279e-01
4.646543309888560153e-02
1.891741465888584495e-01
1.797160125790603635e-01
1.967822974196642427e-01
8.753960290176669712e-02
1.853586853669312307e-01
8.204983648363219084e-02
7.854972018439138060e-02
2.942905421022960488e-01
1.876575765736167578e-01
1.939316785830767428e-02
1.577579443240566537e-01
1.351686087959249639e-02
2.688258713368135711e-01
2.220964498253878983e-01
2.343066127048449854e-01
6.214405682660900654e-02
4.637010447569037824e-02
6.359427317289503834e-02
3.597399654389916990e-02
2.478813016088061982e-01
1.322910454921543966e-01
1.758922098704938930e-01
2.495534256208754853e-01
1.927683602494000281e-01
1.182269501136918970e-02
1.471495179384093022e-01
2.931762649816306854e-01
2.730383553132141872e-01
2.416304108735871925e-01
1.730823144143716907e-01
4.347560692227307733e-02
2.776541324477130659e-02
2.262590571444312443e-02
6.014104580363378860e-02
3.980293954871776119e-02
1.845802072602545085e-01
6.934061093032212186e-02
2.261167467559470692e-02
2.238503666738860531e-01
1.993479562892803425e-01
2.187499084084104650e-01
2.576364722448391542e-01
3.589613715153909534e-02
1.466744449171185904e-01
1.778044729559250525e-01
2.253404201736560197e-01
2.777959522962935024e-01
1.223596170083952744e-01
7.819165356669356692e-02
8.146038390999783829e-02
1.207417759243345837e-02
1.719324614884715219e-01
2.015358378220309943e-01
2.194409281826286973e-01
6.376642678621149973e-02
5.269988868649527064e-02
7.014033786020783257e-02
2.528099752058815541e-01
2.314158460886668323e-01
3.884422512316071385e-02
1.077179427893318192e-01
3.149898041267783499e-01
1.413313163959097410e-02
2.505286406724557477e-03
8.510735814844243297e-02
2.980732366775925568e-01
3.255473249232848088e-01
2.907957441133974807e-01
3.036712073471755091e-01
1.082272328688565072e-01
5.928205968342670912e-02
1.982483880919685970e-01
1.244773198928906949e-01
2.967701246664034564e-01
1.976514281920909721e-01
2.458811866339508934e-01
7.539480547828668333e-02
2.998599646377457795e-01
1.590346074004357624e-01
3.183810270342372628e-01
1.019371716402231176e-01
3.059921445430163756e-01
2.485433660678670331e-01
1.480040699776943303e-01
1.638050645545775508e-01
3.242409944696816315e-01
2.077133986528803197e-02
2.415798062688105999e-02
1.002951200723447012e-01
1.594075884659461595e-01
7.726062436967127967e-02
2.398222086890237220e-02
2.378265140490813667e-01
2.593124537102775573e-01
1.777024377406832834e-01
2.382769934950068058e-01
4.248822972579170687e-02
1.083191056265384034e-02
8.976824813459592656e-02
4.015605322313745007e-02
2.714521973933772814e-01
6.658131790694252206e-02
1.572564669236881651e-01
3.223044158512498591e-01
2.746566175480044669e-02
7.128593221544342329e-02
7.173707098753204225e-02
3.089806674300758504e-01
1.935290339490315925e-01
5.710125874489850595e-02
1.616269336111704827e-02
8.308607473322164594e-02
1.693766761706305413e-01
4.849405107239673079e-02
7.315929086408962112e-02
1.153990184439808581e-01
2.064868009241473401e-01
8.303618793340909743e-02
2.281030350702261122e-01
3.119457156370163478e-02
2.894670423119647396e-01
2.947903504851557277e-01
4.786537821195829129e-02
1.411159635762159192e-01
2.082050152570757151e-01
1.238643719663518050e-01
7.754223102731458428e-02
2.537260218083619012e-01
2.706829532862551901e-01
3.142016649099243358e-02
2.219953895359789708e-01
8.386961017715034716e-02
3.916767862860267430e-02
1.016565911045910486e-01
4.821805371109207788e-02
2.473543417651675458e-01
4.161563317744829821e-02
1.998451832961071761e-01
2.625491582917188760e-01
4.259476816955970468e-02
4.318299349312654245e-02
4.034470243285276370e-02
2.210689300602105833e-01
5.345926011670459888e-02
8.588627729679313219e-03
3.174339430549001362e-01
2.467176257321714583e-01
9.278678729970166184e-03
1.573098217269135179e-01
2.912374331582744391e-01
2.485648572308852555e-01
2.797992301933003301e-01
1.455916582176166041e-01
1.960969301455391389e-01
2.354023385501961829e-01
1.922721497923220169e-01
4.672713091857889911e-02
1.810317681079526841e-01
1.672273710595873486e-01
1.365629293972440150e-01
2.041420632671556851e-02
2.899430328259511649e-02
2.057919551963967308e-01
6.805780256719756727e-02
2.181400549977016157e-01
3.187097958583227642e-01
5.543855268830974459e-02
1.516153853952298125e-01
2.383895973645378252e-01
1.156626292717940208e-01
2.338857542039618764e-01
3.505051980426539954e-02
3.232118545021398504e-01
2.995727434634885000e-01
2.490696526948804057e-01
1.693409870665960326e-01
3.357395845214023594e-02
3.905296368587061334e-02
2.975390198358856316e-03
1.801973570465178684e-02
2.161338524154176322e-01
9.505404597618449802e-02
2.605755985439113798e-01
3.134963672336055773e-01
1.507905288795619858e-01
1.111391286834949588e-01
2.890751625977985295e-01
4.281751975765653306e-02
1.925336219099844925e-01
6.105306004851963203e-02
3.091262968044098391e-01
2.395649811312320354e-01
2.875558776344772083e-01
3.002954176434738942e-01
1.268993722317920264e-02
1.734693037816545103e-01
1.544235155441391338e-01
1.827873371147271248e-02
2.834417055209690131e-02
2.551605034803909600e-02
1.656395067739832930e-02
2.324231565724657333e-01
2.152416529335891282e-01
2.902083045273726875e-02
2.543483896836332830e-02
1.139884274583486123e-01
2.755338428821306751e-01
3.229487948656559748e-01
1.759754902202480958e-02
2.219057793099482312e-01
3.982989020545325831e-02
2.674015749307630252e-02
3.723354899714115263e-02
2.674380299078224499e-01
7.547488882768131624e-02
1.959386695877636531e-01
2.877484159171599110e-02
2.924838295094281948e-01
2.565836149824137769e-01
5.286345992936786892e-02
1.740517786290159408e-01
1.382230383201631801e-02
4.558836672811913959e-02
1.555779129444306297e-01
2.909708167706169246e-01
1.400370640458177829e-01
2.512277151072380699e-01
3.063026320992761065e-01
6.860239061337344846e-02
1.305826248035288906e-01
6.532669903097131081e-02
8.896455236281083923e-02
4.570601209868926929e-02
2.007925692224822867e-01
1.808763802363811679e-01
2.675380090516240456e-02
6.560767061166473957e-02
1.391915169068336407e-02
2.322771691039120789e-01
1.897358831585770067e-01
5.294844532771503243e-02
1.418334744303549610e-01
8.518000842647231730e-02
2.471214819139937457e-01
1.579792535821236132e-01
3.570159991307665648e-02
2.105594973232148281e-01
2.736427664326813169e-01
1.423009772517786764e-01
2.439632089493930581e-02
1.667108653249551042e-01
4.129930479632079598e-02
9.632677730505685709e-02
1.368692852863716558e-01
1.904918089127859981e-01
2.348480613455620480e-01
8.411466046970779084e-03
1.830632328101655382e-01
1.524456893347989894e-01
1.987789258859138774e-03
1.306580269050076348e-01
2.765563906709300190e-01
1.520866846940518990e-02
1.383032462921976180e-01
1.743935017958475053e-01
2.795129452026249850e-01
3.652331050334039347e-02
1.403900972245226142e-01
1.956989189986451383e-01
1.524308322209950474e-02
3.238255513791036821e-01
2.131472440708989669e-01
1.849675670807923167e-01
1.684020561953139539e-02
8.167006970662417376e-02
1.921780113918163668e-01
2.305839504507927740e-01
1.371816780875469988e-01
4.323334074361941115e-02
1.370844278132161281e-02
1.555155916505887061e-02
2.444984472029221589e-01
7.030288434996728730e-02
1.315250363110942733e-01
6.260025604683719380e-02
1.390082757024979632e-01
2.735425399535690305e-01
2.724835847896076579e-01
4.342591051107991956e-02
1.969057630975337980e-01
1.458966180143995151e-01
2.036067447806683695e-01
1.653089871793329835e-01
6.577820830256028706e-02
3.081033389815822643e-01
8.819603431586887921e-02
2.769797569565997097e-01
1.893742323607019717e-01
2.555554774940860252e-01
1.455765318109261131e-01
4.043126648667275808e-02
9.637747296921704565e-02
2.708190443090424671e-02
6.851991039675296713e-02
5.603190746338290729e-02
3.956961817313101037e-03
3.106636993552346904e-01
3.962488077407849002e-02
1.450462113114722035e-02
2.234636906714160542e-01
3.010650822520659631e-01
1.252337142781202173e-01
1.480917384893429001e-01
2.062975176268035393e-01
4.549986229877664434e-02
1.822383287790154960e-01
2.611522745768408704e-01
7.076808122859425121e-02
1.079825850537877302e-01
1.925117052162891862e-01
2.106283626208653170e-01
4.246863759264439542e-02
2.689385210174369961e-02
2.553454134342746928e-01
7.398296852908135823e-02
2.136649787990075322e-01
2.434761828875173229e-01
4.862843382347400295e-02
2.335647011302361409e-01
1.919140065667249706e-01
4.996217743398546907e-02
2.299572118407834931e-01
3.202349268549944394e-01
1.196292642874941248e-01
1.780757514196469049e-01
2.427701721788685582e-02
2.307631841439791442e-01
1.429667559891232842e-01
1.961503416425185720e-01
4.100629465701121495e-02
5.664596677259337715e-02
1.659537970406364527e-01
2.734415890064613164e-01
2.914342813601329407e-01
2.112178813551821299e-01
2.866963906733399070e-01
1.351504289483063115e-02
3.012167647257013581e-01
1.803723778390514676e-01
9.600983857748166331e-03
3.222765567533110165e-01
1.860381337826362558e-01
9.269814845652647739e-02
4.199806526765223480e-02
2.501402642281364552e-01
3.140419367745379553e-01
2.790428481572139185e-01
9.179342313093662165e-02
1.949611324750530617e-01
3.998598649222046691e-02
6.390755251193512565e-02
4.551021842013266289e-02
3.206099220855556653e-01
1.943229397280179238e-01
1.949876170660123365e-01
8.381880517379149131e-02
1.316216422902858063e-01
2.006947711601556605e-01
4.159612151958476389e-02
6.237201223457014554e-02
8.890220480229253652e-02
1.479388301048626120e-01
3.004704347135233600e-01
6.270339482860053104e-02
2.403476065443351517e-01
9.337041672698473405e-02
2.901554924923376022e-02
9.441742022447306704e-02
6.428500215135875273e-02
2.103092803899690166e-01
1.167415241622794531e-01
1.177349387175471856e-01
3.245870432574386455e-01
1.718893501475098617e-01
3.132181705277172767e-01
2.483029800896642270e-01
9.579038294109637475e-02
2.136975900110335003e-01
8.803444873966737028e-02
9.467097473903504645e-02
1.667513487702640684e-01
2.552649009493611620e-01
5.166861657909104649e-02
5.841768209372044662e-02
2.835086460159249103e-02
3.202753822353301971e-01
3.422862850240779298e-03
2.392139826794050794e-01
2.767831206832798152e-01
1.651980519705866608e-03
2.474967236677221571e-01
2.421716906385676382e-01
2.969850036982247254e-01
2.511139603791019415e-01
1.487366942201419073e-01
1.867312725195624246e-01
4.160073268487765596e-02
4.258223842222568639e-02
2.382687343272596736e-01
1.212784214511715697e-01
3.763249372470820614e-02
1.989868265458751700e-02
2.767797278515444770e-01
2.959109642290908004e-01
2.649527385635551124e-01
2.729305724369915365e-01
2.501896222007570780e-01
1.888012996296233315e-01
1.008131034061279518e-01
1.153605610141019561e-02
1.584600732667381384e-01
1.887008335917295387e-01
8.545126841818585783e-02
2.245300024451392651e-01
1.729392263397217661e-02
1.690307208570358544e-01
1.562795968746670885e-02
8.993790979693010168e-02
2.801070078617194370e-01
2.663120705941502964e-01
2.732325846934433589e-01
3.267109624942504675e-02
3.445376282579983278e-03
5.268652413161573067e-02
9.383217644486130382e-02
3.513561594687715506e-02
2.771376238323200458e-01
6.864442773610153481e-02
1.066867893307430482e-01
2.023914066525694944e-01
2.122941257781348900e-01
2.629652813103962039e-01
2.964492432052424631e-01
5.356695618951718557e-02
2.782256503392442348e-01
2.269308717231580674e-01
1.834545547397999354e-01
8.046245136622845462e-02
4.669610284788511256e-02
2.623958121421483547e-01
1.212053887247287881e-01
2.752960345630398598e-01
3.357414406063182616e-02
8.252662682820201268e-02
1.249754997404602525e-01
6.216977194963730496e-02
2.588637480751744824e-01
2.633399201289094577e-02
2.651057704926237379e-01
1.166238009484038204e-02
2.161668534180211931e-01
1.216478810390535376e-01
1.001166481527483026e-02
9.171416627725359483e-02
