1.314512899275889490e-01
2.826278035197550831e-01
1.708138032668355955e-01
1.868428393376370678e-01
1.771375634627188889e-01
3.237843637518377227e-01
4.427911665717305240e-02
2.497507635566235118e-01
2.422605723812116529e-01
2.288898815435870815e-01
2.413123992849046384e-01
2.756488608779241178e-01
2.698700355279145535e-01
3.131371681881628954e-01
9.693380131728823734e-02
2.063420034989012219e-01
1.588648847169731038e-01
1.993273785682576904e-01
2.131041799043796592e-01
1.102984658512431437e-01
3.398152846696616547e-01
2.531040533938595516e-01
1.498593846860020173e-01
2.854459292634664025e-01
1.427854520318344589e-01
1.918522384985300588e-01
1.600867370880253437e-01
2.825431813998614539e-01
2.630548402641428862e-01
2.887957367495967431e-01
2.560979143854219542e-01
8.647139465948479320e-02
5.124851070518982726e-02
2.977361848946151746e-01
2.826700622386996709e-01
1.060737135250098134e-01
9.906721502131297930e-02
3.124970046469371932e-01
1.237314294854647695e-01
1.313507893015911365e-01
2.617604383731383932e-01
5.064075163430646620e-02
3.007350194361591011e-01
2.593682610721586013e-01
3.106535501835871460e-01
2.897893655166000615e-01
1.720078289009986106e-01
2.040769550220986051e-01
2.752429550217825316e-01
1.095194684399792839e-01
4.870325140285731297e-02
1.511815102201624350e-01
1.819495366871079767e-01
1.817844789110734383e-01
1.337672370901633601e-01
1.810817926549852519e-01
1.130173325232861591e-02
1.774132175523390753e-01
2.181910442267436523e-01
6.753933828641180137e-02
2.586049836467673169e-01
2.889300826137650158e-01
1.273474898608513151e-01
2.773409046114730936e-01
1.338370853649075154e-01
1.196584391627166788e-01
1.816782118063643980e-01
3.036639794731944564e-01
3.284908367511366056e-01
1.472756160964112104e-01
2.558771821838936589e-01
1.567950604349708787e-01
1.543245334822626047e-01
3.409110190442538602e-01
1.351347087681091519e-01
3.100960157813295592e-01
1.482241381606291264e-01
1.364662961828737309e-01
1.753261949878914261e-01
9.894819600639732926e-02
1.820591952835495519e-01
1.981290171961919422e-01
1.491772085310318907e-01
1.179383813983387597e-01
1.644589969364224080e-01
2.677003507232363910e-01
1.624065363996222977e-01
3.197333729200771968e-01
8.755470709432562615e-02
1.967291163959340172e-01
2.767973722111270463e-01
1.222099373470145883e-01
2.533019514791579607e-01
1.704982007694052504e-01
1.916963686719786730e-01
1.751580107433466094e-01
8.009982112365612861e-02
2.026445513447392432e-01
1.516963913064926046e-03
1.425110210586228165e-01
2.459622648446479209e-01
2.339324739926018637e-01
1.373599902687254459e-01
1.838840879054555455e-01
3.219648718467105208e-01
3.427550488790070959e-01
1.161532867296777433e-01
1.640470528365290115e-01
2.422832679475737661e-01
1.905507381506046094e-01
1.205929949494861514e-01
1.605123221515096510e-01
1.691579034233041401e-01
1.724682211510746299e-01
3.338017906845623939e-01
3.478045123680932882e-01
2.286943559252110625e-01
2.283499897441838011e-01
1.837279161049426290e-01
9.220660069150964089e-02
3.113122567510427374e-01
1.172116152323687543e-01
1.127053325907998033e-01
2.023711108203798958e-01
1.433055654976037596e-01
1.171452866409700561e-01
1.012341441170303974e-01
3.341428265027243105e-01
1.123983925625078734e-01
2.704204014136956102e-01
1.162559094587349434e-01
2.410128800920404712e-01
1.650457761832695158e-01
2.899814164018029716e-01
1.343990703452777880e-01
3.218904350420384586e-01
1.672827464424587671e-02
2.396405824264382367e-01
2.886581847040716742e-01
2.644630900563826326e-01
8.884238766119950670e-02
8.631096938241339389e-02
3.063133778114434103e-01
2.485718556287814518e-01
3.143115725531429039e-01
2.137738959101186942e-01
2.735143943518961174e-01
2.983821436140508543e-01
1.565177826596844957e-01
3.128625450357545024e-01
1.489679027508836184e-01
2.099905953301480499e-01
9.903510630744594145e-02
3.024571135466211369e-01
1.291221933022587975e-01
3.377345549818637216e-01
3.338422990114440769e-01
2.541654626502513614e-01
2.696726057703992541e-01
2.821552955683859776e-01
1.238230507943107184e-01
1.987140953264477927e-01
3.164686679019350080e-01
2.791248786626571166e-01
2.113974205615683777e-01
1.274757273634400112e-01
2.155217456714680346e-01
1.453308590300286807e-01
2.198356243785575537e-01
2.872016408796280729e-01
2.201275662419073242e-01
1.273606923887115883e-01
3.113340310115400023e-01
1.717418071253068723e-01
1.545296266469124149e-03
1.422058970691859048e-01
2.152766377154848032e-01
2.287852103519018021e-01
1.185167621836205470e-01
2.948223751924156644e-01
1.161707988656198176e-01
1.387116397785829736e-01
2.937894369547184303e-01
2.950701720375148995e-01
2.733783917055039314e-01
1.728283344853029369e-01
1.777508896962159968e-01
2.222245127461109082e-01
2.301508067799031831e-01
1.667064077220087037e-01
6.183042400587579306e-03
3.336124110110137431e-01
2.388745314806679509e-01
2.151444542572714669e-01
3.113799028157778759e-01
1.520599059584665513e-01
1.710500265333701753e-01
1.567199822518243191e-01
1.227740463301145862e-01
2.384993920254530608e-01
1.949015492613100642e-01
3.276389291599054454e-01
1.068082272841771874e-01
2.011274366656637669e-01
1.801532261191509388e-01
3.093043527573140494e-01
2.068722797920211631e-01
1.170563329017779430e-01
1.178748589367160926e-01
1.347108250109344263e-01
2.746743929453626665e-01
1.194363030385700575e-01
3.129260881066337485e-01
3.229714834347242047e-01
3.485410766688746276e-01
1.972354264957126568e-01
9.955716416159697719e-04
1.212342722322603261e-01
1.542325291399748721e-01
1.832011797067092385e-01
1.808675914372316063e-01
2.024432624832891714e-01
2.236121884384011382e-01
2.784292625656145104e-01
1.860131191046114074e-01
2.908552752249018436e-01
1.359018090072086071e-01
2.853222599196474918e-01
3.445367638057070248e-01
8.670266187298963922e-02
1.393931808532431482e-01
1.648623741338942073e-01
2.492483339649136931e-01
1.542403424040531268e-01
2.713506944535985510e-01
3.010593632989806423e-01
1.439789799597858133e-01
2.087880441876533988e-01
2.494391774932593342e-01
1.947107088439577194e-01
4.400083938103928338e-02
1.761659130372308368e-01
2.463356684222636761e-01
1.627743224552284096e-01
1.278257235974431527e-01
8.584696138183861569e-02
2.390820611522319616e-01
1.040431619946592945e-01
2.510577610188135522e-01
1.678547337096895908e-01
2.518137785244362048e-01
1.874956087498511614e-01
2.781297400669272696e-02
1.579623798556725744e-01
2.697174131931799335e-01
2.354677662920437453e-01
1.469003469822200980e-01
1.440656450025973589e-01
1.597360708380736460e-01
2.018023865910244519e-01
2.312536543624820612e-02
2.377466264343235380e-01
2.710993535172351310e-01
3.423595913125958012e-01
1.049488939768580265e-01
3.417993246054406575e-01
2.844787740465489767e-01
1.354777694166514612e-01
1.519620544935285644e-01
1.261416765971140608e-01
2.358803229837108661e-01
1.596062621260335157e-01
3.028327260914694952e-01
2.027159119519295616e-01
1.256578444088762292e-01
3.041724650628772619e-01
2.467455425393111912e-01
1.781134189416158364e-01
1.641301810703617858e-01
1.201623867651103877e-01
1.861269358360777282e-01
2.022649831901312256e-01
2.279587803287450587e-01
1.550010644080939970e-01
3.446529372789922108e-01
2.314141239289966567e-01
8.669757740981312577e-02
2.629228504518568155e-01
1.643749143519073197e-01
2.002920045982432562e-01
2.916307405506877171e-01
1.831802471883641481e-01
2.646722837716679044e-01
1.277047294179067538e-01
2.239098908366396468e-01
1.557981351264488834e-01
1.764795157782498014e-01
1.327188083861416124e-01
1.505653194099283720e-01
1.643091371292735581e-01
1.829791667484859941e-01
2.959003915022128117e-01
1.875113936404366466e-01
2.912529964483073774e-01
3.065480516932999056e-01
9.516100845887090487e-02
1.385288253681094539e-01
1.424959165320580368e-01
1.757563127653715418e-01
1.113126868726907331e-01
3.012270772732038998e-02
2.186310083683124239e-01
1.131936803286249654e-01
2.100562661225020278e-01
1.561835840024208000e-01
2.333328794042902748e-02
2.416855073650724106e-01
1.899039573423820793e-01
2.506205137190253840e-01
3.214539027668791848e-01
2.498975214210200080e-01
1.333353592610504179e-01
1.986394637927770546e-01
1.689877993594510464e-01
2.700926571815637223e-01
8.333097955084978192e-02
3.294209372789579371e-01
1.084750265968941196e-01
3.100915510015148091e-01
3.002408616549738229e-01
2.361918405013254396e-01
2.096102837964386179e-01
3.383412036072114271e-01
1.713062019157261251e-01
2.123539848876152825e-01
1.690560873753083615e-01
2.403548255165308400e-01
1.446262751785062362e-01
1.250370100227081172e-01
3.345418909405089569e-01
2.959484273761250894e-01
2.214147794956353998e-01
2.084912139185690905e-01
2.916985326587309135e-01
1.422042305637123416e-01
1.445146017652665926e-01
1.371532867852748583e-01
1.408060232753062802e-01
2.098350528149928451e-01
1.636807348277415364e-01
3.489946544391189787e-01
1.069899654211258211e-01
2.487626663317203113e-01
3.403249912592137827e-01
1.449866740647789698e-01
3.366736746868473906e-01
2.611143261941729632e-01
3.261514923695628121e-01
2.193104456510542588e-01
1.599440754364311323e-01
2.163557482482693639e-01
2.414778103226069284e-01
2.216735669683612409e-01
2.804157308739491650e-01
1.030034455526410292e-01
3.173995546369516307e-01
1.331595672687881926e-01
1.492128473670301658e-01
1.831706402624191654e-01
1.997186494817791980e-01
1.400603027550749707e-03
1.235990109135926551e-01
3.457096946638497648e-01
1.162357208696559729e-01
2.627331641709808041e-01
2.681503962640455208e-01
2.038136186745394263e-01
1.609614864454869676e-01
2.721564145077999264e-01
1.538993368689734187e-01
1.442192465767906107e-01
3.024273975230106215e-01
3.187646401758641446e-01
1.626756581491050069e-01
1.649987744616830398e-01
2.547158470048425105e-01
1.578385149159015344e-01
1.991992006518729652e-01
1.633322399377145906e-01
8.296783960199519137e-02
9.920128446466205951e-02
3.073966353272094554e-01
2.364975512988660156e-01
2.044169116438507294e-02
3.455670058986249904e-01
1.623027036526384637e-01
3.103333220612537469e-01
2.443640586355883548e-01
2.479250690176580396e-01
2.333601946217612466e-01
2.446267674147938609e-01
2.868044020721328691e-01
2.414796288562966187e-01
1.043262489847566754e-01
2.891234199259113957e-01
2.749204217877874723e-01
1.248177483592031040e-01
1.759053677381288983e-01
1.856873863650716494e-01
2.338009026004329305e-01
1.215437710549546746e-01
1.480310320187086248e-01
3.656624258948690254e-02
3.489409346128353184e-01
3.016979275180052822e-01
1.393406647748204608e-01
2.104013877661396748e-01
1.414697267311021411e-01
1.614593916546328556e-01
1.672105929952398817e-01
6.961781138697881177e-02
2.097226206094923440e-01
1.931862573117697768e-01
1.189408356902824510e-01
1.409504425956417673e-01
2.774897900592999123e-01
2.439961666178349642e-01
1.560132553405421951e-01
2.731361974084633437e-01
4.852596091870423761e-02
2.773057753199750786e-01
2.058599590233142484e-01
2.663460637493850203e-01
8.598137905386012136e-02
1.286434173324029484e-01
2.890288425032404573e-01
2.356138798343969942e-01
3.350727662579012778e-01
3.142596824472215222e-01
3.173758643891914921e-02
1.623837262022288508e-01
2.198513116455241279e-01
1.318065681767845165e-01
3.313993377256978512e-01
3.314016001988954740e-01
2.878355629038247820e-01
1.730282749147765420e-01
1.200382473043903608e-01
3.386153046371350589e-03
9.696578832399933845e-02
3.061832224816337655e-01
2.286234326529268390e-01
2.254059499667061262e-01
2.535081056837021340e-01
1.459668090761466752e-01
1.519617237351310879e-01
2.081560440934401013e-01
1.409178500677695789e-01
1.898042040950487508e-01
1.719749375761724375e-01
2.188670721558504395e-01
2.717113595424539008e-01
2.463072525040380656e-01
8.284670537389529632e-02
9.097302600311973908e-02
1.838424691101351038e-01
1.900174951563363412e-01
1.705289110643885553e-01
2.112884242081435882e-01
1.212975487718749440e-01
8.144759446475866027e-02
1.721009537525016453e-01
2.546240709688246673e-01
1.077660890809976069e-01
1.702233821332865826e-01
2.419408157094170009e-01
1.650091979204044990e-01
1.568225887573737320e-01
2.059387243502119325e-01
1.899906472824151038e-01
1.468990068645671665e-01
2.302946003565405075e-01
3.229335813905192532e-01
2.914350588988874891e-01
2.819932126937173544e-01
2.903586134329968482e-01
3.047274485482034945e-01
1.772416502083563605e-01
1.280542518835664778e-01
1.230786766435633672e-01
2.744222287684578987e-01
2.797030248002479458e-01
1.342920137610971176e-01
6.472748867520133897e-02
2.012216601888801581e-01
1.801033574124000780e-01
1.619821055723061898e-01
1.126078261213306619e-01
2.528508676592017279e-01
3.370860303449693118e-01
2.835703831677603426e-01
2.238077201601188226e-01
3.254793266930803841e-01
6.474815783240349398e-02
1.534346290167434013e-01
1.648917591573869079e-01
1.674738252437083241e-01
2.280691151311567133e-01
1.500252570242009420e-01
2.438874178568172235e-01
4.123643544804215383e-02
3.044902722971148390e-01
1.425059426541654406e-01
2.956823959703480109e-01
2.822604700518946408e-01
1.479476459972031421e-01
1.904620167960339727e-01
1.624962957059583324e-01
2.084885160847952945e-01
1.722210875336909475e-01
1.474189267997421393e-01
5.140474024551387744e-02
2.580383752872990599e-01
1.423394754197403744e-01
1.388307763115156634e-01
3.442647332888200684e-01
3.442130645091994734e-01
2.443275682549172212e-01
3.252925973743310273e-01
2.485590212337849825e-01
2.239224199978200047e-01
2.347486172574120566e-01
1.380523557928043654e-01
2.396498212344308765e-01
2.477591537103669139e-01
1.915285904662760996e-01
3.158962137262668057e-01
1.784186366668692736e-01
1.323511520293124133e-01
1.487361066022258316e-01
3.042620904600109588e-01
3.485727432148173488e-01
1.777796736722845050e-01
2.409688292121030251e-01
1.134974549476892441e-01
2.313761900173625652e-01
2.022460415415037183e-01
2.267243424637746529e-01
1.165096058078899238e-01
2.018014191033283000e-01
1.839779383343772001e-01
1.702590160579965650e-01
3.068546715379585899e-01
2.821654012959387559e-01
2.045262351830903769e-01
1.413641218239118924e-01
3.306876066099844746e-01
2.104966275455744384e-01
1.499344523226093240e-01
1.935007623754905481e-01
1.343456221351693458e-01
1.621717189662556791e-01
1.539811376711044399e-01
2.145787749756920826e-01
1.737856576041523216e-01
2.112714954549158031e-01
1.289444218924816754e-01
1.693734430655503831e-01
3.027408842447785742e-01
2.901344776581207263e-01
1.032011852528275236e-01
1.862670781521452990e-01
1.696706920695501275e-01
1.009722043181493778e-01
1.997450617392005079e-01
1.189436156259920663e-01
1.420650584943852490e-01
2.361876546311893754e-01
2.274751537189599881e-01
2.327682878095547470e-01
1.768091523023613831e-01
1.615248346680268343e-01
2.004273647437058437e-01
2.563594431803834506e-01
2.238396897535969154e-01
1.684842839092167421e-01
3.201553961636388057e-01
2.709556685954029875e-01
2.375329654357571096e-01
2.373173446446002754e-01
2.192250406278416774e-01
2.561472404194988783e-01
2.340569253603895228e-01
2.384623585789274469e-01
1.765717730390377049e-01
1.706887965139937957e-01
3.019416863795550965e-01
1.080773453308460641e-01
1.366324241496089664e-01
2.387581553785498856e-01
2.122182634344796648e-01
2.898888934674413442e-01
1.301134634406433954e-01
3.244406852848676914e-01
1.959529722140944119e-01
2.617424520377690245e-01
1.262024307902440690e-01
2.124664841704760054e-01
1.356970988293741409e-01
1.180727957245427118e-01
2.370412467331940998e-01
3.482766925153002457e-01
9.703723151962317939e-02
2.326828347163293342e-01
2.651231057553269932e-01
1.283863405866096097e-01
1.574801100941112530e-01
7.990102606643456618e-02
1.636621157625329781e-01
9.160104422360552945e-02
1.108860046392156073e-01
2.844010732422588839e-01
1.725540047358492257e-01
3.324430497713382615e-01
1.496708649336827290e-01
1.703883412299593003e-01
2.179969532202622184e-01
1.468548067057189599e-01
3.359738671382798691e-01
1.527952092311037346e-01
2.223190716601819994e-01
6.574430511855887393e-02
2.045393706757849261e-01
3.279892901744587697e-01
2.560555828814448098e-01
2.213616994120008452e-01
2.006860514509363480e-01
3.095071582064759519e-01
1.929995991256990007e-01
2.096683164115142883e-01
2.327975730715288183e-01
1.068914363656025823e-01
1.225191636289569147e-01
1.314522258019852341e-01
2.168689994437287549e-01
2.427470699776035912e-01
2.331843583309248236e-01
1.389205699508442027e-01
1.716170627257717074e-01
2.882796492048334547e-01
1.180766418859571926e-01
2.074921878290116317e-01
2.177738706849630390e-01
1.255422472777048826e-01
2.346440390181086522e-01
1.781987210342992900e-01
1.066913128583597686e-01
1.342720327795952628e-01
9.378291900596111286e-02
1.585182662319708502e-01
1.387956163467563842e-01
1.410159311642799895e-01
5.140999212877403468e-03
3.312485678834211633e-01
2.594628529748217449e-01
2.705042259317044229e-01
1.946923621916920033e-01
3.019734171909281284e-01
3.242132828650434728e-01
3.256674980985824752e-01
1.920655948297607940e-01
1.457655045862413234e-01
3.224548629459995097e-01
2.023385316770519304e-01
1.604130561536570576e-01
1.228289700874077156e-01
1.758322406692873485e-01
2.798248064616087327e-01
1.507245035512266851e-01
3.140146515585436893e-01
2.339413563766739312e-01
1.981669512290494817e-01
1.457286801418132549e-01
3.305341466759700864e-01
2.772728293647654940e-01
9.457193155566273601e-02
2.546714546252912270e-01
2.454723081547798003e-01
2.129448866301811849e-01
1.322142485365392361e-01
1.814865252826608488e-01
2.142061065881881998e-01
1.676895068590556204e-01
2.469513766801749166e-01
1.719052941164895543e-01
1.221349944697052992e-01
2.246987516919112804e-01
1.119073056184238385e-01
1.162792773343016284e-01
1.582964228586580535e-01
1.298756311161899379e-01
2.273768577993412754e-01
2.010573771389421727e-01
2.102961480409526740e-01
7.922296116524131515e-02
2.144851072030084238e-01
2.580264467566262820e-01
2.878633156783096392e-01
1.893898568298966745e-01
9.800952188731668069e-02
1.819692245291778809e-01
2.134339941271152785e-01
3.277487224648585329e-01
3.112764302891462553e-01
6.825587525841868286e-02
2.713368903082869488e-01
3.167569763872916111e-01
3.460180103091690662e-01
3.201038693633629362e-01
3.293662489910991753e-01
2.642627411137185023e-01
2.530380570849131150e-01
2.137577905928888800e-01
3.093883954476254194e-01
1.685633375182819527e-01
2.832882514256330753e-01
2.270030549504710171e-01
2.879433477155177168e-01
1.481473727966415854e-01
2.534720241153932130e-01
1.450313600777833889e-01
2.321872088571465820e-01
2.195250347604099650e-01
6.157718920709433566e-03
1.801302397132120148e-01
1.096961029179648744e-01
1.307728957854509821e-01
3.112690157911839894e-01
1.535327788752385292e-01
2.402498790321063241e-02
8.788544387590264961e-02
1.316827085837526667e-01
2.171822438756421114e-01
9.589465706654176635e-02
1.273486378648085171e-01
3.020964915764662306e-01
1.733048616962634403e-01
3.402029056727157164e-01
3.070172406100069029e-01
9.840230327105775610e-02
1.711924084036750282e-01
2.777618655502517298e-01
3.027266467344607026e-01
2.706530523957486611e-01
1.501230565244048853e-01
2.706970567422211094e-01
1.113881664015236028e-01
1.681108531583958010e-01
1.456021831918058729e-01
1.641962557353295049e-01
2.983827459426063866e-01
2.412791525858417885e-01
2.679268635589496794e-01
1.582447552763296128e-01
3.338946423860825741e-01
1.022038390506799649e-01
1.855322400593489018e-01
2.956247814464270651e-01
1.476099760127735361e-01
1.315848543135718085e-01
1.097856681599516659e-01
1.111953888267708107e-01
1.684088821214401732e-01
1.938714759659206366e-01
2.033972391748346820e-01
2.237305508631326767e-01
1.332664253857206438e-01
3.401412597173110175e-01
2.944212269595849474e-01
2.100157860544187016e-01
2.255215794925616302e-01
1.516458553415390709e-01
2.612680865941523489e-01
3.235339313470402822e-01
9.059692847747423394e-02
1.479810410563560108e-01
3.417998172907645849e-01
1.497886466243626979e-01
8.728429021477857042e-02
1.061532338099644701e-01
1.460435901661715774e-01
1.552147568035670000e-01
2.401964866748516059e-01
3.273674330963225465e-01
1.350679462897343142e-01
1.991446225365558487e-01
1.346725939773092406e-01
3.322408549994386728e-01
1.434228954412336554e-01
1.391159060771602618e-01
1.274399246372509009e-01
3.413912084258043378e-01
2.491089408438598718e-01
1.461237074814900894e-01
2.113000340541632827e-01
1.337441412032895349e-01
3.374936843106957074e-01
1.762400055817199551e-01
3.417700876663479770e-01
1.476173287508960874e-01
1.079650839662530531e-01
3.486809654184840901e-01
8.114255305215035963e-02
2.429335279041564544e-01
2.086367742857651586e-01
2.023235665471145306e-01
1.905462705515962307e-01
2.663266251134935869e-01
1.061517477556921524e-01
3.054957923383624374e-01
3.331276963368273725e-01
2.003738522404879471e-03
1.467429696153391139e-01
1.204032404123529798e-01
2.413273206843696284e-01
1.930380311458260167e-01
2.913142252809011179e-01
2.551322799649708983e-01
2.962951475763767051e-01
1.055709915836847146e-01
2.077423384233124393e-01
3.259325150308798325e-01
1.278830940639633096e-01
3.056351309195797228e-01
2.266059876614440749e-01
2.200192648574172960e-01
3.071251802986798007e-01
1.861660445752899851e-01
2.599349885662253223e-01
1.138968965361047969e-01
3.159902524482288144e-01
1.523587609883460814e-01
1.621540731201193131e-01
2.625066989359430281e-01
1.459170501297351596e-01
3.264449069443416951e-01
2.916897912718673935e-01
1.239111419958304899e-01
1.410114425416365558e-01
2.412285177631386945e-01
1.990620926585097150e-01
2.561280724833683853e-01
1.061087501697157987e-01
1.965281158875782364e-01
3.137026618044217452e-01
1.418762724674442477e-01
1.692974836591016885e-01
2.637125870356683000e-01
1.242974631201420044e-01
1.501051303219604061e-01
2.304498994113125254e-01
1.504194807300067993e-01
1.102495286207107461e-01
1.818613312203595234e-01
1.612244284135263273e-01
1.462769586069376238e-01
1.836358162882386624e-01
1.565836325087736902e-01
2.643011744055998591e-01
1.481785748638861644e-01
2.182778093999994673e-01
1.811300874317392506e-01
2.327428825307645277e-01
2.715166766638956730e-01
2.297945132363139187e-01
2.495547232769726453e-01
1.461067056845721801e-01
1.274037238554625584e-01
2.206809501278024221e-01
1.047276659829169260e-01
2.042143948745353543e-02
2.071002342572978716e-01
2.444857430678784860e-01
6.813428138214924767e-02
2.475927536991333333e-01
1.280079292737283103e-01
1.053813218654168354e-01
1.830259136061139214e-01
1.054917385158059967e-01
1.307233905326137535e-01
2.212213415227398394e-01
2.134406365825497753e-01
1.101112359338973501e-01
1.643975302149793816e-01
7.986975306845997546e-02
2.099979508087150004e-01
2.351502314027344720e-01
1.185352029921149936e-01
3.056845796547548733e-01
2.828709907320349215e-01
1.587252190438954991e-01
1.408170832902120584e-01
3.052598443009553741e-01
1.881879891428264451e-01
2.644383783121771470e-01
2.456856315940387503e-01
1.448203734349974847e-01
1.508275006143446340e-01
1.592270534221722489e-01
2.697633122414487827e-01
4.780183530479466952e-02
2.438326529635844175e-01
1.373893843864185949e-01
2.664799465185027638e-01
3.445731966036202354e-01
2.298341329938065891e-01
2.005303842495750610e-01
3.276286106890557437e-01
1.981119051370835715e-01
2.061036630754865262e-01
2.485878447462779028e-01
5.239481647957222599e-02
1.922658776878050646e-01
1.920634473777771967e-01
1.681875622562727102e-01
2.458943657667539973e-01
1.884720502930672392e-01
2.029218229739960522e-01
2.316424178598299466e-01
1.286409869821864282e-01
1.879960603526596996e-01
1.872758844314607596e-01
2.930683845322847314e-01
1.130078181295060269e-01
2.324992284474982907e-01
3.332350092379830486e-01
1.012124481169895951e-01
5.906414734505832480e-03
1.550387534087698804e-01
2.423550927083458484e-01
2.650981693448324350e-01
2.654811321601246998e-01
3.139818774864019391e-01
2.765755513418219902e-01
2.497846960801101968e-01
1.728066136122130003e-01
1.555124227705993734e-01
1.218470127150163840e-01
1.918645958475883317e-01
2.911440496693077362e-01
1.252647614113187868e-01
2.188017736895028487e-01
1.798579198656657940e-01
1.705514098728560524e-01
1.400933851507546735e-01
1.615918584765073662e-01
2.081945971115105876e-01
1.762698932111850525e-01
2.478493913353198019e-01
3.181430824379958278e-01
7.755272594818150844e-02
2.397899153716362974e-01
1.359249180877194763e-01
1.802140376806690703e-01
1.499664376520336018e-01
3.219413497024520843e-01
1.518671974035395722e-01
1.435970805668056738e-01
1.894716361722464104e-01
1.210067775288537900e-01
1.684495534409168604e-01
1.486238834756642979e-01
2.981867351389901333e-01
1.392620807801744076e-01
3.137652761063827178e-01
1.056756641901883675e-01
3.260367244227710404e-01
1.026938970386927219e-01
1.516783270386989346e-01
2.518928033324134286e-01
1.467843951062425462e-04
2.218559524216430767e-01
2.769861402321373567e-01
2.987606444907405789e-01
1.787325473143077936e-01
2.784711848528491074e-01
1.313226476784144503e-01
1.422738504090965694e-01
1.339034784475391371e-01
2.601591421695358952e-01
9.594034998559547445e-02
2.310688801735857612e-01
2.517527872410099121e-01
2.849893927991054010e-01
3.410113218195305329e-01
1.966717641502687131e-01
2.027669663832799285e-01
3.433493557102232918e-01
2.323596410804135981e-01
1.268839190674242168e-01
