2.198745873680029161e-01
3.200046724374916440e-01
2.218046839150472072e-01
1.375755729747403233e-01
6.147075016427520910e-02
8.561913632354896386e-02
2.095809271012145369e-01
2.777180818640829219e-01
2.650352977628289142e-01
2.861210845266569103e-01
5.526797549624966333e-02
1.489218166897556539e-01
1.140964391219744661e-01
9.786418638262432690e-02
1.025767824832432423e-01
1.469327140771908291e-01
2.005372934661756035e-01
2.342692213236087506e-01
1.241908452496433279e-01
3.126873949862195023e-01
7.145161346024102300e-02
7.469958152358710524e-02
1.972421297657356853e-01
1.443981903775859721e-01
2.736877806305803018e-01
6.492461584281833398e-02
2.360280994782138486e-01
3.125726988900074388e-01
1.857229223699433107e-01
9.393059185306823489e-02
2.209872071382317227e-01
5.428022865666153052e-02
3.728513480399438251e-02
5.369950036028043466e-02
4.865142495175361903e-02
1.393363510069954292e-01
2.921197639966355286e-02
1.454720837406032752e-01
5.843735494168156991e-02
2.070537861401717805e-01
9.497521631291135080e-02
3.172815211765502297e-01
3.141239158355710881e-01
1.924548579099158996e-01
5.700664462054397946e-02
1.359267682920025089e-01
2.762404439863333505e-01
9.584275041227473257e-02
2.643314772057115195e-02
1.259893045274736341e-02
5.212370161480644332e-02
2.399067531498069450e-01
2.326013398001102947e-02
2.289421093420149766e-01
4.009785493704732390e-02
7.509638407742867672e-02
3.047067809210496914e-01
2.315400729851876394e-01
1.903892470417526406e-01
6.627129314928884019e-02
2.716382829662162823e-01
9.021392122919286161e-02
2.165878983681556597e-02
9.704731644851315869e-03
7.629828322362867954e-02
7.760766191985681017e-02
3.176143928792275056e-02
6.865513916514445758e-02
2.383019324505572870e-02
1.068692128857613444e-01
4.210645817556490922e-02
2.169892790610467581e-01
2.857157632864064101e-01
1.586939117696831991e-01
6.857416241627047049e-02
2.556207380264168341e-02
4.994206571416966861e-02
5.907358071235076225e-02
2.112791718427118048e-01
1.495187330559914762e-01
2.844086827272582219e-01
1.685899858973632648e-01
7.031895046547793904e-02
8.463715423591439135e-02
2.267286362607832673e-01
3.395860897824436869e-02
1.378762214938498432e-01
3.056453744152203278e-01
5.667399737840116830e-02
2.469125844276909842e-01
1.258489769412023951e-01
2.636534472677392049e-01
1.510095085703056506e-01
9.017115523340912819e-02
2.392318495997736438e-01
1.639744298180121906e-01
3.203519220741605361e-02
6.270795385867763971e-02
1.266315072179490485e-02
2.246427481034720397e-01
1.113282150453250713e-01
6.548329924609758157e-02
6.725375713122391796e-02
1.725356979686656078e-01
1.892859164113533943e-01
2.735094202111040124e-02
3.235357918527631549e-02
3.069048817187374212e-01
3.120823069239834213e-01
2.855133852675447934e-02
7.631524323654953479e-02
9.311716876190705150e-02
5.768524706281309006e-02
3.177569951720846664e-01
1.502089543333537114e-01
4.722942881447537294e-02
1.012555320825968552e-01
7.722895677221564004e-02
5.680277305517755781e-02
7.431737933554127817e-02
1.628312119937727620e-01
2.538518467673377965e-01
9.334503344220720922e-02
2.382857099811043489e-01
2.138323782188562006e-01
1.877445639411972067e-01
3.153383142805182282e-01
4.405767938333308292e-02
5.203062037163296016e-02
7.299383463014030848e-02
1.664502267440425287e-01
1.674507177756037746e-02
1.695656080096593632e-01
2.584077873650159063e-01
6.586574204304301849e-02
1.584481720175335562e-01
2.282199691049091594e-01
3.678980722180991841e-02
2.164404401160422431e-01
3.182786928832970208e-01
2.256578473150763209e-01
1.066346941615206254e-02
3.027486653873610600e-01
2.795564997660152651e-01
1.561590729945451506e-01
5.520615184407390297e-02
3.184634099217004688e-01
5.641055246066514761e-02
1.366426601247183181e-01
2.217983103592501837e-01
2.682812344376817038e-01
1.535813652679035024e-01
1.678136171498528229e-01
3.837208244066021845e-02
2.807085626920038934e-01
3.898789507093831236e-02
1.640191483208586765e-01
2.220769150515041201e-01
2.206308663795785718e-01
1.987382887238401397e-01
1.902635087268577177e-02
3.200115381453578350e-02
3.205308201347475267e-02
2.829961648031648069e-01
1.790492390752632113e-01
1.344954482310125043e-01
1.828254651353251187e-02
1.753232113168602668e-01
2.832456535606698855e-01
2.283782590376762234e-01
2.126997375318281369e-01
1.997636507421725882e-01
1.598382426541510026e-01
1.180904609594835980e-01
3.755708459724321768e-02
4.813785334803450527e-02
1.991966796704190135e-01
2.741791969466453871e-01
1.049055689566022881e-01
6.173952915997588109e-02
3.085882989410329014e-01
3.153854834267975082e-01
4.359184527405202819e-02
4.060284036849295952e-02
2.650904510298744709e-04
3.008791236623182819e-01
2.441644327336007225e-01
1.134315294745470160e-01
1.385721414767583370e-01
1.667991222246909266e-01
6.245469366252931476e-02
3.196276722106850543e-01
4.892197057308225044e-02
3.803496696805663824e-02
1.053508493393635892e-01
1.279778888224966660e-01
5.748624122304726164e-03
2.807789957818332405e-01
2.958788941170614195e-01
2.972544642235935841e-01
2.704932162510371649e-02
1.650463786797920773e-01
2.665767831754810580e-01
1.839417718348354547e-01
1.346834707737486758e-01
8.996858515665381861e-02
2.485561737797767623e-01
1.231136080106327024e-01
2.589478758907775569e-01
1.518097374171209213e-01
3.669536462900341994e-02
7.856448915906205643e-02
1.879860447958227876e-01
1.050301527123009421e-01
6.224857806281824252e-02
5.867115307686299186e-02
7.865732281654183589e-02
1.821265854681291263e-01
3.147209639025421724e-01
1.108198915949228786e-01
5.155514070361506829e-02
2.651124724380070075e-01
1.554434083932252353e-01
1.863345555422162569e-01
7.069961280632604261e-02
2.641270933066188764e-01
3.674297859851000797e-02
2.498055268305807153e-01
8.397763598374159699e-02
4.988431863823168666e-02
1.140140629842904263e-01
1.627956430959913714e-01
9.352156504402377168e-02
1.366275555830267774e-01
1.920376919853732101e-01
1.345099690124639258e-01
1.608780663290553248e-01
2.496843353598117779e-02
5.571363946180537402e-02
1.541293655826677378e-01
4.518143770822544147e-02
1.582650649284830791e-02
2.856305243961895432e-02
6.078394730067186030e-02
5.305138654936414344e-02
2.525806861313577567e-01
7.817384605854486856e-02
2.672242330081168182e-01
1.008431578492419850e-01
1.630153928330851931e-01
1.693064378040397833e-01
1.824580026692291801e-01
8.033325740051409924e-02
1.651994515369906158e-01
4.326269369699604905e-02
3.100044845721057762e-01
1.019162979498879767e-01
6.556356075456799826e-02
2.091923840370685239e-02
1.896750660478049855e-01
1.503894713802812200e-01
9.368945699597355792e-02
1.058293471742301484e-01
2.995262583273322621e-01
3.970113753134570100e-02
3.207245325764760957e-01
3.186802330212237799e-01
6.417586110949131950e-02
1.143660656593701169e-01
2.099344452056592092e-01
1.063808448611131968e-01
5.931656316769206433e-02
6.566529525017322788e-02
1.314768573442997857e-01
1.666427342267128853e-01
2.963747205579199684e-01
3.029154661644680238e-02
5.285314545613994247e-02
7.198634303895486142e-02
1.437334556020503362e-01
3.796455559184644390e-02
1.960291150979454888e-01
2.140719944350038539e-01
1.725001013315361209e-01
4.057011821128046758e-02
2.318027969230622709e-01
6.972765448009590750e-02
1.537580063706101841e-01
2.385906968333484923e-01
1.245045846148588459e-01
2.700221544119735806e-01
6.120682718770627945e-02
8.483041243467248638e-02
3.109826823234393967e-01
1.516908331160883028e-01
8.421852439578095262e-02
1.972356201987787994e-01
3.182145665056544948e-01
1.748463159215299656e-01
1.869510523298184845e-01
2.699177099486163023e-01
9.770662813522996634e-03
3.110842308848680848e-01
5.836506156241572096e-02
5.498739312635676779e-02
2.502141986897104542e-01
2.512077092394782163e-02
2.686821608377268356e-01
4.468630821973988698e-02
9.217339686126162224e-02
2.099674743632729337e-02
1.414618618975143904e-01
1.158819706835095276e-01
3.083757191383073581e-01
2.967711460416023184e-01
1.714224341212410296e-01
5.498250262043877928e-02
4.617172435302220601e-02
3.188192714320708387e-01
2.647316795192194983e-01
1.759584176866743899e-01
3.109496422210998867e-01
1.293556633598174077e-01
7.323704780732133435e-02
1.464450055259847450e-01
2.698977676273507653e-02
3.086404830105912156e-01
2.482932137600435962e-01
1.047419419337574098e-01
7.662502276997351647e-02
3.197119941958606604e-01
6.060806857720037188e-02
2.481390971996100259e-01
4.705000236852231038e-02
3.053667765609177631e-01
2.260674400683683472e-01
1.342345427023612092e-01
1.927298650518035894e-01
3.199955505500981512e-02
2.971343889904760616e-01
9.933053145727469002e-02
1.803094390842426842e-01
1.147526129333889811e-01
1.801017379746883834e-02
2.254611030123429283e-01
5.132429678478946100e-02
5.960876353091983798e-02
6.396243175654937885e-02
1.749233986765120694e-02
1.260967863033819747e-01
3.749337052725139341e-02
2.693348720333472723e-01
1.550517468372049901e-01
1.697753400891476860e-01
9.347819337275208029e-02
4.632964618851588556e-02
3.138634601115379563e-02
2.827444336411392145e-01
2.253344359489116155e-01
1.394861597699090516e-01
1.183813759607912075e-01
5.777207833140006465e-02
1.684489800989134034e-01
2.938213322619884771e-01
2.769880224680270620e-01
2.153110663008066597e-02
4.198863123719184104e-02
2.311582851531667204e-01
8.702258649294779269e-02
6.244875904642364223e-02
2.360168449673571700e-01
1.201608393921048262e-01
1.605946183519517956e-01
1.455722189289379020e-01
5.630363985284344425e-02
3.143927256282110783e-01
1.266453086671408268e-01
3.069403754765637204e-01
1.155853543433651986e-02
8.900579922010888601e-02
1.603601583184726953e-01
9.910473614871244397e-02
2.977297523733437035e-01
9.715784476086677945e-02
1.051088511197321440e-01
3.498065845796850121e-02
2.918110316007491156e-01
5.454036590649187499e-02
2.404516266826526305e-01
1.208146791252396463e-01
7.195888421512496025e-02
2.870144413760191693e-01
6.774108567880575416e-02
1.461873145124239493e-01
6.147327578553125893e-02
7.199965388682362522e-02
4.745159508745313420e-02
9.617385753538050530e-02
1.465678548102115619e-01
2.619387469007091740e-01
4.326508268790651979e-02
2.083498962463362636e-01
2.604100251482072692e-01
1.198088970517285634e-01
1.004366400264155301e-01
1.838830844772496587e-01
9.062928743196332210e-03
3.073816541820859616e-01
2.703284116141504989e-01
1.650675009560178264e-01
4.084876511602657245e-02
2.402427662022832977e-01
8.425812653787789763e-02
6.217415209493947631e-02
2.926624884353717926e-01
5.315559516690468445e-02
1.754931705852238455e-01
1.529479214381190000e-01
1.259673754081325758e-01
2.312063514418273846e-01
5.422839809519329479e-02
9.873116493585031017e-02
1.495994706672985619e-01
1.361037008215141286e-01
3.071866599047756718e-01
1.928993504639067991e-01
1.784998685745958769e-01
1.594425865395310005e-01
1.603069872890010295e-01
1.714067701630621679e-02
2.516540893107332977e-01
2.508470693911507565e-01
1.273352328983563472e-02
1.841359702950293720e-01
2.025483037612679782e-01
1.463628307306286402e-01
7.848975109422939855e-02
2.988378769008942504e-01
1.600684474830118276e-01
2.362296658987770026e-01
3.619701125723231300e-02
3.060887957290978623e-01
8.508464625132076964e-02
2.359078778105831720e-02
2.643406136256692615e-02
3.201609966058028833e-01
3.206437675109291008e-01
3.323742146747703935e-02
1.153804153471089666e-01
3.001098002170425882e-01
7.830103707855971817e-02
1.562446260755474547e-01
1.774377151036712619e-01
2.954651502841402766e-01
3.019745606772729629e-01
2.224250502597971135e-01
1.961952835907280202e-01
1.948885794618050449e-01
3.132588953525856090e-01
2.361310667812028530e-01
6.004154546982098245e-02
5.253312393487969550e-02
8.096113435927655699e-02
3.410637665826309235e-03
6.304414834958946279e-02
2.174134874692378872e-01
3.011086355748899268e-01
1.884970742245757891e-01
2.360995221567716573e-01
6.346276797816538529e-02
6.289074378631916151e-02
1.670727000532480633e-01
1.628671656115592836e-01
5.334167930967519122e-02
1.440949878072732282e-01
3.171257299015536879e-01
5.381984137340735386e-02
1.535091786112651735e-01
2.533087871813916037e-01
2.499107783506653302e-01
2.577034298990935612e-01
1.361593032718999285e-01
2.856090304918630363e-01
2.987953147095260276e-01
2.729519307899733183e-01
3.043506873475909091e-01
3.512385716326135721e-02
1.830585403474635775e-01
1.865805079928687105e-01
2.523572498960941490e-01
7.006029323098982020e-02
2.262833321535718811e-01
1.685762672016703489e-01
4.050478362982036507e-02
2.987210221793085152e-01
1.100384529737349765e-01
1.347889856356782323e-01
1.485500367459158255e-01
1.673258968487003340e-01
2.041282722439251018e-01
2.748592713423794187e-01
4.774098176003782612e-02
5.431736163519208793e-02
5.059734464314943198e-02
2.247715872678252846e-01
2.919100834614588580e-01
2.064915794433451746e-01
2.764951335840953317e-01
2.927971735000792775e-01
7.585556340228441496e-02
5.400642277292556914e-02
2.678534958147446229e-02
2.843248487896922749e-01
3.175090664051790079e-01
1.866612858339411762e-01
2.164793680770041584e-01
2.568473529108100673e-01
5.240060369282407982e-02
5.555116406753927288e-02
8.088326255395328346e-02
1.056026711074273122e-01
5.176056076943795492e-02
2.750773371514533480e-02
1.622398515594541679e-01
3.333232919552878842e-02
2.814006249002802829e-01
2.229888956855972659e-01
1.560136129745252620e-01
3.090020232584875237e-01
1.214304376910075589e-01
5.916686198072983877e-02
6.498621449692858210e-02
2.506653619891267004e-01
2.885619609751027825e-01
8.807339550721539345e-02
2.860212008513610127e-01
7.445047533506246595e-02
2.893553565033517017e-01
3.036684424086484313e-01
2.611208040056823276e-01
2.837474388172183878e-02
2.399780725514505941e-01
2.527465015614232535e-01
2.818958212543245731e-02
1.595862326684578669e-01
1.951090493450824415e-01
1.345518197574474550e-01
5.577442381102340474e-02
3.159718644784041686e-02
1.101557047969347614e-01
2.532988953318127123e-01
3.733646095600564457e-02
7.049512298257423759e-02
1.155476830061775151e-01
3.583065997431525429e-02
1.877475655656903608e-01
2.049807697517907756e-01
6.371206978614504801e-02
5.519650044401524375e-02
5.869324241298627676e-02
1.805441408845911144e-01
9.926738580952473856e-02
2.800143899979174941e-02
1.824113303189534852e-01
1.573171903696218496e-02
2.515658310038758616e-01
2.075946517073428144e-01
6.474202687057220573e-02
1.188176871386203426e-01
4.554756002762407746e-02
1.070826061221940295e-01
1.845266041768935383e-01
2.080518595508512314e-01
3.176455469101002738e-01
4.162444456000169435e-03
2.358504495631325304e-01
6.587376862872530714e-02
2.901748852584768446e-01
1.852297677991224800e-01
4.776509600886051816e-03
3.140785120156717736e-01
1.920216760762008257e-01
4.960851674718683157e-02
5.608030168206392524e-02
6.715161954462564586e-02
5.760354490787705783e-02
2.959929140815026893e-01
2.923017557311465703e-02
3.127918513383549648e-01
1.570219149762030475e-01
1.406540832831076615e-01
2.445817013446111021e-01
1.159397203268778681e-01
3.088163254703470834e-02
1.969691973061198087e-01
4.213146283455757729e-02
2.667013586723273599e-01
1.641097630879058411e-01
1.390561425143756191e-01
2.724272414532477593e-01
1.438523369474977998e-01
2.014299108862205867e-01
6.115366054372763094e-02
1.189578527681767056e-01
1.718130355328496561e-01
3.013318912692738438e-01
2.976844565508103835e-01
6.876488519270394784e-02
1.660459581107661189e-02
2.788183758393787959e-01
3.041229132130873758e-01
6.147491960198329247e-02
1.693790334880496684e-01
3.753954723063280402e-02
5.907545679728069127e-02
3.236370874260548203e-02
2.482882453312363485e-02
1.651495653272329334e-01
1.712860849200980584e-01
7.692884612527728372e-02
3.104157988439897320e-01
5.569575910447285838e-02
5.346325090669705460e-02
1.890843448302022001e-01
3.118460346313605136e-01
2.976308100256671585e-01
1.190937955627240641e-01
1.889303811233256358e-01
2.767759476702966182e-01
1.545235728955567933e-01
6.016194956947788774e-02
2.670598035913974155e-01
1.199820948059153042e-01
7.640075442082611135e-02
2.467570488578255394e-01
2.372478658672905472e-01
2.896791887640506324e-01
2.033359353029532135e-01
3.208167566574731122e-01
3.051757183109622407e-01
2.026044545117790530e-01
1.438284361984008275e-01
1.988724522772000181e-01
5.219980323608253148e-02
8.377909139412255402e-03
1.852226774427353229e-01
5.008509563839354944e-02
2.028199155275175747e-01
3.054594711847922750e-01
5.756496873439817530e-02
2.178349380026519955e-01
2.503913477773183627e-01
1.697219663775380583e-01
3.981184416359995898e-02
3.039819905896917751e-01
2.819040112853921087e-01
8.686275799366899308e-02
6.369356694100954119e-02
1.390983302555309498e-01
3.105829443745825036e-01
2.705650534045176969e-01
1.762040610868835511e-02
1.045340377083534139e-01
4.433232390335277440e-02
2.717897146273835496e-01
1.964924823083633865e-01
2.448875711247269493e-01
2.781251399430501037e-01
2.075263203614446106e-01
4.091023941893016935e-02
2.939263435953955172e-02
5.406554523845613636e-02
3.048463991108008586e-01
1.398482670155544449e-01
7.940774094197296240e-02
1.148112495174517106e-01
1.524988142140769609e-01
2.972778026832901821e-01
3.291231530195145444e-02
9.891806022609056503e-02
2.603871938945256231e-02
2.861066249403865225e-01
1.304126934404537252e-01
3.102980587886186026e-01
8.225371724988239652e-02
1.538353435060090500e-02
2.763168963952551405e-01
5.461612936773616034e-02
3.057010580219253829e-02
2.337434050412474928e-01
3.610868525109164895e-02
1.609131092698685150e-01
1.620323606532559912e-01
6.871908220697223180e-02
3.546522144546977034e-02
2.973214745263124681e-01
1.570226706015895590e-01
2.949728762115844671e-01
7.152272728036460081e-02
1.308017662819717722e-02
3.769349334604349400e-02
3.569797794111372741e-02
2.236633506223210111e-01
1.260781434733737258e-02
7.740890273484070383e-02
1.745167716753458567e-02
2.202912744064324801e-01
8.715402796198232216e-02
5.634423769010307725e-02
5.975149462596104910e-02
2.872790380527042720e-01
9.286658255381641247e-02
1.737728866041013676e-01
2.434803748074996776e-01
2.731162090801599329e-01
2.107583129158539792e-01
1.791214609088020715e-01
4.314893663719988198e-02
5.901193464838933728e-02
2.305797908273747587e-01
8.161923162899756279e-02
2.494437439871864670e-01
2.300332064551849354e-01
1.989964592359117213e-01
1.255701328647592374e-01
7.178258136017327817e-02
2.089090040449796681e-01
1.438054763357754229e-01
2.145020647233212285e-01
1.413229631403996600e-01
2.211946463669628438e-01
2.653770163549856731e-01
1.998907468557577227e-02
1.291820590323985163e-01
1.837146776248405750e-02
1.553448925675425009e-02
1.179214189743888058e-01
3.188469979666264109e-01
1.074678634992394938e-01
2.002513014178385758e-02
1.163876223474478826e-02
1.164213247203077645e-01
5.927399963896458346e-02
9.509808361267815813e-02
3.453878976411797058e-02
4.171309282756671677e-02
3.069683340374050329e-01
1.740724598084647801e-01
2.162896473737447312e-01
2.448855514805047817e-01
2.213067032322266203e-01
9.175287885404705135e-02
2.429019487642920458e-02
8.643328889188518771e-02
2.180501896143829665e-01
2.148423881648866829e-01
5.631076794091547516e-02
1.787258406658859267e-01
2.579744469405396701e-01
1.277188766711588319e-01
1.852835435385563889e-01
1.157207468792530031e-01
2.642660162451055950e-01
6.928264140307080488e-02
1.406709937071988319e-02
9.066159516095935456e-02
7.681578876082609253e-02
3.291124560420764789e-02
4.833887762153325773e-02
7.288042270943265177e-02
3.136786285510784755e-01
3.082653036520544704e-02
3.159313619964025377e-01
1.443801066734068661e-01
5.094585987515284214e-02
2.217288265399854075e-01
1.461146378497273357e-01
5.211238452530249365e-02
9.498300451096332309e-02
1.828885268867332936e-01
2.653264972524884135e-01
3.092564503440102808e-01
8.408134377402707443e-03
2.952787472733460206e-01
1.794085224472605766e-01
2.193509169772129008e-01
5.346052959112782693e-02
2.507948060284893033e-01
7.860985942076165189e-02
1.134886364934528241e-01
2.668184389684494229e-01
1.836674637667050358e-01
5.655723275584419174e-02
1.253034311615243424e-01
3.140706164597443784e-01
2.890926123952338722e-01
7.946544507989834749e-02
1.808710728469817841e-01
2.407947951008777843e-01
1.353752490675102227e-01
5.475619075927845580e-02
7.005732172478806863e-02
2.796925047325107827e-01
1.224804279971542301e-02
2.094422146110944405e-01
2.787422252036701395e-02
5.123333414511581363e-02
5.976610136627820424e-02
7.067417873527498395e-02
9.997857049188317580e-02
1.310020938824678349e-01
6.251675371693224403e-02
1.595212989634616774e-01
5.090716980350553506e-02
1.421089121104972541e-01
8.393536887021646464e-02
1.248561157429477764e-01
6.860215301341693328e-02
1.614491852261218732e-02
6.243175357541868448e-02
7.039817932135848666e-02
2.863302893139166305e-01
3.205458737658458679e-01
7.633001158091948235e-02
2.797914417043294577e-01
8.177094157917627615e-02
8.650952950426152310e-02
3.157900320995710164e-02
1.274396572108741355e-01
2.471337469619874078e-02
1.638658318537771982e-02
5.753260397411683741e-02
3.098694024854997675e-01
1.509218295963516421e-01
3.184249400529673979e-01
5.924053894414004623e-02
2.685076063233408639e-01
6.034364423865309912e-02
2.438896642085904287e-01
2.635356756629497199e-01
1.781982436931241198e-01
2.522891156294136406e-01
2.034422372052643868e-01
5.250706888632009073e-02
1.131151614710748828e-02
2.947310287132346995e-01
1.136481367046946606e-01
2.433130076724393798e-01
3.163154076143082083e-01
5.854085789334079193e-02
2.656584381506666426e-01
1.582119836269543500e-01
1.288401643646583383e-01
5.414576668682082733e-02
2.981699483785705262e-01
1.943721680474528868e-01
7.029389657568557714e-02
6.029528499729893548e-02
2.017995904297889831e-01
3.074453999837591378e-01
1.824408449208555216e-01
4.737252026937244231e-02
1.061046347694038355e-01
2.329325857420839196e-01
1.195272192493331415e-01
1.377122554371019991e-01
1.303702378389896555e-01
2.600211289316881058e-01
4.629577872488859630e-02
6.490460769575377362e-03
1.584518538604549609e-01
1.898242887426752901e-01
2.900562628837935475e-01
2.781221254708645674e-01
1.481101611827186915e-01
5.732352759294351979e-02
2.623638841687197729e-02
2.746333366948224275e-01
3.094716736592702522e-01
2.177029519074935027e-01
1.740890849352078051e-01
9.623004241968717565e-02
1.080801991998236872e-01
1.548224065307804986e-01
1.920239330952573098e-01
7.774083038166962334e-02
6.813977096704156022e-02
1.108817018625556233e-01
1.749227228133214129e-01
1.473573995239741141e-01
5.988394366346121156e-02
1.758504578411002051e-01
9.807661689385948137e-03
2.765696910596417424e-01
2.504990538921996746e-01
1.094104756915843663e-01
4.848693381298408572e-02
1.797031874099427329e-01
2.800934819108641394e-01
1.041636049165845096e-01
9.515971781168806876e-02
2.103830364745650217e-01
1.935037578766811428e-01
2.986316187713198844e-01
7.192042090654798825e-02
1.932983090460881903e-01
3.916920081826388150e-02
5.131594570022434548e-02
1.015371079581234570e-01
9.024536720291623237e-02
2.847772557397023063e-01
1.073842709144168100e-01
6.627691634316722202e-02
2.537642428911232040e-01
6.920663848056565759e-02
1.758071475881730628e-01
1.413092975383628200e-02
2.729325394714529618e-01
8.616128044935365826e-02
2.258303613995339409e-01
2.591322824966237892e-01
2.177189198142978899e-01
1.287412951825453282e-02
7.201784034335674198e-03
2.282526925185683342e-01
9.062942523963436747e-02
2.000594729259545790e-02
6.550723502447028390e-02
2.303623623579511073e-02
2.068225171139936314e-01
4.878898308516700644e-02
1.438820898469482246e-01
2.279605050969482904e-01
1.981577973652301483e-01
2.985433658951768335e-02
7.667826960259617464e-02
2.647990887055846621e-01
7.866318364209945457e-02
7.099280742415187140e-02
2.700685002110544408e-01
1.892102244677055511e-01
2.599583682590579925e-01
1.094209532107867783e-01
2.737028939835874364e-01
1.831312080179744728e-01
5.420055048217323895e-02
2.209183078406252720e-01
3.362012122202582415e-02
1.430181375362147567e-01
1.419685059467989952e-01
1.271029141449714628e-01
6.061748450919515058e-02
9.298166463276992533e-02
3.265109837496225909e-02
2.564137888591353498e-01
1.450968544597936172e-01
1.556646947499777389e-01
7.460148231361118931e-02
3.198772839496926701e-01
2.228287062680972541e-01
2.736410970016209254e-01
1.805198045178330879e-01
2.493344665715855613e-01
2.819551988792570740e-01
4.085875913326363074e-02
2.244638303414929759e-01
1.070353707649876751e-01
3.170846438952231727e-01
1.479439907087968520e-01
2.420417442906195316e-01
4.890398540954084966e-02
1.003818738701911240e-01
1.961439802146592026e-01
2.772273242201770196e-02
2.579583313231603725e-02
2.245127076794500021e-01
1.493874863134181386e-01
6.967010827332045797e-02
1.842985376003504205e-01
3.209247369645588654e-01
7.347126236198772697e-02
1.988018836146767179e-02
1.671760376991427988e-01
2.197404442113413681e-01
1.723207866533016663e-01
1.766401107901646172e-01
3.576499306091089625e-02
6.678017070813836720e-02
2.141635418509647559e-01
2.855512027061095012e-02
2.979333760254108676e-01
2.137878363411219729e-01
4.650355402408632571e-02
2.866345626640552924e-01
5.091533110410819546e-02
2.387244362163102041e-01
5.579979652215878716e-02
5.801591262975708263e-02
2.089756437921341248e-01
1.799421836592773605e-01
