2.357023545620015870e-01
1.385608183889999456e-01
9.631502423569957005e-02
1.121325347448417775e-01
2.396212578521385861e-01
1.696025315025081193e-01
1.054632296501876593e-01
9.511280998956599120e-02
1.037792909435055477e-01
2.025988875691704383e-01
2.155672770138439553e-01
2.082678490866538001e-01
1.866428569330256526e-01
2.753388573438870449e-03
2.540567346724811881e-01
1.492079305192904604e-01
2.085585522641382750e-01
1.237167756622204601e-01
8.048025044813746087e-02
1.186491904087600378e-02
2.106706203828732638e-01
2.248511505701137336e-01
1.375655232882894985e-01
2.419631183595944424e-01
2.493812461712502093e-01
1.124967270355403809e-01
2.118829444123621064e-01
1.867101001526672716e-02
8.058540719067114333e-04
2.221962218703279479e-01
1.752815536803697394e-01
2.424836654343897335e-01
9.918746146037192568e-02
1.814417235868023004e-01
9.208591807444446720e-02
1.950437390172328755e-01
1.799519956309282298e-01
1.447637584376710446e-02
1.733125625758100696e-01
9.775633468042567442e-02
1.140482508822653757e-01
2.266121410268093495e-01
1.777593898216252022e-01
1.105408287891707642e-01
2.391743123514217528e-01
2.291424801326787386e-01
1.002480569901158663e-01
1.699270920117046946e-01
7.942205177749478429e-02
3.369742316186350763e-03
1.720195294400704289e-01
3.266047567926707619e-03
2.454512391262687054e-01
2.051714570930668613e-01
1.403439008478656880e-01
2.140822152178538385e-01
2.076262647251621019e-01
2.515931347372385440e-01
2.490998995507138769e-01
2.036452688130570010e-01
2.085426402838448656e-01
5.426154814216931077e-02
1.635042475673302853e-01
2.271156660159614482e-01
1.678073290753118452e-01
1.999927001726601872e-01
2.176614650529499206e-01
1.732306513300787554e-01
1.528998936037241352e-01
2.300437555495326580e-01
1.773218328358641682e-01
2.244177489736501330e-01
4.077030658838655397e-02
1.142508583632806662e-01
1.586773097047462500e-01
2.022059472044349104e-01
2.338842653285860829e-01
1.213747273458129494e-01
8.487139396760066956e-02
8.651454102761195475e-02
1.475812218774129603e-01
1.693040606921713820e-01
1.133854621128004281e-01
1.936305383145298931e-01
1.105289299506212464e-01
1.999015009780107099e-01
1.846807889270023761e-01
2.098277240679912170e-01
1.548999522513850972e-02
1.397130924370836580e-01
1.602290755507197184e-01
4.612949878606201204e-02
1.293827765939580265e-01
2.415265851749748005e-01
1.650023647066992671e-01
1.755500276918744718e-01
1.171881858918216203e-02
1.370627623970011311e-01
3.188100557022678638e-02
1.456981170012865423e-01
1.910151858380287615e-01
1.213661457556071688e-01
2.387029288356355139e-01
9.232196443738986333e-03
2.141446280126539092e-01
5.972561144821002255e-02
1.653705051596954800e-01
1.794658914496219948e-01
1.847382839888728479e-01
2.293287710482568575e-01
1.391347210553421643e-01
2.288600293217064874e-01
3.178856753350301489e-01
2.148789244806349752e-01
6.610276107832763204e-02
1.888619607104683462e-01
1.838750257624920670e-01
1.683950282706050683e-01
1.074041984222204038e-01
1.749409905783641805e-01
1.740085409652536996e-01
2.153532162079679624e-01
2.266033863500024059e-01
1.173136024329178712e-01
1.343921529725341790e-01
9.254298967374074980e-02
5.689034432507163175e-02
1.919254802843532032e-02
2.441715306966799892e-01
1.254313430887767922e-01
2.147726123566811030e-01
2.118147708104747562e-01
2.358021521295875500e-01
1.815570464714517940e-01
3.090896553635734748e-02
2.147859201288745412e-01
1.538073366577991652e-01
2.315964888573593672e-01
1.381696938725270607e-01
1.331842884983228982e-02
8.951196943381337090e-02
1.505197019427544913e-01
2.084464929633066954e-01
1.323264183314576958e-01
2.167988332377412397e-01
1.087539485360961428e-01
1.613400207270689057e-01
1.894219859763490998e-01
1.340833032353047627e-01
1.357246520025360559e-01
1.567398274906572631e-01
1.761297332670568316e-01
1.900971638562740929e-01
2.264246466537465086e-01
6.922164713017929516e-02
1.995712086147962416e-01
1.493078516608297157e-01
4.762008936118448943e-02
1.165741662827302488e-01
2.319176722531650081e-01
5.944825879312910094e-02
8.210209359678898033e-02
1.672956411768596885e-01
2.078281694413627312e-01
1.987044655133633764e-01
1.160250779818644690e-01
1.393400480576551803e-01
2.189586106635428020e-01
2.546899537350112430e-01
2.099237338369671635e-01
2.232324774475443752e-01
1.934701141872747776e-01
1.365923269054183931e-01
2.192851249310069552e-03
2.279371203743447982e-01
1.813623492294791639e-01
2.212852640558127526e-01
7.778833340098713356e-02
2.048749416674201795e-01
1.902939978849687019e-01
1.845901811169462781e-01
1.700492205682399838e-01
1.158942294187703392e-01
2.219999183763773365e-01
1.176455843143737329e-01
2.409490813859516134e-01
2.050588520203698584e-01
1.308659235511027696e-01
3.204054180287100317e-01
1.029025830639002798e-01
1.147149542316811544e-01
2.063257109823490587e-01
2.440224038527996075e-01
1.291513166999934403e-01
2.165485506122578618e-01
1.992306978991820743e-01
1.207480694403271632e-01
9.061011336963389895e-02
1.851571535834793114e-01
6.713284057795622373e-02
2.150425535664036159e-01
1.432247475208835719e-01
1.310073618052481348e-01
1.396281002746522504e-01
1.099443246646480410e-01
2.270629608035110991e-01
2.242849027565219089e-01
1.880584070082073067e-01
2.483698393816305069e-02
1.756300850980474781e-01
1.811526018129149818e-01
2.166227477956181313e-01
1.840387876972605086e-01
7.871961647941362605e-02
2.088340869907284736e-01
2.243597249351999834e-01
1.078098056962788071e-01
1.794671329243502367e-01
1.265656860831581576e-01
8.665702114809654966e-02
2.115966228063207721e-01
1.835407743522791402e-01
1.922017889287499781e-01
9.100543519638562562e-02
3.128473961562971972e-02
1.097166869956784155e-02
1.248375431961303017e-01
1.141737435881603202e-01
9.247550311701005499e-02
2.173830756648401641e-01
1.502725756962292880e-01
1.471632914225416873e-02
2.156519245469089296e-01
1.288191733478280254e-01
1.172227662266845938e-01
1.678506837526418383e-01
1.652827731974377823e-01
1.536075186939530324e-01
1.521132903047795193e-01
1.868660803129855441e-01
1.911594981370593263e-02
5.815522529305264086e-05
8.827538906541548824e-02
2.566784256503940043e-01
1.824369741046095172e-01
2.359130463588671456e-01
1.111279377928744982e-01
1.534688418457280101e-01
2.023011071306537456e-01
8.828580454923874721e-02
1.621744429345403915e-01
2.358751358013095045e-01
2.391237179497988918e-02
1.256484805049014331e-01
1.636699170166456552e-01
2.185536722346538285e-01
1.618650792641237457e-01
1.132461750611171540e-02
1.582739131013094769e-01
9.831870757591139320e-02
1.964690013353967424e-01
1.117163814270309558e-01
3.509414355907066385e-04
1.560040281137320128e-01
1.877940922386483191e-01
2.106214881456678623e-01
2.359964514099053001e-01
1.613875607864679110e-02
9.528109294895754922e-02
2.558206626159851282e-01
1.967222717494190032e-01
6.019475640103614383e-02
1.932771968562756459e-01
1.846326888053540227e-01
9.969344176945457714e-02
1.847292956207482739e-01
2.245420486737670362e-01
1.239567576608555446e-02
1.898393609753225020e-01
1.835144006348985446e-01
4.854302772353323581e-02
2.876421048942765513e-01
2.378516041496791800e-01
1.949099776033104692e-01
1.797359083669615165e-01
2.429525433654766975e-01
2.209665961222352093e-01
1.590150744176311859e-01
2.198679069808023578e-01
1.163137340708901013e-01
2.079541574755650601e-01
1.427737482655676571e-01
7.641685279492565867e-03
8.317995304896725825e-03
1.936366228597606320e-01
7.632332276442803376e-02
2.290697298394870629e-01
1.657178223084946889e-01
1.631076119976154759e-01
1.546519762147642307e-01
1.813279490782735981e-01
1.261690943493318784e-01
1.229323530320325791e-01
2.128429124111964332e-01
1.268348884838153001e-01
1.532691516809400467e-01
7.572007444931781912e-03
2.097465683140259107e-01
1.084620447165160761e-01
2.105063754254837549e-01
2.162960790009650636e-01
2.360614023155943875e-01
1.640276030120571549e-01
6.307769306973559642e-02
1.666910061777742702e-01
2.487612471724669205e-01
1.354689512335362778e-01
1.295768505026306805e-01
1.138542143684292546e-01
1.062244088344855147e-01
1.471017034020220826e-01
1.791487529513478144e-02
1.844830478436222665e-01
6.088418103365432488e-02
1.360242059879194221e-01
2.119146947366745415e-01
1.222682988824970313e-01
1.817977524500477560e-01
1.527540529374415701e-01
7.391357668931443359e-02
1.413610814353980782e-01
1.632493153688114595e-01
2.193392534926864590e-01
9.040477774718308490e-02
2.291510842938063730e-01
1.085244298227819315e-01
1.862304127943260057e-01
1.440850418896865055e-02
1.742122321783822481e-01
1.771590567410589734e-01
8.110089906044949670e-02
1.001663974512722044e-01
1.158578502506271181e-02
3.327497739967334445e-01
2.097965400443475570e-01
2.090500525136530507e-01
9.988414212748800928e-04
8.875642717844202390e-02
1.947838479440877346e-01
1.720373107157354142e-01
1.143759731958528675e-01
1.248732603217998643e-01
1.898445774545614861e-01
1.311562868370829034e-02
5.892462422290303814e-02
1.863473348568446264e-01
9.789776966940114122e-02
2.072869991220908370e-01
1.423791097338545641e-01
2.455358164445579361e-01
5.650096750316933002e-04
1.737171191916490331e-01
1.215557284455332648e-01
2.149390456467392130e-01
9.510526782361598819e-02
5.825081275879031434e-02
1.284844419396860282e-01
2.265713304668972583e-01
2.076668995802309903e-01
2.080218393362190110e-01
7.243748507888779498e-02
6.920280887589781715e-02
2.544119158991737240e-01
2.006346681253434183e-01
1.437262249793648250e-01
2.124881855865928537e-01
9.830291866763933573e-02
1.023526139479386671e-01
2.060646806686519950e-01
1.940479994431329736e-01
1.770196056944621232e-01
8.013985918593449775e-02
2.010613274012758855e-01
1.461100605352649295e-01
1.404389081381868243e-01
3.232456146742121363e-04
1.713858235331002788e-01
2.537744804215121275e-01
6.820948436629190037e-02
1.904108672861148932e-01
2.404424171101935404e-01
2.167895659617052051e-01
8.622978398385262866e-02
1.329959371779067812e-01
6.635674251441794902e-02
2.040467495678452425e-01
2.145060206574486150e-01
1.643609510768785364e-01
1.740037328666336203e-01
1.756493079779744559e-01
2.190588540573470411e-01
5.593678583182485741e-04
2.550955133975859601e-01
2.544493591205773675e-01
8.704942911723639876e-02
2.220042788013310009e-01
1.422985638850680634e-01
1.507695496780672717e-01
1.734364700617425925e-01
2.548001153424378495e-01
7.837174897733734102e-02
1.348216133274361961e-01
1.260314063327919454e-01
1.642197315760307863e-01
1.295495026967393160e-01
8.414617923495212263e-04
2.508999327908515986e-01
1.768471706120782194e-01
1.917264453087462461e-01
1.530182279761891848e-02
1.822831634362382380e-01
1.533659688231395757e-01
1.419941260467698640e-01
1.532256599692263244e-01
3.834317580089609875e-03
1.681095732908186313e-01
1.660349749859459378e-01
2.121177855077697183e-01
1.351234695390514662e-01
1.129978087421187605e-01
1.710082700955646573e-01
2.338272592224371893e-01
2.278650243942996756e-01
2.043809279900083431e-01
2.334879235926585750e-01
1.879955047877406304e-01
1.609019359228351098e-01
1.698595884677771561e-01
9.609961364037221399e-02
9.214830855988820346e-02
1.567145658724053703e-01
1.265387644988706824e-02
1.361091776635386386e-01
2.380246681892618232e-01
1.072227502903559532e-01
1.040953930906359237e-01
2.348597988922322410e-01
1.568141376245480167e-01
1.753389698304496369e-01
2.267570180702081495e-01
1.937532832277485129e-01
2.213929944618187318e-01
2.925501863827500992e-02
1.091760588477342780e-01
8.002625468634989858e-02
1.674667920974201585e-01
8.762976802182857738e-02
1.467798348832036748e-01
1.317723313052075185e-01
1.235788348656784441e-01
1.925292409327042931e-01
2.458009678877158821e-01
1.466113080961257975e-01
1.950563882455666753e-01
2.828414850566590005e-02
1.435651326622834068e-01
2.041010973301546627e-01
2.266150729103761086e-01
4.750972321768985596e-02
1.918950589037875798e-01
1.317068940893135988e-03
1.496809567783725370e-01
2.276458269094396580e-01
1.763704043186705706e-01
8.075925234106001716e-02
1.724531175906761915e-01
1.821367263198287456e-01
1.848298404290387997e-01
1.207185375278256173e-01
2.266601553679797043e-01
2.243633571892377498e-01
1.233947730361314166e-01
1.932674096039107281e-01
1.406863165679267114e-01
1.254037721384813897e-01
1.393941412764514443e-01
1.122445971750704596e-01
1.767895659015397136e-01
1.904827290269621165e-01
1.396603133903824567e-01
1.335433037652719590e-01
1.012668557570582939e-01
1.369043965016720349e-02
1.534348604019824258e-01
1.032318211010820469e-01
1.774816149229237472e-01
1.861910906238307128e-01
3.373420550566793435e-02
2.771901494250252895e-01
1.295746882875995487e-01
1.286564366666862469e-01
7.267463395085894950e-02
1.021139663706712442e-01
1.241024392332795434e-01
1.735106873486748080e-01
1.508291119359692067e-01
1.289200257773508440e-01
1.656479547645006156e-01
2.162372857308212104e-01
1.902233323511311747e-01
2.084645459773954990e-01
2.352946764867477891e-01
1.038714846243547207e-01
2.520809667810821608e-01
1.012177666799073394e-01
3.708761000520606477e-02
1.940738237918335496e-01
2.069345188351260356e-01
9.717072961640087214e-02
2.771573296610032808e-02
7.590781045467622510e-04
2.142694073748867001e-01
2.205856227986658646e-01
2.107410606344188864e-01
1.203547051948926500e-01
4.367189833284595285e-02
9.956917362497107182e-02
2.027640775471788726e-01
7.853770626773069752e-02
1.826446131989087895e-01
9.006592757265814708e-02
5.489877986056275472e-02
1.908945610764817280e-01
2.270255216298682210e-01
3.931909516206302801e-02
9.418624200597915108e-02
9.162729647756127915e-03
1.098761169473608801e-01
7.162532854946429550e-02
9.475364555398316235e-02
1.791141345533085460e-01
2.030724119448213960e-01
1.642233431210630701e-01
1.037257620562893057e-01
2.003577694605553627e-01
2.316228013958752385e-01
4.353117666465756812e-03
7.241916915549877209e-02
2.173048629452412617e-01
2.334226988817080239e-01
2.016872453100294060e-01
6.290649628133561377e-02
1.917619846475258627e-01
1.587333695393053079e-01
1.418510989783654253e-01
1.276270019320851212e-01
9.268030281680114668e-02
2.149101153807320974e-01
2.250513573019393906e-02
1.153493643019025822e-01
2.326922081773475093e-01
1.245145258324351079e-01
2.144930297649594308e-01
1.463864836822830751e-01
1.445313506325987818e-01
2.347125159144582141e-01
1.131270851654692794e-01
1.342516839989736366e-01
1.484982711170967085e-01
1.906846333952281203e-01
1.295255593438695563e-01
2.135120416230074925e-01
2.355607418032772127e-01
1.218487392732316849e-01
1.817737840177040542e-01
1.428989299166248672e-01
1.519077545185737177e-01
2.155693078090410997e-01
1.439601013205296931e-01
9.963421765871871560e-02
1.731170987038718190e-01
2.031927927867133721e-01
1.248082298389208006e-01
1.234727766670981330e-01
2.188668134143766653e-01
2.536511055290601169e-01
1.501623075142892727e-01
1.116805566688433005e-01
1.424302163243140740e-01
1.337088106318475023e-01
2.340058836834109091e-01
1.894382758152503565e-01
1.632333563505992957e-01
9.904459239497141743e-02
1.807379091589697562e-01
1.643189435533858045e-01
2.181462764485248840e-01
7.783210479079155641e-02
2.541947340630468233e-01
2.306932014989703794e-01
1.755514672353652994e-01
1.350337207261480821e-01
1.257847137964901441e-01
1.692862906143562940e-01
5.023412513656242556e-02
1.526250298305792397e-01
2.501291598350303680e-01
2.007956192556109853e-01
2.469563448914492421e-01
2.243014844240526773e-01
9.395677563076090810e-02
2.215771322191537607e-01
2.340756622008892673e-01
1.208497880717077783e-01
5.520431689364685467e-04
2.228412166784827508e-01
1.520778594188193777e-01
1.282969357403854760e-01
1.191847528350578334e-01
2.090021387422552890e-01
6.578824122331944357e-02
1.526330548157945333e-01
1.875017461935820084e-01
1.513430869888608699e-01
1.123924769386602934e-01
1.403245885766196688e-01
1.974063831351393628e-01
2.277642540825828843e-01
2.182452966942359518e-01
1.304567506393088938e-01
5.800501332539968052e-02
1.806542943876994489e-01
1.666776697208895985e-01
1.844527428629205434e-01
1.762016408559576308e-01
2.546354784168206598e-01
1.035101262595758409e-01
1.191367428633188785e-01
8.835287729805556267e-02
2.097363493116828626e-01
1.689475250651272242e-01
2.032935517882452359e-01
1.190877887585905237e-01
1.198792079606816607e-01
2.092998619404274063e-01
1.128436824959226786e-01
9.427283828546273448e-02
6.215454404102429935e-03
1.751684286011148950e-01
2.235357678925438962e-01
1.916396983986953240e-01
2.477009229912997545e-01
1.098016632409916093e-01
2.281493652031443276e-01
1.796891531922434060e-01
2.410002863472190948e-01
2.102847825403405257e-01
2.327847125323540267e-01
2.353693273817587805e-01
1.241675465814940232e-01
2.857830737106033248e-02
6.056936226364473957e-02
9.759786930770075752e-02
1.917681260749188876e-01
2.107409716204459438e-01
2.516917691242786526e-01
6.052895346148415290e-02
1.959955089158603725e-01
1.498682565913820319e-01
1.648062193646696316e-01
2.166699034276273472e-01
2.238311547476455055e-01
1.743051383492728867e-01
1.538421104348873525e-01
4.595999494895849913e-03
1.721180270231755516e-01
2.265840462296789815e-01
1.882973694887389859e-01
2.135833098515728945e-01
1.673271455127963436e-01
1.670415741992134218e-01
1.307177096875142275e-01
1.825960726668514889e-01
7.854758498646031983e-02
2.403017865311786183e-01
1.027126525939092427e-01
2.472508994679095962e-01
1.525477819476085510e-02
1.560095628283636182e-01
1.781243200421066541e-01
2.035587936849347912e-01
9.742932991464060832e-02
2.109757530969004480e-01
1.646068654852029800e-01
1.925776206124497347e-01
2.067534958652790800e-01
2.159177507167113763e-01
1.838681835002385634e-01
2.054630282810707143e-01
1.827994308640721599e-01
3.958801070576223324e-02
2.289571690962307615e-01
9.706183535896539816e-02
6.082370050015988711e-02
9.882979335199200410e-02
2.399891202372943511e-01
2.129581430379267060e-01
2.152062058725102978e-01
1.660302075127927934e-01
2.156715386961330361e-01
2.131531620841597419e-01
1.005493882405466138e-01
2.204662995653974000e-01
1.497068711816758602e-01
8.679870270093405227e-02
1.353198152378504437e-01
1.369005727994613286e-01
2.453793431940874403e-01
9.761789964022951627e-02
2.530139851514909277e-01
1.815912677161336808e-01
2.246088081707945938e-01
1.239907095155984851e-01
1.598323163495867227e-01
1.899227974801852292e-01
8.112107654335333484e-02
1.957397346636464142e-01
2.155153859013959616e-01
7.737392841394741261e-02
1.074427432631723522e-01
1.175307123400208820e-01
1.149633930763395845e-01
1.557391393289799808e-01
8.201601171426949055e-02
1.987146123270015219e-01
1.253375738825364683e-01
3.324801670443524454e-02
1.767069955832708400e-02
1.777351393716397263e-02
1.822231080825417737e-01
1.067357517899439751e-01
1.061910393013869164e-01
2.131727381057043902e-01
2.185615998062299670e-01
2.012269820674260079e-01
1.067002427898773587e-02
2.063919503672474454e-01
1.925956416703892560e-01
2.394733402094124507e-03
1.716839650082047364e-01
9.207922364825084360e-02
1.457240991479382408e-01
1.077903868034254115e-01
2.479377158699780370e-03
1.754506697807050875e-01
1.869944419054654916e-01
1.465658666860477632e-01
1.727733965084523315e-01
7.152233409828039068e-02
1.317134770812851130e-01
1.826400390644628557e-01
2.140272491969135160e-01
3.436885983190503951e-02
1.928601986164568405e-01
2.283689791891799770e-01
1.747370080002154380e-01
1.988000570341424411e-01
1.731758777573619290e-01
1.493927549573863950e-02
1.620794240340167613e-01
1.581810829948007147e-01
1.790143544707114009e-01
1.275625297489827725e-01
1.422077859132859778e-01
1.249517464530480043e-01
1.740915112121865782e-01
2.033433050993106450e-01
1.393830095949873116e-01
9.889716765680371668e-02
1.754498320716472437e-01
1.553623986176601579e-01
1.626033002246723702e-01
1.834105267520346472e-01
1.739711049348115768e-01
1.688350825914667619e-01
1.964780875420891471e-01
2.294961856604804673e-01
2.879294065042495646e-02
2.140802694894679836e-01
1.486766291932434259e-01
2.208602083397489257e-01
1.971869630621784011e-02
1.316541847664650100e-01
1.002936912494729188e-01
2.414291511174306293e-01
2.098677516299065071e-01
6.378597516313716520e-02
1.615421026325248866e-01
1.893524274548183950e-01
1.764329198371333562e-01
2.144683631500123866e-01
2.328896695464265365e-01
1.521896380493514001e-01
2.540230527540824901e-01
1.810569584274200616e-01
1.598622168184912207e-01
2.565698118782179238e-01
2.260480118658834137e-01
9.497890005827894222e-02
1.499908202661100198e-01
1.062934398628536531e-01
1.217240965814757464e-01
2.328844010064677894e-01
2.052269820194749517e-01
1.715115793577074721e-01
1.783379053450929730e-01
2.215808704806807583e-01
9.407835170712962325e-02
1.590528423464200591e-01
1.191132255398329315e-01
1.848932504339089455e-01
2.369695292938160322e-02
1.985733692982219467e-01
1.218559793917340234e-01
1.796898529970358815e-01
6.481340801491748682e-02
1.766772360958640820e-01
2.546167589438135814e-01
1.670011041772981666e-02
1.963163501752069121e-03
1.858911558617072080e-01
1.005608968729327785e-01
1.566153151610669425e-01
7.596557806866902074e-02
1.834057944911624549e-01
7.872395174865948198e-02
1.561898926293051604e-01
1.714806481447107289e-01
8.401144080460534735e-02
1.707987587459371681e-01
1.753684958999423282e-01
2.150413088051923438e-01
2.099263723426227357e-01
2.186037624860088513e-01
1.400547595763097231e-01
1.985968546639556576e-01
2.976890735642842567e-02
1.657429993588520889e-01
2.456568726812109471e-01
2.334126345837084227e-01
1.085032630827915956e-01
1.216843424785595817e-01
1.222474917845258607e-01
1.941027525871466264e-01
6.857811412410991236e-02
2.097099488030237380e-01
2.055114477964073150e-01
1.855918709224836927e-01
1.596947574351211818e-01
2.309460155180032281e-01
1.365687636517892989e-01
2.160763476818188533e-01
6.378152254477857663e-02
2.108289826930369315e-01
2.206274258906716634e-01
1.878644728098197436e-01
2.104341508776595426e-01
2.061257049948912179e-01
2.045622141774757485e-01
1.279245716916947717e-01
2.150596761743406582e-01
1.896773786181540217e-02
1.304289760369788977e-02
1.710382061955855459e-01
2.145914018176695304e-01
7.228386553095021705e-02
1.074431769775335277e-01
2.377154389820416991e-01
1.634968806658373963e-01
7.008163249157050656e-04
1.552295246765880710e-01
1.810964824062257228e-01
2.258424287194955860e-01
1.753001214320139001e-01
1.162364337893414534e-01
1.061400057338891256e-01
9.582356140447520487e-02
2.145439471390944985e-01
2.146150287398654322e-01
1.608111476049945421e-01
1.993952279551969020e-01
1.115806068558838487e-01
1.957342624656325408e-04
4.778310759008436853e-02
1.330966399334053141e-01
2.502580810291293867e-01
9.203710281229195156e-02
1.389697848909800248e-01
1.621531935181908801e-01
2.177399547447913808e-01
8.764228633637419219e-02
2.033554185284519589e-01
1.692720429230030466e-01
2.075320498612666653e-01
1.115410815014585000e-01
1.267201492881663560e-01
2.076821261577088684e-01
1.668091324687322463e-01
1.444128554747526327e-01
1.969519271444771513e-01
7.938260263138764705e-02
1.702238792270346357e-01
2.388537300025034837e-01
2.864208996302008980e-02
2.149761535054791894e-01
2.014080741180337975e-01
9.456051895664227547e-02
1.616309168303645960e-01
1.853993402612198749e-01
1.653783897942331382e-01
2.244527216340124753e-01
1.313041123732793802e-01
1.201889300384108294e-01
2.353083893947854610e-01
7.434655831996085651e-02
1.320494732675267513e-01
1.459714003328176357e-01
8.703144390196032587e-02
2.260820149239900212e-01
2.389779654634055783e-01
1.272848204621216117e-01
1.370515409876499890e-01
9.903455115501007266e-02
2.471161631744938914e-01
1.888309742125361401e-01
6.355497942698817848e-02
7.600152040101665341e-02
1.115529521396374235e-01
6.435961994622417526e-02
1.759544660949744765e-01
2.393985773032066278e-01
1.162361399203198364e-01
2.491073661895119029e-01
1.455728089751326670e-01
1.616701186789725742e-01
1.541526941075963553e-01
2.126850550347936519e-01
2.464890770067857395e-01
1.837636404506874654e-01
5.121755524479984500e-02
2.364531513528963791e-01
2.154633946895981866e-01
7.082219061080576028e-02
2.029500777040276482e-01
2.066364022005486023e-01
4.821919268976165851e-02
1.841553631361106669e-01
2.235731929928827799e-01
1.661705457465668945e-01
2.003693558978931755e-01
3.200320926075871791e-02
2.221430285766877732e-01
1.320115312658192985e-01
1.207970020762623997e-01
1.152703738573680609e-01
9.505115788414415789e-02
2.073678866821999089e-01
1.723457766918831402e-01
2.348566048548911267e-02
9.167185339777647601e-02
1.010775412997406142e-01
1.718035416076249822e-01
1.664194704913374012e-01
1.418636693125187587e-01
1.660425450295640315e-01
2.411357577086115089e-01
3.443798936452380915e-02
1.395617085145582636e-01
1.189622099974838032e-01
1.919873275127292889e-01
2.198379821841911219e-01
1.682669492888449192e-01
7.572558971231779790e-02
2.489502408775468301e-01
1.974806653690923952e-01
1.534663748591137411e-01
2.009308969129566247e-01
2.445794009956125947e-01
5.207000362133117066e-02
2.213493057568176881e-01
2.173074012159401103e-01
1.247981821856310042e-01
2.530396821282174247e-01
1.015310712743255905e-01
1.380577880844823524e-01
2.446494495575311789e-01
2.505359405596505051e-01
1.529013585762280802e-01
2.173405639398664491e-01
1.891119844774315217e-01
