2.385551872886501334e-01
2.871376118024873136e-01
1.318581275736150915e-01
3.554843562591519235e-01
2.410823911788147478e-01
1.508594890282304590e-01
2.197055916505494810e-01
2.058976864734130829e-01
2.067573369556933438e-01
2.839672645410925012e-01
2.416977620638952329e-01
1.808851918736212594e-01
1.759138938943715369e-01
3.282654513631223514e-01
1.993051353422450600e-01
3.400417493564742433e-01
1.200610602739669713e-01
1.250290193967006080e-01
2.194784762841860137e-01
2.002866037136946387e-01
3.117118278844486778e-01
2.356557898734605860e-01
1.663030810923140368e-01
1.912209475921873916e-02
2.639881218803303287e-01
1.234829671948508845e-01
1.057791862156334389e-01
2.296323638805485290e-01
1.881463463460022467e-01
6.698776073479588422e-02
2.767411257234485000e-01
1.794805494189737893e-01
1.736684535581010103e-01
5.777907272433755771e-03
3.007185006734412469e-01
1.656147901629313468e-01
2.573162209128933009e-01
2.030044358033340768e-02
3.005905367591718558e-02
2.530094480041508165e-01
5.601373469914718017e-02
3.409676412470459828e-01
1.592361488001419745e-01
2.694712458773865227e-01
3.503673183841042871e-01
2.166270333525595615e-01
2.428634055042366291e-01
3.555786576440727043e-01
1.443373774163004553e-01
2.313421064653143899e-01
8.655515180915583640e-02
1.487684046358175582e-01
1.916759604856752286e-01
1.068214920212251368e-01
1.323800602354788525e-01
1.454885791546657869e-01
6.335965217087428936e-02
4.228071185312953090e-02
1.708790289641861915e-01
6.059881512443487939e-02
1.570970031903410891e-01
2.639258365303250864e-01
2.477177480041821422e-01
2.630139914687635444e-02
1.766913415011805988e-01
1.010394259860956379e-01
2.398753377813994114e-01
2.620515433741468780e-01
1.372709105763932347e-01
2.797003105291492875e-01
1.880673486166201391e-01
1.994375044853117784e-01
2.241821071950928224e-01
1.697601454285539990e-01
2.099080212718857086e-01
3.282094669405031390e-02
1.758739977294175860e-01
1.875668636291122071e-01
8.633451728916396528e-04
3.275268049515758229e-01
1.762287837345136443e-01
1.397123147261822573e-01
2.434411126560078187e-01
1.791197387979123756e-01
1.162319275835162376e-02
3.358639297182879901e-01
1.856842284510591412e-01
1.851126856931046283e-01
2.504081019893926729e-01
2.600548542205610714e-01
3.355783923957344483e-01
2.069647604764788262e-01
3.084642895322992073e-01
1.902632234581932980e-01
9.738896128954271925e-02
2.581896232998858731e-01
1.897291597833759003e-01
2.185523709654495494e-01
2.013941006142485335e-01
1.866417543725207018e-01
1.856302122350165507e-01
2.525024778380927093e-01
1.128397246744085730e-01
2.062531050199190863e-01
2.594946532912930648e-01
1.866102750609546501e-01
2.157318089182437004e-01
1.848142695127660551e-01
3.505383328091984385e-01
3.305017546166083564e-01
2.455411532650831341e-01
3.156517119273757888e-01
2.490668561451179486e-01
1.084879428533274404e-01
2.084917405525402168e-01
7.730976994980734429e-02
2.946797069807060021e-01
4.226506918143645847e-02
1.918892120108571242e-01
1.019586559241377061e-01
1.729711569583233521e-01
2.797870125247848283e-01
1.915574009871781613e-01
2.009183742054013733e-01
1.840811376336125571e-01
2.178421466461028244e-01
2.231404200861586695e-01
3.157998644971217739e-01
3.048943806566665748e-01
1.445416114732180346e-01
1.596983612833774713e-01
2.194655654451096449e-01
2.419235573203899758e-01
8.763306727516276262e-02
1.375741270650451542e-01
2.499548333294756841e-01
2.206382486167675905e-01
2.803080285510435310e-01
2.449027199966984369e-01
1.845573901701196562e-01
1.917988244318888091e-01
1.594605768026475245e-01
2.123874781543496348e-01
2.335716508591364204e-01
2.968698070675921397e-01
1.446771977230672593e-02
2.844153581452792401e-01
2.217418883214808123e-01
2.142642675689440668e-01
2.473780405509151958e-01
1.467473138020027046e-01
2.015952044225263473e-01
1.580367338884743622e-01
3.022803549227733866e-01
1.350163262031599531e-01
1.388168967142760779e-01
1.838794229542073666e-01
3.111332928772319595e-01
1.796925508839506413e-01
2.214534888145920644e-01
1.622789674702765361e-01
1.595772144323210628e-01
2.557185378605141834e-01
2.186393937314116132e-01
1.527599377654382529e-01
2.015935962009887117e-01
2.571539793974384272e-02
3.460273577683232737e-01
2.560258051699930149e-01
2.446584914887788564e-01
1.558023581997597662e-01
2.396530165789719780e-01
1.702643974734459331e-01
2.853604449026797552e-02
1.051104923241706346e-01
1.138432459894519744e-01
1.530215376101780600e-01
9.235866273729984033e-02
2.023087191182441902e-01
1.956915693315414984e-01
6.836233795577742467e-02
1.806271293263272959e-01
2.166679103029786058e-01
1.290301843478390276e-01
2.234870576625255789e-01
1.361888003874179576e-01
2.392994951747452470e-01
3.286128499230404065e-01
1.415482103356291432e-01
2.168544917603699718e-01
3.536703516709494566e-01
3.155746047600723747e-01
2.852939824139046898e-01
1.518653353091823366e-01
1.652539234806336133e-01
1.911886254268887475e-01
9.143991063167361544e-02
2.727762593501459887e-01
2.702947854879707290e-02
1.698815713345754319e-01
3.182962041801445374e-01
1.763154052651192405e-01
2.498093521413972395e-01
3.393432021908083795e-01
2.525727552225680017e-01
2.163264048134782014e-01
3.239318406492378011e-01
2.532008971549304377e-01
1.773954620091968692e-01
1.708542101575520611e-01
1.863529438528394866e-01
8.202551034786804279e-03
2.754010493095106482e-01
1.314371641351543343e-02
2.687656160027022123e-01
1.617750821909128001e-01
1.958910990454469925e-01
1.634242310106991392e-01
1.441227521931638111e-01
1.348323169702006774e-01
3.447430863801742018e-01
1.292235626052413988e-01
2.751696642430705997e-01
3.841941744519528773e-02
8.778907396032954724e-02
1.286206235535407583e-01
1.236580698993928475e-04
2.061320571885920661e-01
2.235149307653735429e-01
1.554121536556876126e-01
1.223211577488529656e-01
1.776133789219071224e-01
1.030680547381682965e-01
1.751060926638206561e-01
2.707414142007347757e-01
1.862723902259445785e-01
2.020997965914398398e-01
1.166033236421254232e-03
2.503197141659504465e-01
2.237490794717603981e-01
2.233240283149725280e-01
1.751814155720821109e-01
2.633338954947435084e-01
3.156487081965174135e-01
1.363197216418452762e-01
1.620832484775776572e-01
1.522229342856160905e-01
1.743213399710517864e-01
3.532837420498071146e-01
2.996069091578251187e-01
3.511305505383594538e-01
2.289527973519603354e-01
1.900432617603677321e-01
1.629042555628724132e-01
1.176489217737266557e-01
1.777640663822901146e-01
1.769772451865528062e-01
3.042914874402908865e-01
1.269224446737207690e-01
1.345362233948531605e-01
2.897459484339226510e-01
1.622948596656777209e-01
1.248928418591458700e-01
2.771445780131775449e-01
5.839379794477178587e-02
1.588385847175614596e-01
1.661078239579510396e-01
3.446764794567955814e-01
1.619830369254133540e-01
2.132814737516612880e-01
2.990647892136167330e-01
2.766721131605495154e-01
3.396486895249097859e-01
1.900715638941476160e-01
1.721109787360595444e-01
2.099216045976391720e-01
8.413300189336871127e-02
1.985150938497344808e-01
2.225819705873902654e-01
1.923170408067654269e-01
3.158464126925629722e-01
1.736833593336301884e-01
2.049661843896908309e-01
2.244647147309674906e-01
1.414311825256411859e-01
2.929720540023719559e-03
2.488947980696901152e-01
1.733285551670997737e-01
2.583364564917416950e-01
2.116096011045137670e-01
1.444817312583299707e-01
1.500099425935830233e-01
2.495201695745762893e-01
2.384475101233504424e-01
2.275205537796505251e-01
4.253789346571415671e-03
1.445188569232157827e-01
1.559233901576284886e-01
1.419436720428674248e-01
2.219407445660903921e-01
2.402897136046832638e-01
2.930730348960771114e-01
2.203391733059455182e-01
2.243520971661175922e-01
1.255942522722065524e-01
2.267072757803056254e-02
1.709382796018148187e-01
2.804999757905899394e-01
2.657132802581071429e-01
1.800366478353887800e-01
1.832157181721764394e-01
2.131810362149239579e-01
2.051643589224055320e-01
4.397602863056153041e-03
3.426579563934670780e-01
2.633245651205787241e-01
2.091959754679248162e-01
2.856523352143872096e-01
2.229802913070593751e-01
2.156649152377289602e-01
2.010611873323395193e-01
1.695240760958043880e-01
7.840756846937727009e-02
1.602733505315144524e-01
3.355561256945469584e-01
1.841269202479396128e-01
2.342155442326591952e-01
9.092293721076205593e-02
2.070743104019063217e-03
2.253474333864305401e-01
4.377514840866605916e-02
2.875012852316946033e-01
3.523507015207911763e-01
1.645930360580157015e-01
3.255739160548032363e-01
1.722893957499707918e-01
1.476074185563529817e-01
7.053323773430744160e-03
1.859161177268247311e-01
1.119090028184603069e-01
1.837674799691295935e-01
1.407611476689490382e-01
1.511132959661518615e-01
3.295114349754449945e-01
3.193486505232513983e-01
2.016571438634815749e-01
2.486290729484497974e-01
2.279739521149413417e-01
2.727969964890874510e-01
2.838987088563386593e-02
2.603209287417953544e-01
3.343825458185099020e-01
1.785358022799803102e-01
1.557367160620418134e-01
2.015784012851727369e-01
1.930058013622618085e-01
1.751827287425723745e-01
1.458287188641048115e-01
2.249892554219926344e-01
2.114340419962671691e-01
1.093665650447189774e-01
1.103528148727127983e-01
1.350506906657372996e-01
1.929230842539919888e-01
1.655954671706340031e-01
1.955474787380558910e-01
2.417180534476597864e-01
3.129382767248942709e-01
1.781987046782778361e-01
3.269688822717938814e-01
2.848101774700243990e-02
1.790874807329438378e-01
2.650508057693377051e-01
2.320821509306420227e-01
1.491503226850186825e-02
2.632501737310652401e-01
2.912970965559767977e-01
3.208213625239454969e-01
1.832987126457644445e-01
3.303949653961355537e-01
1.493489293435321108e-01
3.394700754661941766e-01
3.060150084900865042e-01
3.464815942313447250e-01
1.866848111246675046e-01
2.260251961257910280e-01
2.895227291055160745e-01
1.707515192803824300e-01
1.483902331200034064e-01
1.893833877904659846e-01
1.779480267554724160e-01
2.093425922240475523e-01
2.078235197652810173e-01
2.769977674156615666e-01
1.993425406866208283e-01
9.990281062963107805e-02
1.040554155573029244e-01
1.985954500512029652e-01
2.411580177724627072e-01
1.720618545135873256e-01
2.455087720331439183e-01
8.463755699108035935e-02
3.356340583729607308e-01
2.224245190594613397e-01
2.005516722677665731e-01
2.218483519525039915e-01
1.959438435262973732e-01
1.111405176826397861e-01
2.004039288637719518e-01
3.013992877908130974e-01
2.195305803416539303e-01
2.583140791028281646e-01
1.454606554902607707e-01
1.549861405663285618e-01
2.510438848844445126e-01
1.565753861817035242e-01
2.716263954344305120e-01
2.771037196309985018e-01
3.257364925457775784e-01
7.810005837550093588e-02
4.170549792399431271e-02
1.814542322069699620e-01
1.655508941377736298e-01
1.462304696767605106e-01
2.911608957060770608e-01
1.812142360344996539e-01
2.056096597202873022e-01
2.066906223819523769e-01
1.521010842045082689e-01
2.106324786712950314e-01
4.088035038178201332e-03
1.481494963809317778e-01
1.601414661649122329e-01
6.210074007548716662e-02
1.761291988827898558e-01
8.893079959684252467e-02
1.272662903086567432e-01
3.158459404825655348e-01
1.983690287976275224e-01
1.788422901066496484e-01
2.474518935323223590e-01
2.661711304938361722e-01
2.287754241890114226e-01
1.848579384376035917e-01
1.157290557340276554e-01
2.067032634656952757e-03
2.862102800995742768e-01
1.665186438738361918e-01
3.357306828101178642e-01
3.069149643793339655e-01
1.468232841848841896e-01
2.642945807508124134e-01
2.026532951190518905e-01
2.933575768789588034e-01
2.030152561581778925e-01
9.820819371885065874e-02
2.181654061142722090e-01
1.604196965345417725e-01
1.574528979874333448e-02
1.123726921867149592e-01
2.419280820311350833e-01
3.419143734257188982e-01
3.501307511689846774e-01
1.793061474125986487e-01
3.326432318308799041e-01
2.883455236189626930e-03
2.901086501196674661e-01
1.848250813132120696e-01
3.117695158687704415e-01
1.794516900148571403e-01
2.921138629843127998e-01
2.003799816169493653e-01
1.839371708960970409e-01
1.668353105299323624e-01
1.638282527263796862e-01
3.394970899464860303e-01
1.851161553603404841e-01
2.648549704734495802e-01
2.818611576622556680e-01
2.850305568522217281e-01
2.322493221301496491e-01
1.642439336810186112e-01
1.357594678518581899e-01
3.265128405254627553e-01
1.496049747394176399e-01
1.621658273720303078e-01
1.142372890024175580e-01
3.073542290638132668e-01
1.996248883912518368e-01
1.652590424827014570e-01
2.799713549413792024e-01
2.815015000516899457e-01
2.385449932897044101e-01
5.855677727959589934e-02
2.627226145170878935e-01
2.476677172435516883e-01
2.290148992936514860e-01
2.072587772811904927e-01
3.699649927096305274e-02
1.575058204540688844e-01
3.370851775705941966e-01
2.327227896450806688e-01
1.183052488718265571e-01
2.094444484194239176e-01
2.901105372220161294e-01
2.893567920070658217e-01
1.737328803550205192e-01
3.113896492200415311e-01
2.286964058458604843e-01
1.628413869999279784e-01
1.228190134398102623e-01
1.896512086281349208e-01
2.334174979526560390e-01
2.986252573851743697e-01
1.755770637691039526e-01
1.639286125272798600e-01
1.741255146788901198e-01
2.347861178990817699e-01
2.738270529779956997e-01
1.955567716464960693e-01
1.332499234943698152e-01
1.899301807907088357e-01
1.918933698864388748e-01
1.289225175147096225e-01
3.335457131281861498e-01
1.481171486802164428e-01
2.060741201203517836e-01
1.872599009767989542e-01
2.199063806763624507e-01
3.024260182747448567e-01
2.716170625422876794e-01
1.709135566270346407e-01
1.684730768416239366e-01
2.893188141583651896e-01
1.622406608595775568e-01
2.328220972093506813e-01
2.412631538099227202e-01
9.996373615177356342e-02
2.384582491152180683e-01
1.804735752927643655e-01
1.803287842846515443e-01
1.402804498498025076e-01
2.046080995438433747e-01
2.107351915776053131e-01
2.163849862056883566e-01
1.331043641963711166e-01
2.817203009740102404e-01
1.741791293149554387e-01
2.260191482138391716e-01
1.501951823879830727e-01
2.397245696614324628e-01
2.160644470769291503e-01
2.039385711826202652e-01
2.830572046860644897e-01
2.590276920735158916e-01
1.659230547215908846e-01
1.566932108502659959e-01
2.551546305811665527e-01
1.652351080794712268e-01
1.907486539354499855e-01
2.401120692708556825e-01
2.876891818172446214e-01
1.968569355237294594e-01
1.624844751463903761e-03
1.892751191280261092e-01
3.421993142891835982e-01
3.487840238253795411e-01
1.063346481153549378e-01
1.710347493474289604e-01
2.633068391702874100e-01
2.607806015202627226e-01
5.131229581330413667e-03
1.424160322560073522e-01
6.808980347734817917e-02
1.870930408343388640e-01
2.531874710209714441e-01
3.028091184327324006e-02
2.461343396206480405e-01
2.572983980995009051e-02
3.397447292552506215e-01
3.432497324018154439e-01
2.244361711831920070e-01
1.023920063994775698e-01
2.340373321793803307e-01
2.250311771601113398e-01
1.633445147281582799e-01
1.404832428519012522e-01
1.668728790209591528e-01
2.036984945730157259e-01
1.097280550693389700e-01
1.431098569392514341e-01
2.576469237280940017e-01
2.033624272826726476e-01
2.156832535651730387e-01
2.092114840697623379e-01
2.907459982638426182e-03
2.069340182201462319e-01
1.664491684912351444e-01
2.601890653817819365e-01
3.140603150340489647e-01
2.127192728671065958e-01
2.759729842334532890e-01
1.384643803653262395e-01
3.513462268971176972e-01
3.173280097744693960e-03
2.054683301032442233e-02
2.220767414468877432e-01
1.650937879231128558e-01
2.453453263676193263e-01
3.550547107286008419e-01
1.046994891375822856e-01
2.242173181440188789e-01
2.868767473163645332e-01
1.907976045409758570e-01
2.112232643975801294e-01
1.262796637332262994e-01
1.747692063769458182e-01
2.528122384288526425e-01
2.152115465807843131e-01
1.804174618672418073e-01
2.969053751054139823e-01
1.818412381323779581e-01
2.387040773748198286e-01
1.491126178992547291e-01
2.089601212997294621e-01
2.047672550921734169e-01
2.565748015521205350e-01
2.032988470053158359e-01
2.643387392368019007e-01
2.467260243241398976e-01
3.217867215524314317e-01
1.271356266851512706e-01
1.949458406933232690e-01
2.931916371094349660e-01
3.272749971726385820e-01
1.377654929632654568e-01
8.283361517009306396e-02
2.109400741652950051e-01
1.764413889207643027e-01
1.778861795233341037e-01
1.783453920535476578e-01
4.518644322183610132e-03
2.149301221732881906e-01
1.259750704051410819e-01
2.234486463209175156e-01
1.673269266512529552e-02
7.233198299583139257e-02
2.588231209087747398e-01
1.337325777466059629e-01
1.447534284547112582e-01
2.503174123365282111e-01
1.895695470637304980e-01
3.265612563039562155e-01
1.888986736053898663e-01
1.480836375361557766e-01
2.724518976422980465e-01
1.353403934880803294e-01
1.970667536310981294e-01
3.183991082164563391e-01
1.757945561199600604e-01
2.491859893175178142e-01
1.830050668552341275e-01
3.266762853606740014e-01
3.512998573516222800e-01
2.114157791492905780e-01
1.965682888133964967e-01
3.362235025832552293e-01
3.406207138383475219e-01
2.593579807683636385e-01
2.498773456726585684e-01
1.784520271401299485e-01
4.886498358831795064e-02
2.395020788329708661e-01
2.914269854089046596e-01
1.057602681920774973e-01
4.303561285293321798e-02
4.470336712957229813e-02
1.303817286213597160e-01
2.520916218698566191e-01
1.527998693624946780e-01
3.421174885329743010e-01
1.699824474656284057e-01
2.547204533367202761e-01
3.457324615860994654e-02
1.798678943965396348e-01
1.389345993444176912e-03
1.740487402926482186e-01
2.646699051363756161e-01
1.841971080987287179e-01
5.597696993669193377e-02
2.805803627792182731e-01
2.132797035004122543e-01
1.661164730528618683e-01
3.183727370284515912e-01
3.076176247809799813e-01
2.173184105844660208e-01
1.565762255133078817e-01
2.723319012584617393e-01
1.019872594885279510e-01
1.689286507783545888e-01
1.806456221356943226e-01
1.225013640178056751e-01
1.792069281976070849e-01
2.848853996040502934e-01
3.052466323812486407e-02
2.913169576499949898e-01
1.722401337379123321e-01
2.005536647420458618e-01
2.391910625205983520e-01
2.961095730684943361e-01
2.612499048000069823e-01
2.697521058141157946e-01
2.495728245151832003e-01
2.131004463671617721e-01
2.469367078765724033e-01
1.508691826259161983e-01
1.560858139966703473e-01
2.418029626775870244e-01
1.950784203100450753e-01
2.032176709903803780e-01
1.870415318567821839e-01
2.654565044009684627e-01
1.929518059242299743e-01
1.945379677645421301e-01
2.139111941718568333e-01
1.668594068373400185e-01
2.562268603692652857e-01
1.515414532193927466e-01
2.116540690743251574e-01
2.380635260650265650e-01
2.115404142012117517e-01
3.032131254682725041e-01
3.900230397041684442e-03
3.165066228309785790e-01
3.045575444363233242e-01
2.895549765754473759e-01
1.813995410754434823e-01
1.636389018556959896e-01
3.298173979690587343e-01
1.724677893442482235e-01
1.695290451260247910e-01
2.207234982236428722e-01
2.618758234977940358e-01
1.943712272256405971e-01
2.615156142909361159e-01
1.067704011677977488e-01
2.173614205546741396e-01
1.927307371994069207e-01
2.690086770179865305e-01
2.465832014831135233e-01
2.143137588564950069e-01
2.301490374489515156e-01
1.685230815692711770e-01
2.080058713431282014e-01
3.993858856272941571e-02
7.503885437642103529e-02
2.770232150202376897e-01
1.535892113500001432e-01
1.645687956547942643e-01
1.778555397966026241e-01
1.383553380278083611e-01
1.391406501143656327e-01
3.095030661486323775e-01
2.079639915191043853e-01
1.687811993632438445e-01
3.092592590636694672e-01
5.798330658002105731e-02
2.328226515862016216e-04
9.481527032104408725e-02
1.663851490501004893e-01
1.638018573726272298e-01
1.555437401546133636e-01
2.195743363654875102e-01
2.417214279143562600e-02
8.011738905491479212e-02
1.761092503555389821e-01
2.506702152285004703e-01
2.723095000682150268e-01
1.809629418569357051e-01
2.288135764353126655e-01
1.926504423574030844e-01
2.051641499111802047e-01
2.000623253171379123e-01
8.815060997119220088e-03
3.243505034595158820e-01
1.258187793209842587e-01
8.589205201450075822e-02
2.538019136019185051e-01
1.804693929173492029e-01
9.997626218583665833e-03
1.126860987088257882e-01
2.331277282032188924e-01
1.834701875869355070e-01
1.778924520278750698e-01
2.587499366181191807e-01
2.127483406089433204e-01
2.629082901188222188e-01
3.266863483035829518e-01
2.901358205718376770e-01
3.259834683669222688e-01
2.296528630948366512e-01
2.974116355700086034e-01
1.766326489034356351e-01
3.298320654274551345e-01
9.297488979822426947e-02
1.287065410853376057e-01
2.968873342998400999e-01
1.799387156350301942e-01
1.626181957786649313e-01
2.476988697442862319e-01
5.473201904312237527e-04
2.344288179155553098e-01
1.317480891315520319e-01
2.912840945193400644e-01
2.505134409919874683e-01
1.327099268989360425e-01
3.047666227717207299e-01
2.566879483513211935e-01
1.464233094473695040e-01
1.985855588591107501e-01
2.291885486141823358e-01
1.831839870672145321e-01
3.525150843087397345e-01
1.367829711719032726e-01
1.506389224529890436e-01
2.975489668122417442e-01
2.380763407805454659e-02
2.679141766393294266e-01
3.208757598212645390e-01
3.248905696596115500e-01
1.477071408627320392e-01
2.381812021783792366e-01
1.967681152251972987e-01
2.484161557904133732e-01
2.545200471722640634e-01
3.065616615311754223e-01
3.461164008422011329e-01
2.265058602872183080e-01
1.201419067395649576e-01
2.217455196186657596e-01
2.094569603589089557e-01
1.307892875480969330e-01
1.151001757583670626e-01
2.516213435259584408e-01
2.855975615710874549e-01
1.596885000290571011e-01
2.541710189890238891e-01
2.319306920825593421e-01
2.533743775938619436e-01
2.429104702215344469e-01
1.674919299514557036e-01
1.074456009206533752e-01
2.073925790108895328e-01
2.162925615199360885e-01
1.920051589229704592e-01
2.334698100299024415e-01
1.774865368228272997e-02
2.005691052878347813e-01
1.741274558957849883e-01
2.049450614916995261e-01
6.256918533513748659e-02
1.899952125278880355e-01
2.782011808945561437e-01
1.831730901792520683e-01
9.710490344327700474e-03
1.998826714218542855e-01
1.888867536165401984e-01
2.812794902006298531e-02
3.235063931654522662e-01
2.287063538772347027e-01
2.522437700913511271e-01
3.387827609399359230e-01
2.300757528921044959e-01
1.258476091332979829e-01
2.248155361180203260e-01
1.447808891983688451e-01
2.723593888271879093e-01
1.370273619773415275e-01
1.673143103589559144e-01
1.220333916430721560e-01
3.493323892329339708e-01
2.479610913946096173e-01
1.182880321892248870e-01
2.702925659895925592e-01
5.445934848533123471e-03
2.356956608310434020e-01
1.995433456356312807e-01
2.446770095768066866e-01
1.768652857799906386e-01
1.844876542188269297e-01
3.138549894926420669e-01
1.755330981513533173e-01
2.029949093092905388e-01
2.199147863125269220e-01
1.740298499692677081e-01
2.344513890239079690e-01
1.769086590625374711e-01
1.278626878869809080e-01
3.294851917348775028e-01
1.344377474603460632e-01
3.267517059263421175e-01
1.695398228675480679e-01
1.554300819781061771e-01
2.310560676098748027e-04
1.454998828318740944e-01
2.808199698530366439e-01
3.024334215156189165e-01
2.007345299581665410e-01
3.433596431881151823e-01
3.092683691762588838e-01
1.765070427270278575e-01
1.173328524655716382e-01
1.749063241684895575e-01
1.959073274710298462e-01
3.143401170279060963e-01
1.612580669942088596e-01
1.051001455910395982e-01
1.764961018319351205e-01
1.436888738236560825e-01
2.567873881037370243e-01
1.602908646708224027e-01
1.368133386372317184e-01
2.507289940084888591e-01
3.150721736576008736e-01
1.405372247848667988e-01
2.237433004848880524e-01
1.748021184696650632e-01
2.409177042185559892e-01
2.146683613263743184e-01
8.880409016285088775e-02
3.206986574403829504e-01
1.698679771526976634e-01
2.814873823868569991e-01
8.974380370112354077e-05
2.507788022669463768e-01
1.482197257314009364e-01
2.689227295212811009e-01
1.162084034676070243e-01
1.511806700952238181e-01
1.677749648039378594e-01
1.113186892475623857e-01
1.863459672957365476e-01
2.762978877954651580e-01
1.789644250062977782e-01
1.132478527099587129e-01
1.937842163972918474e-01
9.979089751660903673e-02
3.341368225983750162e-01
3.021961914288354145e-01
6.522403297298474956e-02
3.555463980758948317e-01
1.781481096181742607e-01
2.496703343347871362e-01
1.282168697372808308e-01
2.506400109246281205e-01
1.882049657167375045e-01
1.520382482778203093e-01
1.846902173355166876e-01
3.402438543737602572e-01
2.200474411541764597e-01
2.331602900941393275e-01
2.918831365244237697e-01
1.520732735103199063e-01
1.829922762585426410e-01
2.139220697417141825e-01
2.261955160343694093e-01
2.989880819024400282e-01
2.601683523420886823e-01
1.881691091841129759e-01
1.147373952125790575e-01
1.803142105244815441e-01
2.422484791358015810e-01
2.046011237642009761e-01
1.755441283051628054e-01
2.711278117489923090e-01
3.460881554327508436e-01
2.187261651275195506e-01
1.890466964245966774e-02
8.892431646130578848e-02
1.580367061251805039e-01
5.149541392809591639e-02
1.027339424912515203e-01
2.261779392206504646e-01
3.197316599514976598e-01
2.057221238165336807e-01
1.487335995335596073e-01
2.427490355327930616e-01
1.457146071060333725e-01
2.102441912567006022e-01
2.316955824120323360e-01
1.561356425569931095e-01
2.224499363908109539e-01
2.789350498301595427e-01
8.495513179027427975e-02
1.690286444997865234e-01
3.314860884981468692e-01
3.060912349344023231e-01
1.938965969179843873e-01
2.447389238650127252e-01
1.901127219901636023e-01
