1.192025698634431030e-01
1.984285864817537659e-01
8.511349139497814686e-02
2.670133128956047597e-01
3.243309569222120881e-01
2.178705124552597072e-01
1.573450140546251153e-01
2.601096220559450667e-01
1.018304932824240644e-01
2.917669673356650395e-01
2.704429516012152868e-01
1.982073133501122131e-01
1.081357387303663181e-01
2.448554365065894467e-01
1.477333614901762959e-01
1.226373212964715492e-01
2.142754297002808783e-01
3.462152730078522089e-01
1.813220225735956981e-01
3.002761543868470717e-01
2.435841084257726608e-01
2.407146767541727683e-01
3.473461229580687148e-01
1.595147208522380289e-01
2.184119249881564251e-01
3.474475277692782305e-01
3.330728895822918090e-01
2.523927516092566714e-01
3.496841158611852518e-01
2.649510336784660636e-01
3.165530689968442113e-01
2.162632405182625395e-01
2.041014912863577668e-01
1.632566389496522274e-01
8.348536860112129587e-02
7.926905632409354807e-02
3.431130947349980698e-01
2.937734493735575381e-01
2.106384360388326993e-01
3.126598028781092942e-01
2.413510441968771403e-01
6.319529302231932655e-02
5.854808736437600719e-02
3.082889819379893703e-01
3.003752045592205100e-01
2.787487382981234108e-01
2.930030573561959728e-01
9.723176754228486651e-02
6.127321205036593416e-02
2.660002160190303999e-01
3.213145289367674851e-01
2.882151698767819736e-01
1.388072329276645589e-01
1.604742288516273208e-01
2.529590691018610560e-01
3.359535312958376041e-01
1.559039527462501018e-01
1.851126769420484708e-01
8.526931294758864632e-02
2.153901733496939030e-01
2.357703306806174515e-01
1.885900707320105341e-01
1.344110202839868262e-01
3.415348038306817435e-01
2.583388580808690382e-01
2.044741142555780711e-01
3.485058892795895313e-01
3.338568541529278733e-01
3.159436776636009858e-01
3.147502644559624918e-01
3.153807149067585081e-01
2.031671062771640557e-01
1.169286533346741291e-01
2.612063756873123643e-01
1.122985215292482269e-01
1.749427794725360308e-01
3.017115624404660412e-01
2.417122944971955567e-02
1.268079019838121435e-01
2.729591037055414948e-01
1.128400462578276336e-01
7.294324716523067909e-02
3.150553335901710716e-01
6.725502743877082024e-02
2.558898890983650753e-01
1.908388498374920805e-01
1.896589988637377988e-01
2.331276288342876146e-01
2.894441040649124997e-01
2.377846176335296491e-01
1.242624715498449606e-01
2.004492849400589249e-01
2.894516019239829485e-01
1.078150560543567338e-01
3.336018005755495008e-01
1.898319565989657898e-01
1.852133411883321035e-01
1.309830112442326167e-01
1.318117958471745066e-01
1.832271779005447410e-01
1.050733999725977225e-01
2.174639617163436900e-01
2.186967751738374544e-01
9.751338991356957309e-02
1.663855399467920881e-01
1.392920226116589610e-01
1.160260005800082123e-01
1.894719541093363713e-01
1.300296578907640110e-01
1.188494686403501477e-01
1.526386643383539632e-01
1.212034111800716490e-01
1.504427329393797919e-01
2.812401645701867459e-01
2.004228312126349887e-01
2.520660294395156709e-01
1.380397089673292832e-01
3.276873117874885000e-01
1.792722224871080572e-01
2.406215832118992759e-01
1.517432867924392026e-01
1.024929036397602689e-01
3.404807271709185956e-01
2.508194244035137910e-01
1.842850908294538514e-01
3.422737882164689216e-01
1.209805066100045345e-01
1.060483754661821210e-01
2.234978329848529566e-01
2.487503516463294706e-01
1.684414983877656757e-01
1.056590984860219379e-01
2.800701390278961811e-01
7.971350326479056947e-02
1.257721484274167134e-01
2.096899665938216084e-01
2.912684298769194768e-01
3.010187156346521564e-01
1.583811743143761774e-01
1.170781848025438943e-01
1.327212943621469410e-01
1.698040320231075095e-01
1.403902213771600627e-01
1.353468439549401492e-01
7.685139673644481029e-02
2.355155296115551966e-01
2.572519582204934596e-01
2.737983890351497474e-01
3.453875078188354819e-01
5.746820924414922788e-02
2.796819212284049616e-01
2.542924999685539644e-01
2.026383747084629650e-01
1.161274307751676699e-01
2.423719283898652654e-01
1.182009900366365468e-01
2.927782528622597247e-01
3.090946997257907336e-01
3.094925997018038166e-01
3.376193091199430896e-01
3.341565004311567444e-01
9.433133125103440597e-02
2.800440565224527889e-01
1.211724457846379971e-01
1.143086837293563474e-01
3.375953621048386477e-01
1.334364934690513982e-01
1.996097178972880970e-01
3.468190398919424600e-01
2.189375561156337857e-01
2.997398216758138667e-01
1.078575500240069318e-01
3.252244299425341434e-01
2.811538348692123046e-01
3.268975902003545264e-01
2.973865220831233280e-01
1.447366703571164037e-01
1.051708899883080084e-01
2.862564601406579201e-01
3.106471198981770043e-01
2.421128866983384142e-01
1.906941149494635612e-01
8.674458950605803964e-02
1.315067685927925889e-01
2.876065705833555919e-01
2.496361493915564833e-01
7.110312547731786892e-02
1.886427408614241852e-01
2.186944912411213637e-01
1.117063289285340488e-01
2.029616085821432936e-01
1.465304978118326940e-01
1.153319664758522684e-01
1.056480907613053105e-01
2.526798076237884438e-01
2.354289382065548608e-01
2.652983195037142417e-01
1.365976184189595655e-01
8.163951945467456950e-02
1.855048589251567237e-01
2.270008768442942637e-01
1.697812109079952780e-01
2.996185033337865899e-01
2.678203454857115973e-01
3.068049718060268383e-01
1.350134963960177292e-01
2.752940070737374678e-01
1.422766230357536688e-01
8.876426415653540514e-02
9.067149012784499196e-02
1.578710538682887021e-01
2.664486389305436576e-01
1.900066099870574565e-01
3.285057145936068346e-01
2.920461484768231419e-01
1.928639979570369867e-01
3.501932652101985566e-01
2.372655906095798295e-01
2.000580826021407244e-01
3.145100855906999282e-01
1.487022283643160414e-01
1.465870689163818463e-01
2.580429787749182746e-01
1.890886075623843254e-01
3.209113432005244460e-01
3.134210172284387363e-01
1.073552311041672397e-01
7.279583393762059651e-02
7.839560542039113178e-02
1.227769978616299051e-01
1.828583837668716072e-01
1.286300260295226427e-01
3.044878659430475532e-01
3.180528878539037874e-01
2.937076239195344773e-01
2.073709794820211560e-01
1.563149426808626286e-01
2.602985955236537530e-01
2.709211816432792186e-01
1.207279946113263419e-01
1.013870435557300831e-01
3.264595179253186874e-01
2.598630924706563095e-01
1.136542976508583686e-01
1.083679325199563143e-01
2.911794754061080015e-01
2.625803633585875319e-01
5.788546617985366322e-02
1.504460756016368084e-01
2.299310468544469577e-01
2.656078178916498334e-01
1.812116791513647407e-01
2.383789822202430075e-01
1.126397390250727104e-01
7.050845293496328658e-02
1.681323602137839157e-01
3.204349995481435842e-01
2.425981980582669895e-01
1.015259262973095961e-01
1.672034629681641016e-01
7.084759996927757209e-02
2.916748514129203773e-01
1.124502161343760437e-01
2.967382867495997889e-01
1.711371195532503942e-01
1.122306098847105083e-01
1.782650974086464613e-01
8.305964893769422763e-02
3.202824076875893655e-01
1.418092660332346544e-01
3.481487866351146154e-01
2.620248740708662205e-01
1.213402818321235865e-01
2.448439745140472412e-01
3.071042569940388711e-01
1.851512138684819897e-01
1.316888080801805194e-01
1.243026806885428603e-01
8.304798955380708614e-02
2.989023678581730348e-01
2.821478278115980287e-01
2.079636788663011548e-01
1.169499516996049260e-01
2.735489202460646974e-01
3.427635849453716244e-01
3.026753685248358416e-01
3.468623252929644019e-01
3.496181769605356537e-01
9.942386092350283255e-02
1.177068997216757507e-01
1.279725782747741236e-01
1.493812201865191425e-01
3.466442852293207255e-01
3.274011026299136207e-01
2.057388874246487420e-01
1.923988929583275997e-01
1.820893786409803483e-01
2.108407939794473274e-01
2.079371697587017176e-01
3.231313804543692325e-01
3.082365768027460762e-01
2.537510291141725216e-01
1.578088510232391606e-01
7.782342591769149387e-02
3.333232921130981352e-01
2.150808555381450160e-01
1.772143376750058008e-01
2.605814107542222535e-01
1.953757592511283780e-01
2.674089035959221206e-01
1.334738682580578206e-01
3.090694758950044974e-01
1.381466213847448166e-01
1.162258284821226367e-01
3.115135824047500224e-01
1.780976804860303353e-01
9.206189549687897322e-02
9.747811794388158702e-02
2.856790044477044987e-01
2.188731231084135032e-01
3.448900846689216815e-01
3.002631912063695174e-01
2.309337921045553077e-01
1.297678832770494672e-01
8.243739706814570689e-02
1.104606907372688018e-01
1.216084097161927724e-01
3.462261457464828052e-01
2.786000169015658834e-01
5.978337666579788129e-02
3.250977328620925921e-01
2.933121044356268303e-01
1.104139210086781953e-01
1.619025215699402831e-01
1.194003053092614619e-01
1.261662098807904420e-01
3.083699101736510628e-01
1.201163334837927199e-01
2.519903430043219927e-01
1.295192272734982941e-01
3.254218233853782283e-01
3.096901559469841247e-01
1.004762902422620813e-01
3.112601644550448410e-01
1.918695471207533254e-01
1.859070279554956018e-01
2.289776829923826362e-01
1.173945041401013717e-01
7.258675932949962273e-02
1.440010134675289433e-01
1.257889309256671750e-01
1.406103040832273887e-01
9.997390520584190088e-02
1.201566146602649349e-01
2.879299054092888110e-01
3.145562295030185362e-01
1.584420483363389864e-01
2.476889226636322383e-01
1.232064851585200072e-01
2.427887501809634641e-01
1.666770671968205719e-01
2.219665096112121982e-01
1.055258219877815984e-01
1.794074214470300355e-01
1.220456295677903452e-01
3.462953121949647883e-01
1.391549265431370475e-01
2.446282947005158637e-01
2.265587375304676798e-01
1.167624225031662633e-01
2.118674995166240083e-01
6.092198383523347166e-02
2.565683360200349816e-01
2.668497786904343583e-01
1.027638148086881253e-01
2.935928322440204408e-01
7.876912286392487306e-02
2.350068071210841270e-01
1.042499006170180542e-01
2.450680821404284948e-01
2.825034991316725530e-01
1.785780333852730051e-01
3.137708605548257812e-01
2.491930739172704690e-01
2.372456026284287256e-01
1.713300242144348284e-01
2.916101501894992065e-01
2.381319187914224256e-01
1.424376415567603360e-01
9.502986107507160884e-02
2.870131755826468845e-01
2.154123005407994618e-01
1.981563120589128479e-01
1.103863160551185885e-01
6.362770957574633013e-02
1.173774820124377366e-01
1.018187215446473837e-01
2.245396498205999847e-01
8.243826228104227105e-02
9.766294539801891050e-02
1.326445959413062314e-01
2.986990577944665382e-01
3.182270716765815410e-01
3.378311437189975841e-01
2.849337630634561358e-01
1.188062685437326349e-01
2.788164220311661889e-01
3.289849403843443931e-01
2.394812762126725392e-01
2.518677460315131844e-01
2.623671369191041269e-01
2.633594236115739395e-01
2.005532694759054047e-01
1.879194818824125313e-01
1.353475691483259913e-01
3.204236255639968389e-01
1.703454593781089099e-01
3.223735941370163283e-01
1.330693111645094573e-01
9.111087197193284970e-02
2.118429633946177226e-01
1.190403590398262379e-01
3.454691605838948187e-01
9.158245299912538828e-02
1.769908725812549544e-01
1.123912842324404360e-01
3.311093689964347830e-01
1.206441085377427946e-01
9.234068921270006947e-02
2.011527760012332688e-01
1.252008815624127969e-01
2.887725055219932946e-01
2.332578089824862977e-01
6.297192963923720077e-02
1.918534456138103472e-01
2.825104763518724305e-01
3.395528586131480453e-01
3.356621301002153945e-01
2.257789588667783731e-01
1.693638851092377218e-01
2.129234136242270092e-01
1.087732416370050942e-01
1.880832257225280857e-01
1.601824706411916766e-01
2.784348224636306046e-01
3.149178345927658995e-01
1.754669274129881384e-01
3.126946695134365517e-01
2.566754756115309788e-01
3.120601151741379531e-01
2.700848885160969104e-01
1.395080939650282237e-01
1.041928583831316230e-01
7.746481440971209054e-02
2.704356493907059122e-01
2.596762669800090073e-01
7.956746547740269071e-02
1.760032663392850638e-01
2.755784400048753024e-01
3.265345088568787912e-01
3.411272496407171118e-01
1.454563661787085516e-01
3.318319553028373226e-01
1.354720215943240325e-01
8.166106076437687489e-02
1.065504117170042314e-01
1.826850054269649748e-01
3.342113454918232973e-01
2.029259951618077040e-01
2.322148704275555642e-01
2.314570072996540162e-01
1.390879294613848183e-01
2.902176756753582776e-01
2.755035090190728342e-01
1.285428930249350177e-01
3.456791150153641357e-01
3.225981127444570440e-01
1.000464247309010707e-01
1.836966531289560556e-01
2.338060192594421660e-01
1.989861682037359081e-01
2.426649962496241208e-01
2.721269882258068318e-01
3.310830757050823303e-01
2.376387612242322755e-01
1.764298785705874228e-01
1.367260414117745793e-01
2.713415875529209820e-01
2.420403723387547501e-01
1.627525412186639486e-01
1.011244039785085952e-01
6.862028113157594977e-02
3.296940377999011962e-01
1.058396186447431164e-01
2.715066527521046713e-01
1.533985778628937369e-01
6.116544013316897732e-02
2.719115368952169653e-01
2.274756754891354149e-01
2.705108116747908520e-01
3.127125098886401333e-01
2.917277393914389227e-01
2.762180860625099710e-01
2.669383719737195571e-01
2.739673476812625186e-01
2.863290334057650988e-01
1.464080552366539556e-01
1.639931485225987473e-01
1.581401431190344042e-01
1.122284275635058448e-01
9.289617416002664274e-02
1.172722594380510158e-01
1.232603054222175809e-01
2.897804228957584494e-01
2.948708175729051750e-01
2.635523055289158978e-01
2.068647826708258919e-01
3.223361012867809738e-01
1.347663802873698413e-01
3.200820021753008615e-01
2.008401267507558818e-01
1.207939530898983344e-01
2.491206351621650383e-01
1.112647163531745031e-01
2.725965172079481413e-01
1.096956876201445885e-01
8.075143374777814242e-02
3.200122223360774565e-01
2.015946716407708283e-01
1.815473503439382075e-01
2.804894397102323245e-01
2.328191521867221114e-01
1.452958994037095997e-01
1.478430305538392942e-01
2.456241036600978200e-01
1.188339378494217141e-01
1.903500532946373336e-01
1.346904456985811294e-01
3.171693050391238833e-01
2.487227997676576818e-01
2.812336660402104949e-01
2.980652522288855244e-01
2.726990608916312064e-01
7.383501339935195917e-02
2.142415208242808566e-01
1.454961554591968631e-01
2.617929455522439719e-01
1.218999365757684056e-01
2.338763487399107555e-01
3.058143930782241671e-01
2.587386387815716060e-01
1.408201862398280046e-01
2.861399947055094928e-01
8.843754935679876139e-02
2.352201014407590274e-01
2.683206332671558836e-01
1.479627737880704064e-01
1.058656163715067794e-01
1.099464077061047540e-01
2.365590560257741226e-01
2.928918457799254971e-01
2.830370648827869595e-01
2.714070937620364776e-01
2.071515513687336441e-01
1.185990517693596286e-01
1.259280981435993152e-01
1.554912640698938586e-01
3.096490626514122324e-01
1.926506726924475110e-01
2.916452685971293590e-01
1.384281679508755913e-01
2.219536429967051139e-01
1.219745039363424460e-01
2.790412074111697782e-01
1.102420325958120423e-01
1.021507477727975205e-01
2.231842807168188669e-01
1.688381708658251712e-01
3.404067987239888238e-01
2.583277083161648058e-01
1.246656041064037324e-01
1.604177823151381188e-01
3.351178193762538449e-01
1.199953752257577749e-01
2.327056895987758833e-01
2.233112017006824157e-01
1.400542097533224728e-01
3.268156597016731446e-01
6.575282763279592657e-02
1.689802904247008075e-01
2.510585680320729374e-01
1.070164360076926308e-01
3.060986876099381360e-01
2.611393090282282392e-01
1.296262108701649318e-01
1.823494118800009778e-01
2.378253290077814441e-01
1.325714482481751832e-01
2.336515673265614768e-01
1.620779306601193015e-01
1.212858800740180265e-01
2.218838383330058173e-01
2.022582202319558042e-01
2.594461967204834130e-01
1.872045579095666656e-01
1.095992641658462968e-01
3.235382306689816856e-01
1.898309075331820195e-01
8.364890333178362503e-02
1.320184678455808835e-01
1.335179407432579013e-01
1.655372443871132304e-01
1.132092429310954385e-01
1.170948398638980981e-01
3.458428471483294131e-01
1.054523370205587424e-01
1.226459493891892821e-01
2.803971678874955797e-01
9.242728090163485066e-02
1.550718977460716907e-01
2.652392330420483835e-01
8.209592767616757936e-02
2.846126535232472721e-01
1.846846221374834618e-01
2.956438171184671004e-01
1.156271531382766227e-01
9.259427746915703528e-02
1.877613459790558326e-01
3.107658080184947380e-01
3.276972183238745506e-01
1.905793697257546215e-01
2.441689713348448032e-01
3.131458764879519463e-01
2.524714555355996315e-01
2.103927944976581865e-01
8.536465662287251455e-02
1.067277105805814474e-01
3.277900521231700282e-01
7.691125764865493208e-02
2.689926174865458486e-01
1.950935231605714915e-01
2.922847746389493628e-01
2.600945032747324914e-01
1.780629342069265098e-01
2.678014867500659868e-01
3.468670396402873668e-01
3.042473573154073074e-01
1.054442162728786159e-01
1.680115714751442835e-01
1.238168483985996188e-01
1.604105804852133388e-01
1.700159795630170334e-01
1.499357429585530810e-01
2.963748917850685949e-01
6.313561643086260111e-02
1.603095254973336548e-01
2.351481451634932218e-01
9.297971979309160862e-02
3.300991773004096630e-01
1.277890237859388989e-01
9.195602639867656025e-02
1.594853165535427830e-01
2.119375717195587372e-01
1.975142815244258776e-01
3.382741235894058951e-01
6.370822916624545307e-02
1.185672408643734937e-01
2.789533793088130875e-01
1.259237222156727731e-01
2.948818811177259525e-01
2.508185835906472372e-01
2.623889914192273909e-01
1.443837842221160073e-01
1.821969654486425005e-01
1.383696076354146709e-01
1.270620457796281522e-01
1.273920995518986188e-01
1.927009847406217780e-01
2.482682273611350188e-01
1.551306895563999422e-01
2.507112625190662802e-01
3.320065491454821660e-01
3.099580052503197458e-01
1.220037961870037435e-01
2.626559272508827148e-01
1.875165108875109232e-01
1.265798188551540138e-01
3.324168458023153416e-01
1.788759785295722937e-01
1.973051938729133425e-01
1.433981956640845989e-01
2.208269049582307630e-01
2.699481312147954393e-01
3.335041178204370405e-01
3.118553906413056298e-01
7.847598405328481963e-02
1.112114183227505965e-01
2.308393469889764571e-01
2.449179926431357956e-01
1.113294092143503333e-01
1.240667616174894183e-01
1.119606062268526242e-01
2.631034355929497970e-01
1.988096113780561114e-01
1.136332709393320650e-01
2.064848127592668892e-01
2.835388488994441403e-01
2.601154609177384613e-01
2.613209383127361174e-01
1.316260204842129022e-01
2.858086150342268872e-01
2.930248801526597058e-01
1.520308940488562244e-01
2.509079121082016250e-01
1.485204179929722756e-01
3.312736558583666002e-01
1.460579878199152193e-01
6.406912704294111249e-02
1.689158690052552647e-01
2.320232282920093037e-01
1.652122757182682700e-01
2.698837438341397665e-01
2.031064130520532363e-01
7.301140960964298821e-02
3.043645520983576103e-01
2.864817049093337786e-01
1.708035915133738758e-01
9.998849025006101288e-02
9.895088105528017375e-02
2.627831290266932629e-01
1.306837863883263673e-01
1.722354701555926793e-01
1.555307583703407770e-01
3.323508420860792900e-01
1.587543543293880310e-01
2.881763259197925864e-01
2.907809717548301420e-01
2.632957019977710256e-01
2.983743251959853904e-01
1.229129270607874636e-01
2.690029184006828555e-01
2.396323924519248305e-01
9.214381527914597414e-02
1.054620161360994152e-01
1.555214867652703892e-01
1.139287008385888172e-01
2.655243776977823655e-01
3.118144684893586760e-01
2.334479188902140734e-01
2.466172796856617722e-01
2.533788630033937950e-01
1.600258003333645263e-01
8.208185444851645585e-02
2.846011033761912112e-01
3.404882352659835965e-01
2.291417687434903760e-01
1.974208816579078873e-01
9.382269592748182507e-02
1.739649284455430100e-01
3.106137619665215732e-01
2.619741463262584835e-01
2.666809715846394924e-01
1.232398050347594670e-01
9.991483346924785736e-02
2.348102731087870765e-01
1.248353046708239322e-01
9.196044744464504372e-02
1.424636282144445543e-01
2.468074553449204345e-01
1.947262076367951844e-01
2.147493492331567777e-01
3.347180711325785096e-01
2.861485616972141433e-01
1.451680629427626046e-01
7.079594743789455191e-02
1.039761944453076598e-01
3.185661168511748631e-01
1.252124031040639518e-01
2.697325453838004261e-01
1.756691280164433266e-01
2.529025784560329781e-01
2.162257253113758770e-01
2.661838546701018604e-01
2.719719595895719877e-01
1.341910441202030235e-01
2.432436313479651724e-01
1.573820156142881344e-01
2.972022845472945263e-01
1.344988604458633163e-01
2.319777515622505060e-01
1.185939300285578507e-01
9.930822274731755661e-02
1.829282795358035119e-01
2.554337185696581858e-01
3.081649219976573817e-01
8.810174688522549868e-02
9.161710920245487444e-02
2.093531406066742873e-01
2.217678941312034857e-01
1.224054433001971476e-01
2.241287008595051478e-01
2.527198599660656075e-01
1.036778254077616590e-01
2.969219733788300286e-01
2.930343305310808555e-01
1.565433112135017346e-01
1.861265799622213168e-01
2.882206724523302399e-01
2.791686439071960346e-01
1.207149797156732152e-01
1.218280239407788790e-01
9.310420221705649479e-02
2.503684268426499271e-01
3.078236942616330851e-01
1.172124730569207712e-01
3.405732172983698125e-01
1.202052082051151133e-01
1.760811563123376167e-01
2.912261188300553361e-01
1.371467336338351439e-01
2.947959165032338902e-01
2.374379018002957809e-01
2.570711296746076013e-01
3.014566509715562725e-01
9.228966012229498916e-02
1.616127824022214055e-01
2.342658931028506475e-01
2.780637238356610808e-01
1.692348994029007070e-01
8.096018462888429634e-02
2.151774628022605773e-01
1.873055411502889400e-01
1.645744367366111516e-01
3.092609636858758559e-01
9.879466279610035762e-02
6.533988083405690983e-02
2.824803764161724073e-01
2.860143226911553427e-01
3.490588265526882172e-01
2.677625528905634433e-01
1.550586535152348455e-01
2.152570688255613929e-01
3.155380775002468163e-01
2.879779017266946295e-01
1.504000160572588618e-01
2.726234677223994263e-01
1.490806709268299446e-01
2.124139912202722413e-01
1.277446777370607189e-01
2.406875179777201723e-01
1.532280594738320290e-01
2.844688326923322519e-01
2.926501390167711159e-01
3.400396771866402990e-01
2.714672768713906059e-01
2.826643001793889831e-01
3.134992848068370308e-01
1.102486098194469938e-01
1.111386554849020797e-01
2.363332364709755662e-01
2.770641359121156500e-01
2.400705948168390946e-01
9.068049889526261231e-02
1.083192515891897856e-01
1.306793337748836381e-01
1.121674946533881834e-01
3.323282639577173625e-01
2.953809210601549551e-01
2.028414984883007699e-01
2.871731165955117571e-01
1.616343461598535314e-01
2.301450489880582373e-01
2.732841802279727395e-01
3.261371999163046320e-01
1.633816065264017958e-01
1.975231735255077448e-01
2.784103126341449519e-01
3.446864831665828466e-01
1.488495937667138336e-01
1.897732777169263141e-01
3.118099518707721507e-01
3.207897530089664495e-01
9.589499890157983375e-02
1.325918739204847707e-01
2.880532572395208546e-01
2.467231938860190155e-01
2.783084696398919200e-01
2.441748241717601742e-01
2.333037063172320180e-01
2.393139565692398996e-01
1.859091313758845787e-01
9.766861430693703217e-02
2.038952994002962149e-01
7.253896426238179429e-02
1.255847542310029041e-01
1.272667453728527631e-01
2.107911429795610025e-01
1.594259702667124579e-01
1.445514792699014173e-01
2.961150367408631467e-01
9.374477788842978943e-02
2.799270004404749157e-01
3.185168680137430153e-01
1.717355102388000987e-01
1.337678697718774901e-01
1.037895744420124777e-01
2.788236424785324741e-01
3.188786929817891691e-01
1.127255753539046224e-01
1.628792550857250665e-01
2.534525005576035439e-01
2.488768212629801635e-01
2.344797857831430188e-01
1.461911926244821303e-01
2.136046256495983953e-01
1.180874900931275506e-01
3.231829278367744362e-01
2.370608987913018217e-01
2.396189714252324188e-01
1.861607710686067063e-01
2.768423956439363121e-01
3.128755360251803119e-01
1.333070349334290194e-01
1.386628889532472153e-01
3.419085361296947401e-01
1.201338185607576381e-01
1.389881083438429810e-01
1.837969158622350108e-01
2.345832538531237854e-01
3.309516508879853935e-01
1.580760572467050928e-01
1.472945967572845127e-01
1.434293677163467340e-01
2.767991045436349329e-01
2.870393998489242926e-01
1.177446621342053551e-01
1.365455747950199417e-01
1.422370722317766178e-01
3.129559611514129425e-01
1.700115187358632318e-01
1.973068348310505482e-01
2.435988701148613655e-01
2.921419868921749652e-01
1.653979992384128350e-01
1.154765069354505708e-01
1.166752120918875951e-01
1.447075641158147019e-01
2.197501557372756875e-01
1.857399226041741014e-01
1.316601600500725278e-01
3.416205321435901165e-01
1.197851738931001997e-01
1.432638488094819529e-01
1.560883596218128611e-01
1.207855147373147059e-01
2.960090979305339265e-01
1.289588235940781202e-01
1.145765663373395915e-01
2.886930790759663079e-01
2.177372773497747716e-01
3.373157089398161057e-01
7.382388915024960807e-02
2.079865051702201872e-01
1.724959495527807751e-01
2.927167400278724019e-01
1.288217275304167353e-01
3.073226842201827735e-01
1.946973866515411267e-01
1.093620397936222455e-01
2.607792545043781662e-01
2.070882886956225410e-01
6.972088319605994344e-02
2.923653096955211583e-01
2.563396541197021650e-01
3.419614830134502514e-01
2.712879619016250188e-01
3.029299544895171503e-01
3.102425375324013301e-01
2.815617919073830078e-01
1.747069413610845834e-01
3.189213693379481240e-01
3.405915142622855663e-01
2.267888628583539234e-01
2.311602334577558815e-01
2.419567486403541856e-01
2.687769700129586936e-01
2.329695652313644449e-01
6.583171949460203676e-02
1.062636925741166083e-01
1.154402842271837343e-01
2.913873987140958577e-01
3.062576233830164862e-01
3.502115175174712047e-01
2.449586537767461936e-01
2.407462150441706250e-01
1.338253171320653856e-01
9.644804344143567687e-02
1.881395621632799831e-01
1.363521361993231817e-01
1.291728246120638079e-01
