1.805214530698146247e-01
1.209206071038431973e-01
2.122950425519838646e-01
2.370249375505880107e-01
1.598386739566927950e-01
1.333303336123168314e-01
6.588608676316108637e-02
3.073455658343959840e-01
2.372438953387510929e-01
3.140245728461655284e-01
1.743516557696348224e-01
1.938169471072845040e-01
1.189765529269279226e-01
8.701746485047630320e-02
2.054166148306667272e-01
2.240388243258360501e-01
2.255337497705652283e-01
1.265737089297329920e-01
2.112285749310376104e-01
1.342459097647268895e-01
1.291840385847495831e-01
2.204514749126263717e-01
1.835786858011330125e-01
1.477959444654104726e-01
1.402247897647410368e-01
2.189479340387580075e-01
2.051140949034231387e-01
1.317710594514124867e-01
2.130803703021324214e-01
3.016467449726408234e-01
2.131525417622276153e-01
2.677856255623945470e-01
1.258342916586274174e-01
2.896573506022078193e-01
1.773461804152441090e-01
3.188998199147909385e-01
1.729125286341672285e-01
2.306473667129691763e-01
2.053933051026647916e-01
3.067995547096023512e-01
3.023234635211274890e-01
1.900616615195244163e-01
1.137804401254530751e-01
2.232335144518783343e-01
2.148521956892100737e-01
1.660289265012794280e-01
7.708334149526734069e-02
2.414666775729486792e-01
2.751430424363812688e-01
1.532024629984610753e-01
1.286222260709965481e-01
1.855614663186515856e-01
1.929705621601044419e-01
2.132336531240754951e-01
2.291636775042598939e-01
9.307338596699923916e-02
1.327965856295441893e-01
3.337948300048372285e-01
2.647608034100547569e-01
3.360988175920249232e-01
3.209403827520667107e-01
3.171638078458675625e-01
1.418171094091983664e-01
9.294488300368726474e-02
2.430916156407673667e-01
1.761180001404845930e-01
3.356424068202895072e-01
9.708573736085400474e-02
1.622960797166823066e-01
1.268112469245877560e-01
8.408740090173875970e-02
3.160184836893518701e-01
1.649191649593434172e-01
2.157482223701465418e-01
1.274219701620140643e-01
2.814115434739229982e-01
3.103200239047689268e-01
2.604516565407178352e-01
2.377692705922073435e-01
2.985177997884413958e-01
1.199184669961313038e-01
1.801147720296562560e-01
1.768794708439368479e-01
1.033702422611374044e-01
2.005279987203229530e-01
3.467806740366706220e-01
1.700181243837323719e-01
2.992294151358047549e-01
2.799682090577541582e-01
9.422454664301213589e-02
1.588721734795813245e-01
2.248113317977750714e-01
1.131218951842839909e-01
1.791285673447231830e-01
2.002418689021693288e-01
1.271490443097756107e-01
2.720349211944684265e-01
3.138044997957681881e-01
1.764194811469496638e-01
2.184173931368092736e-01
2.322802884321054917e-01
2.106799088692301314e-01
1.372039235888439235e-01
3.134528001557093657e-01
1.590819886225771085e-01
3.254086736721010786e-01
3.047671808342873878e-01
2.857151640800514314e-01
2.713937068283351350e-01
2.730040329660484155e-01
2.357983438641687302e-01
1.493184440049015738e-01
1.514170814149252975e-01
2.480854589157212575e-01
2.274458003167996456e-01
3.434293750270641654e-01
1.518426314871233751e-01
2.634884916578894010e-01
1.407953716747226691e-01
2.840078166826680017e-01
1.111020986578699077e-01
3.154981568295061045e-01
1.707617319511790799e-01
2.799876137402992349e-01
1.479167553353636644e-01
2.832676375001095259e-01
1.537027072251037352e-01
1.233296166891880291e-01
1.033758530697532346e-01
2.321572670056755994e-01
1.132101271420282995e-01
2.441302553351558380e-01
1.396973762591837975e-01
1.447958860123413072e-01
1.188216965316095941e-01
1.019592275506849971e-01
2.022446480650043621e-01
1.148342056684019258e-01
2.937611399804990198e-01
1.860611208432029762e-01
2.426592115800538518e-01
1.315963860133822216e-01
8.547640012821007549e-02
2.376372858903364471e-01
2.303390412912605101e-01
1.830249530784344159e-01
1.845771350308264280e-01
2.094219271769447999e-01
2.966865339212671482e-01
3.369161138858304261e-01
1.932440925942644772e-01
3.229675051247246631e-01
1.067059935488654382e-01
2.713506740219432944e-01
3.082363942719392735e-01
3.385598015311949704e-01
1.114738813947337565e-01
3.067987925255547532e-01
9.268204113592833082e-02
1.279344117725576824e-01
1.071571283951554959e-01
3.066906236758417115e-01
3.313582590619125745e-01
2.438246618105046892e-01
3.019320322164696369e-01
2.663294941809211669e-01
8.849028127942516753e-02
1.318201008160994059e-01
1.489897411630483059e-01
7.552764742670356468e-02
3.416869824924295140e-01
1.185572856168657929e-01
1.617800086341253107e-01
3.131701522715378827e-01
1.306650765547269499e-01
2.124146807665585057e-01
3.037761761151557272e-01
3.349821390764276541e-01
3.058498185351454235e-01
1.286786261587610780e-01
1.490971969960923071e-01
1.137816948925846200e-01
9.460112843478134248e-02
2.472947242376981880e-01
3.215463668026229405e-01
1.453497059538434166e-01
1.253112090753679686e-01
2.253666161738799578e-01
2.261662085817905676e-01
1.343769955928599824e-01
1.317023558535775352e-01
2.799168286593824440e-01
1.731168140172935077e-01
2.256855791432076652e-01
1.007636376858168092e-01
1.018946212174109134e-01
9.078947196794531771e-02
1.100369645546160069e-01
2.345118173299152453e-01
3.260239161963228161e-01
3.370057457715888716e-01
2.913743810114067245e-01
2.042553433892024817e-01
1.550168498157682706e-01
9.391500122156538899e-02
2.783924228025217440e-01
3.271016362807147582e-01
1.302185102224760749e-01
2.991250991941643567e-01
1.093002729942508106e-01
1.339361283627604482e-01
1.186507971537652667e-01
2.923718389512140470e-01
3.344013255925948336e-01
8.453038379724658880e-02
2.511556129345109412e-01
1.514885391297505768e-01
1.410635018224784820e-01
2.699125339848925109e-01
3.302837507392596406e-01
1.297169738705878650e-01
3.432625580463130044e-01
1.070751598179785075e-01
2.343019518231273524e-01
1.257995590637971117e-01
3.230317640516192079e-01
2.811664415136147510e-01
3.374846464396831780e-01
2.487656095234855036e-01
1.317401232640061370e-01
1.548836358152603787e-01
1.273079475207938849e-01
2.142474643502450815e-01
1.129956654910876518e-01
1.747258017953560449e-01
3.121597118735822685e-01
1.412756150095484664e-01
1.542915058698856312e-01
3.272383281007598121e-01
9.856814103364926194e-02
2.746464969486570040e-01
2.273061633118582670e-01
9.690707576694329584e-02
1.751787562353341043e-01
1.702325953171424655e-01
2.842658562608775807e-01
3.474871395692374354e-01
3.207726195839825101e-01
1.193741269040386604e-01
2.561181225261858208e-01
1.407683859867563947e-01
2.871930967215149955e-01
9.687560465300082413e-02
2.357313152554831592e-01
2.363240842958270471e-01
2.401391015027951881e-01
9.946110262156714066e-02
1.105950871474875585e-01
1.656925615430512866e-01
8.752040100035135550e-02
1.009841970482435597e-01
2.495361400991262246e-01
1.934489983543805081e-01
2.220702046626299997e-01
3.018296962270913264e-01
3.391741018478257597e-01
2.165572995775577880e-01
3.090809493512856054e-01
2.089323951765710841e-01
7.588557484569362355e-02
3.265941492690589976e-01
1.047757498311776281e-01
1.637216307340984278e-01
1.272756893909288423e-01
2.733842461168050630e-01
2.025936017390602695e-01
3.275048767889368606e-01
3.114475148214182476e-01
2.347323845436353751e-01
2.953125538918066617e-01
2.374545751585152020e-01
1.508264603889128141e-01
2.876181245372878559e-01
3.432494644990955468e-01
3.460628476827196098e-01
1.958297312920052047e-01
2.461697324401458387e-01
2.408523780656311730e-01
1.720256359093943477e-01
3.056830985582011384e-01
2.677303771357401607e-01
1.269230182625136760e-01
1.539664669268646924e-01
3.418854497918920043e-01
2.718037234992537465e-01
1.824387686692901245e-01
1.312135318253535854e-01
2.484982659166784513e-01
1.786021618673567235e-01
1.264702398753761725e-01
1.767532845959384757e-01
2.521537965147743199e-01
2.007648236823740551e-01
2.674840094802254931e-01
1.398027821819398664e-01
2.596999172741450423e-01
2.611528173792315166e-01
1.043968118284644836e-01
2.102549863952832276e-01
1.850148190382475133e-01
2.544167546107690692e-01
1.318475243424476473e-01
2.582579040418148675e-01
1.745241899340217173e-01
1.936349239874448069e-01
2.913730612528581121e-01
9.834767661015128559e-02
1.925080439444102343e-01
3.347966097700943999e-01
3.176779489831941250e-01
1.288394155518074735e-01
2.688651777658125908e-01
1.254619166680221443e-01
2.835053972046012727e-01
2.891345261051780913e-01
1.978314486925064342e-01
2.733610470340970822e-01
7.023393115366154127e-02
2.567505911561309695e-01
1.435485394522600100e-01
1.964405088820082856e-01
1.773172168899376511e-01
1.962514376795286564e-01
3.275124518403563223e-01
1.368423378610965635e-01
1.241943167744631732e-01
2.523766197045936854e-01
1.344914739242659418e-01
2.218923395798690079e-01
1.286957500627861073e-01
3.197314130479191885e-01
1.326461943470984839e-01
2.045337064104911784e-01
2.041795540812046950e-01
1.023442275858263001e-01
3.276912767307240681e-01
1.929871436678832208e-01
2.194701345083020505e-01
1.211066470433086600e-01
1.150872754460515041e-01
2.490955967350646227e-01
3.149291204493398499e-01
1.327014969539475064e-01
2.115078442447588247e-01
1.276212500286512952e-01
2.931188809506292126e-01
2.841231487426374436e-01
1.397131110575820234e-01
9.588901068019409224e-02
1.658248140718337760e-01
2.258996310432922205e-01
2.860869353857697917e-01
3.012663037988563275e-01
2.228628504236263852e-01
2.928383721894775582e-01
1.683178875604725011e-01
2.384978557569276403e-01
2.306884636317110271e-01
2.952641849566155496e-01
2.126359032907820801e-01
2.706788552208097554e-01
8.453211646136855884e-02
2.834149252286095044e-01
2.567735829220321730e-01
3.099866495859596172e-01
3.054181085911420457e-01
2.901158904190240806e-01
3.224264462259489594e-01
3.394494248760406840e-01
2.542583014977352618e-01
1.594692483978296105e-01
9.648431364343426631e-02
1.263590615992251087e-01
2.895369147213315286e-01
2.381614691361657321e-01
2.009114738509735765e-01
1.023015237917964254e-01
2.717746384129893777e-01
1.526288341067806864e-01
2.274239909952317507e-01
2.391032581474048235e-01
1.054601167702717973e-01
1.411204175199916866e-01
1.800260477266340531e-01
2.918747169101899575e-01
2.702879477964611477e-01
2.801805035882432571e-01
1.147233641406916888e-01
1.150180365868117560e-01
9.723488180370752632e-02
1.524698586713255921e-01
1.540220797318646861e-01
2.979530577505769551e-01
2.451341673427703816e-02
2.815018913091319464e-01
1.674523271328430467e-05
1.116450091266732725e-01
3.477106268104095399e-01
1.262230753794861826e-01
2.051088334557591708e-01
1.236817516187692229e-01
2.159465847277982353e-01
1.770867617296005836e-01
1.136683382722666613e-01
8.189978063289339583e-02
2.546810942757281038e-01
1.958762700727629258e-01
1.101653695315578524e-01
1.457110641379314175e-01
2.640782238377659685e-01
3.264676586302632799e-01
1.453164115177818239e-01
1.706716464511747189e-01
1.427919228240126792e-01
1.953509465257693423e-01
2.096532601339197444e-01
3.405973842107576366e-01
1.090204631373990485e-01
1.231417801493215058e-01
2.168701343301861761e-01
1.170116984185554654e-01
6.539398188287479097e-02
1.073224690355156219e-01
7.680719720528685068e-02
2.201111566174273892e-01
2.570193411996479771e-01
1.330419898239602328e-01
3.241756906286485385e-01
2.912537430406116346e-01
1.123947725004587339e-01
3.339968738447663399e-01
2.906463227122406123e-01
4.374892075658830259e-02
2.904206434777634183e-01
1.148145077310590151e-01
2.399157491145951226e-01
2.345362763384422344e-01
2.444951893555711020e-01
9.586083225655329942e-02
1.303781079850164504e-01
2.994825403450206980e-01
1.045769515472407957e-01
1.859490385512564403e-01
2.420247629674608381e-01
3.426372312445770119e-01
1.274235958472181851e-01
2.858237223956798245e-01
1.452898911713285668e-01
1.770683018471782555e-01
2.782382379579043108e-01
2.223095191889401523e-01
2.776505772531434602e-01
3.266180572352728739e-01
7.284567371723300877e-02
1.240402828481135256e-01
2.006664157388582947e-01
2.862901037178189334e-01
2.001070774283474352e-01
1.968476169230440054e-01
1.580036620096330890e-01
2.660974851568666533e-01
3.231443709711467882e-01
2.744977599939065760e-01
3.047912035334076064e-01
2.270541796788529132e-01
8.764688810506331140e-02
2.231811834638950387e-01
1.370947009128820060e-01
9.382148765880844732e-02
7.752590873479917044e-02
8.455105981506164103e-02
1.981403613482527748e-01
3.272929275248008252e-01
1.288154936181261090e-01
3.334087278618678152e-01
1.815221205117439063e-01
1.710359299856132609e-01
1.229146960226340235e-01
2.564274457179819278e-01
2.658706400986387552e-01
2.048635657722925052e-01
2.285853073125189427e-01
1.157873680728089827e-01
3.018740354944149384e-01
2.559850448010321244e-01
2.410820157704910704e-01
1.262788887152281603e-01
3.142516415507309868e-01
1.574312549571127151e-01
1.372246435730916370e-01
2.353553995990860792e-01
2.124502788949468035e-01
2.553229605545277447e-01
1.653842041136771857e-01
3.168911699935620385e-01
1.375641571674962316e-01
1.950061760172279168e-01
1.367910131917966232e-01
1.199023884922363892e-01
3.012623537902187065e-01
3.345863044361477301e-01
2.524357651883600284e-01
3.279721666521062118e-01
1.302549444405775303e-01
2.920461985459171239e-01
2.718650090784302531e-01
2.841953421892230436e-01
2.467218234444920333e-01
3.199549690748696995e-01
1.488878213901551895e-01
1.428595593494043359e-01
1.229001791502861429e-01
3.006582466972958501e-01
8.641893002055739403e-02
2.597795612928377462e-01
2.500851025898508939e-01
1.769237294014252004e-01
1.019430609986072822e-01
1.057111078310838809e-01
2.350957157249702612e-01
1.579092979241908112e-01
3.072496504992051070e-01
1.976827050886199588e-01
2.324978618927715235e-01
1.431239934788612889e-01
2.270497432443849273e-01
3.422335078321922519e-01
3.071509549621830315e-01
1.540950341664278356e-01
2.109330025640945572e-01
2.841294404033063437e-01
2.704710203089289999e-01
2.559412246580522465e-01
3.174177770509911678e-01
1.382048639521492039e-01
1.977675802594827670e-01
1.314650570157006315e-01
1.043634558646024113e-01
1.118220086515770290e-01
1.849868244735047296e-01
2.626364720556053634e-01
1.794606388804407815e-01
6.591756672375402581e-02
1.194648081907412479e-01
2.184315427572291468e-01
2.515158701325003188e-01
1.340924525333359874e-01
2.776994191536690249e-01
3.084997220035580745e-01
1.286366927774491298e-01
2.210041210071027606e-01
2.218296908908785059e-01
6.224023312979704708e-02
1.096894591917537687e-01
1.683342794142006493e-01
1.644506015942886479e-01
2.299745462557017395e-01
3.190602884013609697e-01
3.383617648967160996e-01
1.334024174661159190e-01
1.521276607289915317e-01
1.571935515589878984e-01
2.892768296995203436e-01
1.259130667917592317e-01
1.578664782894776963e-01
2.979957775104614126e-01
1.529580219031713428e-01
3.273184361871310233e-01
3.058268046191879308e-01
6.680016268843194660e-02
1.197693941769447101e-01
1.220255094558877901e-01
2.038500857278098544e-01
2.798409013778250243e-01
3.277267430052110964e-01
1.944063231149081583e-01
9.533412893402797017e-02
3.131915017591753170e-01
3.353859555017146832e-01
2.925445590565270981e-01
1.658522942579419013e-01
1.286009767590749198e-01
2.052466363911724379e-01
1.888240336473062317e-02
9.206071696480407074e-02
3.435711222868498838e-01
2.943691882230501933e-01
1.524108088698121477e-01
3.088449952824447453e-01
1.491679526122196564e-01
2.089541306874377613e-01
2.690110664064275237e-01
9.441281169729462408e-02
2.838476583355404315e-01
2.251990109445644872e-01
2.278461428112234233e-01
8.914022404904878294e-02
2.474593279558040537e-01
1.332142256037760764e-01
3.197050537152845151e-01
2.695315127165631708e-01
1.247022034290105885e-01
2.317714194998304056e-01
3.338342506567912871e-01
1.533836198049827459e-01
9.946878727065383563e-02
2.252666710184640375e-01
9.867716042992850933e-02
1.028054516893647380e-01
2.919844532037850215e-01
2.137886727977462153e-01
1.928535944580839212e-01
2.221426221238184950e-01
1.355250563934435049e-01
2.418973372912228692e-01
1.958799287086449570e-01
2.055079682055703516e-01
1.308729401869277997e-01
3.388034563179807557e-01
4.528960491176203806e-02
2.683422413463105172e-01
9.154143918232250654e-02
2.371798409739102609e-01
3.468398406562118730e-01
2.466276385140443450e-01
2.136770504957065386e-01
2.719031573912062405e-01
1.836138752294496912e-01
1.244089785660811714e-01
2.780740969038953958e-01
2.667228437204602898e-01
2.116857835797033571e-01
1.518703048187118876e-01
2.980100978629937614e-01
2.568291525991708846e-01
2.020039176654555568e-01
1.369919388757652179e-01
1.509418317037995450e-01
1.866094639050523696e-01
2.861003252355540649e-01
1.873182600650760143e-01
1.167408450211194770e-01
1.320341352767125664e-01
1.266172830401216531e-01
2.544045919944163958e-01
2.430290977670861718e-01
1.863301994107776915e-01
2.322870835626943964e-01
3.212200759349906898e-01
2.969842088047619511e-01
1.727579098129007062e-01
2.799824305366893640e-01
2.856544703462910451e-01
2.790591681163847038e-01
2.605000826582631879e-01
3.441246273250115340e-01
1.333838054041329158e-01
2.626295044017913360e-01
2.300822902765066458e-01
2.560737166279011268e-01
2.732647352749120184e-01
1.855520472858804837e-01
2.757033784035409774e-01
1.869654510438964190e-01
1.869474085265626639e-01
1.410170916226357596e-01
2.801933156290764004e-01
2.727371707846291682e-01
1.180999947501775449e-01
1.489259999092246434e-01
2.480722946004839669e-01
2.016565247370492309e-01
1.590856444105606393e-01
1.352496180804705628e-01
1.089246731744997476e-01
3.066628199410447730e-01
2.306307371575395948e-01
2.310832359955498905e-01
2.215138977980878054e-01
1.237288953628355309e-01
1.668671664850883141e-01
1.278623202395402503e-01
1.012969128333564284e-01
8.462609990688590988e-02
1.210060654626192445e-01
1.105742807916944154e-01
3.052906639253334942e-01
1.232212349335511103e-01
1.707130671833376190e-01
3.457798619733906675e-01
1.371066743996157133e-01
1.730094347919872988e-01
1.959270558020028696e-01
1.060357676883895289e-01
1.713003943968022802e-01
1.258079085871279257e-01
2.304608921366972929e-01
1.266289359582109530e-01
3.345167471209653520e-01
2.587921210854671750e-01
2.876008767485103701e-01
2.291980168684716601e-01
8.279493802457196794e-02
2.305065028141377592e-01
3.201378922642253433e-01
3.257417767193062641e-01
2.882425839367031561e-01
3.356667576066930669e-01
7.204668486454540721e-02
1.264615457786036623e-01
3.066377321977316606e-01
1.083070880193771068e-01
8.970966172591129939e-02
2.858718742722115569e-01
9.089013015390351446e-02
2.338431396617878244e-01
2.390013130310944256e-01
1.614494552100406433e-01
9.852501647285193120e-02
1.239472387903648443e-01
2.983424892333006451e-01
3.247487753664152765e-01
3.360200851282195700e-01
1.207623616318369009e-01
7.854328633554663597e-02
2.510423895510790482e-01
8.395790717523751723e-02
1.475523921168264696e-01
1.707677103344485414e-01
3.117189834047133790e-01
2.229431065061202588e-01
2.682216567050228484e-01
1.109689371469357450e-01
1.615838249909214985e-01
8.156801566825246097e-02
2.765604516082246223e-01
1.640395227298251102e-01
1.995484248397379479e-01
1.263763348579071688e-01
2.709837110983994712e-01
3.195403384332519137e-01
9.816739064615734311e-02
2.490504631075735886e-01
3.285008917204555456e-01
8.559977806824899116e-02
1.159571374095247770e-01
1.955583925609257201e-01
1.176558038342262191e-01
1.582993954621476906e-01
2.136891349538775631e-01
2.543760823352518852e-01
1.548362240132985512e-01
3.396048182362387258e-01
2.291593482680736593e-01
2.562408892222806100e-01
1.400417532105908969e-01
1.695477022448282078e-01
3.001256585674894617e-01
1.838365592325744979e-01
1.279261121375883381e-01
2.773328938522955922e-01
3.399826956971716552e-01
3.030843365174966109e-01
1.381388623025262830e-01
1.917956679884838256e-01
3.053786262584144984e-01
9.702562088759081327e-02
1.378708617108204415e-01
1.412273644220532198e-01
2.868604945562532316e-01
1.907427625465209498e-01
2.099209352438118070e-01
2.342859093524601866e-01
1.725453043834049016e-01
2.431707908702103738e-01
3.057723639767367940e-01
9.797040893361083636e-02
1.601007676971084592e-01
2.813976679117614066e-01
1.188512011488965237e-01
1.741959311147615597e-01
2.431079581222254371e-01
1.949004536187101122e-01
1.289931171668327325e-01
2.216954654507266309e-01
1.247234141769866800e-01
1.124586325730965314e-01
3.130117050306119864e-01
2.377948927386369371e-01
2.266293438337467492e-01
3.155424585649492797e-01
2.405961588184105382e-01
9.124114052413843934e-02
2.958255977429940509e-01
2.684174335500950082e-01
2.048546732180943630e-01
9.017217714007130791e-02
1.592058748665421963e-01
1.707548279482815068e-01
3.296806278479280095e-01
1.411635346577299333e-01
1.330115670052276211e-01
2.276479929903256483e-01
1.249177233971991569e-01
3.411612790263938710e-01
2.458515824502374714e-01
2.178594424903401994e-01
3.329832657532790785e-01
1.090491136772599179e-01
1.121882301747982452e-01
1.600139492091226523e-01
1.527755368908238209e-01
2.672602589406650186e-01
1.210598995552363139e-01
2.649763602294222253e-01
1.382687824308468649e-01
3.413806971801873757e-01
3.315428489934331147e-01
2.885668497446068903e-01
3.060606919740226362e-01
3.170217554631946100e-01
3.439052326439424045e-01
2.595761615578154879e-01
7.425599238806152025e-02
1.877246307164250894e-01
1.754267046790856932e-01
1.306932318825873851e-01
2.945453523727160072e-01
1.703484362246226458e-01
1.369526462988182036e-01
2.128890802136546578e-01
2.940267611474099985e-01
6.865730830965621756e-02
1.002078671570170720e-01
1.013346956761136952e-01
3.126446766877739591e-01
1.813885625745365882e-01
1.682514065034976247e-01
8.410505066329510004e-02
2.200943810270896417e-01
3.429627302350572449e-01
3.435304767606003340e-01
2.765081798425790272e-01
2.247599379627466532e-01
3.485858321773934176e-01
1.460474083208166129e-01
2.916089958138399219e-01
2.604199428718371734e-01
2.200706447252511466e-01
1.618436978946281302e-01
1.381258797663245663e-01
1.435197027292494654e-01
8.687916451258877182e-02
1.709380378586306815e-01
1.943010292970162312e-01
1.101382274857324040e-01
1.412078215438100637e-01
1.450717357567509469e-01
2.456804307381722230e-01
1.790830078682361104e-01
2.050536014325454737e-01
1.447737549697859505e-01
2.545000992177837151e-01
1.456877420380673360e-01
2.146748970132265621e-01
2.079430039005803477e-01
2.747850193298229660e-01
2.739768346409051647e-01
2.028482195901422647e-01
2.687362549022913050e-01
1.203332689995647575e-01
2.902758802350482448e-01
9.755148971772133193e-02
1.910332207957729234e-01
2.681843675865216436e-01
1.040106937399864484e-01
1.130301375300057087e-01
2.714154395565593347e-01
1.711754140568465254e-01
3.095936892391061290e-01
3.332859015469132880e-01
1.674237662073600474e-01
2.806418499363816377e-01
1.467948812169379003e-01
1.129721463487962929e-01
2.362114541690979175e-01
3.182392566043732440e-01
2.924278449505740562e-01
1.680900440166017140e-01
1.088582746339123997e-01
2.503575912091630662e-01
2.630885405187028403e-01
1.330948306503321743e-01
1.455806728008122719e-01
1.331265658337424662e-01
3.229115259991451325e-01
2.347653829256983182e-01
2.736413696286866259e-01
1.488903958441717135e-01
1.229967230923811883e-01
3.423918362317779907e-01
1.711825507644028355e-01
2.659642032478756746e-01
3.041384495072225191e-01
1.189065339164417090e-01
3.309176757226869880e-01
1.987966781728217336e-01
1.106569300646492587e-01
3.194587342242526384e-01
1.266820439033015389e-01
2.950455947568104142e-01
1.173141212776350056e-01
2.421777025245430148e-01
2.557786892521654587e-01
2.810066208759198769e-01
1.593668628828020239e-01
1.758112789220647176e-01
1.890728901835970477e-01
1.280619653286462489e-01
2.312563186785979441e-01
9.972729266468610687e-02
1.638785651483881389e-01
2.123208401205622653e-01
1.408504122260836045e-01
2.636036316089273024e-01
2.240319652786668947e-01
2.316402882356743131e-01
1.697222783171463065e-02
1.692204925440213559e-01
2.717075761718317772e-01
1.231594642421014463e-01
2.150878671592653113e-01
1.484296260201351247e-01
1.227364361642961088e-01
1.382080907453486496e-01
2.690106796520217447e-01
2.063214254166734485e-01
2.516832976460317006e-01
1.157946508629220800e-01
1.466561567728285886e-01
7.407680399457138021e-02
2.308881104997673184e-01
1.289985431777467551e-01
2.010101795108589218e-01
1.465220616340499049e-01
2.844933826299338442e-01
3.042738036071654384e-01
3.472645693152755508e-01
1.280917023588744041e-01
1.860348040368718370e-01
2.669206555198833652e-01
2.473450758360480617e-01
1.301530769547412647e-01
1.906860233518353487e-01
2.648620240430137329e-01
1.390711644640297839e-01
3.010517854559101592e-01
1.769683210938130524e-01
2.217654746130797161e-01
2.193079744194665337e-01
2.334663307696753232e-01
1.458911382749825125e-01
1.721188981583320066e-01
2.657074697397094898e-01
3.103415453538753699e-01
2.398117731099254912e-01
2.356688548316825949e-01
1.915169551937293546e-01
6.622283833815686971e-02
1.774401575348929783e-01
3.329430034596942423e-01
3.300628444067282841e-01
1.494702702343295997e-01
2.246964416272362597e-01
2.606318998493615813e-01
1.377570384551466964e-01
1.981124008418638505e-01
2.557089094634429904e-01
2.817053815913111436e-01
3.487906562614204176e-01
2.320099764597319814e-01
8.913939231105477701e-02
1.031740810676734094e-01
1.943979811761418208e-01
1.875002279328398802e-01
1.093223383092447321e-01
1.862551805274965944e-01
2.086812346816669939e-01
1.512381580694470706e-01
3.192323652503464837e-01
