1.753244434966180487e-01
2.994944903360551858e-01
3.098940691792768654e-01
1.062430868654023891e-01
3.194967603955762292e-01
2.464398642409000584e-01
1.829965673973949214e-01
2.469869754601887735e-01
3.373844019641543679e-01
2.837989486066830325e-01
2.178538892273517713e-01
2.766183218427795687e-01
1.032601266721430711e-01
3.439767668500504638e-01
2.701559569659926496e-01
9.502660682238898981e-02
2.703029239621984603e-01
3.125401020155917919e-01
2.712824633985005396e-01
1.329826430027822581e-01
3.208368384720624578e-01
1.824543769693448281e-01
1.419260804977269808e-01
2.410443262348656579e-01
6.328829160779966823e-02
1.321544851535254861e-01
2.252590592618240461e-01
1.125505368447000110e-01
1.915105503780223650e-01
3.184249768332775288e-01
2.055647292806791482e-01
2.968683304669539891e-01
1.449756112628899085e-01
2.019735721441114074e-01
1.075598311349324904e-01
3.368737295057793180e-01
3.122606187984693360e-01
1.520186910912720013e-01
2.233091390040494173e-01
2.213046109632896552e-01
3.087639996781432750e-01
2.330397013531997630e-01
2.728584912199145118e-01
2.550944883005597519e-01
1.374371117415778276e-01
9.531212004840385055e-02
2.041163243783539194e-01
3.302500767435548878e-01
2.810853618907007134e-01
3.459054010829841208e-01
2.454935355742627057e-01
1.124045853837258163e-01
3.392630539536067302e-01
2.471563646173121076e-01
2.698647204030091840e-01
1.487185432102012539e-01
2.816568149287457801e-01
2.420865893963920212e-01
1.456114306203332431e-01
1.068104076277407583e-01
1.484270075846152170e-01
6.936816618447672056e-02
1.014926806210574989e-01
2.735654584265656553e-01
1.112796593159327690e-01
1.178013813243442426e-01
1.133484058332715760e-01
2.953472234285430820e-01
2.281477527724438403e-01
2.532055576508685513e-01
3.140376854096996184e-01
3.275045987740173858e-01
2.176551347305583084e-01
1.166017462831406004e-01
2.561181116188825380e-01
2.547406437673401247e-01
1.167600450569892395e-01
1.446712652967033497e-01
3.166072008446798036e-01
2.898065952429297321e-01
8.155942709740822416e-02
1.439246282494138218e-01
6.382585460407771971e-02
1.557111938596680289e-01
1.371019075099619289e-01
3.172768695080870338e-01
1.120007524301287055e-01
9.077855578726226615e-02
2.679875626059079474e-01
2.127666680612933237e-01
2.985549254342403924e-01
1.626704836643394769e-01
1.314376027826451854e-01
8.699048831487211919e-02
2.449594204556456711e-01
3.305853607407147066e-01
3.041694792079053244e-01
1.453416151628668662e-01
1.002706561521891360e-01
1.930663347351264936e-01
1.897273029540003098e-01
3.493632490584783201e-01
2.935084696549233874e-01
7.562264744923663518e-02
2.982772051464555596e-01
3.027684676848465539e-01
3.230263938419234981e-01
3.050090159849360716e-01
1.865471369180621286e-01
2.795165994096299178e-01
1.513887326796129473e-01
1.643022759013178791e-01
1.132381061944727763e-01
1.193948755012555069e-01
2.452988864768653743e-01
3.070009521021105359e-01
1.931382562863274144e-01
2.164597980283566869e-01
1.869693297053479641e-01
1.217043935501341823e-01
2.424280219498875233e-01
1.876895179924455981e-01
3.054711746374002002e-01
6.271174964063851165e-02
1.661555810933984800e-01
1.977995034257555573e-01
1.012438768266749056e-01
2.853900891944072815e-01
2.397042174119567437e-01
1.871691085541164756e-01
8.939623800049166513e-02
1.703943618957011186e-01
1.912377371933338677e-01
1.146040299210779739e-01
2.583717105955018467e-01
2.954544647515232048e-01
1.832863289191127287e-01
8.776908466806929154e-02
1.370083886968668230e-01
1.574573604062065313e-01
1.286681907846568274e-01
1.106330846488955272e-01
1.123596496826460706e-01
1.606057275489664871e-01
1.651789282516699930e-01
2.480282062061369142e-01
2.058260777658255380e-01
3.010362634342903521e-01
2.847248121901721496e-01
9.322105155347563954e-02
9.188416012892632045e-02
1.403329826463811936e-01
1.436487301896290092e-01
2.808009193202934961e-01
3.118364415819679381e-01
1.332052344469398242e-01
8.585449374969458813e-02
1.389945300124451333e-01
8.825897843980018420e-02
5.812908585752834395e-02
7.434755013932098366e-02
1.757805500409588828e-01
2.175805088272786125e-01
2.419059893360691049e-01
3.084240608925254423e-01
3.098209668511944237e-01
2.671910352942164502e-01
3.178535228875662422e-01
1.364063045233477323e-01
1.747811078442115529e-01
2.249185656921053322e-01
2.300147850412823936e-01
3.070166517035843312e-01
2.856410124485960766e-01
2.287347465768976018e-01
3.375871948789932464e-01
7.353008852885838109e-02
1.333901910842469341e-01
3.348545599945093598e-01
9.430071555346382361e-02
1.687078556612665592e-01
3.223188623068618530e-01
8.155764081101832264e-02
1.886557530748423916e-01
2.495937558829279257e-01
2.995760227993854441e-01
6.553877401363625288e-02
2.582782844097508690e-01
3.433090789879544857e-01
1.054266563047501909e-01
8.140768997108661920e-02
3.191684058556603643e-01
2.950786171222630760e-01
3.325066837820160881e-01
3.119146126764542060e-01
2.753225190119088506e-01
2.064273220299065736e-01
1.093111214765401934e-01
2.786461624091453593e-01
2.929424230185425637e-01
1.071935006256648226e-01
2.843664488732455253e-01
1.878853214582638376e-01
2.961064227999157250e-01
3.174355249148075320e-01
1.395003205982760230e-01
1.061900153254995982e-01
5.989030960315619434e-02
1.304882379409755822e-01
2.354237115418073567e-01
1.096492589143072544e-01
1.216605181560238141e-01
3.136906656500388357e-01
2.810164475958036312e-01
2.125811239697319166e-01
2.576648212708617658e-01
2.415106361057589579e-01
1.869529056425967561e-01
7.719056501775524437e-02
2.888197387778938530e-01
2.919398410033517410e-01
2.210092564756331868e-01
1.705691160011364171e-01
2.174117521459218993e-01
3.005383574938018110e-01
1.383787295749642487e-01
3.104821202082824749e-01
8.958213502201649303e-02
9.503035457939923436e-02
2.468502023644944532e-01
2.865702466055767839e-01
1.503295624388207852e-01
2.812567657210248706e-01
1.008088655686810858e-01
1.208287316887069612e-01
2.634597223440852676e-01
3.347971489488031915e-01
1.183396386124658806e-01
3.190173625595907891e-01
1.437617019548355080e-01
3.057420216815159297e-01
2.421544400901978200e-01
2.899232224659529789e-01
1.828873410548188527e-01
1.227181050136543772e-01
3.292923298724240722e-01
3.142077383761015530e-01
2.974288103427966123e-01
3.345022993214650797e-01
1.660766358934310793e-01
2.444122185448633633e-01
3.353599108456147282e-01
1.280710593031231803e-01
2.905737551820681830e-01
1.400404026740680041e-01
3.065130358508992847e-01
1.573873798550455561e-01
7.311883138144112393e-02
1.571114595335296460e-01
2.277892919045538256e-01
2.437384655703300762e-01
2.911514262035895251e-01
1.660099298987555427e-01
2.918982068428239707e-01
1.166063297228344398e-01
1.012176870002638035e-01
2.881025769121928204e-01
3.471636032760750390e-01
1.658475713299813747e-01
1.118041500114859699e-01
3.412761799027777543e-01
1.000961385355708111e-01
1.046930109888637439e-01
2.718366536139756318e-01
3.103292082151364317e-01
3.405112224699333723e-01
1.665700110696854697e-01
9.020972351471494288e-02
2.767707473259018447e-01
3.187046133549117921e-01
1.591254481034432844e-01
3.427940084524097597e-01
1.658484421711574064e-01
2.327220051841605020e-01
1.991157370913680391e-01
2.855680829862853320e-01
2.870773222196520980e-01
3.002750794888408570e-01
2.478729761777101193e-01
1.554973547237485376e-01
2.634705058265766064e-01
7.869172661636020250e-02
3.101235466080732861e-01
2.904546656348783173e-01
1.138205224314629699e-01
1.191032160679281748e-01
1.123948571385310069e-01
2.942799647654000816e-01
2.511986758898814287e-01
2.267549265465579889e-01
1.221844814524752632e-01
3.167418673448607058e-01
1.086110571155039783e-01
1.325997325826652751e-01
3.315690248363866166e-01
2.731273897618154423e-01
1.173503158458114870e-01
3.316900764411269686e-01
8.246603238837911520e-02
8.748714981268133906e-02
2.563779740336337154e-01
2.383766752980886194e-01
2.462955694381155913e-01
1.206023727786196403e-01
1.263070646627577898e-01
2.393736030442860929e-01
1.696825268462213154e-01
2.134960633029737431e-01
2.072684587240183063e-01
1.998690819502350058e-01
2.673645729072460786e-01
2.570593463932027700e-01
1.173756382430315159e-01
5.405140982669152244e-02
2.725851348674694918e-01
2.353097120494140881e-01
1.068677049276487573e-01
1.743792252510679708e-01
8.499229230815018299e-02
1.387937523482416780e-01
1.740788393271502088e-01
1.840138340388742244e-01
1.358083092307455775e-01
2.715941749937935135e-01
2.693348980410543159e-01
3.326228157348413705e-01
2.221283097542700591e-01
7.110389445683454324e-02
1.200287562626203564e-01
2.230031020145961107e-01
3.395306698195421635e-01
3.433358506166035440e-01
1.512473060053046714e-01
1.299177093817591999e-01
1.131530561625769954e-01
9.818453042356614646e-02
7.349235570695900055e-02
3.361063670788594915e-01
1.727836872890311515e-01
1.284350565162227786e-01
3.007692168885817696e-01
1.472035202026300560e-01
2.547961140929702051e-01
1.301671346333692914e-01
1.323322970018833700e-01
1.878008328132341198e-01
2.063708428178998300e-01
2.157920333603104146e-01
2.777445604791202172e-01
6.313259761985050289e-02
3.167025526640918076e-01
1.584519084986898696e-01
2.183204286045479503e-01
2.533192066642802609e-01
1.995790279224194663e-01
9.451081479929118734e-02
2.700278598279541864e-01
7.555622252141101780e-02
2.716282768929347280e-01
3.205871009782438330e-01
2.242960557046069781e-01
3.286218515315434407e-01
2.487975655797110275e-01
1.367964647775278819e-01
1.126405200544649404e-01
2.363485171494590364e-01
1.447825483093799770e-01
1.082264324373690689e-01
2.090340747349808403e-01
3.469895309425748420e-01
3.401880217278057117e-01
1.333522629877681998e-01
6.978381606099998136e-02
3.221338802163323245e-01
8.581608696329383335e-02
1.128841662348580022e-01
1.942208012808034345e-01
1.828932639766552848e-01
9.867015102598127030e-02
1.993498907446062951e-01
2.465890965907813481e-01
2.030641477337317424e-01
2.949294818895831782e-01
9.738859863184838594e-02
1.188004561892552352e-01
1.204187062130779307e-01
1.737099974341192732e-01
3.438479753583151832e-01
1.192312635109678970e-01
1.742910855601443598e-01
2.101623662345111498e-01
2.541187600197603591e-01
1.276896835287193999e-01
2.630865156427846241e-01
1.142243753247459970e-01
7.303291375350388914e-02
2.417584677232444135e-01
7.746374914119209809e-02
7.674963772089736513e-02
2.502434665894026078e-01
2.732660518298837271e-01
2.121935684703994129e-01
8.671978751707158650e-02
2.034946238013327358e-01
2.999705821060836275e-01
8.155098559420513593e-02
1.963258990733344478e-01
2.864774075019851374e-01
2.420158001725645214e-01
2.838142445214999476e-01
2.231234934164775252e-01
3.335884125064974004e-01
2.662971135091297681e-01
5.665373601216592420e-02
1.830981891253628813e-01
1.089705551460149607e-01
1.062605948450538462e-01
1.147012271006135620e-01
1.390877784722612809e-01
2.986191394369511753e-01
3.284285238384891947e-01
9.587009480666704164e-02
1.140358339152439948e-01
2.140088594029021796e-01
3.005009385606962069e-01
1.590782053435420562e-01
1.024934215164329254e-01
2.729302382783709291e-01
2.252920832251818217e-01
9.357428524372478351e-02
3.248109199630512256e-01
3.103778570228237221e-01
1.945164398944674022e-01
3.344435749951188974e-01
3.421767358610914300e-01
2.559354941147838902e-01
2.359481376957063004e-01
2.054685436199779058e-01
2.656744483304356863e-01
2.794069487929056184e-01
2.047307898545889515e-01
2.964691452266594585e-01
2.419952647997002659e-01
3.085107835718680636e-01
3.467716029209775841e-01
3.064047038421153779e-01
1.746987449042543827e-01
1.042142171199328532e-01
1.807587604612854726e-01
3.124185974463655757e-01
2.086661615144260185e-01
2.283388072752847164e-01
2.817185019041197336e-01
1.620876952171968477e-01
2.736813642408609248e-01
1.977288333867603110e-01
1.323884318708784535e-01
3.389693445738965472e-01
2.169229825708017256e-01
2.591665664899061028e-01
3.211436658895275853e-01
2.123483551534675329e-01
3.072282979348497922e-01
3.358062375987908577e-01
2.771822072907649814e-01
2.419201327974122295e-01
2.984914716368549659e-01
1.016740009252877636e-01
2.736609212753440823e-01
1.268958700108541171e-01
3.187181116036125195e-01
2.359062944792461591e-01
1.116266183619939734e-01
2.065006889291591541e-01
7.310303921597038901e-02
2.908743485398872508e-01
1.800244813677072953e-01
3.191672838832799730e-01
1.514512568009959426e-01
2.087743272734234878e-01
1.826334441805631259e-01
3.097885139711488711e-01
2.698969567790249768e-01
2.974609484335135612e-01
1.022849891344311951e-01
1.610535371388162884e-01
2.197454218831220440e-01
2.911274347107237204e-01
7.840549402146945734e-02
1.404717430257912125e-01
1.638966973486609691e-01
1.589911778168256462e-01
2.219233250545376845e-01
3.275549282188964240e-01
2.793502780856915169e-01
2.912998267306027844e-01
1.124591067404174388e-01
3.120450919455630689e-01
2.524845418082618531e-01
2.825331657045092593e-01
1.046017260496635431e-01
2.721238804254902388e-01
9.997109368770279447e-02
2.853905120079040514e-01
8.967474294045658934e-02
2.751697668412746989e-01
2.163639726506846606e-01
2.688880856811375897e-01
1.157329696300691685e-01
3.040782415860166510e-01
3.030128424152359057e-01
3.229893305028065931e-01
2.691673531403631081e-01
1.075713301362981600e-01
2.887304592116091140e-01
2.196837995914356634e-01
1.967316556028826380e-01
2.522859649686762240e-01
2.669817052689464898e-01
1.327058533019785658e-01
1.916935930911678188e-01
9.168196098891011336e-02
3.401067397492321120e-01
1.789687548603396128e-01
2.889761849084923617e-01
3.489316646832492652e-01
2.733226609634472060e-01
1.207682047256230379e-01
1.552018426002436668e-01
2.052650028523414494e-01
2.988069491242828501e-01
2.970733245533031530e-01
2.242345807848759864e-01
2.892343579154398325e-01
1.213286924554622670e-01
9.948172465552482246e-02
1.959455004972516234e-01
2.655294297237348333e-01
1.645292859902708626e-01
1.808047380195050291e-01
1.138063446445853194e-01
2.192451447408386433e-01
1.524872021318498805e-01
1.069257653516258455e-01
2.890731123889486720e-01
2.028886954638479123e-01
1.586680638119479514e-01
9.384005936875620957e-02
2.809651669222660852e-01
1.645888989849042805e-01
1.426714885538343247e-01
1.265091555814113755e-01
1.109324778717444004e-01
1.047980578666140167e-01
9.852123858867638251e-02
1.039863147965125467e-01
3.233670569150127738e-01
2.931955571334312616e-01
1.632229918539639946e-01
1.471566190996801970e-01
3.068416963396204955e-01
2.928119199056626876e-01
2.097877981097971134e-01
3.408543895256199163e-01
3.088290834244077909e-01
1.684689564794695504e-01
3.140402999431986530e-01
2.944888017909560451e-01
1.698487677197306478e-01
2.695121725728810147e-01
1.373468285720463311e-01
3.314044182624897861e-01
2.307326914812282692e-01
1.889098464250602016e-01
1.188010640376695320e-01
3.476764895880504191e-01
2.836992136441452983e-01
2.870442204569378930e-01
1.453797787020081334e-01
1.407521555602352925e-01
1.195136930462865621e-01
3.326605915158020732e-01
1.960251304161371999e-01
3.082111858758780354e-01
3.239642139619054451e-01
2.619193371229847633e-01
8.523211482274976880e-02
3.398202566966573301e-01
3.280351981376288806e-01
2.335841544542837933e-01
1.687112084484476138e-01
1.642952473113654110e-01
3.478351549959741162e-01
1.138493703500458032e-01
1.144814178603643928e-01
1.942776827730739175e-01
1.091165576574212731e-01
1.286883814428734230e-01
3.383519088491859783e-01
1.942065927326029895e-01
1.330049284832179879e-01
2.828628586516325760e-01
1.157904089641343254e-01
2.642773742494286537e-01
7.589718649041099496e-02
3.034714586525018021e-01
2.455895998986067919e-01
2.827359339001118133e-01
2.316035077608513126e-01
1.231262781410723817e-01
1.144558129595646540e-01
1.992020107826017183e-01
2.479277007181810155e-01
1.108575371554518518e-01
1.457685520606293861e-01
1.330482323531239908e-01
1.357774250166596253e-01
2.690319123132760004e-01
1.452136133109095395e-01
3.075059362168342525e-01
1.493005000650178549e-01
2.907442598912501897e-01
2.064070586015207542e-01
1.836896413667151451e-01
2.187517015890440009e-01
2.492414664238443156e-01
1.401102962973595767e-01
2.105908461872580129e-01
2.188445677837198011e-01
2.170965339627065060e-01
8.551216366653650869e-02
2.787671446064399206e-01
1.302309708716209158e-01
3.464029861738582294e-01
2.086538401653793007e-01
1.315846872534199852e-01
3.216005859307031201e-01
3.056725280969888603e-01
1.352829016777432058e-01
2.836973097285775958e-01
2.302685349998632724e-01
2.935820428614261957e-01
1.112128745072270553e-01
1.494747420660667014e-01
2.194230730630318260e-01
2.939714595533715058e-01
2.988516053365882219e-01
1.163063995260111699e-01
2.670108028087574414e-01
2.921848024226216811e-01
3.260494639773106051e-01
2.350857053484070036e-01
2.554628371245238339e-01
3.122499289294346503e-01
6.916410283519991431e-02
3.468723422771081699e-01
1.805477254878182225e-01
1.495076341532457220e-01
1.103061824990283074e-01
2.181597666167667537e-01
3.160251515637010900e-01
1.203239312229849173e-01
8.327706822673167086e-02
1.033370725270867790e-01
2.596232240316417861e-01
8.712293847625718346e-02
1.446108153467447477e-01
3.211152374913886498e-01
1.498685536750004599e-01
1.150700386528570734e-01
2.335491520316060055e-01
1.256712520869414651e-01
6.973517055669377351e-02
3.394260044046257252e-01
1.190573630054663351e-01
1.908102927835096108e-01
3.088374754161679614e-01
1.021928876315370271e-01
3.249438192039307838e-01
1.839725799613348423e-01
3.246630075199080645e-01
1.622312863754370171e-01
7.726782446973044782e-02
2.202294501950167183e-01
2.999725714027324242e-01
1.610830388626588450e-01
1.703533882325305449e-01
2.461414597291664008e-01
2.657679111697862084e-01
2.950028649628138600e-01
1.586099703326952215e-01
3.054476331583534932e-01
3.324266887134229576e-01
2.738605980496671699e-01
2.030463616209876865e-01
2.928853230325839108e-01
2.278890874911140285e-01
1.896746459249710470e-01
1.109253904919723088e-01
9.538726314108980642e-02
3.326896190758116267e-01
3.412452003665381040e-01
1.533479543246135113e-01
1.713818016894856355e-01
2.242692721617483842e-01
1.965625232327078142e-01
1.562370923295224034e-01
2.911820031860583580e-01
3.325382386156744974e-01
1.232823994674352580e-01
3.416962711089718829e-01
3.491167075589996505e-01
2.506735742176657289e-01
3.189250483633100930e-01
1.819819534679185669e-01
1.331121906427010226e-01
3.170692026754163839e-01
7.159549559509059691e-02
1.246029893775379011e-01
1.592936336480899051e-01
3.094528034696406582e-01
2.344111971975988695e-01
2.489163484907331025e-01
7.275034394650878311e-02
2.043735110261624688e-01
1.900913949395943991e-01
2.269782006129418273e-01
2.235255159124677482e-01
3.383541210747955108e-01
1.239987148119248012e-01
2.884653316865172235e-01
1.435792667139892675e-01
1.317918308930778604e-01
3.088997371732084551e-01
2.553351605413565761e-01
1.163855284736474011e-01
9.352665197482422366e-02
3.108304598033517774e-01
2.738627347198070994e-01
3.335455481211846429e-01
3.489140410903921463e-01
1.154480466591890075e-01
3.279475551658450616e-01
1.599934512542928733e-01
2.426060108215845335e-01
1.710081188293684218e-01
2.505249695928752907e-01
9.977151880955324736e-02
8.976752996988020261e-02
2.832821789014540736e-01
1.150641415702982895e-01
1.803569691966590005e-01
2.173693668033308268e-01
9.564611910096725012e-02
2.681601826988451731e-01
2.432791962680502518e-01
2.478588246034487685e-01
2.944789607243026852e-01
2.435519525319506384e-01
2.415921482300660006e-01
1.298158464729865513e-01
1.364005520326108667e-01
1.478045969854387132e-01
3.471315170566524055e-01
1.944819514870405608e-01
2.074743547731895121e-01
2.319255803772286850e-01
1.522004497165442838e-01
2.440163207194681605e-01
2.353096526748575945e-01
1.102757151888902609e-01
2.588775258291962644e-01
2.270288008438998972e-01
2.951051928657081880e-01
2.789547980983069775e-01
1.264432957025338200e-01
2.830645637447682939e-01
6.123593012216509146e-02
3.415941394250697205e-01
2.220454259640886607e-01
2.420763969430163032e-01
1.699103054456126971e-01
3.199325775563988672e-01
2.984950117806058900e-01
6.156228977223349857e-02
2.534741793429419188e-01
1.207341942724804440e-01
2.436655925975929338e-01
2.283181683073435275e-01
1.148782794234252391e-01
3.178792159459440381e-01
3.381900323118640084e-01
1.090946937500249514e-01
1.031893156895129920e-01
8.492762460686509307e-02
3.465241634684012029e-01
2.107721630230788845e-01
1.126390635130239820e-01
2.835290121407069153e-01
1.500462940534715572e-01
1.186730638449182695e-01
2.303852470862674529e-01
3.109329664234897206e-01
1.855659535309605868e-01
1.185756970236313684e-01
2.854012615877330461e-01
2.669807390325703023e-01
9.610292600926961804e-02
2.473579173971084955e-01
1.943409933888375074e-01
2.426579137749735604e-01
1.907907478876047225e-01
6.034771058235732788e-02
1.372396752504548567e-01
1.088782485107305381e-01
1.652430666618550925e-01
3.124528269212005771e-01
2.017302190244968374e-01
3.375413289576900122e-01
2.393443611705746710e-01
1.663086586511592357e-01
2.552050265445601762e-01
2.886424763421003292e-01
2.992612457430888773e-01
7.254712827704312694e-02
3.154882545312190922e-01
1.682255477714013348e-01
7.914294296845315879e-02
1.135093178447894313e-01
2.711988367024341651e-01
1.782605452895213161e-01
3.014840707287761989e-01
1.396337714011845477e-01
6.648082744013854295e-02
1.243146427543473653e-01
1.162183126318671739e-01
1.130280516905512594e-01
1.136677633678053190e-01
7.450690578062466041e-02
1.143198061778178815e-01
2.122282246905689285e-01
2.996270983878775440e-01
2.956963495195215064e-01
1.872534753179168343e-01
1.095568807248391424e-01
2.207735844221136168e-01
1.393567021387484006e-01
2.450888882532022417e-01
3.427515278907604102e-01
2.703587112629621814e-01
2.716118849784016631e-01
3.320722003508620457e-01
6.711484609794027278e-02
3.470803755107223498e-01
1.719443176688752184e-01
2.835988194281440222e-01
3.048295505920877169e-01
1.539323063621101939e-01
2.707860172366534646e-01
3.260992138513964522e-01
9.388043671929675871e-02
1.487141069227601864e-01
1.848553105412611697e-01
2.486482480751994184e-01
2.345417246500107189e-01
1.169040103669193587e-01
2.174149622906434154e-01
2.767449472921812426e-01
1.634833018060375953e-01
3.212458735885719285e-01
2.252717121620578800e-01
2.891735939376084419e-01
3.027996895415894230e-01
9.113142369666873965e-02
3.427523065508284450e-01
3.062744719584458153e-01
1.533088549544900370e-01
1.482392292055973448e-01
2.695911861597694581e-01
2.758873550533927910e-01
3.052287355911763034e-01
1.136182287868763852e-01
2.626855272613731751e-01
2.406072236841897694e-01
1.797596906121522731e-01
1.022416934952033868e-01
1.904123113112409227e-01
2.342193192811538038e-01
2.089621265597869926e-01
2.035695288302528660e-01
1.620583633435326021e-01
2.524913217959678935e-01
1.242889907663543431e-01
2.965237037240628371e-01
1.982376039208848251e-01
3.021147932965365102e-01
3.471251791004193454e-01
1.371158486117449171e-01
1.921925010478815754e-01
2.523896847475694538e-01
2.808594120801766181e-01
8.402375098475078907e-02
3.237424285933048207e-01
1.031876385114956080e-01
1.537760259149975051e-01
5.551241911721037370e-02
3.448978561471516824e-01
2.763491415262618878e-01
1.911628287145065164e-01
2.365659439435253975e-01
2.914963818226674053e-01
1.042138020322718461e-01
2.211484410924994537e-01
3.168298743586234201e-01
6.247591759318935761e-02
1.788050091697449273e-01
1.741851466182122998e-01
1.269260562525958425e-01
2.094867170358923336e-01
3.103888438412362727e-01
3.388093287332069603e-01
1.146432757488749371e-01
1.922680993381813142e-01
9.649478404652096775e-02
2.756810716866117117e-01
2.178458793724950271e-01
1.049450479435693889e-01
2.227399199286058395e-01
8.069155232016013424e-02
2.465933036116929045e-01
2.329619583938912497e-01
2.335916475546812032e-01
2.771015028386233925e-01
2.346675867135255000e-01
1.135517596384370831e-01
3.367345680686087417e-01
2.563076919488886940e-01
1.595099657993512832e-01
3.133696948006562955e-01
1.993512721064024662e-01
2.013504047575842004e-01
2.507440363755182311e-01
1.914072879385729786e-01
1.191652122998723973e-01
2.346893094353502407e-01
9.399485940908026971e-02
1.875904188527613425e-01
2.605827664793696763e-01
2.155697144430277767e-01
1.006089656249702369e-01
2.574860397780330823e-01
2.137414518629731364e-01
2.657360215431652795e-01
8.318151824973919750e-02
8.327163046268928892e-02
3.290937072863268642e-01
2.727986596467134595e-01
2.570769610539934136e-01
1.129432823465163910e-01
2.819139735312330419e-01
1.769185978140716264e-01
2.628887118510080945e-01
1.299263004041419090e-01
1.796913986890109338e-01
2.750205974877045212e-01
3.071159178696916681e-01
2.406379471586879426e-01
1.087720835565667010e-01
1.397499983679662550e-01
1.834084643786759172e-01
1.920065382572508361e-01
1.042328524846499460e-01
1.899095107492746737e-01
1.297114446140930633e-01
1.433136586223487940e-01
2.403845358009553679e-01
1.613664382402113517e-01
6.602064761738032916e-02
2.191485048834038996e-01
1.818116796070242958e-01
2.731261300465823716e-01
2.710693208950477606e-01
2.655563434082228724e-01
2.399973172773161856e-01
3.035063970913710607e-01
1.044049049952530672e-01
1.940409489916220254e-01
1.515045391692561583e-01
2.153036028764722387e-01
1.447869061631944232e-01
