2.493666347454804866e-01
3.024571774641558464e-01
2.746714510454931202e-01
2.758340510711147497e-01
3.062137815575832755e-01
1.891930970258491884e-01
3.020696085912632500e-01
1.500595095962962144e-01
1.096473588439647734e-01
1.204757955766144750e-01
3.393783062845351362e-01
1.168090190396510603e-01
1.636832828229443093e-01
1.838560087852869340e-01
2.232995387767894857e-01
3.436032822732897341e-01
2.817107723498438743e-01
1.332935082402106064e-01
1.536404972203229691e-01
2.124353751901345289e-01
1.279530376361695532e-01
1.377814125076999852e-01
3.088121493983686516e-01
3.444003126641843604e-01
3.411857333962280969e-01
1.892060067780853561e-01
1.426384773765276004e-01
1.698193740343224289e-01
2.242919961948561525e-01
2.573322271835898345e-01
2.342199590008818832e-01
2.152061053568294635e-01
2.658657883149285750e-01
2.837542894193194609e-01
2.171901608169234665e-01
3.155636724529408133e-01
3.424056599013857172e-01
2.564246050171132274e-01
1.922592043515640170e-01
2.682699881634315608e-01
1.254228170132783704e-01
1.410240224082581484e-01
2.700820349014951827e-01
1.084049912377998415e-01
1.285749384198216771e-01
1.681476405897034121e-01
1.502518540970273486e-01
1.199899681795068423e-01
2.607957352717613086e-01
1.231098212727901459e-01
2.999780149453983857e-01
2.196107572219844761e-01
1.432888800014969766e-01
1.196098894672023710e-01
3.096048970857682159e-01
1.968529008515082779e-01
1.785377655491864890e-01
1.507565691115730355e-01
1.380023060884788821e-01
3.050708436813071578e-01
1.673095961963111944e-01
1.133531759380961151e-01
3.095048833775237984e-01
2.402308192934196895e-01
1.311382472310910208e-01
2.860936536523403517e-01
3.469807911111579268e-01
2.568891445373130411e-01
1.223630357723249212e-01
2.735726977870268084e-01
4.627892944296132377e-03
1.159875753533708281e-01
2.761073389199206196e-01
3.038462876314965699e-01
9.439987186407126918e-02
1.235459451803551101e-01
2.301298207018514508e-01
7.205044406528320067e-02
1.736151249906724703e-01
1.581204184635119636e-01
1.299763508635950471e-01
2.859971311979200848e-01
7.946943385280534622e-02
6.421593285033813658e-02
2.982089646675146200e-01
7.565828596106495552e-02
1.281760651811115204e-01
2.263774290362524921e-01
2.257706084030575711e-01
1.476812889682364016e-01
1.858020534171226645e-01
1.311051901091345173e-01
1.541237142533372351e-01
1.710617855647981189e-01
1.153242486091565072e-01
1.557991410955185396e-01
1.262049387882667184e-01
9.450714958541937827e-02
2.836195529349680444e-01
2.952921497003306861e-01
1.964412795073700313e-01
1.647324314933632516e-01
8.404067540725194962e-02
2.663885744943406131e-01
2.512051860400060788e-01
1.726957631530517678e-01
1.340028752378693011e-01
1.438417442999518070e-01
3.445079501232014008e-01
8.787073003269522953e-02
1.503259950473282425e-01
2.657392022108478469e-01
2.460614201347390284e-01
2.485602420205877128e-01
1.907265932843436179e-02
2.493245186828531856e-01
2.000611006425366545e-01
2.043500135362769088e-01
2.494531163287775910e-01
1.660186740732637056e-01
7.446981356152899967e-02
2.936407819853056878e-01
2.944897519973563305e-01
2.089816362488078338e-01
2.402657280311599475e-01
2.285858521619466566e-01
9.450847233934836500e-02
2.689330992901718953e-01
3.318875488665152806e-01
3.169387833938976939e-01
2.701893884127008483e-01
2.479794857729323010e-01
1.108416173272754740e-01
9.822566247737739287e-02
2.304241091017073251e-01
1.226076289570986466e-01
2.793270153233508024e-01
1.632663112565029551e-01
1.261991654838591770e-01
3.143061299938447184e-01
2.595560347711742266e-01
1.387900153908177281e-01
3.129725371409897705e-01
3.408037466422990103e-01
2.530925463915927320e-01
8.918622347020778440e-02
8.471477401956362119e-02
1.304857198086124548e-01
2.088427841449671529e-01
2.145915399154135483e-01
2.698415202024672110e-01
3.039960858890125017e-01
1.027814118334504367e-01
1.817989946060225570e-01
3.453427975431635488e-01
1.053788849361571439e-01
3.018127873773798209e-01
2.465545883175509490e-01
3.170052708101612216e-01
1.253533161665096596e-01
2.822720480199922277e-01
3.041502488978060081e-01
1.034477534717422043e-01
1.900914993244904316e-01
2.414098681479738273e-01
1.471897670751703968e-01
1.853510728292661336e-01
1.148090554280617875e-01
1.436260731913198696e-01
1.346449395026939888e-01
2.158562776524646787e-01
3.264562254778503592e-01
2.507506995923445836e-01
1.190215912744613941e-01
1.471064010007135936e-01
2.547079926188517418e-01
1.989217456034470810e-01
3.260969157650687733e-01
1.455927574256505042e-01
1.601491355998994615e-01
1.100643987134019147e-01
1.657075209922355130e-01
1.296711332534829786e-01
1.563942971020984007e-01
1.538499881215126541e-01
2.386049609090356016e-01
1.478936353318982544e-01
9.829867308730461106e-02
2.769284662217116333e-01
1.186944182499602846e-01
2.418166886646448965e-01
1.936850942797068154e-01
2.297382227435770530e-01
1.480004455540832875e-01
2.614912313360063245e-01
3.348381549783396860e-01
2.167367286279529015e-01
2.433932203781408177e-01
2.686547606601293881e-01
2.886087755373208386e-01
2.755308221223830012e-01
2.473101277204101667e-01
2.590217738833990313e-01
2.605679166322710794e-01
1.362610292091079867e-01
2.009068470317249000e-01
3.054668093357546521e-01
1.465522605551344004e-01
2.312360492530791400e-01
2.871103341414391608e-01
1.358969745794186834e-01
2.513465761295385348e-01
1.941876751219712982e-01
2.688397597555828855e-01
3.260885490890704785e-01
3.402968426273185742e-01
6.571566897005184926e-02
3.442614718497091775e-01
3.186519630742680187e-01
1.307449523069578179e-01
3.307611427788559877e-01
1.528954321890620971e-01
2.109202755112490335e-01
1.439422321383867776e-01
1.260714984853831822e-01
1.287419688745254920e-01
2.360724639703609129e-01
2.249310732945161151e-01
3.019235855023977289e-01
2.876854915124744672e-01
2.505052396767813438e-01
2.630853793829004972e-01
3.159901105777457309e-01
1.028455818335801131e-01
1.745943736697098958e-01
1.259199793281280677e-01
1.492260643713364532e-01
2.244902866335103109e-01
2.233068393640537386e-01
1.675320028138453377e-01
2.813568163077065365e-01
2.286796962615083861e-01
1.175198442931980197e-01
1.338966021359887792e-01
1.620742491884948067e-01
1.338497515725762810e-01
8.864918685109679508e-02
9.149474343794161690e-02
1.191813490996600916e-01
2.072898260931697323e-01
2.916795971259767972e-01
2.683750277801165152e-01
2.287422734183828799e-01
3.085742973540014922e-01
2.286332165173283193e-01
3.411501297836572744e-01
2.921629372795035984e-01
7.493221777023029162e-02
2.216773791444913155e-01
1.344615149308542312e-01
1.051356088975199665e-01
2.495146642631146106e-01
2.165253811008990004e-01
1.503525981831586034e-01
3.276687318329238874e-01
2.716144847162760279e-01
2.986972897348172951e-01
1.335171527762026855e-01
2.980123218107129102e-01
1.916173163495926979e-01
2.935546178992847199e-01
2.635260420168682449e-01
1.447683542973396964e-01
1.718110840118527438e-01
2.656701312967072459e-01
2.484101467560212717e-01
3.049318527737011064e-01
1.267988966362015579e-01
8.442687884245105023e-02
3.167843256334660351e-01
1.408100701270906807e-01
2.278244163627237695e-01
1.927425648209027953e-01
1.763536499824734094e-01
2.437435321134069355e-01
1.962849068220352822e-01
1.033788068437269253e-01
2.997503106584553101e-01
2.755086196924807496e-01
2.265755210651813900e-01
1.784113698062979037e-01
3.236166681134169387e-01
1.273918247547977667e-01
2.961979388277650171e-01
1.644223680956208578e-01
1.730262515676729562e-01
1.154959529741169111e-01
2.863181515248419684e-01
3.424847103866883735e-01
2.347894266067417912e-01
1.318733484645585041e-01
2.479786945105668383e-01
3.128541649286817883e-01
2.925273998014061294e-01
2.864769358819144740e-01
2.372012470966836928e-01
1.985559404077472667e-01
3.372875095473331641e-01
1.548262185788430445e-01
2.754726836734672224e-01
3.440371997899431267e-01
2.495419220692194628e-01
3.153971961575804395e-01
1.648578058454471251e-01
1.785750240787180587e-01
1.240684689803201041e-01
3.169724864066525982e-01
2.204936020566251875e-01
1.446805098538444523e-01
3.269957078680957863e-01
3.359089455978933048e-01
1.441773707919369318e-01
2.809252494715029913e-01
2.886176384388796645e-01
2.934432397588927488e-01
2.531058293932421099e-01
2.367302045693224777e-01
1.193250873307384191e-01
1.288286177740614880e-01
1.321559570905998515e-01
2.827843473099799776e-01
1.282491046764780707e-01
2.010624276518185038e-01
1.664542763122403568e-01
2.929070847851772408e-01
2.248128672584457644e-01
1.940384024380115147e-01
3.415016542768726238e-01
3.443042801117706664e-01
3.078110983776025655e-01
1.055271792989237178e-01
2.129598388106836437e-01
1.191889818407618068e-01
2.059917088212263325e-01
3.366968974519165547e-01
3.424827358869887428e-01
2.010108237907550222e-01
1.360692790113067485e-01
3.133491698536369774e-01
2.669323454808245621e-01
1.619524740316983236e-01
1.041872507585457908e-01
1.314677733279416283e-01
2.063397330391604501e-01
1.026531207965798997e-01
2.046656115318120639e-01
1.484505820103049212e-01
2.351108055775992800e-01
1.891904222755332043e-01
2.406203896744810444e-01
9.187526188083681988e-02
1.739636296393883008e-01
1.794844885646874055e-01
2.769221287988450908e-01
3.257561090488950151e-01
2.742737122000839523e-01
3.421595673196324294e-01
2.899311294929248217e-01
1.411605820419697677e-01
2.058593147984890681e-01
2.815523740223096344e-02
1.728450441150825301e-01
2.574642088885151781e-01
2.157468781651194767e-01
1.318021315787387959e-01
8.740464540603805343e-02
3.336012664235411540e-01
7.626223248856488224e-02
1.104574156888053771e-01
1.299867811571102649e-01
2.516168783176194190e-01
3.449683636528525499e-01
2.250090784407960121e-01
2.679178581475716858e-01
2.793842021458290970e-01
2.549476613905135025e-01
2.943135459629799833e-01
1.474404149513363071e-01
1.320051898258260137e-01
1.893376618619167229e-01
3.337660487641612161e-01
1.928238178441235018e-01
2.987074042496788429e-01
3.304135122896165733e-01
2.645908967262086131e-01
1.589862890167256793e-01
1.252755215642896436e-01
2.985000106069927162e-01
1.862462405384932851e-01
2.465101548050348812e-01
2.894236450497630897e-01
1.086317002382466979e-01
2.585116691636847319e-01
1.363835351527252493e-01
1.578674704644978943e-01
2.244898082265382455e-01
1.187215667183703360e-01
1.281532900008181264e-01
3.481267940621681212e-01
1.841655885002213555e-01
1.338600437479482708e-01
3.241142974237566921e-01
1.368874088838079595e-01
3.356765347051435810e-01
2.114576251805383167e-01
1.683553587938179108e-01
2.061227332065527496e-01
2.993215184943392448e-01
1.090400904550888755e-01
1.617635180051492094e-01
6.964401420103751017e-02
3.380661772855931835e-01
3.382973588543652377e-01
2.613485415111887478e-01
1.658841266393046021e-01
3.249051865677440309e-01
2.984274346991823146e-01
2.478228481393405791e-01
2.766247077657839615e-01
2.976606920178957449e-01
2.834151480519807031e-01
1.580896501707156065e-01
1.397152632042009401e-01
2.118380273192579100e-01
1.024249736553328877e-01
2.481393117447358021e-01
1.028087720366283181e-01
1.071093113119130774e-01
2.690577418198889514e-01
2.814838989980232853e-01
1.031562818427059491e-01
2.384441101052133805e-01
1.320549850528093261e-01
1.220026829917528199e-01
2.685761794298928695e-01
1.517017513002931195e-01
1.232433051676067037e-01
1.582501500462179522e-01
1.752182907752420082e-01
2.614699421274128133e-01
3.415530614150031896e-01
1.866705835455020335e-01
3.011060185800419342e-01
3.029779750219167012e-01
2.865815361052209687e-01
1.444734693386592050e-01
2.796390793724081725e-01
1.339497889332960656e-01
2.073540320253459412e-01
2.762236212564727067e-01
9.635574108439388941e-02
2.050836226449017641e-01
1.212651618350390897e-01
1.248690772108252411e-01
8.550089850205291886e-02
2.911981271981842756e-01
1.775326399145484013e-01
6.417250451382222609e-02
3.345488552361599033e-01
1.117635433531124906e-01
3.124093071186574422e-01
1.357793199974899334e-01
1.394608349047430362e-01
3.393590825252468801e-01
1.399967454654362231e-01
3.133378799694953587e-01
2.377502236487838427e-01
3.186021510888522590e-01
1.171743923712613572e-01
1.172829345111103816e-01
2.070434515983074764e-01
1.590283149447989930e-01
2.052624447371124428e-01
3.030237295106000817e-01
1.011875675645798889e-01
1.148809868298348302e-01
2.444623880349061362e-01
1.350520572378507145e-01
2.204027069569537978e-01
1.569291718129692814e-01
1.702879686026881612e-01
3.388199556225474085e-01
1.010601907095255714e-01
1.423790517345741580e-01
3.215208540882082411e-01
2.927731125023580461e-01
1.147588325609984333e-01
1.717212011977447272e-01
1.395510088351347711e-01
1.228717981472718657e-01
7.845345242228690674e-02
9.301490357964597999e-02
3.168352089788671888e-01
1.931748966020204461e-01
1.300028703342948344e-01
2.585622388638618707e-01
2.303994830964296303e-01
1.159780183663554898e-01
2.302508945944605201e-01
1.923366061998796339e-01
6.994520266994626312e-02
3.201910744217489890e-01
2.592806720749376015e-01
2.871911727350300314e-01
1.497441603260080412e-01
2.827411172877344891e-01
1.156020829408016815e-01
1.373857337464976791e-01
1.857052279558516761e-01
1.809417127036449524e-01
2.340228065556159420e-01
2.850666599416554203e-01
3.200081815612378366e-01
8.474814737298135003e-02
1.285309764146289058e-01
1.805048384914212656e-01
1.487290955020545702e-01
2.026620848883616544e-01
2.565729455702455697e-01
1.748763002592270133e-01
2.570602077315953804e-01
1.930240523149041598e-01
2.476605161231022201e-01
3.081161289977910611e-01
7.462251805546842032e-02
3.470170987101395821e-01
1.567502746278264247e-01
2.413724760659114732e-01
2.879747339575732257e-01
1.888965836441184043e-01
2.453005678234583542e-01
3.291252262961079644e-01
3.454736917799811624e-01
1.598303533776378738e-01
3.302018891856128291e-01
2.780233799140532369e-01
2.052502862507153969e-01
3.207522663056543433e-01
3.272505507833580185e-01
2.186145830869732631e-01
2.490817841426917478e-01
3.192189019029419428e-01
2.264274499842473531e-01
2.593359654078529197e-01
1.884099019880159931e-01
1.143046529985987519e-01
1.693460099057087220e-01
2.540166427698228313e-01
2.136457374221369665e-01
1.700817508367920838e-01
2.943257665597961426e-01
2.732898150047975427e-01
2.247489733482359586e-01
2.125628050909766364e-01
2.065006497169521726e-01
3.256840287257521394e-01
3.115866982180253153e-01
2.294514537812019916e-01
3.196897192794782017e-01
1.574721344361680042e-01
3.264282969931019407e-01
2.537016089678186259e-01
1.265935626361850697e-01
2.496906514274798983e-01
9.419493945414210423e-02
1.882376327274455641e-01
1.048448402238001398e-01
1.986322560335175291e-01
2.136377386179322546e-01
2.063988295410386642e-01
2.657877947346428127e-01
3.230128571676617044e-01
8.245987341552935002e-02
3.318053718970929156e-01
1.721117728128094548e-01
9.333609691641815698e-02
1.028106323706247105e-01
1.347482620383650964e-01
1.975562176439926709e-01
1.785404089589662791e-01
2.389623438345487294e-01
2.827395376850521669e-01
2.451170447571632827e-01
7.666146515290335473e-02
2.427375857889450539e-01
9.569073426663293747e-02
1.053859921551623807e-01
1.511032288651056321e-01
3.264186897070822657e-01
2.668728047943417225e-01
1.734200673352059296e-01
2.106744046853853969e-01
2.566284179870443327e-01
3.305292025339339745e-01
2.468644713927826417e-01
2.614387733981169970e-01
1.885927927872177445e-01
3.250902575516240178e-01
1.360791079819873572e-01
2.072112630064645300e-01
2.925627629939990815e-01
1.216211737610962407e-01
1.305279455610258710e-01
2.919682386817681885e-01
2.670003660433432624e-01
3.243641092381831514e-01
1.824904549488869931e-01
1.038753694357942570e-01
1.268444395624902243e-01
1.113276612210964689e-01
9.671986866452325637e-02
1.894680397741788924e-01
2.472626540788847027e-01
7.158038056411694661e-02
2.379295267212269416e-01
3.285326395963921731e-01
1.599244688745354581e-01
2.678324660514940780e-01
1.059458243222885510e-01
1.163672918097838765e-01
1.333495125067086229e-01
2.576516948224694126e-01
3.314460460997097069e-02
1.642163617487518990e-01
2.819361208198247759e-01
8.134923016749513736e-02
1.490591812757152135e-01
9.571913359862239956e-02
2.895594676540842460e-01
8.488913987674479023e-02
1.125235439233455564e-01
1.567392684403976222e-01
2.385282892817514599e-01
1.490349327476740149e-01
1.684725889029566881e-01
1.901535665857370105e-01
2.935214177980213224e-01
1.355048844647281092e-01
1.283553297299660223e-01
2.622419407556897397e-01
1.739124009083882760e-01
1.079090525397282119e-01
3.396786505666182232e-01
1.512132328463077213e-01
2.413680773407283209e-01
1.001588251673787566e-01
1.997348988066438569e-01
2.692444211609785198e-01
1.344633794395412585e-01
1.172433814236083227e-01
2.048010507424805338e-01
2.677082111282734767e-01
1.143310356822722085e-01
1.341973922670375852e-01
2.808564095343782374e-01
2.948575220110498107e-01
1.275092263691270100e-01
1.474202802644341004e-01
2.669396575168886399e-01
2.051839823362320014e-01
3.174535260331362574e-01
1.064055051864343376e-01
2.155734419295497195e-01
2.556894213294002571e-01
2.697134592154591393e-01
2.027379070486240442e-01
7.978701669896437476e-02
3.038788255121848692e-01
3.373402220632478188e-01
2.342100631060823890e-01
1.893917335724458195e-01
2.458530248145346653e-01
2.331128101992353818e-01
3.471706806770488152e-01
1.394694571580601117e-01
3.408271895782225558e-01
2.840729421363153984e-01
2.353738486200030178e-01
3.253581716197896934e-01
2.742448947417845950e-01
2.526946293250666442e-01
3.163891299167815307e-01
1.949863520296505337e-01
1.669179910761284524e-01
2.826009498097846739e-01
2.830274797146235533e-01
2.699745845231431574e-01
2.461238264233731043e-01
2.017527107748213477e-01
2.380537785234615733e-01
2.313919829435251985e-01
2.433633434717853705e-01
2.330803883573747404e-01
1.200254868362135435e-01
1.670108768774555552e-01
1.825879094684695059e-01
2.795343041751131574e-01
3.142905216720898731e-01
3.255594963180764578e-01
1.216582677180282346e-01
2.999742156541778670e-01
9.648967209201496364e-02
2.975506072241211886e-01
2.165014446550340144e-01
2.451261711808345733e-01
9.126756763979904097e-02
2.151306420035824229e-01
2.378048235691789247e-01
1.329462934131107887e-01
2.237301964993747283e-01
1.726085902742501843e-01
2.979978860313947098e-01
2.337918541446237786e-01
2.158179566182995279e-01
7.394859069839709864e-02
1.177996624527349739e-01
2.066610963789118627e-01
1.274623666340575501e-01
1.581987782558973710e-01
1.540115379088937142e-01
2.698654037833540520e-01
1.283808377837878656e-01
1.113369227297546504e-01
2.172397819712170441e-01
1.627603633921918258e-01
3.449709426241065469e-01
1.364638699332193783e-01
1.295117334375311957e-01
3.120348294361190988e-01
3.192692993595271922e-01
1.197269829159225557e-01
1.144659403204991432e-01
1.433336109869579322e-01
9.761090221187888882e-02
1.792144549961400268e-01
1.253997089177333046e-01
2.673541034921742554e-01
1.844914919022239419e-01
3.076755761161927283e-01
2.766621363830725766e-01
1.845587095017049983e-01
2.112825115123738162e-01
8.426137793514776320e-02
2.398819713023342959e-01
3.343778161008395533e-01
3.061871954039344645e-01
1.152278445669517176e-01
1.670676366652416867e-01
1.873096354751828396e-01
2.740509823333427963e-01
2.268949259721677603e-01
3.021207970481255001e-01
1.451722934191372882e-01
1.350467742743886035e-01
3.469591089397296990e-01
1.208660930158342722e-01
7.076282804692260453e-02
1.683909744134465813e-01
1.951371903051588308e-01
1.390472879388804650e-01
9.335496598897899401e-02
1.212349498593176950e-01
3.005805109185068491e-01
2.150866759664272765e-01
1.587918593423098268e-01
2.632465157673270495e-01
2.153271731868195427e-01
3.074147330435191838e-01
1.547699073489769983e-01
1.799833831800763118e-01
1.774765434135461006e-01
1.592581206731960575e-01
8.478898291165251622e-02
2.437046303992722596e-01
2.218908078919804294e-01
2.894024608043322955e-01
1.223114651047048224e-01
3.274964396888866980e-01
2.857005029195021639e-01
1.338565401566991497e-01
1.726507122956555396e-01
2.994227300657035240e-01
1.074608761882976798e-01
1.663790502110396308e-01
1.129581849152640483e-01
2.571045425893063729e-01
1.540278973527249018e-01
2.982853362891543791e-01
2.761762847343259275e-01
2.339827439151453692e-01
2.448584390677510103e-01
2.871752892729008133e-01
3.373946551071215216e-01
1.750028293216381037e-01
3.328845743996933781e-01
3.007364495549353367e-01
1.930138105229186885e-01
1.037036464151699783e-01
1.099097346697311545e-01
1.917747369008003244e-01
1.273148211986058209e-01
2.159432274146931841e-01
1.411491189735251672e-01
1.799357343035058177e-01
1.206040600166894128e-01
2.337129290391137537e-01
2.260329705909605580e-01
2.021578733332633770e-01
2.251451772549493136e-01
1.951310826523241226e-01
2.389427811974741966e-01
2.654070995292848179e-01
2.035826404365805586e-01
3.365151600026807799e-01
3.351355405318580671e-01
2.196014337582417875e-01
1.127649298667971339e-01
1.153211231771095746e-01
1.262615455092822303e-01
2.572834370746093779e-01
1.288049813795754395e-01
2.779735919320746040e-01
2.794638886438145509e-01
3.079510840550678252e-01
1.953855050317271080e-01
1.932879684328954184e-01
1.184520490182620206e-01
2.260912272252414423e-01
3.116155728474108710e-01
3.135092167292427567e-01
1.613320802322837089e-01
1.230558798294922040e-01
1.191583838836787895e-01
1.408180836627998533e-01
2.105941381878613239e-01
1.700875527989383629e-01
9.580319704960860161e-02
3.319477959743878381e-01
8.047545162686541020e-02
2.768300008165538451e-01
1.691430849162456063e-01
1.821873037568260689e-01
1.652727761434258369e-01
2.304760612892650107e-01
1.371476975371538898e-01
1.168791928988466566e-01
2.624042909022583636e-01
2.304702313049994677e-01
3.254694761417515347e-01
8.833983062161751554e-02
2.193972396524296875e-01
2.333870104001353751e-01
2.551872823078303876e-01
2.439670329222149714e-01
1.070895997754730961e-01
1.225831580841354601e-01
1.553673211258492226e-01
2.263428861295877503e-01
1.078015784143316197e-01
2.211846245686308610e-01
3.126635063388786828e-01
1.592955085102261137e-01
1.362103924037425841e-02
1.975737255510764678e-01
1.182865354284876325e-01
9.222246009849489889e-02
2.056633582635742918e-01
2.742465761016384951e-01
2.604792402180887145e-01
2.814919327312068731e-01
1.981667422481212526e-01
3.047221795542014999e-01
3.201574248363639463e-01
1.263192249183869853e-01
2.992943977379413645e-01
2.254751520813298438e-01
1.602104771854768739e-01
1.332669620759077966e-01
2.362681778656081644e-01
2.367001326900987634e-01
1.180300644064050247e-01
1.145599960177707405e-01
2.356057173234568647e-01
1.719005827956590071e-01
2.766130229715433320e-01
6.728023768515427327e-02
1.293629950025365904e-01
2.472800773887570136e-01
7.503654826492320296e-02
1.116068483233027125e-01
3.318987347969776236e-01
1.252713934711238986e-01
2.611503260404602345e-01
2.432958946014575907e-01
1.553558390756221985e-01
1.974439339829774098e-01
3.469235961332882701e-01
3.114070172623601418e-01
2.685466824106272354e-01
3.162238291330381479e-01
1.611266358357713313e-01
1.371206005146269058e-01
2.133986342307926942e-01
3.062455612481362333e-01
3.265571531845967157e-01
1.044441841282794520e-01
1.555912257348338323e-01
3.095316504746555841e-01
3.348007428227888216e-01
1.168751967421959026e-01
3.091609960054145789e-01
1.216615450210403876e-01
2.079103612471459028e-01
1.556892301539397061e-01
1.420388845598805627e-01
1.946343601402333312e-01
9.380093283514653879e-02
1.745256744432508167e-01
2.201538591166906644e-01
1.891981193071238243e-01
1.628856874486752093e-01
2.684638803067500024e-01
1.490001473602479698e-01
2.904548778888587091e-01
2.001909007197383017e-01
2.231310183476889197e-01
2.453882052697432536e-01
1.213642406812248803e-01
1.866571923923462384e-01
3.231964252182046304e-01
1.175635995209693835e-01
1.533771371640530456e-01
2.181502217496262275e-01
1.008206449426911205e-01
1.969229469009666778e-01
2.345438304933686879e-01
1.197258882668805618e-01
1.334199216920484710e-01
2.030448173084342944e-01
1.856036103322006581e-01
1.321619604924804126e-01
8.258214892847344502e-02
1.400673893970917350e-01
1.396181723475909964e-01
1.406345985458289094e-01
1.003754174529315063e-01
1.752281007023568093e-01
1.716552318278319611e-01
1.350776138433621987e-01
2.436236358454172413e-01
1.084694155047874614e-01
3.297428603652543533e-01
2.465230095314111247e-01
1.356283247720934670e-01
3.102899159018313591e-01
2.446469191148701594e-01
2.719885124041337976e-01
2.831393690965129384e-01
2.029215920857340427e-01
1.564036212740837484e-01
2.556459241922271475e-01
1.519860126558062463e-01
2.493400777225223686e-01
2.685714101919995933e-01
3.110007730037550044e-01
2.304870224615818974e-01
3.324201281268552299e-01
1.009120821080614488e-01
2.898146816117256885e-01
1.818308943220732776e-01
1.922675908928627442e-01
1.223164677883200741e-01
1.380507760728806321e-01
2.615155421228066435e-01
1.807116088322301972e-01
3.152288477134292388e-01
2.740668667662842783e-01
2.199339363280566062e-01
1.184103002983079161e-01
1.351361764083178763e-01
3.247270945424265975e-01
1.226861440307903395e-01
2.825460040695090824e-01
2.513856837261478350e-01
1.244679063796443330e-01
2.714895938698529410e-01
1.448597093958044479e-01
1.817973432329712535e-01
9.150993514144670216e-02
1.190686522124258379e-01
