1.025164791928488833e-01
1.067215787506481106e-01
1.103146382961840699e-01
1.069205498794254111e-01
1.898729413245165559e-02
5.821998409630770033e-02
2.658994160703749832e-01
2.007395769810109420e-01
5.103637375608528759e-02
3.131273867045418768e-01
8.687153947724671199e-02
1.513111067943652133e-01
1.625454956634633796e-02
8.312293174365167903e-02
2.029406035837311717e-01
6.717399351070461877e-02
1.813212998380106245e-01
2.181437397892394825e-01
3.303969280022930333e-01
3.029816989713743358e-01
1.690504123551731241e-01
6.941352853013964264e-02
3.186756998002475139e-01
3.315491638376977246e-01
2.861459379622316446e-01
3.082183249514958701e-01
2.764394853593086787e-01
3.271586724661102452e-01
2.190853715869743312e-01
2.951325379287291217e-01
1.259308241722988109e-01
2.000913734936140276e-01
1.631381970778365553e-01
8.730908279709548303e-02
2.366138960694591509e-01
3.023936735655806674e-01
2.058958695746753997e-01
2.125539717431371434e-01
5.733727805836028729e-02
1.014357555712427500e-01
2.496909110138104682e-01
5.737051650073376335e-02
2.152091341897499621e-01
1.917793874451629299e-01
1.195929438065794631e-01
1.201523316986927159e-01
1.964484571431723559e-01
1.200384078619145534e-01
2.682016398647539268e-01
3.872770207628456474e-02
3.207357616747015250e-01
8.262492213574185174e-02
3.263450236183889630e-01
1.512018393215963652e-01
3.853082862288900040e-02
2.456717088628916912e-01
2.362792278318178729e-01
2.835262977912607618e-01
1.830472374092361187e-01
8.514892119257395919e-02
6.460572904352915313e-02
1.150205816954840976e-01
2.163125774788671185e-01
3.172264402862753907e-01
7.433316848928261944e-02
1.429242774040264119e-01
7.027279201398058117e-02
2.583839052134821457e-01
2.737397052977411441e-02
5.739686671379282124e-02
2.615698661700213146e-01
1.600325756559824730e-01
2.132782468689319588e-01
1.385556698198184555e-01
2.989443117147169149e-01
2.633648681878428821e-01
2.073189571261373487e-01
1.398291273816197056e-01
9.521063142655211697e-02
3.098928773252722646e-01
7.966031610670751273e-02
1.902917687613980835e-01
9.660087709975309633e-02
1.827075678163156691e-01
1.512858343819501739e-01
2.476472484319210687e-01
1.208058459150357367e-01
2.383112239082879058e-01
2.754098664771200133e-01
3.299548750980395573e-01
2.979623455848739444e-01
2.350730710607931359e-02
1.826229609311369739e-01
9.939872472652476476e-02
7.567422456635795880e-02
1.868273057819105631e-01
8.010379482225958581e-02
2.769779646547447238e-01
5.697634163102900662e-02
1.989974485219570266e-01
2.313170346958055568e-01
2.481556698674311501e-01
2.872019899314555147e-01
2.217952276930066080e-01
7.800069117059658941e-02
5.628209773839205898e-02
1.556095142713898039e-01
6.810516952480244468e-02
1.333478644972306282e-01
1.728839753169245930e-01
1.972589460667008299e-01
2.491415485791228512e-01
1.116107000253523385e-01
1.034129162100197730e-01
1.282914825249095170e-01
1.388525255178050255e-01
4.149001161912099084e-02
9.172598405054353810e-02
2.495343873694693126e-01
6.247573093959517959e-02
6.788259368616011979e-02
1.720145860935451687e-01
5.899049405669193336e-02
1.827368332528649109e-01
2.273555766928194999e-01
1.835646637396402478e-02
2.622259608031617117e-02
9.865113089730924434e-02
2.614326401269604847e-02
1.804607781339406247e-01
6.635597319584203568e-02
2.663424895710224116e-01
1.453862396672992927e-02
1.060481034425979907e-01
2.700895748966999355e-01
9.692932772135905151e-02
2.354501344823912712e-01
1.990398461901397020e-01
1.200043558126440979e-01
1.235096345031980597e-01
2.597044689699310460e-01
3.161570675921908657e-01
2.084247941096841195e-01
5.373753036276194411e-02
1.597240756396111905e-01
1.984979341722548779e-02
1.584074116089415618e-01
2.979326568744016801e-01
2.186818315922858802e-01
2.610714348925985764e-02
1.313535973888979025e-01
6.262831152056740069e-02
2.543759899662750290e-01
2.552731971413308432e-01
3.083446727939201382e-01
1.030818952388153908e-01
3.234248281097968358e-01
2.957797141466220747e-01
3.279029503546759816e-01
1.709563348773564251e-02
1.095238710144760125e-01
3.213510204304910467e-02
7.548735231059919282e-02
3.252387252966690845e-01
8.035115014676748324e-02
8.019468373863078425e-02
5.949711469946557946e-02
2.275477271181244876e-01
3.087296172580846765e-01
3.020875856396847414e-01
1.062673032005029827e-01
1.812769090351199763e-01
3.309087545250041229e-01
3.255351589291445857e-01
1.511788555533480904e-01
2.745265797882700531e-01
2.995227271793313717e-01
2.968939237305026069e-01
9.257000988182413626e-02
3.292936450418244010e-01
6.022880571855081244e-02
2.593736219872763149e-01
7.285278009926296483e-02
2.855981339694921295e-01
1.393870697966448635e-01
9.848727569560680739e-02
2.151293679905411788e-02
1.576913080685202750e-01
1.797750191876471559e-01
1.283522444666048423e-01
9.006412658194092036e-02
4.699063978484317727e-02
1.719566648177142387e-01
3.004817198639901932e-01
1.431308911591163968e-01
5.560254400948230064e-02
6.679821074896771793e-02
3.071747957547443231e-01
2.430562779380121205e-02
1.957060024534532788e-02
2.424903219563676326e-01
1.748587690897844826e-01
8.711750334431693499e-02
2.117379490856853286e-01
1.893698260771703445e-02
4.958916396078288241e-02
1.653363097824299410e-01
3.148124943591277258e-01
3.189549244934118954e-01
2.055292976143371364e-01
1.346810660724668818e-01
2.413135453435518440e-01
5.321403729112686443e-02
5.988157952978028636e-02
2.994039692099093042e-01
1.235416842804795690e-02
9.722755531976821908e-02
2.072652464997360167e-01
2.615764565627574645e-01
5.029217685508424046e-02
1.342610983566888405e-01
2.451577377278321701e-01
1.885029481361636117e-01
1.507099050825751463e-01
2.042022668612367975e-01
5.277268135765385976e-02
2.219728562094064606e-01
2.873613974543415828e-01
2.486504188055897457e-01
1.499284476415315703e-01
7.210631325170654971e-02
6.512618472832493177e-02
2.260965762590296524e-01
1.002013388313856695e-01
2.335489033227223510e-01
3.231006850066168723e-01
8.719398328393888897e-02
2.873712585241732231e-01
6.413522409456540174e-02
2.168392677379932520e-01
1.911299058786100069e-01
3.143476850659350508e-02
4.205588126466686116e-02
2.170139281598554015e-01
1.609857979972569297e-01
1.499569542089140839e-01
3.219884720170982373e-01
8.985917399532106220e-02
8.535707698818813249e-02
2.247675568173486127e-01
7.212455894975293436e-02
1.978047323469848129e-01
1.210673914193638456e-01
2.260911364303375137e-01
7.126313031542834409e-02
2.023240721552864996e-01
5.296099890131189536e-02
2.722195720262777785e-01
3.034727604510188970e-01
9.373757963246405478e-02
2.578351617446139957e-02
5.515252694441491466e-02
1.908889923378361275e-01
1.854993536814508459e-01
2.849469724125292674e-02
4.026022132750118471e-02
2.102184367405135826e-02
1.741577747870138859e-01
3.243602777049315322e-01
1.555883506633098934e-01
1.402992498065095128e-01
2.125243278772828981e-01
4.780211771971043522e-02
2.752347043540345761e-01
5.985278995407852104e-02
2.018985642357681298e-01
9.717131605485768153e-02
2.866446572425852546e-01
3.275177789927322114e-01
2.087393384976268113e-02
2.949602007925633540e-01
3.076942028737112422e-01
2.080935266698732411e-01
1.362885222233314875e-01
5.992972851289263270e-02
2.101670727437952302e-01
3.145798825076994709e-01
3.195654930493779244e-01
1.652262468083187941e-01
8.778017099009335911e-02
9.077696405736962459e-02
2.235634022130061627e-01
7.320649720395927540e-02
9.922666584714308347e-02
4.561471334949333822e-02
1.625355978915827282e-01
4.732385566109970076e-02
1.896526117654899826e-02
2.290709581805824291e-01
2.242753681823999798e-02
1.264048981365973601e-01
2.527697196865281160e-01
8.979935378510671418e-02
1.903383773094123252e-02
5.951768590755320693e-02
4.089093274625838631e-02
5.103892942366523161e-02
8.006795646378865594e-02
2.192951401709948567e-01
2.663073062848111405e-01
5.596985147291763663e-02
8.821026385627708799e-02
2.114943390213124830e-01
1.596063594948895215e-01
2.327725006586621806e-02
5.137409542856244404e-02
1.411303128107744831e-01
5.513767325554404936e-02
1.019081702452848820e-02
2.144701433173787919e-01
1.402207209836585089e-01
2.941167033175011158e-01
1.667124040195588630e-01
9.102996898358593769e-02
1.855813652656303214e-01
3.082922262468347219e-01
8.808551474047651708e-02
4.458597276397063824e-02
7.684169377406746548e-02
6.179225558992853390e-02
2.632792419642750459e-01
1.547659540225034269e-01
1.252657131301764815e-01
3.135759669926708182e-01
1.726532191195306043e-01
6.819326558305602304e-02
1.450796791820912479e-01
1.220289716373067213e-01
5.632308959392899606e-02
3.517732572647906675e-02
3.237422982555724360e-01
2.186384074957987977e-01
1.988495282979904355e-01
2.276666654235927623e-01
5.617987959071828880e-02
1.549610391155829825e-01
1.829983635585577528e-01
3.212666984824336658e-01
1.890557402863971836e-01
4.411737967728329018e-02
3.398743186217086792e-02
8.217340044677148847e-02
9.411422235165808892e-02
6.843099869204670449e-02
3.971948765805784903e-02
3.845347614970134886e-02
1.845981122168944832e-01
1.612901354185351521e-01
3.033385037483019020e-02
2.101129024566916748e-01
3.398957069484526833e-02
1.985851740755051054e-01
8.985893661864272075e-02
6.067654681181157417e-02
4.701856554456272652e-02
3.221153090181794743e-01
1.073395372073235182e-01
1.509083046169868159e-01
1.790767621873816731e-02
2.943146969666178836e-01
2.644749701354272564e-01
3.282680224335846053e-01
2.880832405494926918e-01
1.175867784993095133e-01
6.430928349831854796e-02
1.460481255061908956e-01
1.835679864865422672e-01
2.970873207679841643e-01
1.194023290664758818e-01
4.860916031744631771e-02
1.862309748553528377e-01
4.999199229395186878e-02
3.072834477755145288e-01
2.234171192291648511e-01
1.488111616634636147e-01
2.935697205586821346e-01
6.382306187643449480e-02
6.206598273217393824e-02
1.287659776507168730e-01
6.452648290416412857e-02
2.292687421309212714e-02
3.096592300057948721e-01
2.431418889360679181e-01
5.332449799351343667e-02
3.412167865568707659e-02
5.734643843738860408e-02
2.902403637664704439e-01
7.095370390694807905e-02
2.575042581049307930e-02
9.426872474093128673e-02
2.619306984894583246e-01
1.288639464995291507e-02
1.597142662330878343e-02
2.330372235995918639e-01
2.909705027691071866e-01
2.527728231873114240e-01
5.519175734385548676e-02
1.879549970177226692e-01
2.233843568583658568e-01
2.133759316329458811e-01
3.246879269193501671e-01
3.288508103734484878e-01
1.060576424193812872e-01
7.339495496378006800e-02
6.345103286216458027e-02
2.468325789816450122e-01
2.283356912843743647e-01
8.018088942105390526e-02
3.288205445349343115e-01
8.303514677161914770e-02
5.694638209654970251e-02
6.449825611281023718e-02
2.633504500472212406e-01
2.056249537108313097e-01
1.475482468761125376e-01
5.161964828801668403e-02
6.273701015064175879e-02
2.549337201136547271e-01
5.629482896653965202e-02
5.627591171005833642e-02
3.127932418822363947e-01
2.088779568895315353e-01
6.951640859241750570e-02
2.428369351926271680e-01
1.674111259499683757e-01
9.069665671576254695e-02
8.826224363222415215e-02
1.702997716473744760e-01
5.695468236527870959e-02
3.139951503264962196e-01
3.310229785401155311e-01
3.297046516659078996e-01
2.370386019967160862e-01
2.699930934731991639e-01
1.085760264622090687e-01
1.091772443037243023e-01
2.522680728683019957e-01
7.316218416765291055e-02
2.438126965490116094e-01
1.935298389109452455e-01
2.265254606121757941e-01
2.380886631285402122e-01
7.969806055839200043e-02
4.329072216882460383e-02
2.673758798655549440e-01
2.724491901285250317e-01
6.058732461083266019e-02
2.264588338181629523e-01
3.272465804049787264e-01
4.192583383891577281e-02
1.112872124796538270e-01
2.841373730991539337e-01
5.916447750435122055e-02
1.277890774606552649e-01
2.106429917639570104e-01
1.745526827613180787e-01
1.199883691670533548e-01
2.829397369413161334e-01
6.801960479745536303e-02
1.604345662963799490e-01
3.292544163319457429e-01
4.190608781545288736e-02
2.265526903182224772e-01
6.694977538127282191e-02
2.072445224354400595e-01
2.525704436071587455e-01
2.086485968605907848e-01
2.865800113876066924e-01
5.069639061204220254e-02
3.246618617741470203e-01
5.985067339950299325e-02
1.542710564361442771e-01
6.343959170278513915e-02
4.095693969456830341e-02
2.254663473937635054e-01
2.886735941651168424e-01
2.394489724967496791e-01
4.325147861371839153e-02
5.044404515126209299e-02
4.456689243259626815e-02
1.046033181596274231e-01
2.178461747320887751e-02
5.110289998736878420e-02
4.565819975333477998e-02
1.495241083347639000e-01
5.420058039878119377e-02
1.264722924060263654e-01
1.270024852059360998e-01
1.377106380492584131e-02
3.219536578686224559e-01
8.410833966401949635e-02
2.990112990001129178e-01
2.893971172484043064e-02
2.095274944599477829e-01
3.318981799511501740e-01
5.438500381855029125e-02
3.083002040555484213e-01
3.246048575513568041e-02
3.497629890560257498e-02
6.099311891570238092e-02
1.310703505619396220e-02
5.507907513263070320e-02
1.092130470502074985e-02
5.823752576737751402e-02
3.132499246510884183e-01
1.796546506039414792e-02
2.606513357825060440e-01
1.436028715483913809e-01
3.144526212008864063e-01
3.278010302851659397e-01
1.956348665870426828e-01
5.319986152079547032e-02
2.065859715463679025e-01
1.786331299367514280e-01
1.449310962243669232e-01
1.846101715380368269e-01
2.178278451201621779e-01
2.454040317620978795e-01
1.646929477661586427e-01
1.760990763627276190e-01
1.715426471633524630e-01
2.201384018520881891e-01
1.659744949089205501e-01
2.999766354297466603e-02
5.437810711392278978e-02
1.755553940033861837e-01
3.163701920808917323e-01
3.977645680486174146e-02
2.623303508804435413e-01
1.671994300878362760e-01
1.446581799680672908e-01
1.704971776746100898e-01
1.695052751031559390e-01
1.904634704623254238e-01
3.091095969555803999e-02
3.303230836950998145e-02
7.903258222350388607e-02
3.234520755005498294e-01
2.504591030262110496e-01
7.104883176079704321e-02
9.286652275862837536e-02
6.112235828055630205e-02
7.722701327253918280e-02
4.365002554772148130e-02
2.400100294493453523e-01
6.240060633871762075e-02
1.878157494927122917e-01
3.110454260126693238e-01
3.089431037405337976e-01
2.350753901409111113e-01
3.278389971216031373e-01
6.418688784734212505e-02
1.268869357779125739e-01
2.177841553303928590e-01
1.545588621716485478e-01
1.457179567933524211e-01
9.609616939710746708e-02
2.493563124892400618e-01
2.117608145976456469e-01
1.644408397690630130e-01
3.310350225315620287e-01
2.756114537641464746e-01
1.215181109573343771e-01
2.869151786509578986e-02
6.037851038876618226e-02
1.098878953654959800e-01
5.202678263538148412e-02
1.446470240887808290e-01
6.953372472159248530e-02
1.568236376098565421e-01
2.882863013738035662e-01
2.182480407230523445e-02
6.979554868208424911e-02
1.721334806378208571e-01
1.705121679602424334e-01
2.157880677363395450e-02
1.171985683864642941e-01
3.727818276497941313e-02
2.840967059879813753e-02
6.589156635808476881e-02
8.101372685782179395e-02
4.624582335315481629e-02
2.123977660647966698e-02
2.646075961421315292e-02
1.767193744141993261e-01
5.114735056525356038e-02
5.610009817669875387e-02
1.680622134093163189e-01
1.850883162352825462e-01
3.943601074545871610e-02
7.290801010546570093e-02
2.256315629981424653e-01
1.707973953696638181e-01
1.658750414192605160e-01
3.174696995704206492e-01
8.550762517981976008e-02
2.886768599117812695e-01
4.170583142874212390e-02
1.137973417328114883e-01
2.157258404775455884e-01
1.303176169033092580e-01
2.278877790653836277e-01
1.679264575240548701e-02
1.880258216634889401e-01
1.929219153145652343e-01
3.150725408243088554e-01
2.772879616266878955e-01
1.851098408790166350e-01
2.021804815355086327e-01
2.379737308373183480e-01
9.889118121248245685e-02
1.246551327748251642e-01
3.216385032383397014e-01
2.592575799985384899e-01
2.875875692705784359e-02
3.037132208078175966e-01
8.009315702920151436e-02
1.661478489896274502e-01
1.944203386052093530e-01
3.776317617841225271e-02
2.786096578557971659e-01
1.464530603115992147e-01
9.497621862272195847e-02
6.054386599415758491e-02
5.242020896990248063e-02
5.706795360644444787e-02
2.513066145230951620e-01
2.219623070566492662e-01
4.227386493732965961e-02
9.027659292632671251e-02
3.055159320461397487e-01
3.267391659622154859e-02
3.125226202509212570e-01
2.548003440680385312e-01
1.791529679640497807e-01
9.456505669280632076e-02
2.614614863525739907e-01
1.459960222478765279e-01
2.998440156422694236e-01
3.320054476019330680e-01
8.496892255720683851e-02
1.648774335357877097e-01
1.430388202458653113e-01
1.046112833354082422e-01
1.808237554880629816e-01
9.929746605742632848e-02
3.031456818431922384e-01
2.631039739472731953e-01
2.758582157729398410e-01
2.233906646498726167e-01
5.562091721436918101e-02
1.185799727623715605e-01
2.374787232035241794e-02
1.097959841375802797e-01
3.643636114552875616e-02
2.021279020000782967e-01
2.358387971382975290e-01
1.977372341970404235e-01
1.599202316641166743e-01
1.422787254413487856e-01
5.700730200712519208e-02
2.278863863970809756e-01
2.007241182823462852e-02
2.482861560446897597e-01
9.641537655393755957e-02
1.202893151459011878e-01
2.384688086749779390e-01
7.421316025158285201e-02
4.575363792392105750e-02
5.248400608091981917e-02
6.416141329159481821e-02
3.220298758730439359e-01
5.387754795900649013e-02
2.491231429436638056e-01
3.039639723845999342e-01
2.687242899245170791e-01
2.756236983594095857e-01
8.263334916000232566e-02
6.138769210277217336e-02
2.762118537484058445e-01
7.541909737230113875e-02
9.920347208878457779e-02
6.662815908225307171e-02
2.596138180062339540e-01
3.324393855415060939e-01
1.110272259780061554e-01
1.162809083451465109e-01
3.251640324519146086e-01
5.324863018430110728e-02
2.514532333807991682e-01
2.769017071812572908e-02
4.960734957618733593e-02
3.202457138732756059e-02
6.294025964030251774e-02
3.171898224590348758e-01
2.449819466182662775e-01
3.025532943519964046e-01
9.042433213836623129e-02
1.862990576142169730e-01
2.877578360406726210e-01
3.073324706218801827e-01
1.882128251368632432e-01
7.292678530051570351e-02
2.773420677192116601e-01
1.193862950379597360e-01
1.408397079580393230e-01
2.787348813403953129e-01
1.922889275467231165e-02
3.322287641305435302e-01
3.620950498336485829e-02
2.813802584206006596e-01
2.781332205838739635e-01
3.530919819010105293e-02
1.494447203948618130e-01
6.967578204858709823e-02
8.897579947738598616e-02
1.602282272286675302e-01
2.661328434431486367e-01
2.167456894484764418e-01
1.100664796901959369e-01
3.160999164080986745e-02
2.954796591764200508e-01
1.262622804232311526e-02
1.497229545424687280e-01
3.142242712074488908e-01
2.650612104738873653e-01
4.979443540054357548e-02
3.120779437592632877e-01
8.246729495469415361e-02
8.790364844248024778e-02
3.280486379446264089e-01
7.545029340294343023e-02
1.310866157259594489e-01
3.223223910992564223e-01
2.280166560158643496e-01
6.509638648689158869e-02
1.180101752642453566e-01
2.752861337443084366e-01
2.996030635329645087e-01
1.154977910245518630e-01
2.974873977936017821e-01
2.829125198795137131e-01
3.711764477947138846e-02
3.314924912259958334e-01
2.665136321761214511e-01
5.445731650463516565e-02
1.183584791466403552e-01
2.119160865546270145e-01
2.004266127202482262e-01
5.625929786606046618e-02
1.872094384120721045e-01
2.378523687582211332e-01
1.126029651485308536e-01
2.660215118946058221e-01
2.874854365644735066e-01
1.842239315281080092e-01
1.923378413663511810e-01
3.375664764256968570e-02
1.377431553513276397e-01
1.885221811794520197e-01
3.223578033347258565e-01
2.559595421432239726e-01
1.361369189308753516e-02
6.341373317305069868e-02
1.532096818032475105e-01
2.072189741155966436e-02
3.399505806151001397e-02
6.673864342806080929e-02
9.619433569095291181e-02
1.725367010269124035e-01
9.923197627990407166e-02
1.554647837933817445e-01
1.303626995504706676e-01
1.293272713184156486e-01
1.229852478541870880e-01
2.998144523336905912e-02
3.318334964434540568e-01
3.161439282993414035e-01
6.060804742545855550e-02
3.220279065338036983e-01
2.215425537945487147e-02
2.932484636011116197e-01
2.349005411806096844e-01
3.314179666364330257e-01
1.221721958732660263e-01
2.562810908329216653e-01
4.054704123240464309e-02
1.694159128238373335e-02
1.710250666859304824e-01
4.645266968826117226e-02
2.704276159019931014e-01
2.773675408368476702e-01
1.252079221949300714e-01
5.182603020793051518e-02
2.753986979839292970e-01
3.008055838213660182e-01
2.212148760567985914e-02
2.902726892181978768e-01
1.525046354881139654e-01
2.419456533191975123e-01
3.125826045120500551e-01
4.121020736726602879e-02
3.299975803440318711e-01
1.958990020808653032e-01
9.236402285649880639e-02
2.299911120744006429e-02
9.877867661979020109e-02
7.706047157686955751e-02
2.480802752030610014e-01
5.557761916758943710e-02
2.694159854377048968e-01
1.491838048177590303e-01
5.940714613030684266e-02
2.071189529638892135e-02
1.460655039019987389e-01
1.056805517614670120e-01
3.179270361689711527e-02
6.811826238209922613e-02
1.974727757097515524e-01
1.780151452267072776e-01
4.675669470266674566e-02
1.476613544302843861e-01
5.786424036227004464e-02
3.862370878153992965e-02
2.643250228599883234e-01
2.796641808736897716e-01
2.953107490043364036e-01
2.218236662186449937e-01
1.183901897086092336e-01
2.189955618657860315e-01
2.160179401847367453e-01
1.600252785111764275e-01
3.315465179787290273e-01
2.647701203689347554e-02
2.539040449489902707e-01
1.504765685906195860e-01
1.994329635661785671e-01
5.515922628348513684e-02
3.173979829154876392e-02
1.703941263584267396e-01
1.870543542561612371e-01
1.101887955999874685e-01
2.247094169812609010e-01
1.309145151847213584e-01
3.517803379076320236e-02
1.491697009554228681e-01
2.817440931533903292e-01
7.058958439494109061e-02
4.601217512849978264e-02
3.326087910605685094e-01
2.414076039710793542e-01
1.676912139786741196e-01
1.404155584751740071e-01
2.978431429345065329e-01
7.062377249693030379e-02
3.185129242011542905e-01
2.990676300101630658e-01
6.382514998378725768e-02
2.100100657537558313e-01
3.031686128546650649e-01
1.000419160652697426e-01
2.892047969888085213e-01
2.463525659297140791e-01
2.757885767225918272e-01
2.876110196910591776e-01
2.161898960137773051e-01
1.434787360892090802e-01
2.033584862511476216e-02
3.851730267333557112e-02
2.911169961057868960e-01
2.320310662500047749e-01
8.887043903942302980e-02
2.054984729208668426e-01
6.984200106482463255e-02
2.735956716857810833e-01
1.965065233949289114e-01
5.269822674808147256e-02
3.319043949399254068e-01
2.490890324969988190e-01
1.729334353248310197e-02
2.232392215052628887e-02
1.044686909070963871e-01
3.936118997552885690e-02
2.477961086221799059e-01
3.088669779778934199e-01
5.195111050669696390e-02
6.153380675036063813e-02
3.127383451473291220e-01
3.181387386675850193e-01
3.155749705392493221e-01
1.148785166669836488e-01
2.063727638872028536e-01
3.116475851476103731e-01
1.184240051560939005e-01
4.921855144618859229e-02
1.438660061171682658e-01
3.210707649467460234e-01
2.399841840655674852e-01
1.374726192782039780e-01
3.067696044009258771e-01
3.412847220868099607e-02
7.773672941024044325e-02
5.538720361047489577e-02
5.812577220433078756e-02
1.584942025363966778e-01
3.269721354946273362e-01
8.728770845456243488e-02
4.977342873597281891e-02
6.848109622322544332e-02
2.832211337617714930e-01
2.899280510056790466e-02
2.805819170042774258e-01
2.434338293387165175e-01
4.376162031305687317e-02
1.628192665647303639e-01
9.880905127229915041e-02
1.214152047011516494e-01
2.104285988695455689e-01
3.200782157360503866e-01
4.533591779317536208e-02
8.554779497525487331e-02
2.992862515032849169e-01
1.363572091685257559e-01
6.536374514793043267e-02
7.707069819932033106e-02
1.652321566055676427e-01
2.828510631088449259e-02
1.866828864196922177e-01
2.413238925598682194e-01
1.725574281220539075e-01
4.671008680630789334e-02
2.959678091801379862e-01
2.524773463698635756e-01
9.622825939305088006e-02
1.070767719113054940e-02
3.208459345961461873e-01
2.343265606000152212e-01
8.185834976586087164e-02
2.272182004156497737e-01
4.415157638515119359e-02
1.801524580151247223e-01
4.266912469883662323e-02
3.037955450383035272e-01
1.586281989654532779e-02
3.194164265386721380e-01
6.049718373827595724e-02
2.915088722495658979e-01
1.648604394866447775e-01
2.637356341908669299e-01
2.830192572206936125e-02
2.420906371090439033e-02
5.544321239498731235e-02
3.039288563538622978e-01
1.239374134442181308e-01
6.799944198346219437e-02
2.944975487833587091e-01
2.852846114846724346e-02
3.502037803534202576e-02
3.188177348369742314e-01
1.068405745685413050e-01
2.487825610113502880e-02
2.019511406492230654e-01
1.884042130930479730e-01
2.653351241534624427e-01
1.543211658767951744e-01
2.391612090287352221e-01
3.285366349608632719e-01
1.580053590119045726e-01
1.591943943203714684e-01
1.888533593926151888e-01
7.141362134813690477e-02
6.348027845609147124e-02
2.584958698146814227e-01
2.986326850321323612e-01
1.468647533679236505e-01
1.765314379984714854e-01
8.583603251829637071e-02
2.793354223113378443e-01
2.260417432012047645e-01
6.381227457283568383e-02
3.320038502939784419e-01
2.360987668556156494e-01
7.172697429389682244e-02
2.957786473423613116e-01
1.653602442624989843e-01
2.689350886134134200e-02
2.677696231481466183e-01
1.641123820531443234e-01
1.857873491628158139e-02
1.790692268611320248e-01
