1.229267985429940008e-01
1.755673426411381299e-01
3.302358562309065104e-01
2.808877721726550925e-01
1.813999909692296797e-01
2.801332765914067435e-01
3.045490230444083957e-01
3.055676680299189707e-01
2.829509940585623329e-01
1.346900332910078990e-01
1.575139453449481697e-01
1.016171811952562704e-01
2.297933268357204017e-01
2.206388446179055607e-01
2.438326025259125729e-01
1.365630730641022306e-01
3.332192204527227308e-01
1.683687406065853265e-01
1.960356533092307563e-01
8.980485141699549867e-02
2.216698593785782281e-03
1.997183901842345677e-01
1.001272724947303433e-01
6.992319718281835017e-02
2.954187157517325635e-01
2.539653479823094084e-01
1.848909087987189170e-01
6.798692308646590854e-02
2.669092061187467446e-01
3.256486048538774214e-01
1.028435829167739096e-01
3.123726818457145393e-01
3.060954199439547274e-01
1.100588584076529208e-01
2.095044919796396343e-01
3.349736635163012566e-01
2.561375559672474655e-01
2.578730242247845861e-01
1.190780032241032099e-01
2.710103079137304305e-01
1.288315380171166924e-01
1.764159100775687383e-01
2.963643355225056841e-01
1.733737527319136051e-01
2.326977261352398407e-01
8.705305098855492529e-02
1.613814842129780436e-01
3.278014378991250810e-01
2.381115335071510020e-01
3.368374041409918918e-01
1.495349304773209154e-01
2.122298142346312477e-01
1.961202615566569052e-01
9.942048957746729698e-02
3.387044628310310057e-01
2.059720358569892829e-01
2.408842100971509692e-01
1.143142269061700189e-01
1.119816596044938689e-01
1.105600953004589326e-01
9.471278773228926362e-02
2.347393706277621228e-01
1.355427191012085197e-01
1.758854483588764006e-01
2.677013856717074813e-01
1.602226778242260286e-01
1.323746039727488055e-01
2.532402910646258110e-01
8.816655120692136471e-02
1.073883207418109414e-01
2.139441767599133404e-01
2.179786393071086459e-01
1.139542383469561299e-01
1.846788238681431604e-01
2.467000924501036307e-01
1.696698213015519485e-01
2.969151509280781309e-01
2.794463383985767990e-01
1.258132204431667289e-01
2.982333510603917825e-01
1.741949019022450695e-01
8.330585738179169253e-02
2.905543055899466598e-01
1.062289321517709689e-01
2.913869246280385017e-01
3.077964380118435872e-01
2.657860300402653531e-01
1.583101939751378473e-01
1.170558240940501732e-01
3.389308456852188622e-01
1.336637054882006126e-01
1.854994816500198651e-01
2.345764257792139762e-01
1.181158551561637821e-01
1.569299090507625671e-01
1.072171280510573338e-01
3.164711932340381062e-01
9.482820350179431423e-02
1.592427023516970741e-01
1.647176326065042384e-01
2.633033687692398761e-01
2.820299474915211047e-01
2.615411657963221392e-01
3.288531800865213128e-01
9.511303269696028129e-02
1.706529294541443975e-01
9.762872833329248878e-02
6.210803057775826641e-02
1.786045684952153600e-01
2.223704641712134222e-01
2.582380311426486497e-01
2.199446443635963977e-01
2.506027740643122503e-01
1.530083079956716940e-01
3.226618202024904014e-01
1.073747939788823741e-01
1.963975863083318174e-01
1.358423135744896981e-01
1.467534778921847916e-01
3.437777486564280727e-01
2.759961378863062809e-01
1.770034056049292204e-01
1.557811526881599795e-01
9.941331158514242483e-02
1.773017864824204537e-01
3.393147426105551090e-01
3.383743689206921701e-01
3.145540137599805441e-01
3.232587089182536455e-01
2.144968909177505934e-01
2.800133064987965770e-01
1.887744434135993632e-01
1.744920267619800291e-01
1.493583447647518214e-01
2.872333352629845016e-01
1.709610238158270623e-01
9.005548485811949722e-02
3.358902769804102961e-01
1.808845798476779732e-01
1.531925954159767678e-01
3.006726582329841690e-01
2.710440868553206650e-01
2.549582317843626100e-01
2.895155951735766120e-01
2.063863578651448927e-01
1.520584187114834840e-01
3.382510324532788659e-01
1.681485122487407224e-01
1.358924630433387126e-01
2.443939481588368601e-01
1.430002512294550887e-01
2.801350969271979574e-01
1.514106172881348467e-01
1.124149745414327883e-01
1.648554129957697789e-01
1.364267657061261352e-01
2.349407414516189174e-01
1.102054570510808823e-01
2.509848090503272178e-01
2.395144750461698779e-01
1.203783398773535657e-01
7.012760109071938808e-02
1.025074566051241282e-01
1.281325114098920415e-01
2.814196692127406418e-01
1.274251721952879557e-01
1.954678565388576761e-01
1.364699665506644011e-01
2.492193170173874761e-01
1.518651042283086783e-01
6.320044705037375365e-02
2.567658079168809726e-01
1.838916732315037939e-01
1.111953845783257844e-01
3.289037408703170962e-01
1.701617418814864446e-01
1.157592679878362701e-01
2.760338785801294548e-01
2.360166706660052627e-01
2.483304646324068221e-01
1.336488857414698528e-01
1.320590684563849315e-01
1.085616975118995631e-01
8.323365456528035444e-02
1.219171616281583548e-01
2.639544950265836909e-01
2.056834063100964061e-01
1.656640816204691669e-01
3.220022608122035113e-01
2.198248046243721221e-01
1.588049354587803830e-01
2.529863084387473648e-01
1.281829718275062091e-01
2.491621097864162859e-01
2.135516816002858143e-01
7.270199974761828998e-02
9.061834286872237632e-02
2.719803696924896763e-01
2.104086459207628601e-01
2.024097229408811927e-01
3.063474686856177964e-01
1.863328457423025497e-01
2.232990755957807993e-01
1.850530889205839746e-01
1.349675100142360140e-01
2.035680876830267827e-01
1.445823484833442252e-01
1.276480129923888984e-01
1.194310110815552939e-01
1.307081912576142924e-01
1.958377039371153039e-01
2.594565842852536441e-01
1.928370444673038198e-01
2.740131461444156868e-01
1.767038124642683616e-01
1.722760712833562580e-01
2.024809610000565807e-01
3.441393208790188285e-01
1.320303204560448473e-01
2.421155965555681355e-01
2.492595672913088534e-01
3.165667798646136233e-01
1.366707615472429194e-01
1.752132270998368879e-01
3.167447758493128207e-01
3.001771741264337434e-01
1.020091019908203472e-01
1.288339792962119867e-01
1.647066778035534695e-01
2.161763831975991590e-01
2.600088459584013467e-01
3.386792763550081631e-01
1.605344739391368070e-01
3.410538105162076450e-01
2.646080156609181833e-01
3.343562599721218720e-01
2.471141381893645905e-01
1.138925524255061383e-01
3.166714100427996947e-01
1.259455666468558832e-01
2.712307219460110552e-01
2.653040384764434600e-01
2.613009785392061413e-01
5.165034293196658216e-02
1.816634577135394779e-01
1.129697731181356218e-01
2.426848962824812717e-01
2.461488664157489847e-01
2.373745367534095541e-01
2.519521611791453730e-01
1.066637676164456927e-01
2.963402802563421257e-01
3.289582476308630099e-01
1.232049614345647331e-01
2.858468720651025086e-01
2.867191350608238598e-01
1.358633579246677492e-01
1.589887408634984012e-01
2.556327895722288468e-01
2.174490844544283430e-01
2.774292863073275495e-01
1.918099581959628597e-01
1.262062023910762998e-01
2.278849950301417848e-01
2.996651969674717364e-01
1.042881468400744666e-01
1.224373766419664250e-01
1.227401439653705573e-01
3.390523211472037390e-01
1.317575146068613035e-01
1.764184648856552406e-01
1.340745918505727163e-01
3.196828562242166605e-01
3.274512524598547913e-01
3.109550183761364273e-01
1.445504177821343994e-01
1.349713353167281693e-01
2.968707444176525989e-01
1.345258783104476552e-01
2.260053579520665545e-01
1.862001407404745845e-01
2.666751320314759144e-01
1.894171369569568608e-01
2.112590634881995055e-01
1.546308557538202677e-01
1.369439131602382953e-01
2.111039978540829032e-01
1.002328726210622023e-01
1.430371148966769757e-01
8.136428768396167244e-02
2.337129422784673394e-01
1.353366718951250769e-01
3.432158950231712358e-01
1.591131470520547320e-01
1.141996527345435636e-01
3.421671728859342898e-01
2.513368660756560846e-01
2.247028718820095750e-01
1.941373361281922560e-01
3.455064790422991972e-01
1.405517428438383676e-01
1.621683589163149808e-01
1.349483248907133448e-01
1.761566494521002169e-01
1.422863200062012834e-01
1.124710549221194511e-01
9.348648731774135412e-02
1.303640940670102999e-01
1.651531996799905644e-01
1.697859570769991722e-01
1.557843682402698104e-01
1.007713866024672889e-01
2.936360843607284665e-01
1.714184644916523781e-01
3.226067840591563818e-01
3.117407281223434912e-01
2.698900709281423227e-01
1.227995039398181165e-01
2.343127097470725784e-01
2.636303597928838505e-01
1.886514020464830910e-01
2.103668460037864396e-01
2.866257519374714735e-01
1.024107367223352771e-01
2.911764959253180240e-01
9.652306678125724404e-02
3.323618906068966372e-01
2.554159570199504015e-01
7.387823737582234485e-02
1.274372870171072980e-01
3.038343497656527670e-01
1.052784681319097332e-01
3.278081913966162664e-01
9.759118400298666396e-02
3.217575140872392936e-01
1.137620321557565595e-01
1.506711420571676674e-01
1.009536942427176343e-01
1.280701526597559647e-01
2.155103285229633125e-01
2.626309675088893125e-01
1.342698511346150092e-01
2.387006218134053448e-01
2.481767965103383877e-01
2.116770124198789349e-01
1.985356098714691764e-01
1.739769175092139575e-01
3.146930993435639867e-01
1.847742521015129924e-01
2.809542258864311526e-01
1.148176841409318250e-01
2.867589337581142317e-01
2.404545292010774327e-01
8.026932359716758281e-02
1.761421386694610736e-01
3.385111758007534610e-01
1.502590121810783441e-01
2.959820283492712312e-01
2.778138587095446699e-01
2.174541770295211895e-01
3.230977790328038446e-01
1.801348638581667660e-01
1.305683556063779172e-01
1.593212374751628302e-01
1.232126042116032522e-01
2.116919097586407450e-01
8.610041324260601925e-02
3.153434215176589284e-01
2.102236864826028950e-01
2.689871271986684076e-01
1.567754316804846892e-01
1.373591245113898462e-01
2.092279797144977471e-01
1.781744056721912828e-01
8.810180027008519821e-02
1.010449463957520805e-01
1.596469662014466662e-01
1.663769286349247589e-01
2.521602019184622789e-01
1.466297121067919595e-01
1.314086182290639671e-01
1.013175904380806264e-01
2.216595408276155754e-01
2.086862420450868449e-01
1.489349385272267512e-01
2.530418746340371006e-01
1.164560566648995960e-01
1.652777960062797313e-01
2.102124538044784774e-01
2.231828658253549036e-01
2.732661738807589669e-01
1.259091635442681767e-01
2.756347719278682828e-01
1.198104562022084263e-01
2.171403566781515138e-01
3.061002875965641024e-01
8.904520754168068764e-02
3.076006714774769391e-01
1.911070257577336673e-01
1.737926381966540534e-01
2.084837423128109990e-01
3.112677090336192776e-01
1.047665013406153256e-01
1.462340139512878778e-01
1.073262661040651766e-01
9.619530054442929079e-02
3.080320628878345790e-01
2.629499926014723932e-01
1.306130758170704620e-01
7.106916359024809116e-02
1.405595628136448449e-01
1.506992238817057017e-01
2.117283452082432404e-01
3.337044045487772698e-02
2.812382378054148480e-01
2.213122856380372871e-01
1.142677819423699309e-01
1.044518224559548986e-01
2.957019804798837193e-01
1.584104517211441243e-01
1.138924439725970406e-01
3.301230277999196994e-01
3.413370867231133032e-01
2.786853891965034302e-01
1.727697914565657633e-01
1.828050164195161587e-01
1.933060664667244077e-01
1.371710439807038162e-01
2.730736151903676023e-01
2.380726014799166013e-01
1.416957579697361580e-01
1.295766060322213198e-01
3.380992508505711869e-01
1.433961968747566040e-01
2.275614923424876812e-01
9.489398183683961374e-02
2.130844928171847785e-01
3.023358657539924055e-01
2.049741352146125517e-01
1.330913875358371579e-01
1.925363649254970277e-01
1.405995134605420305e-01
1.902317512667605626e-01
1.766897560601288220e-01
2.513445935905369577e-01
2.600392449274089857e-01
3.232929635727485040e-01
2.289027864161092551e-01
2.745399832970087384e-01
3.308089081744177706e-01
7.532628596999711712e-02
2.911841236057353677e-01
1.283781788021729764e-01
1.411738846390379609e-01
1.541408360084306206e-01
2.378506335199649102e-01
1.283304189692465458e-01
1.191172154028897895e-01
2.742734385835971511e-01
2.137164366129291615e-01
2.542903043145605113e-01
1.027563417699230847e-01
1.171256175838529812e-01
2.651100651042881395e-01
1.455858613414525993e-01
2.530059643306871164e-01
2.584381285080928348e-01
1.263257198819795757e-01
6.976611829857533309e-02
2.522831996566716750e-01
2.824126321208940693e-01
2.483373932625954350e-01
2.495771212631961722e-01
2.394292253645362301e-01
3.050759167270229444e-01
1.536879791367311565e-01
2.518130408828131439e-01
2.139220294022354529e-01
3.202685757649180176e-01
1.432493740565782270e-01
1.138447891222920949e-01
9.838461071246062950e-02
2.714913782194669500e-01
2.095909989749680236e-01
2.086791221663406026e-01
2.903014490225758193e-01
2.136340940771601360e-01
1.325386165344167588e-01
1.580260248456978323e-01
2.047444958524852199e-01
1.062516300649330447e-01
1.896707319039062922e-01
2.078991786905572126e-01
1.213707116335002306e-01
1.300428959486964187e-01
7.978570231762420473e-02
1.434349580568127502e-01
2.624795445984682840e-01
1.340575959993791366e-01
2.310039097581602918e-01
1.418032650894358315e-01
3.250303759803453985e-01
3.346956919723688140e-01
3.315627984469018963e-01
1.828137853316676165e-01
1.414629003465193713e-01
3.142207835128431048e-01
1.260688721011709312e-01
1.459520658295713758e-01
2.412081478989805405e-01
2.340242865813632611e-01
2.440230991213999667e-01
1.193249137590688680e-01
2.211858137250106437e-01
1.548247590582455813e-01
8.398022381605091402e-02
3.290522754717918885e-01
1.137333079870600783e-01
2.964192313003093937e-01
1.387982431964041863e-01
1.299204010720733105e-01
1.165863354737774887e-01
2.559804264672114749e-01
1.786267393841568518e-01
3.333448009363812470e-01
3.146951475979294366e-01
2.727505520247841542e-01
2.205280536883279519e-01
2.902836896732232663e-01
2.267299853991004976e-01
1.816759852028121125e-01
1.295366657512489472e-01
3.036242296645062511e-01
2.908815589641184363e-01
2.822229389338427596e-01
3.085575088469286187e-01
2.882436040948561651e-01
1.464813805351460885e-01
9.263506260223969280e-02
1.630608014424935193e-01
8.792065934608460365e-02
1.315893181789260791e-01
2.029731550226924475e-01
2.316654676533982660e-01
1.448700598693614117e-01
3.187230251317342833e-01
3.187813946756513639e-01
3.022667987017752522e-01
1.309059329728974597e-01
2.168587440308852587e-01
3.118160787667592082e-01
1.885999334557143525e-01
9.451372657145112877e-02
2.685735321072929005e-01
1.457141215997224681e-01
1.244671937144469914e-01
2.297270843508102955e-01
1.363609037946708347e-01
1.315812011506894696e-01
2.735122856579024764e-01
1.317092314016752863e-01
1.456185455948312280e-01
1.304026156892097443e-01
1.524276631700187401e-01
3.002616683198031100e-01
2.239576214397873410e-01
2.461613528197320599e-01
2.594733362485215911e-01
1.411283812603249532e-01
2.542021391909289885e-01
1.649037187432480789e-01
1.027176620165405757e-01
3.373693755220534829e-01
8.581734531375251329e-02
1.165139131473915124e-01
1.537877079415728154e-01
2.876495108488033026e-01
1.952277681752459804e-01
1.764571002955577506e-01
2.633306156681995969e-01
2.459001190960841132e-01
3.334263234001122456e-01
2.500300676412147705e-01
1.939729040547651939e-01
2.900571431679521694e-01
1.091947454614621837e-01
3.320162237702380392e-01
3.008758406310184652e-01
1.899846670984887687e-01
1.725204212825487970e-01
2.578928780672844479e-01
1.227435437780747401e-01
3.123689701415012787e-01
1.931475970630917582e-01
3.312377772364681894e-01
2.635431637633785518e-01
1.064810362513203545e-01
8.613812084409842862e-02
1.882269140857530942e-01
3.300946713212314365e-01
1.187824987080613459e-01
2.810723844872689003e-01
2.740185074054728998e-01
1.218633305458539789e-01
1.246939934219346430e-01
2.715288165229891026e-01
1.413998815134249742e-01
1.747070429002225422e-01
2.914173893617429401e-01
2.447825344096015987e-01
1.575391511045875492e-01
2.893505375889306452e-01
7.095214340497900396e-02
3.230880626923335885e-01
2.408436021577080866e-01
2.168674799707755729e-01
1.168547821983603185e-01
2.255619118674879742e-01
2.468405950720992947e-01
9.069935559608056919e-02
3.235079299196885749e-01
2.613916246435042945e-01
1.594928659950983763e-01
2.515830166210156205e-01
2.724941891432109409e-01
2.546127520592704196e-01
1.205084063860045462e-01
3.053250159617935111e-01
3.112795950311586513e-01
1.932207878695990089e-01
2.301830721652629030e-01
3.082333231619373004e-01
1.387080800555163529e-01
3.356667836933902582e-01
2.182173444326346023e-01
2.241630848043406898e-01
1.273466134376466108e-01
1.449635412472241869e-01
1.023160676995455431e-01
2.653184266064409491e-01
3.184737987140757731e-01
2.843046280821946992e-01
2.147224831674173495e-01
1.470742102506980842e-01
3.354763271751483034e-01
2.815936939217177915e-01
2.622485515363017217e-01
2.844133372534818349e-01
1.929325641785349932e-01
1.949399709208043674e-01
1.765988940136839769e-01
2.053927809785624503e-01
1.297531197707200434e-01
1.395443915451989869e-01
1.305110840565639752e-01
2.888354568682275914e-01
2.440218923362628411e-01
2.665909786420322392e-01
9.192962682110258910e-02
3.355528696852668746e-01
7.308685810860716947e-02
1.635707287232960605e-01
3.270316515389158907e-01
8.142941756510271856e-02
3.190354038177478646e-01
1.778595052577219560e-01
1.854368515028521902e-01
1.469909300525239770e-01
9.093128046146405075e-02
2.831219935452606862e-01
1.369508772027427657e-01
1.891536787148413445e-01
1.429258556844842099e-01
2.321277711599121774e-01
2.550142333028497243e-01
1.351935094976479124e-01
1.419020009222510537e-01
2.243958259920523779e-01
9.260381097770309378e-02
1.345063413475046099e-01
3.404546792257066579e-01
1.939809270908121330e-01
2.280708794678774076e-01
4.721113046571773220e-02
2.076089912310308538e-01
1.382043952893093064e-01
1.317439303154585295e-01
1.728366598936476317e-01
1.272665363025076990e-01
2.925812879397226007e-01
3.272039158047929108e-01
2.556209349105183493e-01
1.522692197020832916e-01
1.278899870888769996e-01
2.308844016123454412e-01
1.306445123975218114e-01
3.099065878850503220e-01
3.147451075453933100e-01
3.006583228567515365e-01
1.867576130514337074e-01
9.535587526451198837e-02
3.111113641818720188e-01
2.765826341529787347e-01
1.941988452368398899e-01
3.101902049191555544e-01
2.564918357797192905e-01
1.575609415057469542e-01
2.653955696425152611e-01
1.611079033569902952e-01
2.680919012240770005e-01
2.314800370766873228e-01
1.081906536989430956e-01
1.255222178020573842e-01
3.086538071569501218e-01
2.829878054416239408e-01
1.446622356266129561e-01
1.305702561550205199e-01
3.152705985848991421e-01
1.234051684333204446e-01
3.383960183609295846e-01
2.050901034553718749e-01
3.044117994400180605e-01
1.494911427380672397e-01
2.939725898758142608e-01
2.298757829260721919e-01
2.055223401430669727e-01
2.466822762864543939e-01
2.103514078095541084e-01
1.117125420189861440e-01
2.275530881466380495e-01
2.112301978113107215e-01
2.795383105946290248e-01
1.434329545455005073e-01
3.228208479777794904e-01
2.029104551205834772e-01
2.725370389250395542e-01
2.008257382893852139e-01
1.252604509965939139e-01
2.842262131424301286e-01
1.858506455315738493e-01
1.241675915580860712e-01
1.883832459651064994e-01
1.268983155844075894e-01
1.311837327244358142e-01
1.319457180550234199e-01
2.930786822803352343e-01
2.249285154520130892e-01
8.101688383686048156e-02
2.828624606205005776e-01
1.380890162843771141e-01
1.209259892245613394e-01
2.344339273093583309e-01
1.511896908639385473e-01
2.466504312708256430e-01
2.872772502326368382e-01
6.873278725235065778e-02
2.481435091766801271e-01
3.088308963115088401e-01
1.498045663883375844e-01
1.344317245107537750e-01
1.090520772826375356e-01
7.355090000149464013e-02
2.222202312633959898e-01
2.976707111444784615e-01
2.833757486853344387e-01
1.079166726503659329e-01
7.458729730687972681e-02
2.738169267464262702e-01
2.979607089626586935e-01
2.617054236716410687e-01
3.432519399806660543e-01
1.422038133364664780e-01
3.184018134078563933e-01
2.991885155846903954e-01
6.847827663763886297e-02
1.195153015338061009e-01
3.126954441687036512e-01
1.027726311907943141e-01
1.414529743062262201e-01
6.604166439034182823e-02
2.607721245769323848e-01
2.135608741715249448e-01
2.095933304506347461e-01
1.641977733933284445e-01
2.811556062374393483e-01
2.535821849001320127e-01
2.180111910703358691e-01
2.015365431690973319e-01
1.084250685120704272e-01
2.558184912948499590e-01
2.529631706321923135e-01
1.996168646315572559e-01
2.785539863784835535e-01
3.025686541440915645e-01
1.338590497729078010e-01
1.571265037999676206e-01
3.369288794277300880e-01
2.553764843740521928e-01
1.989241359761606820e-01
1.176361189775300548e-01
1.108800359560149495e-01
1.283999321833226848e-01
1.795014077779900630e-01
2.891190019660750954e-01
7.365657840751597962e-02
3.287203325546225186e-01
1.957425644448005098e-01
1.249906347596669159e-01
2.145223892649462116e-01
2.289515917298302061e-01
1.582877774350192057e-01
2.437653135633911228e-01
1.973101868945360549e-01
1.156669817450617782e-01
1.152613635923554619e-01
2.724571933016895486e-01
2.006644226752357651e-01
9.082035899272793145e-02
1.025501979238981898e-01
1.985954951550348013e-01
2.429445733380233008e-01
2.743622098088049910e-01
9.916721632593732128e-02
1.625316943178218287e-01
2.502253327164249974e-01
3.198302790720208288e-01
1.624819595433453501e-01
1.695859748622381979e-01
1.412251592764060815e-01
1.568825180738344649e-01
9.858527502594495451e-02
2.723388195686004543e-01
5.036971679227305460e-02
2.505336422443689703e-01
3.312307554438229107e-01
2.746437386286982862e-01
1.345547989029313996e-01
7.885989688231594130e-02
3.085824228482843545e-01
1.314681049151693315e-01
1.123644117300654638e-01
2.543551707148760666e-01
1.165644391618485681e-01
2.647429579377624798e-01
2.602758021034677349e-01
1.850017371618850326e-01
2.575435667679684126e-01
2.654101716452927657e-03
2.181195443363301567e-01
2.193540136708216071e-01
1.144589989996318141e-01
3.227349411247031896e-01
1.414634290437947750e-01
3.451714723655559536e-01
1.546586518334630567e-01
9.906530127604758207e-02
8.154161424435082961e-02
3.351547955226460429e-01
2.209108983313410879e-01
7.913434448700955304e-02
1.535452392285868439e-01
2.804013684036380516e-01
1.795615769346091961e-01
1.431781904367223912e-01
1.194187552577898326e-01
1.558988981530287643e-01
2.722032401807844004e-01
1.791950689786812601e-01
2.462525370456961349e-01
7.218103253006756537e-02
1.695515202524320031e-01
2.012674162457831206e-01
1.987925761720469864e-01
1.868769693909865803e-01
1.549867082873401802e-01
1.511276862939695820e-01
2.071902432945712247e-01
2.382281204664541963e-01
1.463559264909748414e-01
2.292668437576529383e-01
2.470490015603893363e-01
2.232456911827041812e-01
1.923868583401237842e-01
2.388961778514498979e-01
2.326187081134089008e-01
2.351255992577016007e-01
1.419508460843900421e-01
1.438205248542019088e-01
3.185807639866923835e-01
2.780675515522720298e-01
2.158516912590191517e-01
2.653763801928472610e-01
3.113062711191314502e-01
2.987479768216759757e-01
1.215869048691069487e-01
2.641973126182756149e-01
2.042215660288363710e-01
2.513401199211722226e-01
1.520996515636583168e-01
3.018889854427339037e-01
3.437524812652614781e-01
2.771181009718355348e-01
2.690224919126005809e-01
8.106810976524897461e-02
2.327993749933110201e-01
6.647557158562743262e-02
2.560923414496830697e-01
3.015522506419161530e-01
1.259169203430560990e-01
2.446810830786883828e-01
3.355828753532858477e-01
2.894977088755367745e-01
1.298582445275966168e-01
1.741724798210796121e-01
3.112879674912241157e-01
1.004156733709336280e-01
1.707178685362361892e-01
1.977627005075082711e-01
2.933879345590639232e-01
3.252825850540602137e-01
1.702270216288279958e-01
7.943444746225999942e-02
9.244263420739480541e-02
1.258698458914727647e-01
2.959957127875330607e-01
7.738482067647431406e-02
2.905210638091680897e-01
1.383475831669483957e-01
8.801607446358396258e-02
1.671256401146669901e-01
1.710981043515718836e-01
2.684801110594567386e-01
2.187430463981004103e-01
2.807838081835235533e-01
1.229564424830978664e-01
3.208019039347889678e-01
1.357661848387403114e-01
9.667644207133863077e-02
1.947497168821218372e-01
1.066958016350393751e-01
2.710668247041363998e-01
8.836996414416529999e-02
2.490482023547492818e-01
2.606334057051833408e-01
1.865932171218837865e-01
1.158819302513174332e-01
1.953328077158255904e-01
3.047147289587696650e-01
1.167580098427610930e-01
2.400278078341288035e-01
2.838079327561819909e-01
1.237709328087878841e-01
2.352165472097243748e-01
1.874822823273604444e-01
3.426705125144712261e-01
2.678428665091819316e-01
2.386128555683859065e-01
1.446556522863329808e-01
1.214559196089064902e-01
1.187729790188158802e-01
2.270292684843440156e-01
1.590911301816000933e-01
2.119403112543953582e-01
3.063475750528494301e-01
2.996831451504399224e-01
2.818436420663641973e-01
2.855540076124865601e-01
9.290656411640736689e-02
2.074754049379791965e-01
3.371687747044966876e-01
2.752029304135107379e-01
2.592140305869230499e-01
2.699504165200179440e-01
1.153957657703023193e-01
1.130278143371857835e-01
7.677829684512263442e-02
1.427762354573169912e-01
1.797772337843491774e-01
2.828945553636409427e-01
3.439996189890632272e-01
1.234472665124054236e-01
1.826751252528286129e-01
1.519256261288357834e-01
1.517779753137652177e-01
1.654141040621409930e-01
1.981096097937290468e-01
1.281884054953349172e-01
1.442871737373708219e-01
2.369370404269918184e-01
3.409058267408363596e-01
1.626613644863933172e-01
1.690724240133208434e-01
1.950323627201973886e-01
1.935258376015805692e-01
2.203453731743438837e-01
3.220659885403194811e-01
2.417865652542905419e-01
1.073049040005860516e-01
1.303715000058341400e-01
1.559294538981891853e-01
