1.643669872375506935e-01
9.999099309728433360e-02
1.397987346521678276e-01
1.035072863791370867e-01
8.619302422354828755e-04
2.340949620127940334e-01
1.040879647725819479e-01
2.426545773423151031e-01
2.249866659183269446e-01
2.765260236778103176e-01
3.374606273052132011e-01
1.611684645130417592e-01
2.626999169773429621e-01
2.409938302880045569e-01
1.660856876213266109e-01
2.764871173060671206e-01
2.300398339195266761e-01
2.568516668087906796e-01
1.583959949857363381e-01
3.046423166741748512e-01
1.100067312958929733e-01
2.790825996617690152e-01
3.248925174642364189e-01
1.333467065255024009e-01
2.847321973453535437e-01
1.267379297809700933e-01
2.059838182304296328e-01
2.022814918467354395e-01
3.090471930613459817e-01
1.857325921318094819e-01
1.553379844256571607e-01
1.744713641288596351e-01
2.107928809802186443e-01
1.500746654901354282e-01
2.666583755193439043e-01
2.606858280267675410e-01
3.232664070827594993e-01
2.030647027052910336e-01
2.019323135376346612e-01
1.677447753213307524e-01
1.469699851460765649e-01
1.663188915716179439e-01
2.575591578653844693e-01
2.730859298977430516e-01
1.192305228482128804e-01
2.334328373114228083e-01
1.175524459161724072e-01
1.689037281628547882e-01
3.082467296271361179e-01
3.491431069530631093e-01
2.603623709255292740e-01
1.411995962926120007e-01
2.753231290757293670e-01
2.048631274023441640e-01
1.506152646552378349e-01
3.020610908736671152e-01
2.042804626536198209e-01
2.230493394786815242e-01
3.211579667393974491e-01
2.813414803197971104e-01
2.651952671943359485e-01
1.354073812504072716e-01
1.297099419274959087e-01
3.243460851542754320e-01
3.376674505981225316e-01
1.006755828753923415e-01
1.225696878622497543e-01
2.785654784974910814e-01
2.217224782524188365e-01
1.140625082139430924e-01
3.451451859939424494e-01
1.257571612981812081e-01
2.846226851971896954e-01
1.691757971659672843e-01
1.982339061830052651e-01
3.468856604887076145e-01
3.200200285139371270e-01
2.617713638219096861e-01
3.479557529590993625e-01
2.123634975549922033e-01
2.980858622165759031e-01
2.168010299753914405e-01
1.222960285814942982e-01
2.821849870567785246e-01
2.396472092088242356e-01
1.706609152270481544e-01
2.643082057291848419e-01
1.033384308291453585e-01
1.208712698946733666e-01
2.212732553800991486e-01
2.466918459662564844e-01
1.468819174330402988e-01
2.568703467509350635e-01
2.500621237702853050e-01
1.343230984217643198e-01
2.960269737442236537e-01
2.409133186749691236e-01
9.025706310665963794e-02
3.515509718838897846e-01
1.876929486523497281e-01
3.417854151831455911e-01
1.449348270100981884e-01
2.613253982737961945e-01
7.899705343833253457e-02
1.763536087695015409e-01
2.449450981932413118e-01
1.133835652715078912e-01
1.791179803765674261e-01
2.333987139206731842e-01
2.822260711827195845e-01
3.215330602974451613e-01
2.073062820868671330e-01
2.534360187791017682e-01
3.321858033438113145e-01
1.928460294195096236e-01
1.886536610411053971e-01
2.405239797077222408e-01
1.574365553743255763e-01
2.609463371595295289e-01
2.882567284646059269e-01
9.937931428459417793e-02
2.154588337108237217e-01
8.495318532904302944e-02
1.709983109030707715e-01
1.467987614991736189e-01
1.221551063683240512e-01
3.512971212717055369e-01
1.455656535259634010e-01
3.208972497105272992e-01
1.305581769641864509e-01
2.867711262388528137e-01
2.659257702955244440e-01
1.841023390731934828e-01
2.183347820066204592e-03
7.714113653844563434e-02
1.304916576443134468e-01
2.975905211074996171e-01
1.038465466630894285e-01
2.439377745900601080e-01
1.093219470914687796e-01
2.758796606938198615e-01
3.069762270917403835e-01
3.240730883624811653e-01
1.558772556906588003e-01
2.850325984815561542e-01
1.771857240089751151e-01
1.234685875886208650e-02
1.147304136272199460e-01
3.097180054004815553e-01
1.655844723606643143e-01
1.300727884351862429e-01
3.225386229830675688e-01
1.931861731912092872e-01
1.011093958014662592e-01
1.098716579652892905e-01
2.553446096233001894e-01
1.882315457854799035e-01
1.764088320558671874e-01
3.459760778524693658e-01
2.711887253285588106e-01
2.976414668800349550e-01
2.598332332725580840e-01
1.414317423749563984e-01
2.860649129826708381e-01
1.651435641374093821e-01
2.057395063728975904e-01
2.399652900232629449e-01
1.473199614147709668e-01
1.562864219224817386e-01
7.687360531521797435e-02
2.399504975015540054e-01
2.516278998242774678e-01
2.185596280315127149e-01
1.691277146560594621e-02
1.611449406455478517e-01
2.194908622227844108e-01
2.949103377328509135e-01
2.606625243739169595e-01
2.389063801927575059e-01
2.174001239644553218e-01
2.282204781667485916e-01
2.103329111020166009e-01
2.762036640773422591e-01
2.411708988541909349e-01
9.399667833084511537e-02
3.244951663851233237e-01
2.345123066497490083e-01
2.661166236552999775e-01
1.352654428325443248e-01
2.607733690921733016e-01
2.150566791249345633e-01
2.341326137146341191e-01
1.394561301446045065e-01
1.657744957691321686e-01
3.275412198726494473e-01
3.032753574181203948e-01
2.643111915346509910e-01
2.524950525448688698e-01
2.119990510844306508e-01
2.388739893580898721e-01
2.554215416266093497e-01
1.256044802537478466e-01
2.752874564133571678e-01
2.117731780616222970e-01
2.709473179034496693e-01
3.306583958813824053e-01
1.440578728602553149e-01
2.748602846156752988e-01
2.111806222346490070e-01
3.376128053908733495e-01
1.518462760508892395e-01
3.058800018031892498e-01
1.576393062057159233e-01
1.806473004376557556e-01
2.387724422004146030e-01
2.458208638472854923e-01
1.912728755796612723e-01
2.321006474522983865e-01
2.631347153316861420e-01
3.505661136895746322e-01
3.212721181588333308e-01
8.795955271327443592e-02
2.733930779386028465e-01
1.819448810439183439e-01
9.262221767967392105e-02
2.537716030168560843e-01
1.583059937458389799e-01
1.459184781955486787e-01
2.973613422752998114e-01
3.307659980056519844e-01
1.208174373625742620e-01
2.132823207496555573e-01
1.122804203765558756e-01
3.482892182660167202e-01
3.126307002234713361e-01
2.632371395783566492e-01
1.372071768189982166e-01
1.345190966755952511e-01
1.859797905968733900e-01
3.392184743766358812e-01
1.304320794189123833e-01
7.452505781812041041e-02
2.146643888786221310e-01
2.544892671840865983e-01
1.770023744429760904e-01
3.060000154374301062e-01
2.164431876900157481e-01
2.848105599027350721e-01
1.232878636650409782e-01
2.865621667482604051e-01
3.006275344008919603e-01
1.515515904392087110e-01
1.174125155990173863e-01
9.057831791924224329e-02
3.246154083184240036e-01
1.828828704103323266e-01
1.921671363833629687e-01
1.618565905427398199e-01
1.021459633406366363e-01
1.090103264217101575e-01
2.800326657969176014e-01
1.272253847370742319e-01
1.363550393046208398e-01
1.101307728474143904e-01
2.084655924274899930e-01
2.702946175029405720e-02
1.222515562395739275e-01
3.287341986730429877e-01
2.203208997071892661e-01
2.235917095147389455e-01
2.330812495190976164e-01
3.136153139325147388e-01
3.133019638826072817e-01
3.116974342796544617e-01
1.036240655910772579e-01
3.253332423765694648e-01
2.855315468999838902e-01
2.855323374096647715e-01
5.201547206048455496e-02
3.024734920054967802e-01
3.015254342076957861e-01
7.837933705287825070e-02
2.932525419055256877e-01
1.500476691771132076e-01
3.311680554800220944e-01
1.390007065737149106e-01
3.293919424340967517e-01
1.696447605238061984e-01
1.208281965824492543e-01
1.352045609190436759e-01
1.871883217364818108e-01
2.339469295679601768e-01
1.679873013796651660e-01
2.951319943411072622e-01
2.344975519753297599e-01
1.350822872164943456e-01
1.890029287683642478e-01
1.350518370943552815e-01
1.821470469759736421e-01
2.614031146014929585e-01
2.093652548314430262e-01
2.884499755726912529e-01
2.343332215688336551e-01
1.655992192667979923e-01
1.847774657976881674e-01
2.194441051059822234e-01
1.598485342883534110e-01
1.534712691916211569e-01
1.994037641743651168e-01
1.714869049889820307e-01
1.894188752772177908e-01
3.138841176698974889e-01
8.221300364840385122e-02
2.489783705918973411e-01
1.386847755456130094e-01
2.455225243566086235e-01
2.483490254093322913e-01
3.319342053375359813e-01
1.253785189914908282e-01
2.464305047717277597e-01
3.523744226975644711e-01
1.571650933493791980e-01
1.370571989059507223e-01
2.160468084989008719e-01
1.935470869315372988e-01
1.655762132592260641e-02
1.540021154032958084e-01
3.358295775121133420e-01
3.044493459073641661e-01
3.176988988439898853e-01
1.565569111363671051e-01
2.760450551003406083e-01
1.115826613232026587e-01
2.239096379884878973e-01
2.533898036396139419e-01
2.279394840824736646e-01
3.220420192276391425e-01
3.097117029290286094e-01
2.838576963165383993e-01
2.448648157074730936e-01
1.469522733286364735e-01
1.577315121552888000e-01
2.183961146767900985e-01
1.456691979928273761e-01
1.408022331952157313e-01
1.042244988929839633e-01
2.561728413015423311e-01
2.657433969075382318e-01
1.984752403882165117e-01
2.522962388396554623e-01
2.194087173343558517e-01
2.245772975521698467e-01
2.544217752387022413e-01
2.874875740045753636e-01
1.192913869765356849e-01
2.205220968907729284e-01
2.277110744329080838e-01
5.402548403761340406e-03
3.041603356670719016e-01
1.281778520300192181e-01
2.857494724712265621e-01
2.731417265645800785e-01
1.965252787415925906e-01
2.554131793017064833e-01
1.113215151648907636e-01
2.100754997041766325e-01
1.926129911122134164e-01
2.661691423563783965e-01
3.256847276255391277e-01
8.604547101830709033e-02
3.042171151197218260e-01
2.845140520536054707e-01
2.978652615736350207e-01
7.866046008470897744e-02
2.878836675555361824e-01
1.520612380901080196e-01
3.403704165811071158e-01
3.326145616122349602e-01
3.101270083930740551e-01
3.419951575631610119e-01
1.241171272627754479e-01
2.166238320264366746e-01
1.296567506721441887e-01
1.223886440057900399e-01
1.942412447171670276e-01
2.682131835240139095e-01
2.594004266791568591e-01
1.415801392564909333e-01
1.979815120364956105e-01
1.609169189603495698e-01
2.617750976821774378e-01
2.740801433566433798e-01
2.446505741192440686e-01
1.719886387112491699e-01
3.434111569791280516e-01
1.705989752405282778e-01
1.301057389683842047e-01
1.501325202799941305e-01
1.668451499916645819e-01
2.650444523536733543e-01
3.394992840862812167e-01
1.463791648368048259e-01
1.238103776738604528e-01
2.802236534777226007e-01
1.958196076747883430e-01
1.001290728718101652e-01
2.533818567103832131e-01
3.192616272003429012e-01
2.615039197595999676e-01
1.885924935853834916e-01
1.324268801626056757e-01
2.367819364047286934e-01
1.837542517200989878e-01
1.323645246082069959e-01
2.108426970442862369e-01
3.455205608719431054e-01
2.760729852590590450e-01
5.784922593769236537e-02
1.607815242590022453e-01
1.209965285418830999e-01
3.230787375066366818e-01
1.363805586158935990e-01
3.421689933237127001e-01
1.296873649618092428e-01
1.901069185149204810e-01
9.953287235393412646e-02
2.258965789956086101e-01
2.693170278079277113e-01
1.070635408254492216e-01
1.468311669813914255e-01
1.642874088913870156e-01
1.308997563407287845e-01
8.640893097138983847e-02
2.682252266960736264e-01
2.371677916346697501e-01
1.784848330560360741e-01
2.495402018450593451e-01
2.348028278298260885e-01
3.149290185636732797e-01
2.069093952594156516e-01
3.478936897014648921e-01
1.352967759795787317e-01
1.155899803810687965e-01
6.687449226700943605e-02
1.298218747292518849e-01
2.535518489731729552e-01
2.922275405345649002e-01
2.228143754559779310e-01
6.854610555801197991e-02
1.836302550213384788e-01
1.298527500148146108e-01
2.855943025841546357e-01
1.541429095637631141e-01
3.035288717363579525e-01
3.205388038820666252e-01
1.847943784947261303e-01
1.508134061658279179e-01
2.091547798123851998e-01
2.691937342789809673e-01
3.978715689441950781e-02
1.451897209978106063e-01
1.530590727198099243e-01
2.606937511358565773e-01
2.557986280208252583e-01
3.398648693367057882e-01
2.893268010902882992e-01
1.648809979610059151e-01
1.068690409541463854e-01
2.042093532282437118e-01
1.314125795389629592e-01
3.420346989415770644e-01
1.244323614983888354e-01
3.044317771992896549e-01
2.043717669486676269e-01
1.335528897031494078e-01
2.303146567410269685e-01
1.953645831823579704e-01
3.020927975168327673e-01
2.794850474096838289e-01
1.796536728987996046e-01
2.766773197270366302e-01
1.789457947727861320e-01
9.279723076419733874e-02
1.697273304510623360e-01
1.596883163764947766e-01
3.505745700956355848e-01
1.302326442291679110e-03
2.576070047603786217e-01
3.173103826738634670e-01
1.533994478908471681e-01
1.634706302050744353e-01
2.812247069110781483e-01
2.440356215291904773e-01
2.038039276823919721e-01
2.028193998904241346e-01
3.097039874698473416e-01
1.068777818113242489e-01
1.409398582560034419e-01
3.078969204255266323e-01
1.714214341753755311e-01
2.099941887542350338e-01
2.869650497513714371e-01
2.643794335724552469e-01
2.889156998827803191e-01
1.792539876987336578e-01
2.577041106409395654e-01
9.702422825763694358e-02
2.912400455368691632e-01
1.621033682350839049e-03
1.954203560205269585e-01
1.186505050973347686e-01
7.749428729088005119e-02
1.029093747995414171e-01
9.905035781933449468e-02
1.893826825854184603e-01
1.765447768371513626e-01
1.485902981636514353e-01
1.497199297867414514e-01
1.669335336834854022e-01
1.615089391224010240e-01
2.543158437332184163e-01
1.200256376916497281e-01
3.079820931555958263e-01
2.394836974507965621e-01
1.376702232233987522e-01
1.112141095814860176e-01
1.653345010955532546e-01
2.948524875413527924e-01
1.635334501882987901e-01
2.820200873989874291e-01
1.869089329304381430e-01
2.219038361006596127e-01
9.862105977596130613e-02
2.259838990057047303e-01
1.661455402663195857e-01
2.351244773012360623e-01
1.552415707344847740e-01
1.477592051746002000e-01
2.072083672423672696e-01
2.473815193874130125e-01
3.140210640352046889e-01
1.455845430514544347e-01
7.945815100567032996e-02
3.427137491124592761e-01
2.552110706261716544e-01
1.734825122118552887e-01
2.384146464966676593e-01
3.029782393194471735e-01
2.367952050477404313e-01
1.897068149732930586e-01
1.564636699376463769e-01
2.267233168241654939e-01
1.644924776241456776e-01
1.301033007921255924e-01
2.787106459015409321e-01
1.072071000988804451e-01
1.444731907676604921e-01
1.644336189243188473e-01
1.119756049064347669e-01
1.551327658659919506e-01
1.687282352422626586e-01
1.772876565549152961e-01
1.357222756000530384e-01
2.668045508212035233e-01
3.156445305220607067e-01
1.380018483900447845e-01
3.314738811102900806e-01
3.307821430281076558e-01
3.073094905337816485e-01
1.297954583670495043e-01
2.577314733884824016e-01
1.486944505622349588e-01
2.543595284993275807e-01
2.161477717849999425e-01
3.481675966525792920e-01
1.420083975596060366e-01
9.143547100175486442e-02
1.065737104661762941e-01
1.534311964654254679e-01
2.844157772595015676e-01
8.692876351306114135e-02
2.093578045918991215e-01
9.441220851450606022e-02
3.227935705132214950e-01
9.653363451392615868e-02
9.046259410412417490e-02
1.595365185047332157e-01
3.044576071806385231e-01
2.377181988277745628e-01
3.274728854615761575e-01
2.753891353397995845e-01
1.643939172964263215e-03
1.524810820251484289e-01
1.063001556740087450e-01
1.426207025070239109e-01
2.101952947498108848e-01
2.798865236004905999e-01
1.426918670993734817e-01
2.080914767710135560e-01
2.166533391017429755e-01
2.255922381999358461e-01
1.932122561536734895e-01
1.484004775691767364e-01
1.063297317549558862e-01
2.417414256779807369e-01
3.149081509188924044e-01
1.278946706350906903e-01
2.411998874169746510e-01
8.777928198695143791e-02
3.340544284264209685e-01
1.053941398893570303e-01
2.899174495882715918e-01
2.200983044162980740e-01
2.524774886552255682e-01
3.381712565498544154e-01
1.429767753338895275e-01
2.054165611303243044e-01
3.036448370370658512e-01
1.147071676358598913e-01
2.601486667153090071e-01
2.273079101209517505e-01
2.471145166724957876e-01
2.164030593278215842e-01
9.681838943549232746e-02
3.243150098106062362e-01
2.643043148618230420e-01
1.939523225796850048e-01
3.166826466650023986e-01
3.210654347671947906e-01
1.317753452516005064e-01
1.679007529219835593e-01
1.337948204672499974e-01
1.869617972058867650e-01
1.386765068244748822e-01
2.246590372934336166e-01
1.338163077660457501e-01
1.270953224022352557e-01
2.012114371642534649e-01
1.058629733244388499e-01
1.358704156065187185e-01
2.321440503575232239e-01
1.467780099785717662e-01
1.600790685973137450e-01
1.714309745652426997e-01
3.004087645042173293e-01
1.012792573655875855e-01
3.341930770770938364e-01
4.730894052802765010e-02
2.666047579066189166e-01
2.698110631847936980e-01
1.966183271487695894e-01
1.171950063637428596e-01
2.430211509870784659e-01
7.976076593726612318e-02
1.522093984553353485e-01
7.795154038827711851e-02
1.065262778841787883e-01
3.342523898999945065e-01
1.170286217863209799e-01
3.021444317566270854e-01
2.856923792030738873e-01
2.503307587887624863e-01
1.264081210042198589e-01
1.831775345879037009e-01
1.487414001610296299e-01
3.505213435768561592e-01
2.297457242096994368e-01
1.617443115174574952e-01
2.410431072221208004e-01
2.049614456093200310e-01
3.154334278990168494e-01
1.124003095387612478e-01
1.725316952518837765e-01
1.740476236914995090e-01
9.494164430786752873e-02
1.442914408922276737e-01
2.893065046617145364e-01
1.677371360212202289e-01
3.136146296225905683e-01
3.069200278292133488e-01
2.123577893514682624e-01
3.181775236300147247e-01
1.763348815866954966e-01
2.907332567544880231e-01
2.559566970473942660e-01
2.574010922347264585e-01
1.649837147572060791e-01
8.471361051793177555e-03
3.501991026571111831e-01
3.019058359470361275e-01
1.210893355466841487e-01
3.483827974302207697e-01
1.826070640844056903e-01
3.327407724808825185e-01
1.883156071267228782e-01
2.169128436187916786e-01
2.377408947204106560e-01
9.738405499725771852e-02
2.601458182603475500e-01
3.243622515862318312e-01
3.485772750683789889e-01
1.330191807981206675e-01
1.746314957503538046e-01
1.368027803068466719e-01
2.176864818928551659e-01
1.492482031416742794e-01
2.197300655443248374e-01
1.187381216342318635e-01
2.291197664756944030e-01
3.227704367452806644e-01
1.192334615228739653e-01
2.690956376934086069e-01
1.172445821617666695e-01
1.737861631634800563e-01
3.056181664450501878e-01
1.081404367280023593e-01
3.494384069769606027e-01
2.952472682886461142e-01
1.444785568698772893e-01
1.508309542298901240e-01
1.010715233521032180e-01
2.779391021447734644e-01
2.561876532539626994e-01
3.265219949402691224e-01
1.206094112288338543e-01
2.519188035339014475e-01
1.805310301308506726e-01
2.571820379085090202e-01
2.178446926926007887e-01
1.604162970177565040e-01
2.037618634904687087e-01
3.123439186839811477e-01
2.371917670650497967e-01
1.162784869573469521e-01
1.180205226887278969e-01
1.349420722117461169e-01
1.613104428706061966e-01
1.850859150142045439e-01
1.246780593579613627e-01
3.458605550916366012e-01
9.631719177616188121e-02
2.217011111671866042e-01
1.199661479962317728e-01
2.853863178230918729e-01
1.323058164653066748e-01
1.309569453350453716e-01
1.813857123838259200e-01
1.655743763426338333e-01
3.223452624864102667e-01
1.382788415598853460e-01
3.442104648246219201e-01
1.315183173403604577e-01
1.796823216788531741e-01
5.957460008190876288e-02
2.606977603531683840e-01
2.546478372960856995e-01
2.823272615394059049e-01
2.504867489026127991e-01
3.374504709714293837e-01
3.463484778261160524e-01
1.066523003627162791e-01
1.017219781403069789e-01
3.400855188886640068e-01
1.959091706450024339e-01
1.405439902847064049e-01
2.136978462913191879e-01
1.454854201695163496e-01
2.779240553613239184e-01
1.845144050685909032e-01
1.347136268929600977e-01
2.669501672878035053e-02
3.376129136604251735e-01
1.677580960228547691e-01
3.468305057832222205e-01
2.793774889692242080e-01
1.284557814221467253e-01
1.385129366680022400e-01
1.868321308678104198e-01
2.215108948417915946e-01
3.337181852365526669e-01
1.071549260954148680e-01
9.453188273987615797e-02
3.336003866673977747e-01
1.603341121542360970e-01
1.213823048981782782e-01
1.130824243166515392e-01
8.374097908280087044e-02
2.012479888249400495e-01
2.422882770206007119e-01
3.014302693256645793e-01
2.672785357397202133e-01
3.255780648509418729e-01
2.166156569081413574e-01
1.381378491855646262e-01
1.410251408190925093e-01
7.919673338543899155e-02
2.255144080056044609e-01
1.479312454759701412e-01
2.702673569913563445e-01
2.874604197570612141e-01
1.093350434769916196e-01
2.716356052758410744e-01
1.410308006918273294e-01
2.678777467719136163e-01
1.134667874803748366e-01
2.166429510308255091e-01
9.917724229567244365e-02
1.593016933986474981e-01
3.382203273878844896e-02
3.113729228318443121e-01
2.238440310753329610e-01
2.728678909948730746e-01
2.071734067795965029e-01
2.461439103345059720e-01
2.368787035769344407e-01
1.217646960899347458e-01
1.683548388578987587e-01
2.383214371544018773e-01
1.604846386445340778e-01
1.628176685865244111e-01
3.225456314696834581e-01
3.109361404819531716e-01
2.783146489386316702e-01
3.008079407449281706e-01
1.382175530587994583e-01
1.447818432254682208e-01
2.191553429797133135e-01
1.303225904190409845e-01
1.385159741267439903e-01
1.455206937739226547e-01
1.497708352733534420e-01
2.929579403419479977e-01
2.309611242650323470e-01
1.791550265912704443e-01
1.196837215025385315e-01
1.414855274489487114e-01
2.885621629092653406e-01
1.308168724374368097e-01
7.117009762713892573e-02
1.326660779826194791e-01
2.803031257861849368e-01
1.238267637510267194e-01
3.105445324023452525e-01
2.473969491210666893e-01
9.770562290030371244e-02
7.965065171534453647e-02
1.284265898163503283e-01
1.572204333619502403e-01
1.531765341935728553e-01
1.285746927897491454e-01
2.643570678685757680e-01
8.026452402947890918e-02
3.398167348502530438e-01
2.460616566294659413e-01
1.001544801787438987e-01
1.727358497010841321e-01
1.095019286129811087e-01
1.537358414906561943e-01
9.626040041084096832e-02
3.245614003864569219e-01
3.237242778161927848e-01
1.590663657176421830e-01
2.683458177159901981e-01
1.226427986729720504e-01
1.856792930777293460e-01
2.441124556520651301e-01
8.768772804523318476e-02
2.041759371036186987e-01
1.268580249286331840e-01
2.730033486642554075e-01
2.677301856700538552e-01
2.787907196455874370e-01
1.357450696861302875e-01
1.156493978144934320e-01
1.303532914871302628e-01
1.246070534844229416e-01
1.339725248811474978e-01
1.193341923540130328e-01
3.367612881864130436e-01
1.812906589721273165e-01
1.928927506990401608e-01
2.545676938548861457e-01
3.005809515884834138e-01
1.485358711007777055e-01
2.418952778928757930e-01
2.599141731786127618e-01
2.795680711222865433e-01
1.176758788729356936e-01
1.715506509696169413e-01
1.330475047848118375e-01
2.133674673459436122e-01
1.224718872878607506e-01
1.783869429291054798e-01
1.476060173617180504e-01
1.498721292500269087e-01
1.331962872604479098e-01
2.511325424465586376e-01
1.493823395942914800e-01
1.624576654979665857e-01
1.605034893927083928e-01
1.256539585273755977e-01
5.749174381266017320e-02
7.141710358549245574e-02
7.390505642574576872e-02
2.300182813468348575e-01
3.259123664202675519e-01
3.151499866615844470e-01
1.782605046137391291e-01
1.721037106872037592e-01
1.561102453597391360e-01
6.142995925322559080e-03
1.463856230858343876e-01
3.078033586005443079e-01
9.679406111202830398e-02
3.055536773652575144e-01
3.492783085251893183e-01
2.252196327816544386e-01
1.710232503742653842e-01
1.934661123115871129e-01
2.897677202490888115e-01
1.727879129661156199e-01
2.683512723454503091e-01
2.256496986160854423e-01
2.710880637566623896e-01
1.028644531600955148e-01
1.324951351426441326e-01
1.056149293346562712e-01
3.428319225267810744e-01
1.191277739827447529e-01
2.129818449078654530e-01
3.138687301116850903e-01
2.425415381714619845e-01
2.879664426205424954e-01
1.827671487933610617e-01
1.058245478652200394e-01
3.344122940526528254e-01
3.369267748969431708e-01
2.379531065277284696e-01
2.943903759886689619e-01
1.356486393073328411e-01
2.811157859978533624e-01
2.967116355430364782e-01
3.407135116959862375e-01
1.300087304005793087e-01
2.459550425251599837e-01
2.016391632160596803e-01
2.431964802955884908e-01
1.457448038380692590e-01
1.959574193011681398e-01
2.524606774085248473e-01
3.479929577595643475e-01
2.707212399821570248e-01
2.864390734465775412e-01
1.465964609976291855e-01
9.484632453374775007e-02
3.073609061963502587e-01
9.578199355861172215e-02
2.648950817131425772e-01
2.427376364116401730e-01
1.302674014709319095e-01
2.321367461373404217e-01
3.323279206022308196e-01
2.822011013803371049e-01
1.454020051247096879e-01
2.488466857313399727e-01
3.636823418985312556e-02
2.622525406512222212e-01
3.003999735260820536e-01
1.301402935315560672e-01
1.406650245925309406e-01
2.306052081264017839e-01
1.590732403776505544e-01
2.038437904043106097e-01
3.248198638209219835e-01
1.470494937900142796e-01
7.824515608120040377e-02
1.430849539558578243e-01
2.400527968132837031e-01
3.242858910857546184e-01
2.966909220375080758e-01
3.381610759945061218e-01
1.407593637861774272e-01
2.288444702810439879e-01
1.687598939745111604e-01
1.600688064515553288e-01
2.627843210886426362e-01
2.043747174352124885e-01
3.134558378757963393e-01
2.450396067368569297e-01
2.238108811644821949e-01
2.308660101198831416e-01
3.392371197682822470e-01
1.340596784022294874e-01
3.056922645323912890e-01
1.926243572297319517e-01
2.410167675216775829e-01
1.709830095472345546e-01
1.695717410351210153e-01
2.352520979005657265e-01
3.014680937007024331e-01
