2.906496938801917396e-01
1.875189859640407908e-01
1.325045639238124073e-01
9.866086919212335715e-02
1.398663997925689018e-01
1.175271335166871711e-01
2.173351066591808767e-01
1.728926840105557694e-01
2.189363239258596550e-01
1.561922136588479726e-01
2.483416250674430337e-01
2.352520939595666161e-01
1.306425636607745355e-01
1.010411482556293206e-01
1.317807899321902509e-01
1.541719796939035603e-01
5.697454044586257316e-02
3.203688321618003987e-01
1.109329855366389117e-01
3.249450339057354809e-01
1.968148441861382880e-01
1.942917936701749615e-01
1.097619820859474099e-01
1.150600630813104347e-01
1.696698102997849233e-01
3.028646356214839130e-01
3.153957380112029085e-01
1.238819718652363483e-01
1.508398602727937798e-01
1.271242456210868732e-01
1.567333209136997085e-01
2.792561519029165273e-01
1.032648570486253137e-01
2.607507429493717277e-01
2.739111073043271061e-01
1.288649168111088705e-01
1.438979450780465963e-01
3.369548739912943680e-01
1.960612025877266074e-01
2.903584947449679432e-01
3.054856775629994359e-01
1.261367945220482623e-01
1.283752540158472621e-01
2.048183481251065752e-01
2.500697927127266684e-01
2.705217480185220791e-01
1.797605345759313022e-01
2.164733837891812118e-01
2.929517025175593647e-01
2.882190004100887992e-01
1.692762689164225565e-01
2.077655597384833186e-01
1.560633582380268614e-01
2.912172993929130760e-01
3.402150011853083411e-01
8.098726550657453505e-02
3.357023408992412250e-01
1.524356082777627019e-01
3.305160973245099831e-01
1.643616465359541978e-01
1.846688251419809357e-01
1.840808102142437452e-01
2.727197309352678012e-01
2.052104756742357539e-01
2.757292546889071327e-01
2.020355636799580634e-01
1.543398743020362729e-01
3.419690183198131339e-01
3.006814376656830046e-01
1.925185626244155235e-01
1.161975179772616606e-01
1.910070410123068663e-01
3.081095724520724333e-01
1.341205803648939932e-01
1.449852735812267868e-01
2.644668224958133251e-01
2.941589872364265834e-01
1.362476781042483154e-01
1.624718383738632255e-01
3.442285739475423045e-01
3.062902160811443730e-01
3.179739306013582567e-01
3.178582803344681684e-01
2.473566930906511696e-01
2.627203890633712513e-01
9.011581822678237097e-02
1.731763990304911738e-02
2.705511401063505628e-01
1.706910239557569708e-01
2.841683008322815618e-01
2.784389029113000791e-01
1.629975124887951821e-01
2.777073643934534486e-01
1.791465798991034308e-01
1.296725163148365334e-01
2.674259199186773128e-01
1.814316842264124818e-01
2.052450092064461995e-01
8.540026720890889211e-02
3.112465399937561217e-01
1.760125422045300536e-01
3.239713624661200719e-01
3.461957571589504568e-01
1.877314964159447763e-01
1.236735780737635571e-01
1.649158872430151468e-01
2.492883669832403060e-01
1.826332069443695194e-01
3.004116418828052248e-01
6.809014826651076102e-02
1.688562577560188682e-01
1.933755410430458843e-01
1.353643194667534244e-01
2.795205241795000184e-01
1.208826642239224924e-01
2.868957454408945229e-01
1.316169780614840634e-01
2.193332884000774863e-01
3.041456352036275845e-01
1.229332587755901374e-01
2.774242043756167675e-01
2.463413268667515310e-01
1.718515833790712488e-01
2.358857013689639182e-01
1.789414147840222291e-01
3.406271924839425758e-01
1.243889316824833974e-01
1.063831913877443802e-01
2.473722015578138089e-01
1.022974905961806930e-01
1.425019806822750146e-01
1.108417103622964250e-01
1.758096380441393491e-01
3.435771861588324816e-01
1.362501829221240690e-01
2.623347306904539877e-01
2.657346520216071761e-01
8.024157544941770692e-02
2.230877499963589972e-01
1.490198098175050945e-01
3.339549024360844443e-01
3.110369116881691043e-01
1.801579312684145062e-01
2.968264793414013281e-01
2.855602043823510239e-01
2.964868399146208811e-01
1.666364873510472189e-01
1.615890063606117977e-01
2.713652964354454356e-01
9.449543740476927522e-02
2.050721608600190038e-01
1.192570569174430523e-01
1.234340052731604798e-01
2.139575183182635121e-01
1.781356805900927709e-01
2.656088139255561864e-01
2.104267316197229454e-01
8.735344092790611747e-02
1.805002466738878375e-01
2.136174541526760506e-01
2.871621615882428147e-01
1.301250540908123476e-01
1.343201191352745849e-01
1.850849173781207169e-01
8.244078497438081521e-02
4.049716780601256283e-02
1.266340547129484739e-01
2.802307586039283205e-01
3.180466731007676184e-01
9.972321751721434369e-02
2.165071268519034309e-01
1.876709844707850350e-01
1.558907307828509836e-01
1.383648649886431437e-01
2.512366764836062583e-01
7.613710418752139830e-02
2.063385626350137392e-01
1.256204667469744130e-01
8.911517778060955297e-02
1.488517296940866375e-01
1.336732043128402991e-01
2.109426885534482210e-01
1.781187542550797254e-01
3.186235923919268909e-01
3.393458818077430550e-01
2.613446118297175214e-01
2.704036732483839356e-01
1.189458204028868427e-01
1.358303067791495899e-01
2.999220610068434323e-01
2.634856524647178899e-01
3.443589222625531576e-01
1.484490536985226816e-01
7.208677732190331422e-02
8.997994187353107465e-02
2.982903054274863575e-01
2.907171037675772562e-01
1.433191460528600858e-01
2.546917377487772360e-01
1.518662324029815547e-01
2.680506869491834365e-01
3.339373634083686038e-01
1.482591848494919651e-01
2.546365513521727797e-01
2.526943570682312346e-01
2.614636721902720562e-01
3.094841313034721875e-01
1.364585660051880200e-01
2.666866925837909075e-01
1.234284995764945436e-01
3.380446963800892157e-01
2.712599478235912520e-01
2.269377612552253010e-01
2.960764044404721740e-01
1.973611898690644240e-01
1.187221497884899390e-01
2.393465701021197933e-01
1.832857375372886344e-01
7.113069907196935271e-02
1.284037752129381649e-01
2.034166665814746700e-01
3.441882912887782031e-01
2.157064740197504882e-01
3.034878671119787263e-01
1.012345378539035862e-01
2.099568882940196779e-01
1.449432212601958481e-01
1.608881961505697900e-01
3.061665020278544480e-01
3.298815069733749272e-01
2.123408093405868557e-01
3.200933017179340423e-01
1.359938811781814250e-01
1.120330087227664612e-01
2.215706912823495189e-01
8.005236285798877915e-02
1.485051603773871742e-01
2.976878613895340697e-01
7.892215461306002766e-02
1.492426204209364449e-01
1.007287170889057809e-01
2.397772650349276891e-01
1.528769692793494617e-01
2.819535089196924527e-01
1.871627818064377780e-01
2.585821369340961517e-01
2.732175916269640181e-01
2.451811231433048133e-01
3.045763321956625469e-01
2.597594771557874549e-01
2.335435986798019836e-01
2.904104767287095101e-01
3.446772941698177939e-01
3.228675928560249542e-01
2.991935085715036746e-01
1.046701942719894807e-01
2.029086767037647510e-01
2.053412344972877501e-01
8.964528771551863451e-02
1.064056202875151708e-01
2.033698709172711283e-01
3.246720003166211344e-01
1.620750331385790721e-01
1.962735342021778573e-01
9.121195897744184544e-02
1.840935714825755742e-01
1.639127078728498665e-01
9.286649634358482008e-02
3.333767292836114504e-01
3.148349321138655399e-01
1.620582362028183399e-01
1.126656594929252159e-01
1.254546146524508632e-01
1.895029575795395826e-01
2.915281895415358093e-01
1.337166498841904638e-01
2.821481898773364749e-01
3.256510997386765638e-01
1.451567011092374515e-01
2.910815316122762342e-01
1.252997709171086160e-01
1.660994886300447282e-01
1.822860620359635919e-01
1.654576433061848428e-01
2.325694335486341024e-01
2.169670551559063909e-01
9.576865904729678358e-02
2.465838105938862879e-01
7.045612422389978258e-02
1.498723794714297841e-01
2.803797229350778464e-01
1.249499052141437583e-01
1.331996485893126581e-01
1.149066714929436739e-01
1.560685320419770983e-01
2.885864025005742683e-01
1.417801597652020573e-01
1.239049004604949183e-01
2.054701274799498600e-01
2.290889719512236022e-01
3.278135055428935685e-01
2.387995326855028022e-01
1.253051592540151415e-01
1.847680901615063875e-01
7.995575529867103570e-02
2.654948169403560376e-01
3.407637744451290640e-01
8.786104553492353475e-02
2.472740891338230107e-01
2.586342382995470146e-01
1.006377850882684138e-01
2.246164366484131869e-01
2.484379586143082297e-01
2.089243202574916913e-01
1.033438003005233974e-01
3.025836253224761241e-01
1.147244506655902690e-01
1.941346947669251033e-01
1.560854196477692024e-01
3.049197326107175310e-01
1.471352671058146766e-01
1.257585183667124518e-01
2.884027649530797599e-01
3.407310517462096566e-01
2.057506017194486725e-01
2.663394125571489357e-01
1.132332818372109723e-01
1.064588252311053501e-01
2.748035536199740503e-01
1.426583637044029351e-01
1.322600054654398394e-01
1.582965404483416272e-01
1.424012574544418763e-01
2.272914237514231384e-01
1.785080191139291061e-01
7.111080055713754622e-02
2.576314211428620271e-01
2.526408178580765718e-01
2.871296418595489786e-01
2.823202634343919826e-01
1.091453208221532523e-01
3.320503903809574053e-01
1.351551184518485493e-01
2.388424117588458240e-01
1.190186099240572448e-01
1.616374139155554446e-01
1.990608133476432506e-01
2.548250181274057113e-01
2.453893123995982417e-01
2.242711651184022548e-01
1.363062347334104141e-01
1.350759019882405987e-01
1.870727711075069466e-01
1.416723478258334057e-01
1.486298158226888044e-01
2.355370170497139981e-01
1.921531087583910058e-01
2.316795884054111410e-01
1.819802316929909347e-01
1.191791857661723131e-01
3.071073492706216101e-01
1.267587237942508216e-01
2.584059738025578645e-01
2.222076588398169683e-01
1.300171419926897942e-01
2.675235376064774573e-01
3.197267001733571368e-01
2.267696899094594487e-01
2.601438457381679004e-01
2.594170295116754454e-01
2.788471107872750876e-01
2.229059019718227508e-01
1.819108119736533580e-01
3.148296393716229491e-01
9.537060815470985164e-02
2.086738470909336174e-01
3.317943955701114778e-01
1.639020982702170670e-01
3.454742533778369373e-01
2.940186091480150310e-01
1.589840496029188976e-01
7.386050951559940125e-02
2.771518947240115827e-01
2.941987387227944506e-01
9.259148616681552035e-02
3.422016947432935940e-01
1.064390987174918118e-01
2.049929040001059188e-01
2.271421917759527676e-01
3.226002499145333990e-01
1.071024865102875590e-01
3.183271659200817560e-01
1.608728977451779618e-01
2.042588433797846159e-01
1.336837301688440227e-01
2.305020541567654457e-01
1.968087208822576761e-01
2.762085851986064156e-01
1.290971548609562980e-01
1.230940241870031177e-01
1.998523622744485251e-01
1.486067265085626865e-01
1.179718596574621248e-01
2.084473116071141885e-01
9.813382511000227904e-02
1.486743192187611473e-01
1.043564494524337888e-01
1.537914590678155224e-01
2.252071845542074902e-01
1.903596870548805997e-01
2.875085981751346331e-01
3.344636339237018752e-01
2.443381006357914498e-01
1.012469008048097474e-01
2.889805956093166595e-01
2.387229816055697340e-01
9.323810576989252641e-02
1.271141753275269459e-01
2.414613040360527596e-01
1.082770078835646882e-01
1.575761534657066365e-01
2.411989315294847669e-01
3.307810470558748550e-01
3.212306328678349310e-01
2.591363608044572331e-01
1.718770020975635693e-01
1.853055716046899393e-01
1.257655544050244878e-01
2.700603178574769725e-01
2.655422818508317295e-01
2.480599957072624484e-01
3.282832440721244471e-01
1.381618156756770910e-01
3.165528608157716639e-01
2.273048497420816494e-01
3.326908594199424196e-01
8.716012419737165229e-02
2.967963446910770742e-01
9.554481137137073310e-02
1.963221749833656826e-01
1.460040960516680864e-01
2.661836468101227982e-01
1.809517124891980300e-01
1.632584791549562819e-01
1.189980006835406195e-01
1.381458584609248641e-01
1.409723093739422561e-01
2.285750208238601644e-01
1.406512124507587891e-01
1.182527016860443342e-01
2.553778701125908324e-01
1.382234414405620337e-01
1.005866925239010529e-01
2.483072753050623305e-01
1.939693401851306787e-01
7.421105641064132397e-02
1.647454085627634846e-01
1.266210479322578131e-01
1.836423942094259909e-01
2.301769378358330675e-01
2.207949581523534766e-01
3.051088600554182628e-01
2.243263344135824622e-01
7.534996784228956135e-02
1.530053199675007747e-01
2.107072682890610005e-01
3.169181928626640943e-01
1.528801874607530198e-01
7.154654677302869914e-02
2.109308992709573449e-01
2.838160872560460679e-01
2.802214236515598866e-01
2.355292569941789538e-01
2.901158253095314499e-01
9.040212451776076519e-02
2.565977202038580707e-01
1.292942278105207732e-01
2.498987831578712848e-01
2.470545556032108236e-01
1.186843914021713658e-01
2.839246338821454496e-01
2.837939784402649934e-01
1.431137035937498914e-01
1.304048749211265679e-01
2.547027142945715306e-01
1.879441897154684460e-01
2.335898627607934375e-01
1.420203166519612703e-01
2.842145688386604196e-01
2.800869429221345408e-01
2.377106848454472177e-01
1.542039812690069456e-01
1.124578005600306851e-01
2.953130759239209757e-01
2.510716350060296365e-01
1.276609378734518963e-01
2.216819089209824400e-01
2.253767956008242146e-01
1.958109805722240970e-01
1.733749431112694972e-01
9.366115721013697215e-02
1.896858904988569794e-01
2.565860834383628664e-01
9.495260043173854581e-02
3.319317452201708263e-01
2.505217893945877461e-01
2.721931630541106761e-01
2.330172448290707965e-01
1.272650902189531308e-01
1.208140870640668635e-01
2.548902461642349460e-01
2.750064120742966578e-01
2.005765445749954357e-01
3.343758814821030656e-01
1.867608988474751541e-01
2.051753216673834757e-01
1.166688413773644822e-01
1.328854863064997949e-01
2.092916428863714484e-01
2.432562145913952090e-01
3.026894150479180201e-01
9.600174432362446053e-02
1.682391800788932412e-01
3.049770641667763349e-01
1.607911022809931367e-01
2.284929988297804138e-01
8.064713137206394600e-02
3.073320861312344721e-01
3.453130780576220693e-01
9.562470923477940643e-02
1.104368640761895781e-01
3.025750362532068638e-01
2.297328255778304518e-01
1.402518919888980642e-01
1.292206972332137216e-01
2.498489194504917021e-01
2.199793141439887190e-01
8.340694237241841336e-02
1.833843680208409876e-01
2.561279955279263665e-01
2.877580711760990284e-01
7.421230789897391433e-02
1.819315209294200819e-01
1.302017451363279843e-01
1.563271675838431296e-01
3.038281572233512140e-01
2.037093841931564009e-01
2.466474702894231319e-01
3.368383913991407352e-01
1.082892516825088719e-01
2.337276358620385408e-01
2.790082972892707902e-01
2.192403672426108396e-01
7.918123322880786519e-02
2.294728466455328575e-01
2.165441683862506794e-01
2.955992361070871599e-01
3.232842077265398739e-01
1.616633831935207211e-01
2.102824505380037901e-01
1.648686921413451689e-01
2.059649465745432562e-01
6.216835447545043802e-02
3.008444459004763205e-01
1.971987797120834662e-01
1.593759689112587974e-01
3.155026597393271737e-01
2.518766444222829137e-01
1.170735019032566326e-01
1.378158219406322438e-01
2.683399608753906929e-01
3.035239061644665615e-01
1.242782885085118305e-01
3.425588766594372947e-01
3.119613859445810045e-01
1.268601916458160783e-01
8.254832273299346490e-02
2.417999670776148635e-01
8.146953254910409281e-02
2.848494773738950991e-01
3.236628295352860230e-01
1.718870444940488185e-01
1.660495402822076971e-01
3.272000284987559016e-01
2.616311711006179541e-01
3.275090360695339098e-01
2.570820945816096881e-01
1.657997548489306416e-01
3.312165376138172523e-01
1.168482807043174330e-02
1.672720787350872318e-01
1.181968450362277240e-01
1.001616306848951282e-01
1.739207990541958571e-01
1.553449616938111510e-01
9.360116355024036827e-02
2.822413707190875032e-01
2.271776436536531996e-01
2.787072776892667303e-01
2.728076415035102786e-01
1.212497476351383913e-01
1.076460364764895011e-01
3.390768295821022238e-01
2.398247757841692474e-01
7.755104472903688595e-02
2.999440457295827756e-01
1.268762740680539070e-01
2.117867934554512055e-01
1.616750185268489570e-01
1.714552451169311931e-01
3.416663619991175405e-01
2.625128605214898658e-01
2.773453921408220446e-01
1.076449437739477322e-01
1.880015904651553826e-01
1.722890463891940394e-01
3.344345688552552431e-01
1.393376859618583874e-01
3.125570182628959470e-01
2.611301587080378517e-01
3.117544462691295704e-01
1.711881084035566380e-01
3.161635600779513222e-01
1.483694072304442002e-01
9.674518139052992738e-02
1.453280035007941673e-01
1.717235685295593894e-01
1.355078141791825619e-01
3.056540192622639318e-01
1.696087213513136904e-01
1.340767490640739634e-01
9.778619531183833924e-02
1.091561208025863400e-01
3.416884589188115551e-01
2.461487004410281842e-01
3.190226619824797494e-01
2.438962282858774255e-01
1.251333966327591030e-01
1.915676561683089529e-01
2.329253593309697501e-01
2.943086690447636600e-01
2.841861217890379598e-01
2.838308184400715195e-01
6.303679151770390232e-02
2.233205947405490777e-01
2.166288562644029525e-01
1.074260682219883856e-01
7.236085947091490389e-02
1.833162969137756837e-01
2.509662416953882813e-01
8.963133272948610453e-02
1.522488248242802322e-01
1.910129201209103955e-01
9.761005651390664006e-02
1.251940764188795296e-01
2.120147687002131853e-01
2.294941920261847901e-01
2.102568016141081741e-01
1.469210010298897529e-01
3.399269804265795947e-01
1.309961671395976912e-01
2.463972248559878064e-01
1.413901051772174788e-01
2.755050876258092751e-01
1.194149675500500857e-01
2.051733450920333324e-01
2.311514547896860727e-01
2.607270478088860588e-01
1.197788668971485060e-01
2.326132875928367261e-01
2.089011694212102588e-01
1.553853132813116655e-01
1.445198808310230454e-01
3.148804545976598979e-01
1.119586367876952843e-01
1.292686551772933012e-01
1.949044928692560408e-01
2.759384242990445824e-01
1.930626362963173415e-01
2.946235925251381449e-01
2.331382073483102002e-01
2.858741033455874936e-01
2.838703224055662000e-01
8.620390561043872468e-02
2.635968656355766604e-01
3.294259867026018695e-01
2.241801290968896965e-01
3.052378607946576450e-01
1.384540659119539163e-01
1.699927620726761068e-01
2.132290355733153231e-01
3.166605586231138192e-01
2.015824359802089183e-01
1.493152512739403526e-01
2.626090339659346573e-01
2.367479632651039168e-01
2.120154767785920602e-01
1.677400466809500224e-01
2.143368421651879463e-01
1.432824182552097370e-01
1.826368419481509409e-01
2.413230662528304815e-01
2.477314013223745337e-01
1.458636182862562136e-01
1.232593194033410194e-01
2.760043761968378195e-01
1.865331116455159199e-01
1.309493866289068720e-01
2.079842138824292419e-01
1.015351609331753835e-01
1.538033246616350991e-01
1.839541383026183363e-01
3.209569816976537981e-01
1.817652775321066672e-01
3.430894315561428543e-01
3.162272964116731866e-01
2.632675224511603074e-01
3.408229005387949373e-01
1.429499222581221696e-01
1.217282535926327014e-01
1.400095292697389748e-01
2.548629617470672404e-01
6.195032961786352960e-02
1.961488579062216075e-01
1.799340672200243907e-01
2.663405791534863010e-01
1.329793161412738400e-01
3.122049440314589308e-01
1.400882718772640811e-01
1.965739163264225153e-01
2.302742944638618006e-01
1.312434224546740746e-01
1.678977631228175671e-01
2.700022014073912846e-01
1.048668092832042847e-01
1.441015769941853542e-01
9.858305014054510873e-02
2.093769771600242358e-01
3.062296563283609108e-01
2.146561827549985368e-01
2.180621533300350634e-01
8.292057541034324186e-02
2.504881807461594168e-01
1.784902638005980424e-01
1.680515784919558997e-01
1.229688844145690602e-01
2.065272000326121016e-01
1.346187391838335190e-01
7.263193707322189441e-02
2.273942321939144140e-01
2.607975157069235550e-01
2.370925644624371775e-01
2.249893291749132662e-01
1.235897751089571200e-01
7.315455449180029157e-02
7.459858661180117367e-02
3.161859000286283417e-01
9.939230152520518724e-02
2.558287737343150070e-01
1.526496478536013557e-01
2.858690900489378461e-01
1.925693207241622740e-01
2.734502045380650670e-01
2.305459806278652435e-01
2.767078570082808775e-01
2.724370320140416246e-01
1.041140366224175551e-01
2.662071997927927813e-01
1.334565416831667573e-01
3.162955241747028579e-01
2.688142417004319995e-01
1.725176475704971457e-01
3.244390327875948388e-01
2.326700412927282802e-01
1.442549657245283390e-01
1.990462370291787575e-01
2.351521583177678676e-01
7.476487410130548683e-02
1.150264123105831232e-01
1.966622665090032862e-01
2.916862055608506754e-01
1.900784193932805732e-01
2.107242816777862016e-01
3.079221781563274418e-01
2.880865197877233719e-01
2.124873344346450421e-01
1.537733643194255373e-01
2.254565165937785498e-01
1.041956774897996596e-01
2.908456836304218474e-01
1.516897365578450396e-01
1.486718757239523236e-01
1.098614400894254717e-01
1.404656936693981784e-01
1.454942059875706240e-01
3.358514785952007586e-01
1.291624121159578031e-01
8.144382943001646225e-02
2.387242931293271087e-01
3.097360182785691696e-01
2.490051874790324971e-01
2.242377106105594153e-01
2.935211464326805131e-01
2.609912105611413291e-01
2.801921211505992160e-01
1.776552492891824153e-01
1.378249362521619392e-01
2.628830513769661592e-01
2.912113967598044528e-01
9.533463999675709233e-02
2.128035011924817865e-01
1.327607781448195690e-01
1.206442659269885836e-01
2.839257951360079843e-02
1.387958307540592406e-01
2.733235855949856519e-01
1.684377405501688019e-01
3.202600809350523159e-01
2.338235920341953378e-01
2.550965404767761013e-01
2.274676645635630989e-01
1.057173800412885140e-01
2.648424945429216359e-01
3.442486125859200441e-01
2.429757235113676195e-01
1.323573833237334518e-01
2.585970983495368136e-01
3.059492476464020227e-01
1.274247790949218084e-01
2.118642436283227626e-01
1.170335219543521682e-01
1.104756180663201276e-01
1.370641979017745427e-01
3.121642889497860396e-01
2.066099955950194966e-01
1.355384667866351422e-01
2.334486543840973982e-01
2.228913024760861838e-01
1.443783543638940958e-01
2.893934486489840863e-01
2.637586918930557300e-01
7.304332224763346315e-02
1.377595981667854019e-01
1.449622987842352217e-01
1.904213151683179783e-01
2.146956304033794949e-01
1.209914472636643284e-01
3.109173171843568340e-01
1.772185714903974363e-01
2.746428618488598872e-01
1.244985347152011146e-01
1.565434331121649536e-01
1.276040259443426417e-01
2.246255244333498491e-01
1.975984818803619425e-01
2.695854886296727426e-01
1.238102346157774064e-01
1.044592444427456523e-01
2.381440517538895851e-01
1.269806539997996864e-01
1.885225421948491242e-01
2.424473983965471091e-01
1.933293065702825775e-01
2.014023165997381459e-01
8.548090551066515885e-02
3.223710067474697682e-01
3.289889180399837576e-01
3.142337178583249346e-01
2.669619258384164362e-01
2.490444090244031405e-01
1.618925946501441060e-01
2.766236375330740072e-01
3.426568594717337435e-01
2.375683704991377321e-01
3.134697356084317765e-01
1.451977096545319090e-01
1.084559652877357949e-01
2.748893526403421439e-01
3.172920676019014841e-01
3.124904951832989664e-01
1.789193910110688790e-01
2.499800418473176189e-01
2.356799834144716888e-01
2.524985339911022253e-01
8.173163562113294756e-02
3.300243990373264436e-01
3.315425442551490631e-01
1.144632142738677416e-01
2.025070724622008156e-01
3.230799085424134187e-01
4.774117564405624264e-02
2.272646758991703486e-01
3.044453359894512823e-01
1.401552905201346177e-01
2.361784075430532759e-01
1.312510276502860951e-01
9.745833231914917405e-02
1.573689028034510884e-01
2.956130905668934439e-01
1.960436533508660151e-01
2.734191864955344831e-01
1.670000804193030319e-01
1.183383594620752155e-01
1.265454082662495761e-01
2.023919101338468862e-01
1.590492287595210719e-01
2.468964806360413600e-01
3.201560407313274181e-01
2.411712433254334653e-01
1.130945289631868356e-01
2.492242349867084816e-01
3.255981637447041277e-01
2.722409916602742119e-01
2.526508153512775356e-01
2.124425453527676311e-01
1.447962930304301787e-01
2.481199055586680857e-01
1.284280432560876706e-01
2.470731535214798769e-01
2.107103235599012137e-01
1.376536717938284249e-01
1.971100313012291994e-01
2.078618135183974980e-01
2.530441399756667153e-01
2.485911239221300362e-01
2.898512744603411462e-01
9.722581158639678756e-02
2.988125179326072134e-01
2.340556809321746590e-01
8.490271039522281904e-02
8.006990188879863080e-02
1.188031583322265022e-01
2.588461078078043154e-01
1.788017398890117127e-01
2.175164207541794292e-01
1.392394303073094530e-01
3.276922286810962648e-01
1.150675159814448789e-01
2.545727920380427833e-01
2.414235100919630284e-01
2.335824935568540373e-01
2.867598079748416295e-01
2.346955535616365995e-01
9.709104277659155735e-02
2.386864605786419569e-01
2.098734011442351666e-01
2.005935486416394464e-01
1.475977098147440436e-01
1.230587263163431255e-01
1.007819492960078250e-01
2.555720060715858666e-01
5.241686136393313572e-02
7.067648312421348500e-02
3.036559512755441781e-01
3.343468785305087065e-01
1.006387541096259164e-01
2.552360208355871074e-01
2.897129349605594983e-01
1.633670587581033118e-01
1.329667359579793651e-01
1.341290245433544859e-01
3.361277800407642680e-01
2.243638444652233666e-01
2.680005535549768725e-01
2.663789684406341896e-01
1.993410139220818111e-01
3.364568020877449217e-01
1.126368613053227025e-01
6.412941738201538566e-02
2.933187628973956684e-01
2.721429087890926413e-01
3.281096848957866796e-01
2.812819340098837717e-01
7.111286902321606318e-02
2.294027553774452000e-01
1.083117439727422637e-01
1.285733911629433901e-01
1.365875694167486554e-01
1.604737696562364146e-01
1.638195261535477509e-01
2.893371638789482003e-01
1.842859647751153851e-01
1.159470003401734811e-01
3.343978857581608177e-01
2.554246610215260005e-01
2.271020224863327663e-01
2.473796917811274809e-01
3.332890815893034264e-01
1.137035601249705152e-01
2.929298696548889858e-01
1.088639179211758484e-01
3.159639514720858355e-01
3.284137966434543809e-01
1.153366963743934076e-01
1.099524830083868504e-01
2.739526112559580451e-01
1.279180852313674954e-01
3.381799114709774234e-01
1.750717516698097886e-01
1.814939583626968278e-01
