1.028488393432330228e-01
2.236286152484571466e-01
4.720797824068703047e-02
2.813290825074660773e-01
3.280625302659349596e-01
2.517129498518750896e-01
1.303210197917817892e-01
1.744059270793426875e-01
2.113695227376185815e-01
7.436665581342617737e-02
6.801865133545859088e-02
2.838093523010205010e-01
4.326389205297265922e-02
2.188353477578777462e-01
1.103479323369488396e-01
3.102864681554816650e-01
4.185306347491256351e-02
2.487404015728507667e-01
3.122880107155726614e-01
5.375900937320510220e-02
1.092878213437664670e-01
2.561181064873911672e-02
2.749892084434440997e-01
1.914299772573110209e-02
1.500699705150384533e-01
1.100808084650869850e-01
2.483391054696017231e-02
2.215269655574867713e-01
1.015366138476288260e-01
1.829166557269588655e-01
2.036579646065670157e-01
3.137085236039288683e-01
2.206440412418113062e-01
2.875224378467289288e-01
2.655255048557206288e-01
2.541347733502611894e-01
1.332179105528113194e-01
1.182977285881524204e-01
3.317774213980772546e-01
2.399919078468270572e-01
3.150268060947986060e-01
8.404047491125016256e-02
5.269756923818878780e-02
2.705416263414743283e-01
1.295393342339281328e-01
1.643314297349769970e-01
7.878227408597250625e-02
6.507831804643769702e-02
7.654061676920931312e-02
1.408133910858916926e-01
3.106151359016438018e-01
7.346998806659651993e-02
2.586259399911488566e-01
8.056684841152958465e-02
3.279448612971773702e-01
1.990542427003786641e-01
2.787641138069373303e-01
8.785247043793030508e-02
9.894379485805680774e-02
2.000439878961722540e-01
2.010708220194181439e-01
1.976442054695778938e-01
2.968543105096960733e-01
5.307546751567031318e-02
8.920943836146531802e-02
1.436358959781551814e-01
1.277806228688798118e-01
2.861182123426940227e-01
8.830280887035274473e-02
1.819201524828986949e-01
6.541897913722002911e-02
3.910773245994483838e-02
1.162170586906120656e-01
8.604658781082730190e-02
1.820067208166741002e-01
6.255713371032431414e-02
3.159457212031435147e-01
2.970388317942994627e-01
1.299931173324504197e-01
3.085729627459106728e-01
6.375166037780823081e-02
3.192481690392602878e-01
2.173250194201008789e-01
6.457183008897447729e-02
2.629609340020085950e-01
2.567138267047379130e-01
1.532139706131634693e-01
1.597052465622124384e-01
2.850620966209622131e-01
1.934306836548125019e-01
2.213858532559252398e-02
1.262972516223986874e-01
2.251468680460923522e-01
2.769143951476012444e-01
6.787455517823083595e-02
3.030932216452575378e-01
1.955647596606454597e-01
9.530134763681866183e-02
1.465163060551019913e-01
2.600380514304660440e-01
8.910885347490796193e-02
3.341812436763701988e-01
1.728723144826111724e-01
2.878722709873022256e-01
1.257513226583104604e-01
4.882778462127176228e-02
2.712616784511522328e-01
3.274874443867133444e-01
3.079424902155773469e-01
3.178007544108625293e-01
2.769698143099512677e-01
3.032424015427215847e-01
2.237564043422262117e-01
6.737611308799786036e-02
9.518677377366348280e-02
3.040797165986037220e-01
6.598050418335424383e-02
1.446272469001298744e-01
3.327548887992324844e-01
3.331416087420681071e-01
1.110001302539493362e-01
3.276094937272709950e-01
1.511933016312232425e-01
5.717740846434258423e-02
1.196110822339997021e-01
3.144837343213108261e-01
1.822432430552682336e-01
2.121166358741095048e-01
7.606206090204746528e-02
2.533309581690504908e-01
1.141588939006740605e-01
6.447604961571133664e-02
1.000527019959389502e-01
2.849946553612283107e-01
1.373733510663079083e-01
1.127791133346514874e-01
6.129983752244638762e-02
2.612482730616889071e-01
2.435522590199428461e-01
2.584510776209395511e-01
8.989571854608843782e-02
7.452235280400629214e-02
1.425505462492400732e-01
4.949177561477965254e-02
2.221432164469960002e-01
6.153082682174341317e-02
3.283900524847625513e-01
2.996460541596303595e-01
2.443258240318251506e-01
7.174064292767906581e-02
1.129526852709916707e-01
2.739562336065743398e-01
3.331499371426087652e-01
2.610845705982296483e-01
2.552199072001762672e-02
5.437355451801809125e-02
5.771165735423146315e-02
2.663073779534219643e-02
2.847944104264721332e-01
4.366724569895328451e-02
6.912606644459216854e-02
5.760909425518754429e-02
7.469608896718123170e-02
2.835969275964344560e-01
4.915027784332581112e-02
1.711799882640016868e-01
2.354186180908444115e-01
7.926571813328860128e-02
1.412876751715369805e-01
7.880868657745494776e-02
9.761340332090605310e-02
5.304577304993150777e-02
1.926889269069705368e-01
3.297487466687759050e-01
1.537686369901506700e-01
3.741203697027869340e-02
2.711453230691431293e-01
2.500089638031152695e-01
2.849625680124852067e-01
1.764817436518804628e-01
6.086581458614871015e-02
2.860685810101717408e-01
2.523878975585965856e-01
6.109826428916718954e-02
6.065093186719926893e-02
4.207747630605229716e-02
8.991244554898172869e-02
4.111132077974580246e-02
7.024843668704530697e-02
5.720749529521540477e-02
6.859176590285712138e-02
6.149090927993566130e-02
3.132210097573558810e-02
5.337555179634951436e-02
9.961846377084121462e-02
2.754168566751446362e-02
6.631467752228834001e-02
3.206987876851841723e-01
2.526156219232372768e-01
1.857541652787952566e-02
1.980553655518690337e-01
1.758148486385652243e-01
3.363713618681576228e-02
1.863841177662959453e-02
5.229993799838814073e-02
2.627077236695455897e-01
9.978279439242258853e-02
2.808032354504173544e-01
8.734877049787900805e-02
1.902702228959265440e-01
2.162563304687037391e-01
1.871464886914508130e-01
7.341032274699632598e-02
2.639691310706772098e-01
7.597418562804975073e-02
2.263636974701324356e-01
3.295098516267314093e-02
1.809329558625753231e-01
4.324021821919194625e-02
4.745428016397940096e-02
3.313038800432321906e-01
3.087200930594984349e-01
1.436954930210120884e-01
2.960072184737036483e-01
5.086536698064305501e-02
8.487859870097078097e-02
2.346080331739152647e-01
2.388309688412377230e-01
2.665340472123785970e-02
6.782067158872082113e-02
4.020986420705108255e-02
2.572049721249966212e-02
1.438398625204675985e-01
6.918266628745489699e-02
2.246705890592274879e-01
3.320777800724293849e-01
1.066473513469303469e-01
4.233115106620621154e-02
2.237533107174843883e-01
2.226398104495022623e-02
2.973555196391705971e-02
1.834786931387390185e-01
1.913589822819976999e-02
1.377256449392232074e-01
3.156769401987216672e-01
2.166882037984807219e-01
3.343826186525701294e-01
3.190158646972750534e-01
2.220606368462277325e-01
3.169284278313143077e-01
1.926162613886589492e-01
2.830589236703807687e-01
6.986424426080380112e-02
1.471138615329942168e-01
3.064051755600601945e-01
1.968545758137628734e-02
2.199930859035255926e-01
1.112008624666369766e-01
6.064509226764790151e-02
2.707070648369864219e-01
8.793195256900945833e-02
4.613550866048896776e-02
6.114207476018659188e-02
1.231403722319824312e-01
1.126511277894205881e-01
3.154267460347299767e-01
1.020977027648714425e-01
5.546578480985759479e-02
1.755577335555429108e-01
5.397968666339496291e-02
7.309425336604845336e-02
4.803043580841358934e-02
7.401614081909738130e-02
2.725691273264172487e-01
5.763039550669709493e-02
1.123204368113216584e-01
1.047091158523640875e-01
8.219566671898966004e-02
2.325696842348755344e-02
3.304211898225102306e-01
7.117777843154809991e-02
3.234425767558690157e-01
3.323801217174210398e-02
1.534814251496055826e-01
5.918928200329311856e-02
1.614603502692790182e-01
1.964159242278309403e-01
3.298991568899352633e-01
1.497855791926826496e-01
3.263494229127856805e-01
1.515706891387469391e-01
2.542912152350403909e-01
1.656605244266347865e-01
9.159867644853922353e-02
3.017429641541154450e-01
6.908488859783383507e-02
2.254586579660648737e-01
2.956447236153273428e-01
3.098416736895843182e-01
8.202206238959953988e-02
2.919898916127225755e-02
2.516901378473018411e-02
4.327044046249196863e-02
1.593904111427991155e-01
2.587777154040744598e-01
4.696793039312766732e-02
3.315425899388598635e-02
3.177117381142637864e-01
1.405592794639323739e-01
1.525150507064785832e-01
1.321237814227680940e-01
2.291173122999722034e-01
6.065005515594341229e-02
5.978160112101022633e-02
1.617889205718660572e-01
3.706902772581881916e-02
1.725849667264245380e-01
6.427782130047574038e-02
2.099229989376986405e-01
2.159364044768146557e-02
2.638653949303975121e-01
3.331012615004218941e-02
2.120466477570673997e-02
2.708338029880654196e-01
3.263698160629065481e-01
3.270003478217163861e-01
3.057076072235603847e-01
8.874176584491923203e-02
3.278456278359794807e-01
1.151828116360031906e-01
3.174412014186233644e-01
5.792134322280835523e-02
8.457901461043285107e-02
1.942576996088351826e-01
2.853775551698998006e-02
1.010401965882135877e-01
3.233064171441308310e-01
2.581099835544215515e-01
1.824569640045842489e-01
1.683251734225566509e-01
7.968411319886237187e-02
1.908280550748633897e-01
1.311280415159747359e-01
3.281020671351715379e-01
2.024001228143965797e-02
1.221306918396829616e-01
2.756546663771200500e-02
1.384818764174091665e-01
2.453774793825495570e-01
6.437854084715564917e-02
2.768476840635853420e-01
2.680774166769310865e-02
1.075516238296112259e-01
1.686401770077674833e-01
2.898753453846894534e-01
7.233588700806062310e-02
4.360828005798722540e-02
3.027437288754556977e-01
2.007075628249956889e-01
3.621589191427111720e-02
2.710563822862883110e-01
4.831762291600027320e-02
1.267069091332184982e-01
3.138411056431705815e-01
1.079889113138575718e-01
3.257517305815574304e-01
2.399139593327200004e-01
3.282461283347348768e-01
1.135005346810192689e-01
2.590281084851389082e-01
8.764937755909471551e-02
1.168222876386001835e-01
2.278011518616407938e-01
1.766209692202861947e-01
2.077494269986441405e-02
3.135270524842166395e-01
6.659986281793907337e-02
2.191227679637502423e-01
3.119974276951055780e-01
3.640779405781988110e-02
2.421421866424016967e-01
3.305143942620207276e-01
2.030837606864599187e-01
1.989088603768892349e-01
2.441168134829586889e-01
3.081592890224245651e-01
1.136790324258154516e-01
4.439680500722643225e-02
2.751530286935128800e-01
6.681527701183703760e-02
8.794937462479367196e-02
2.864727101804382392e-01
6.233457648687972669e-02
4.751119333567504349e-02
3.129380956211397780e-01
5.736627530464031427e-02
3.277730750846451491e-01
2.649640264516749388e-01
2.144938690396162861e-01
2.538806022659215178e-01
3.128630254908864594e-01
1.284634092468052990e-01
4.545768119661683371e-02
1.043984134032441002e-01
2.683380323473612550e-01
6.911489368734341499e-02
2.444973553949573442e-01
5.044225586890471735e-02
1.034938213346363461e-01
2.027181009033472703e-02
9.067107965005843928e-02
2.990445586302293776e-02
2.517395921934164615e-01
2.005797158406082831e-02
1.820102791298293110e-01
2.356263607112824288e-01
4.342624590980792565e-02
3.295060976148658782e-01
3.105541819523661706e-01
2.432228887133573436e-01
2.987534154128125841e-01
2.996662193200296670e-02
2.338392445845360879e-01
2.565722002876332231e-01
2.340590528357116562e-01
6.761606785721707702e-02
3.009195118779546263e-01
1.741779973324844022e-01
2.712546513883880017e-01
3.275160917477439870e-01
9.503543689799266725e-02
1.468514477056320489e-01
2.880901377936035401e-01
2.353223217983520243e-01
1.314530865817540861e-01
4.941959986394060117e-02
3.155082644308911805e-02
9.030229567234145105e-02
7.640169561056422975e-02
3.035260265786091094e-01
2.193717222624363694e-01
5.679781974327712674e-02
2.926922264406777718e-01
1.911882711352807032e-02
3.282929367461369652e-01
2.078019020579996989e-01
1.889117214544434320e-01
3.308023068752074525e-01
3.227709728909285425e-01
8.727752939977635738e-02
2.378006247834303921e-01
3.025487858614153147e-01
6.154707748282475799e-02
8.337351815418476975e-02
2.096967711549424240e-01
5.547999274065920638e-02
3.343594192849991265e-01
8.771949215060861893e-02
6.445866433347610669e-02
5.625306217744925619e-02
2.154396970773131137e-01
2.683893194988946629e-01
1.121586247339782377e-01
6.547781590585191602e-02
6.685749169672969283e-02
2.664361912415095790e-01
2.637145666916861364e-01
3.018130510256676335e-01
2.093311182349071875e-01
2.964718407040244363e-01
5.970733409134371117e-02
2.701718430219822720e-01
1.902923693881238276e-01
6.388410527559476582e-02
5.024695996786328334e-02
3.086969318020607589e-01
8.721374563318373685e-02
3.064085921422512460e-01
2.073726581533367197e-01
2.362891304674437712e-02
2.357746603411494390e-01
2.053290117159186079e-01
1.108736052097140656e-01
6.683315048000729175e-02
1.953608991817550045e-02
7.538095355144124043e-02
2.716424790335830730e-01
2.323412903379248606e-01
2.645074899910123123e-01
2.002136086585315153e-02
1.542329266206325100e-01
4.723374591771025560e-02
3.327035488554028753e-01
1.935641202761159002e-02
3.943466478384690527e-02
2.588493531576054330e-01
7.950445377633109934e-02
2.771600940218072462e-01
2.194135622156294929e-01
3.282692977565567771e-01
3.284780902114773360e-01
2.127003360576787128e-01
2.428752182896569689e-01
2.074625541809162199e-01
1.822461569194815112e-01
3.245354321338441150e-01
1.916566163919306842e-01
3.975378842812169605e-02
2.590509107201832140e-01
1.551872557119198838e-02
2.405803724701724086e-02
2.496109895655147237e-01
1.622409108744908846e-01
2.335811510640142252e-01
2.394734392653145028e-01
1.280067847362576228e-01
2.685787331903061181e-01
2.599815025166745674e-01
1.470633469794457859e-01
3.607606245050341831e-02
2.848178992081358274e-01
1.192887258467185824e-01
3.080118612000666833e-01
4.890397866529627019e-02
3.157253324509485815e-01
6.545721103534357654e-02
2.895068845091640641e-01
2.617290896364658503e-01
3.318772559857552373e-01
1.686008104790104045e-01
1.729514811288106191e-02
2.087976308406763182e-01
2.833777607214176819e-01
1.150777083324034389e-01
3.333311623181816619e-01
2.182427124614678138e-01
2.498550022414565697e-01
8.481545528125006284e-02
3.323397707551418168e-01
8.718848876927738634e-02
1.501471510452918323e-01
1.552378983694510106e-01
1.835416985521123867e-02
1.057591343231791964e-01
2.152849936938540654e-01
3.137151090038765022e-01
3.946851812556636391e-02
1.245181224290913685e-01
2.851828698279325058e-01
9.907487716319966775e-02
5.867740280874007841e-02
1.609460745982769503e-01
4.466192436863250514e-02
3.034503231865986472e-01
1.746751498182965226e-02
2.276027267151388422e-01
1.590107143959691716e-01
1.437934837224381091e-01
2.909341533907882638e-01
2.208468441869169685e-01
2.510275108410208178e-01
2.896623216295844405e-01
3.256195700859729203e-01
3.236227816482762920e-01
2.233571675594673012e-01
1.491234177467608002e-01
8.914397669279744418e-02
2.986588781254950753e-01
1.909269578641732412e-01
1.763897828558545211e-01
1.231782304803490241e-01
2.517936240553695360e-01
5.921683838967041480e-02
3.247723425155998322e-01
2.338300551174732900e-01
7.229970845704308813e-02
2.985620349034371346e-01
2.676058258997311423e-01
2.233264867304700918e-01
2.846094443708330202e-01
2.710514818168380247e-01
3.128976674322376805e-01
3.521352004516897088e-02
2.032405037190236352e-01
8.284100988230816420e-02
2.173516737158624479e-01
6.573417552810892350e-02
1.159991568201782786e-01
4.704410116679104414e-02
3.327130805387810142e-01
1.921885075645841101e-01
2.976307994366621940e-02
3.392244682288331203e-02
2.646661565176218756e-01
2.375335491685807154e-01
8.430836700549872165e-02
4.279505886881824345e-02
2.454768371589550677e-02
1.374736155521976977e-01
7.517916783605689546e-02
1.040199521569136337e-01
2.846820173886472349e-01
2.288265210752969403e-01
1.393068329972537711e-01
5.909351333149807234e-02
2.796883062866194897e-02
2.844503098953286013e-01
6.660561910095633142e-02
6.116492594021392254e-02
2.142843385472792128e-01
1.333686727224508983e-01
2.481643604696909255e-01
3.656087500334562895e-02
5.822257675836750579e-02
3.082502751354715062e-02
3.004440098977670948e-01
6.027777921918631154e-02
2.942833176962206809e-01
2.733065047984523654e-01
6.060884636228978245e-02
5.124725837712749282e-02
3.011462696761381674e-01
3.252866412331258117e-02
2.377997291903981639e-02
7.696909641177815398e-02
1.719005064382673476e-01
2.057902666888933654e-02
3.038716103916391797e-01
1.620349136415374924e-01
2.112516665126015214e-01
2.721695562516692202e-01
1.701332194014433183e-02
2.936640476319377635e-01
1.885295032014535910e-01
1.864285122160672659e-01
3.089221452268620105e-01
2.115493067469058353e-01
2.278104226691589351e-01
3.267968784719610387e-02
3.027564644202462851e-01
4.642473159526013665e-02
4.971573366562739849e-02
2.144762283386595081e-01
2.321506834274300601e-01
8.669196607425658230e-02
5.106494298739883836e-02
2.103058363922482854e-01
1.373879319443961633e-01
1.331061676570207408e-01
1.150679613035519161e-01
6.004904145692641776e-02
3.085846676302970715e-01
2.622505305248768598e-02
1.933807271915208292e-02
8.757056861397051473e-02
2.792764566716453636e-02
7.829369711053157932e-02
2.523569773123205406e-01
3.550805134447244243e-02
5.981001639119323116e-02
2.351356464232353949e-01
7.561181641647091167e-02
6.528550424536824770e-02
3.318466516860880677e-01
2.081849914329325923e-01
1.817222271095899344e-01
2.925988788251707162e-01
1.749752980978085126e-01
2.950078007010722980e-01
3.220538788941041397e-01
1.682048953278106329e-02
2.842684837615678806e-01
2.359602947001500639e-01
2.560788115465262305e-02
5.657144862553080411e-02
6.777103997218619780e-02
1.752740768626132317e-01
2.825510253774657365e-01
6.215667857818293895e-02
6.131898163280836977e-02
1.583559528324859911e-01
9.313303178360281265e-02
6.281207541003418215e-02
2.178638728796439272e-01
2.000518824348867242e-01
3.292386834460314660e-01
9.449251152311471946e-02
6.307168620752634514e-02
1.461294887485794780e-01
2.138399958906353759e-01
2.179189136171912067e-01
3.068733826131227471e-01
1.214367175447539776e-01
2.899047234164842668e-01
3.330946077699791785e-01
9.428691706347712420e-02
2.719817719157445746e-01
9.148195630575504944e-02
2.116821672675607280e-01
3.270978747511623652e-01
3.148960709187367812e-01
9.843910264612885930e-02
1.555505766165772297e-01
2.761242704244674662e-01
1.702496014709424521e-01
5.644529192506676785e-02
3.056262748138557916e-01
2.739531099831727379e-01
9.780527594336925479e-02
2.602524036943544283e-01
2.327215205807762755e-01
1.043208111961189677e-01
6.256009319242079869e-02
7.105756796807317921e-02
2.977667995645787435e-01
3.255578620861963868e-02
6.691745550856241509e-02
6.680203553729595345e-02
1.205511999498126013e-01
3.329524696129813055e-01
3.708460967497615585e-02
3.049268785535123594e-01
1.220655455334884315e-01
6.303526894612980491e-02
2.403285534040415228e-01
2.663637558600570610e-01
2.373314963468703756e-02
5.823939215928858326e-02
1.075938194002325210e-01
4.886878062678612356e-02
3.152131050243383026e-01
3.216237517910718879e-01
2.254416409881111472e-01
1.712049345865613303e-01
3.222433643492091382e-01
2.007501816867074962e-01
2.079906092703783793e-01
3.079288626027216758e-01
2.780319771456078448e-01
2.676876826443733148e-01
2.568882290972123728e-01
1.097090362621716969e-01
1.179651080756138753e-01
2.836661506490767981e-01
1.047650338451779906e-01
1.278989105868002241e-01
2.614350455066368623e-02
9.080137156404773091e-02
1.905534330516948927e-01
2.994042320527234846e-01
2.764219206304530663e-01
3.226650685658121742e-01
2.671838047182358289e-01
3.057213034072921443e-01
5.004796211724169691e-02
2.594732150803346626e-01
6.677739832386825336e-02
1.387180975852527753e-01
2.063917101374848281e-02
2.008552827117918438e-01
2.924273963103342713e-02
1.617563882821343169e-01
1.834594630106451685e-01
1.631365899113054740e-01
1.570562213481195846e-01
2.776533444762855907e-01
2.582269334154254081e-01
3.186302861535428299e-01
2.129108923445249824e-01
3.303273941039721606e-01
1.115998199544648711e-01
9.807412354039447833e-02
2.821401682484341311e-01
3.291306380723742486e-01
2.291981471457019137e-01
5.668196423356834657e-02
2.092288854000115550e-01
1.183430929439860807e-01
6.248820415830688008e-02
5.473541803897159080e-02
1.475850875298405085e-01
8.322103300290607797e-02
1.836773124825555326e-01
3.225871634643191488e-01
2.711347545754003718e-01
3.502259547577676879e-02
1.088614197213305657e-01
2.385029500202950625e-01
3.070470784806205167e-01
3.601332069359073490e-02
4.195101023195251660e-02
7.486685349531646549e-02
1.060452853623022190e-01
2.890695222051483659e-01
4.692939466787408864e-02
1.903232373030018520e-01
1.795071659705400058e-01
1.132574084354187188e-01
1.179683188902389962e-01
2.510326617789647163e-01
2.040022847444871723e-01
4.617666576583424193e-02
1.992276775562983326e-01
2.164100947462553604e-01
4.049960955573304183e-02
1.326698640232439608e-01
2.087468985367884611e-01
2.655677726625279012e-01
1.626683041702075005e-01
7.280034626434711553e-02
4.733080052877303850e-02
2.305174552710625435e-01
7.336317318084861760e-02
6.184792489088698775e-02
7.395445870266294242e-02
2.433545585719063542e-01
4.423598375159917134e-02
3.277384449106088282e-01
9.487676417235361981e-02
1.711252186946175258e-01
7.340830111577228978e-02
2.549653973071041024e-01
2.543823933697396122e-01
1.033264675945369526e-01
3.196166082560256694e-01
4.071741041018011459e-02
2.712358979097088951e-02
2.896206726491131200e-01
2.468789810359055814e-01
6.394834863835943684e-02
3.238747011990951719e-01
2.351996344383066595e-01
1.956497759600414887e-01
1.444933089278610805e-01
1.128245752175360272e-01
3.143505193741312764e-01
1.252024907697235068e-01
2.841587662931804870e-01
7.620069565141900092e-02
1.770842621393799998e-01
2.666015089145191697e-01
1.450332746630634828e-01
3.296781905109162636e-02
1.230717159590354742e-01
3.034401150407978753e-01
5.854369187097938770e-02
1.072281894781104417e-01
3.896173670248993109e-02
5.231747850930069943e-02
1.410228575765439252e-01
1.564168867152078424e-01
9.032134738772726323e-02
9.220919274224871620e-02
2.779471641784913571e-01
3.566480779751098756e-02
2.906202438411451539e-01
1.851448800930586835e-01
1.933551275590190133e-01
2.126290870983642278e-01
3.198311625917057421e-01
1.307834910221582214e-01
2.892408606191209652e-01
2.963895986416323902e-01
2.690912265821667759e-01
3.539940760496722988e-02
2.349570517972361383e-01
4.447755999906814056e-02
3.241908546281694892e-01
1.582363131614625551e-01
2.594990147745357967e-01
1.653354757902435468e-01
3.345216001280148510e-01
1.487581008451806519e-01
7.070145775535377486e-02
7.997600705836110935e-02
1.491861095737639642e-01
2.790986157658048583e-01
8.709723516838220603e-02
1.329299843785911039e-01
4.635629820499493486e-02
6.046890231134698784e-02
2.335485854221109117e-02
2.661283520978618977e-01
2.130159497489934883e-01
6.326432628542469350e-02
2.747350860528232075e-01
2.144489001317938931e-02
9.061195818173783945e-02
1.670199987808401731e-01
1.681426976724793854e-01
2.281732393307865647e-01
3.147476011909058347e-01
1.618992816200532647e-01
1.073158937726370055e-01
2.126736957543630124e-01
1.872477461737368787e-01
1.298161227895404946e-01
1.946046433597999059e-01
3.294580587803962457e-01
2.660125471265401692e-02
2.271009493366297205e-01
1.951777567034241045e-01
3.255860522037026805e-01
2.586653110101371777e-01
2.021488809576943990e-01
7.158269735212068052e-02
2.599484276369409264e-01
4.506655702341809400e-02
2.310750744147335722e-01
9.848205382665009555e-02
3.467236462886355564e-02
3.315556188904759116e-01
9.864947574384584639e-02
1.720353319872514886e-01
5.535369093728954165e-02
1.022800500106363780e-01
3.310190073827672386e-01
5.825589957178753386e-02
2.958253081496254322e-01
5.071867172127217382e-02
7.546719742793335517e-02
7.162306675952495594e-02
2.462608704718783903e-01
3.293078394518341723e-01
2.755353061083088972e-01
4.633182454706680220e-02
3.160165751407278956e-01
2.044527851630831283e-01
2.078963724622872045e-01
3.405396776405767573e-02
2.490775015691507610e-01
3.171287102166633898e-01
6.287621621342108502e-02
6.463636629027867675e-02
1.931221983220915428e-01
1.437586940742335284e-01
5.773406256335330416e-02
1.379752074193939804e-01
3.089376429372568400e-01
2.694516907917377316e-02
1.335237102470523129e-01
2.677496939225144645e-01
1.857678068364805590e-01
2.987239129343245425e-01
2.352974261320964489e-01
2.572390377128608852e-01
1.893047686073400238e-01
1.874655429506585647e-01
1.720480818694845870e-01
9.427642638614810999e-02
3.239104207108878808e-01
3.295493913807340941e-02
4.812451277657769921e-02
1.123059028355360284e-01
5.143863628473363536e-02
5.296901287038186662e-02
7.945623080674406313e-02
2.966929073147360832e-02
2.541536465568099423e-01
1.859411036695494401e-01
2.266279464018092771e-01
2.014108456418577109e-01
2.408891439259386313e-01
2.327200846052708549e-01
6.161573836032997048e-02
2.716409712275126564e-02
2.361203356651555008e-01
2.703394597418971035e-01
2.894839267668095628e-01
1.189628312272456301e-01
2.128556939241622870e-01
1.328659801392631234e-01
6.705359042103922751e-02
1.900518784146206230e-01
1.032882620651675853e-01
2.380163137502428472e-01
1.766489092315585152e-01
2.335597220355030423e-01
6.335916679927561246e-02
1.115807499289809684e-01
1.297378505281402417e-01
2.273278815946031817e-01
3.206684233573026122e-01
2.881227679147861376e-01
5.295562600486201921e-02
3.717407366239699334e-02
1.507346164994467774e-01
4.717385297079357970e-02
1.060451478997119640e-01
1.730875290037144076e-01
2.385172300900305353e-01
1.901216622738056694e-01
2.536952803129661205e-01
3.185795104616896967e-01
9.889500389190872265e-02
3.324063600598853863e-01
2.281467702666114261e-01
1.469343046835250577e-01
8.705438599467911487e-02
8.983382131166528506e-02
