1.286455613294019695e-01
2.124106701004192799e-01
2.653975400507329052e-01
3.196326454281366303e-01
2.355594257763889976e-01
7.287015179877358306e-02
2.946481619416440600e-01
3.313385776975661390e-01
1.452729762421671178e-01
2.033071750588364701e-01
1.810835381607198979e-01
5.865089479569138287e-02
3.739087383249516117e-02
2.847235214281696458e-01
1.914813340352891635e-01
1.758015339828876700e-01
3.098337067509996934e-01
3.168483875506372671e-01
2.716625305505184218e-01
6.078887843346702374e-02
7.649585650508254620e-02
8.274508899869877088e-02
7.704055857268309049e-02
5.381176847188445800e-02
2.538020653311215957e-01
2.865188728815020180e-01
5.740782032798768392e-02
2.769794018849630057e-01
1.548542176636079348e-01
8.529569515587925865e-02
3.113529878346104618e-01
3.224407926343869080e-01
1.961972159060397236e-01
2.574129371538784183e-01
3.147652372331621318e-01
2.865612952223406396e-01
3.122973515864236327e-01
4.296361691616362721e-02
3.224843805358563187e-01
2.912492468985482530e-01
2.199700336428792036e-01
4.711706930424001266e-02
2.608496377175535952e-01
9.992284630013339997e-02
3.057633316603843854e-01
1.121634995418781811e-01
2.504907780716047472e-01
8.011573944327374242e-02
3.286653442956518623e-01
2.593529555370480688e-01
1.589042961206540983e-01
2.933526841631636795e-01
9.167174632638214193e-02
2.932138190454412485e-01
3.167536689846078835e-02
3.878771112726450004e-02
7.333667187451750613e-02
5.247519470711053957e-02
2.508825648860089075e-01
3.158476043293140800e-01
2.373440531441106671e-01
1.896642879496475698e-01
2.836516121876652141e-01
2.826484805532898936e-01
3.162875521079015484e-01
6.863991993369868150e-02
2.775743479380505252e-01
2.566682160045616334e-01
1.073389128911236973e-01
2.933791353012131786e-01
2.848490783367030321e-01
6.854987416983635007e-02
1.735679731631930289e-01
2.806892843439354746e-01
7.595753836955573823e-02
3.872941552595261100e-02
2.254693933129715000e-01
1.310085068007166564e-01
4.539882856426127877e-02
1.815015193423766549e-01
3.424570026186825322e-02
3.101555571351874430e-01
8.424296000295827813e-02
7.712123174142720972e-02
4.114331317313971170e-02
1.178754731279961915e-01
1.080851658570216728e-01
8.724330004479380340e-02
3.107100571621970730e-01
1.158581570212743328e-01
2.179614668457567905e-01
8.344340503429849287e-02
1.309050487415669428e-01
2.398979068268256576e-01
2.865070306923845900e-01
2.580982925267107375e-01
1.538418273309827278e-01
7.968274577315147267e-02
2.981046664946744307e-01
3.095416120899282530e-01
1.257539662935259206e-01
2.310391137170385578e-01
1.234926630252518587e-01
7.381311342909945006e-02
6.962466899388036756e-02
3.285115131312264514e-01
1.989432814543504457e-01
3.313551752999984723e-01
3.062230943013084516e-01
1.003761295262261405e-01
9.135024515811757118e-02
1.548253607448273617e-01
2.766009491341489546e-01
2.686445806804034775e-01
3.717801965758452121e-02
2.482223887112432192e-01
1.061523684064650253e-01
1.733757887192675373e-01
2.490178941076855723e-01
9.040785543081603093e-02
6.558028436594517951e-02
2.331736247869490297e-01
7.047477572258739609e-02
2.149520961184081813e-01
2.165986973963229534e-01
3.023306555831664078e-01
3.074811639571118915e-01
3.693507383045899900e-02
3.134983902208022810e-01
4.319450549792810262e-02
3.109527214392826533e-01
3.108112610859621316e-01
1.479748681265767862e-01
1.075700315650549160e-01
8.297568764833453125e-02
3.297904838534200800e-01
3.189275730742536369e-02
2.736071452918945601e-01
7.835181894376623546e-02
9.832390692612322236e-02
3.593043463509194152e-02
5.131406881369186823e-02
2.810175449116599222e-01
1.214620018215256392e-01
3.293901489402165650e-01
2.351789565491677059e-01
1.227690400202629817e-01
7.674704086948129500e-02
3.292810020795185477e-01
5.210090988928014338e-02
1.908179572945930547e-01
2.746386903408387092e-01
1.447291564829774890e-01
4.453260551016052088e-02
2.173072929595571412e-01
2.162962270547513222e-01
5.922608895954489805e-02
7.939908874432265173e-02
3.275332818583729377e-01
2.339598718304257974e-01
1.590142661602699237e-01
2.405848676923127982e-01
1.294291685205803399e-01
9.273132989325603981e-02
1.275397206949873963e-01
2.534754536186318297e-01
3.040199640266038617e-01
1.007418983454787809e-01
5.330943525830974389e-02
2.966767835892773070e-02
2.510056682667746730e-01
8.636218516011780200e-02
2.866870545706407536e-01
3.090024221918458158e-01
3.015925871814674752e-01
3.096721789286895898e-01
3.227172282427659966e-01
3.259324837197307700e-01
3.274555227808774727e-01
2.372159541017052897e-01
1.240772359747260439e-01
1.184056115111739999e-01
2.574844975640618316e-01
4.472997040617893855e-02
3.297902964835865980e-01
3.227094671016139116e-01
1.941083244881091352e-01
9.288656482895912836e-02
1.251802664036734958e-01
7.564353360665193593e-02
2.258697141587423518e-01
2.173221870576444725e-01
3.384479495912720570e-02
1.325608714496893381e-01
2.952372161942452000e-01
6.611774359451492999e-02
1.871234300674562701e-01
9.901580996853465155e-02
2.045639553344841821e-01
1.241053553072473253e-01
4.170264034370829709e-02
1.030654962955093040e-01
2.964723919952364506e-01
5.373918611935213363e-02
9.571162162542747043e-02
1.629247132356717864e-01
2.214782479579185392e-01
1.942066485792079966e-01
3.188006931875230210e-01
3.101886887531231096e-01
6.582881709275974214e-02
2.130254599217440148e-01
4.376384258682792378e-02
2.050927032774470249e-01
1.037324389274764530e-01
1.687128060367174276e-01
7.751511715646085265e-02
2.853097495902546799e-01
3.147065949745551094e-01
1.332487041448640053e-01
3.117296625440365565e-01
2.133352508672906600e-01
2.660491821068123874e-01
3.121864875779959969e-01
9.606264705711367591e-02
6.231617987375491496e-02
2.469723680895775930e-01
1.514200128343062279e-01
3.156797215402157852e-01
7.100187640889552010e-02
2.688964362747775505e-01
4.042976212330071789e-02
3.010491347663203365e-01
7.574011679751933845e-02
1.298114802405828105e-01
8.696187871326926944e-02
8.775253461862375648e-02
1.142304626789160255e-01
1.148664508907499410e-01
2.659303778002494734e-01
7.732030148254730173e-02
7.189954370626919222e-02
2.949806705714069222e-01
1.838758680323592243e-01
7.880274711407447841e-02
1.797733103858014381e-01
1.537536098626716696e-01
1.257332258019139282e-01
3.184706631109516239e-01
5.895834405988827770e-02
2.986821713215535579e-01
9.181455539112177988e-02
2.301792195542630148e-01
3.100757809684019373e-01
8.637447405976672599e-02
1.165200270807911775e-01
1.857836483260221494e-01
1.388326045975469270e-01
1.876873115681864379e-01
8.203730428828615029e-02
1.095146430336212257e-01
1.358155420066526342e-01
4.185029774393323604e-02
2.759696039149096558e-01
1.345507055531013352e-01
2.942464926300726313e-01
1.234775238954941845e-01
1.089715787512203771e-01
8.819864599730185828e-02
2.197749937756255101e-01
9.022064454610929929e-02
2.999175542306751208e-01
2.504911083178395503e-01
1.155145567387810823e-01
2.440422253425467980e-01
2.482578211101094390e-01
7.507407191818465941e-02
1.675949963896481432e-01
3.282352163047432825e-01
1.168421558777516800e-01
9.770251195719302506e-02
1.448320691339484156e-01
4.715637263990471451e-02
2.163893172757120897e-01
3.985704166484932420e-02
2.904390251041229498e-01
8.540372075555688336e-02
1.377880292224997194e-01
1.753298233599805966e-01
3.268119584398236910e-01
1.131927778487408776e-01
6.169916086270516714e-02
2.581839369425795172e-01
1.310594802424313865e-01
9.669567434397069450e-02
1.536626800802965709e-01
1.096855253685476150e-01
1.779483175699274888e-01
2.106601897167989790e-01
3.062568828177403280e-01
2.977575671818752379e-01
1.115340029898855556e-01
1.943432213920045504e-01
3.213113666035950500e-01
2.673866538351524769e-01
2.377269205938977170e-01
2.244807430804243720e-01
1.191884562215133198e-01
1.267681933445155007e-01
5.823318049565105736e-02
7.451731680166655269e-02
2.295632938386093780e-01
8.231267165257570573e-02
2.371678180796672475e-01
3.044155902813031056e-01
5.427843415910683922e-02
2.828480166527358453e-01
1.761083993950241233e-01
3.065990035176414108e-01
1.659832598175244034e-01
9.313486980833975137e-02
2.831371413738560938e-01
1.053836620039620281e-01
2.680685625906980563e-01
1.260209497986665428e-01
3.349980784674603251e-01
3.329514203577569331e-01
1.817401276710291225e-01
1.136116498214808368e-01
3.035707812739354416e-01
3.088798284392047511e-01
1.507022651557105020e-01
6.879096711771509609e-02
3.064187028798935342e-01
1.517236837522952797e-01
2.671279377783069564e-01
1.914386741545979487e-01
5.556938470136184999e-02
3.263586573082757347e-01
4.321186912658263324e-02
3.214381782078420402e-01
3.058604357596313439e-01
1.918080698638310599e-01
2.228401008274476514e-01
8.428265128706609322e-02
1.898215200909005307e-01
1.196482996304692042e-01
2.352866310808203465e-01
1.964678619974147278e-01
2.575213038288871603e-01
3.292095734661390494e-01
6.917538607431598929e-02
2.949700613668142513e-01
2.737157321294381718e-01
2.569984065651868543e-01
2.606526765832694048e-01
9.455659367978941354e-02
3.149020126124276175e-01
8.140099818197894799e-02
2.113409664746452310e-01
2.677833534464844067e-01
6.546099673723972112e-02
3.130727989275777778e-01
3.076337119373292461e-01
3.958748205326026448e-02
3.257411459080743477e-01
2.537527369414710465e-01
1.830747799372460238e-01
2.063509346042091408e-01
2.332941905005570526e-01
9.119661823078489826e-02
1.514930784418374032e-01
2.517651500912983509e-01
3.300406616885537270e-01
2.339478598321515779e-01
2.699497474958356680e-01
2.445574388582918424e-01
1.018686721343133317e-01
1.907703382490172628e-01
6.852930925085735925e-02
1.695611839770322649e-01
2.993698363940813789e-01
2.189999872178911011e-01
3.100778707388548439e-01
7.548199489956039510e-02
5.156816376663936330e-02
9.649804367057544796e-02
2.539391362527396723e-01
1.404552125657327344e-01
2.975224972691853931e-01
3.235801430135321066e-01
2.981944040769390347e-01
1.111766440174448561e-01
1.661026009091852440e-01
2.787577999878664836e-01
8.991742516355542836e-02
2.482352790226816930e-01
7.808686518800317389e-02
2.553367555674648237e-01
3.356176793694343186e-01
3.292491119017696977e-01
2.831486160960291487e-01
9.767711453531631449e-02
1.498852977893019855e-01
5.756878702860123570e-02
2.825501888239200232e-01
7.802170737908455111e-02
8.588524090106301745e-02
7.407277203644166419e-02
3.121962328125668096e-01
8.383900369313408707e-02
8.520900210864365554e-02
2.189989377013868976e-01
2.635910132165801278e-01
1.703549100948479333e-01
3.298726444542189884e-01
5.557704307761928558e-02
7.265287263808656304e-02
2.206555562559416872e-01
2.901883020755545717e-01
2.224215759932434422e-01
2.316675050607028274e-01
1.194900667198404987e-01
2.801282634892645063e-01
1.347510557598438075e-01
3.125291621793350183e-01
8.491480719620518591e-02
1.353333942089587349e-01
7.388471665886650608e-02
1.125744773930940634e-01
5.778619499880795901e-02
7.017208037771185958e-02
1.038021127878879235e-01
2.909851731481524761e-01
2.873660862878659739e-01
3.151188329439245095e-01
1.865402621638197755e-01
5.906923670764473860e-02
8.108265003398427984e-02
2.668486449026644114e-01
1.161361318545035826e-01
4.087020989495943057e-02
5.301740788524435255e-02
3.687291160550137947e-02
5.235316926788315117e-02
1.139010499833142676e-01
6.874793262428927076e-02
3.122707960826122675e-01
8.483450173866689814e-02
7.436632972157446175e-02
3.223530760747445600e-01
5.527406317532376073e-02
2.479562882186804595e-01
2.922081302973396633e-01
3.129955105050377662e-01
8.668665219023240220e-02
8.236856340810573551e-02
7.884247596197281605e-02
1.213336955386949551e-01
7.921865747291551019e-02
6.985170723468733800e-02
3.652124223487199922e-02
2.766109646546899836e-01
8.093987197406174450e-02
4.487368804663575961e-02
1.450923118938987344e-01
2.894627074786633170e-01
1.456984492459324210e-01
5.133761496407338032e-02
2.338914016570518561e-01
1.481913240062892323e-01
3.167206003443898826e-02
1.104558396895154587e-01
3.045994472834351319e-01
2.297773394387327139e-01
2.499032277766802534e-01
5.412300407308631711e-02
2.678665396279689137e-01
2.738991313547410877e-01
3.093028403667833492e-01
2.901592379682214617e-01
3.139095106652121103e-01
8.325212879149986034e-02
3.255437267862372752e-01
2.720473679978177572e-01
1.163518258713064496e-01
4.260851949504635555e-02
1.884761286569355265e-01
2.053767251404012006e-01
2.258991640888916574e-01
2.656799080416034631e-01
4.660915496114047957e-02
2.835374063066353756e-01
2.813825921926606521e-01
5.806161763649862056e-02
2.291493585148924594e-01
3.128171316308391292e-01
9.244055035875320403e-02
9.493599397525206984e-02
1.020075181853382640e-01
9.559282258573463531e-02
2.711586852813460125e-01
1.534040667890758658e-01
1.108339723314158282e-01
7.030812741826414358e-02
6.483250863807682451e-02
1.504001251981376130e-01
2.826673191279663877e-01
2.494331182872976393e-01
1.952507428430829417e-01
2.469944857818938966e-01
1.868138910325575774e-01
8.346053370634377855e-02
2.152721542566797541e-01
2.333157229223580820e-01
1.892705607311563065e-01
9.382015691245677858e-02
1.681463479220019208e-01
2.358747607313030903e-01
7.364737906580687277e-02
2.072219034837716745e-01
1.061847395029026503e-01
3.098101127738223659e-01
2.755734065150471923e-01
1.761240798474930924e-01
1.358139930638285198e-01
5.639064879638602812e-02
3.044783223800105465e-01
2.267077695949921978e-01
1.160945677062666659e-01
9.727332130001439814e-02
2.110608503674774872e-01
5.975996585623635088e-02
2.199385974025976076e-01
1.499759065446426565e-01
9.768216872603252554e-02
1.947963779699299347e-01
8.475886480231994979e-02
6.896295780868351433e-02
8.330147258414159761e-02
1.636701248681734222e-01
3.354831039761926315e-01
2.397077875377126854e-01
2.410463892702568445e-01
2.845561708395843437e-01
3.347827288661445744e-01
5.856753934988919580e-02
8.494768646043616978e-02
2.345178734939043219e-01
2.933096728074681137e-01
3.090370866605157696e-01
2.444700862473086489e-01
2.232534791532071183e-01
2.946860289482938766e-01
3.355721856211287824e-01
5.435210293872818482e-02
2.928329529270269904e-01
5.545218299485072527e-02
3.041410665318434736e-01
1.866116394189499261e-01
9.540995701890346570e-02
1.861853382076547880e-01
1.853190136163850033e-01
2.325136497315279660e-01
1.648488158884633681e-01
1.839238459300031048e-01
2.329979287265955545e-01
8.413156369763206965e-02
1.590857874691741503e-01
1.473199702824687651e-01
3.341199777913509417e-01
2.227477291636250634e-01
9.706540212018133218e-02
2.915983174391754140e-01
7.973826178611019555e-02
1.739232576935661745e-01
8.166761114265647103e-02
9.688870370981704505e-02
6.464181630469788276e-02
1.788563147965378797e-01
1.064949886537470691e-01
3.202166154917241436e-01
3.045930387720538479e-01
1.706673975032475254e-01
2.254037395377578579e-01
3.217556949704308833e-02
2.340230150192118275e-01
3.250735001550983383e-01
3.326411020173784538e-01
2.502951022791284896e-01
1.399125572855705602e-01
1.774694241451396648e-01
4.534017163293449504e-02
5.650468660080911615e-02
2.988310524008128133e-01
1.303446142499161131e-01
1.166514448488974870e-01
1.005773626515198554e-01
2.708182757963691900e-01
1.492585835199545519e-01
9.640510687308299909e-02
3.170450740115796640e-01
1.611695536501109860e-01
3.188421953665943054e-01
2.042486799319874480e-01
1.168811301636736577e-01
3.232184062684028136e-01
2.916874519825973233e-01
2.582827485224366559e-01
1.558086414871752701e-01
7.080534085289112711e-02
2.192592609440212059e-01
2.633697205258103691e-01
6.259475619931728629e-02
2.972484465595044978e-01
1.231900141550793665e-01
1.486401513344948189e-01
2.979323181527065434e-01
2.541407760423475826e-01
1.061728253313238002e-01
3.149188974756650938e-01
1.868917738315682420e-01
6.583397572925894781e-02
3.270382951260838444e-01
5.345099598440257449e-02
9.966528127786676572e-02
7.968773538492610053e-02
8.407008493531230309e-02
2.922333271717529324e-01
2.964980246243666961e-01
3.308025590515197845e-01
2.095369476757291127e-01
1.391882544518342202e-01
7.032927465303388803e-02
6.754104087128973144e-02
2.496986078613136206e-01
3.104175647190118847e-01
1.052674386420520691e-01
1.165449625862946675e-01
2.919694100969119077e-01
2.055155422117181663e-01
3.311162027225911797e-01
1.638552045902973153e-01
2.914016419022548710e-01
2.716129472216302632e-01
7.156677628948143743e-02
3.296022748100951860e-01
2.303037584742208266e-01
2.060312548663656151e-01
3.656769746747601940e-02
6.362054806645976723e-02
3.315733570108986838e-01
2.428165396614668792e-01
2.613543300269658420e-01
3.227271279782127911e-01
9.419294572465281012e-02
1.078717889313687284e-01
9.732149167242613863e-02
1.426351383997955524e-01
1.044027317113325193e-01
7.795531066503552653e-02
1.838394262832407922e-01
2.579316822916283836e-01
1.739301056338213025e-01
8.772297725315063299e-02
3.204659108602812556e-01
4.213845594528137922e-02
1.176663856698235006e-01
1.624789403461398829e-01
2.820060454608321887e-01
4.337367693994851475e-02
3.251720228109544752e-01
2.898339517308677893e-01
3.164946859074830310e-01
2.461364823794716661e-01
2.717710067824315456e-01
2.788964093274317602e-01
9.169005133696701837e-02
1.017558639388266850e-01
1.104437853793305974e-01
1.124107266137566868e-01
3.539419043701545059e-02
7.314172639330676629e-02
9.155171920951343800e-02
3.350521813546343264e-01
1.552310730476672562e-01
3.197417835293101529e-01
1.347182705919780787e-01
1.949539418365442700e-01
7.537418637867504545e-02
3.341858242792395406e-01
1.122820146819681064e-01
7.634069073518058579e-02
1.003121728047580291e-01
3.206826904806704959e-01
1.631561474183005067e-01
2.136588776848051541e-01
2.309809810869691560e-01
1.756324055987303900e-01
3.036029220546296314e-01
1.655162332927780922e-01
3.160971826581395194e-01
1.845392623980353086e-01
2.138465189251452236e-01
2.534410386707951490e-01
1.870703516932694932e-01
3.199805260594721368e-01
2.026311945326894348e-01
1.642478251771784525e-01
3.273319848481110461e-01
2.054358047248729946e-01
7.552284203395830120e-02
7.302954452816601272e-02
2.549445079773017819e-01
1.423997109012403173e-01
4.686116642951164424e-02
2.717918547231044646e-01
1.148513835000241762e-01
1.227160404679394912e-01
5.259450428295879554e-02
2.408999215346733225e-01
2.173479801159200198e-01
2.941223447277198644e-01
6.150777064698527419e-02
2.120251898175010696e-01
2.696048461820139686e-01
1.385627973811199287e-01
2.818781194822499447e-01
1.014526259202532532e-01
1.612331382648811151e-01
8.812505705860339267e-02
1.785591210767166481e-01
4.881060669806929625e-02
2.974827961884669580e-01
2.255946065757852559e-01
4.067525210427048316e-02
1.635077270642310565e-01
1.988348730032559741e-01
2.124412444556633417e-01
8.834220339666504218e-02
1.975205348524196880e-01
3.902107623507035383e-02
8.493744468749070409e-02
2.779486943974958657e-01
3.273835471624661486e-01
2.281203598658302634e-01
1.375649267641327889e-01
9.080768090352629718e-02
1.312076580900197464e-01
1.979944129297572797e-01
8.223006712622500658e-02
2.583864896346568241e-01
1.040591943122582824e-01
1.609351628896263375e-01
2.605388500654189365e-01
8.568974320403743850e-02
9.715971014495743130e-02
3.278885052676088208e-01
2.500717559544330948e-01
2.691808548728567008e-01
2.676456934900323104e-01
2.814071443865434063e-01
2.623706357837411463e-01
2.287718130302568154e-01
3.282517133610315940e-01
1.555936163550581119e-01
1.546888157668260821e-01
2.602488663857530637e-01
3.672096566845061555e-02
1.124610255643642281e-01
2.217469267028722435e-01
3.286946283757414267e-01
1.793225979894722544e-01
7.682093256332227227e-02
3.101902781229879391e-01
6.987166041290079899e-02
2.792837123291925724e-02
1.010109838331686438e-01
3.180908191245053196e-01
8.657384488297895087e-02
8.150544291397049390e-02
3.503694524730004145e-02
2.314411868202773670e-01
3.073979808147222492e-01
6.527968638711847960e-02
2.360108444840214592e-01
1.783992784753714034e-01
1.541269922207307297e-01
2.020271849400245012e-01
2.262579953558440105e-01
2.306866319334257842e-01
6.306889915482749576e-02
2.121950664268506537e-01
2.776905784992738102e-01
8.253300320594617046e-02
7.484024200844405228e-02
2.430466963191316443e-01
4.965667762119486267e-02
3.116270380595291822e-01
4.032122477532291277e-02
2.970702760359643646e-01
7.626082759552403612e-02
1.759045279520028704e-01
8.481775999712753977e-02
3.035176375829339301e-01
3.347460087694757447e-01
3.320383099071161359e-01
3.600301265386066790e-02
9.885317248512795474e-02
1.388001895566632338e-01
2.867181829747710298e-01
7.631707469419958534e-02
3.265989723409927215e-01
2.907963719926372481e-01
1.415525754857490659e-01
7.816655982663382740e-02
1.307347820568104946e-01
2.986519869583685316e-01
2.973760700506401511e-01
3.347905312763330143e-01
2.271699329661033551e-01
7.961896695236395094e-02
2.662228858375251250e-01
1.851198423893231915e-01
4.208654815459805104e-02
1.699697926381205648e-01
3.220217513700343592e-01
8.572239195311566473e-02
7.282983838154666323e-02
4.619526918208501087e-02
5.834234210512168062e-02
2.549704141365682908e-01
2.765723806566431908e-01
2.562371539218964434e-01
3.171174818502630055e-01
9.751232529054686127e-02
7.990764121898050187e-02
3.386737046719333344e-02
2.905085454585439320e-01
1.660327977552804035e-01
9.010744620247011782e-02
8.040907701673667696e-02
1.730256744188689855e-01
3.229752070858287749e-01
6.586627091848439031e-02
2.102354931124935100e-01
7.490931119966860730e-02
6.317510929937503183e-02
7.125482510068677222e-02
5.936381528002603047e-02
1.068363233651140887e-01
1.224463203299897551e-01
3.348739105088817669e-01
8.965288504931077929e-02
2.480155583496493066e-01
3.115786030469523959e-01
8.217186132643049257e-02
2.522418313762191389e-01
2.312355253119000309e-01
6.489534049700439178e-02
2.868789574336823578e-01
2.439298202514420533e-01
2.655201555980175043e-01
1.051088037221757227e-01
2.094937935291415754e-01
7.939987450383977075e-02
4.155650230641542292e-02
1.322129788331146416e-01
1.709795648405642021e-01
1.906354614835436834e-01
8.320347652464681054e-02
2.671539580897962507e-01
8.990546287074932530e-02
3.229723791190158844e-01
1.613128687299332786e-01
6.853861897506903500e-02
1.294613132262195931e-01
9.785120214691800378e-02
2.088189984751530615e-01
3.238177042946280837e-01
3.055007732833943668e-01
9.625304682559800151e-02
1.325901880679248579e-01
2.788744912554908528e-01
8.911226636767773102e-02
2.971023215249783411e-01
7.628999783342288454e-02
3.042967279171767681e-01
6.153549607732788918e-02
2.542023262174333831e-01
3.174836889121241956e-01
3.165084997415348878e-01
5.230564062521757263e-02
2.529373862065286693e-01
1.203683570326206931e-01
8.115317297649431161e-02
2.229017719416622745e-01
2.632871952332928589e-01
1.248735727431234677e-01
1.370920126226440883e-01
1.378379406493594195e-01
2.586242477516221827e-01
2.899672229121367240e-01
2.512035489841488167e-01
3.099687440286682527e-01
1.988599524654787731e-01
9.174915468216397751e-02
3.589331512642220806e-02
9.336787023141258912e-02
1.412493044162048128e-01
7.933695408989135944e-02
6.660093359774879596e-02
1.631487018504014785e-01
1.936809477488492248e-01
2.499707615881285039e-01
2.945730152416758951e-01
7.997478239637870190e-02
2.562341098132114303e-01
2.291370983593850330e-01
8.674183320546606513e-02
3.248580387223382604e-01
2.340148354341536896e-01
2.515444592798956602e-01
3.094248222380122648e-01
2.980026100204074546e-01
5.901890226244588950e-02
3.162095514426938037e-01
1.831848374053905160e-01
1.503018630275040624e-01
2.501931047654784024e-01
3.093352419597056868e-01
2.267430585881680671e-01
2.749196855769443504e-01
1.177642438376055034e-01
9.851924346059401372e-02
2.058710281844079726e-01
2.596962089461546386e-01
2.638392816888969761e-01
1.162482242570758717e-01
7.574627715076905077e-02
3.239886609013748614e-02
2.338442743939671276e-01
1.052788871529938275e-01
2.204412177655032667e-01
2.598656078926384061e-01
1.869697186507399134e-01
3.021213490014716674e-02
2.196797453663580368e-01
1.601026796282787878e-01
1.271918687001401260e-01
3.055228274785207199e-01
1.768364556167052459e-01
1.182102738299743022e-01
9.981398195941823537e-02
2.436159254346549063e-01
2.998037574733156130e-01
3.239123763323093486e-01
1.304924527847380333e-01
1.675880078206833657e-01
1.525071645189081671e-01
7.324275315737227565e-02
7.961632759023332118e-02
4.782542741535352609e-02
1.494680958442685947e-01
2.716895967857928529e-01
1.325128040220269754e-01
3.357697202278923654e-01
2.981806178896207471e-01
7.773679632214407220e-02
2.708906298488009123e-01
3.636003229978892332e-02
5.074655936722721056e-02
5.614700133891026984e-02
4.477412556514139691e-02
2.979445264068930066e-01
3.057049998581672368e-01
2.137160255315080359e-01
6.826658633654189567e-02
2.232751907993649754e-01
7.960654848841934583e-02
7.749532576276180196e-02
1.002220088003762943e-01
1.121586350124064713e-01
5.323431129925225436e-02
8.567121418417736334e-02
2.698593384442648513e-01
1.051334218923380137e-01
9.143608478209669377e-02
3.153145231435940388e-01
2.447669845864532956e-01
1.067537200430556388e-01
2.267187312567197077e-01
8.115729348947035848e-02
1.396547903928118950e-01
1.029797791085463876e-01
1.324327303573803738e-01
2.732205350800125943e-01
3.277519947489561103e-01
2.978922523459253680e-01
1.648985302739961467e-01
