2.134897383919436287e-01
2.049928407170631406e-01
3.412010591234728718e-01
1.236087902090146212e-01
1.638979741722177419e-01
6.042585035337322968e-02
3.227091487960241367e-01
1.923033256246855782e-01
1.809348409010656522e-01
1.277217272917293700e-01
2.059187160398907590e-01
1.397980964950794325e-01
1.213331950617326793e-01
2.980787737093278378e-01
2.598886590941057451e-01
3.224370211430982458e-01
1.951765810909898147e-01
2.944329383563903391e-01
2.528546042760915769e-01
2.352525318245453634e-01
1.768860356232880571e-01
2.150046026638669505e-01
3.180868260957641636e-01
1.398286409860028667e-01
1.235715451527109182e-01
2.180754706044370217e-01
1.442487802028879496e-01
1.035810238584151111e-01
1.429019065932069510e-01
2.358797894501233061e-01
2.819086816046800226e-01
3.358702319172259809e-01
1.971156215692564107e-01
1.487994252285595731e-01
2.314211217502247231e-01
3.309374196138475943e-01
1.115129106684083077e-01
1.534585917151338741e-01
3.043981491038674769e-01
3.160744106840673862e-01
3.126693563500264617e-01
1.871801494062747262e-01
1.876510653815596785e-01
8.002478203470513030e-02
3.031223245922870513e-01
1.379709686573212246e-01
2.321526083198257040e-01
1.272379170553528116e-01
1.121722363945927003e-01
2.886365993921582995e-01
1.325991086933924201e-01
3.406768030148403792e-01
3.050335567754899890e-01
1.092459816456081284e-01
8.078346742056598251e-02
2.320208229810852840e-01
2.076418231557277672e-01
3.466163246775414986e-01
1.429311865366909851e-01
2.762515915627904994e-01
3.129978924583205480e-01
2.725433880142943410e-01
1.422067938614862970e-01
1.712689745607178793e-01
2.208588142605762417e-01
1.400389275261508526e-01
1.366203235013785378e-01
2.228632337872795410e-01
3.066179981424112522e-01
2.235985371805165600e-01
3.122930228611459080e-01
2.692841784343894540e-01
1.807874086210995712e-01
3.497954349704229804e-01
1.720671845709802472e-01
1.362716620486623398e-01
9.925150513779430750e-02
1.119042457980539834e-01
1.050470701743313057e-01
2.086160167665923326e-01
2.339441212779657664e-01
2.763190277976656506e-01
1.225279307275718155e-01
2.632287994708920609e-01
2.483798179087003399e-01
2.612474923513416480e-01
1.404556317058811843e-01
1.399943863650064679e-01
3.473746811808557378e-01
2.056047333636080721e-01
1.358955292763743272e-01
3.198088571857943818e-01
4.094199412246742747e-02
1.656645026412448818e-01
2.553917457087387377e-01
2.829449449987235798e-01
1.622958426597642112e-01
1.972887311024588419e-01
2.261480595803073979e-01
1.337213617638096375e-01
8.710709525857164570e-02
3.485068903451721822e-01
3.111982188311866460e-01
1.661833760784985070e-01
1.815446020896749058e-01
2.942832361634622139e-04
1.778051280631354203e-01
1.785877267964538495e-01
2.165016492367075329e-01
2.617940686254160987e-01
1.274941829769664359e-01
2.497964702763750267e-01
1.476773406880026174e-01
1.729171761256783901e-01
3.041562836616369947e-01
3.246375345182903605e-01
2.660129205395661556e-01
1.346220827321789881e-01
1.276395407620635192e-01
2.973991873082373338e-01
3.139998794282658490e-01
2.597430766834002425e-01
1.360987462929561242e-01
1.720096425083952607e-01
1.589787533172635769e-01
1.134423966803895928e-01
3.232754406077728571e-01
2.797178237784726518e-01
2.540532737208189840e-01
1.670873278376826809e-01
2.249827971365685741e-01
1.174151061366726229e-01
2.926199191863825821e-01
2.109656014204890906e-01
1.955343012144781234e-01
2.178956712560026765e-01
2.580185233332156769e-01
2.609939842772717733e-01
1.478978628027726172e-01
2.492859997283501106e-01
1.705967906075291640e-01
2.881194166360707687e-01
1.415638332455948500e-01
3.510612620314612631e-01
3.466414267495471213e-01
1.359488358366719302e-02
2.887897930535996971e-01
9.704740148309182191e-02
2.058836222017396966e-01
2.040456666248171014e-01
3.006004191931521130e-01
3.464241212421690363e-01
1.288192820743592482e-01
2.922474643491049240e-01
1.804566678058553142e-01
1.407368979848635793e-01
2.787014654558120363e-01
1.458569049834803066e-01
2.421489890935880351e-01
1.143339868318307972e-01
1.145796378537585342e-01
2.729340235596399711e-01
1.680652105960291354e-01
3.082253618519386618e-01
1.681919914402047189e-01
2.236506073463717381e-01
2.370987938078033819e-01
2.273909246164712572e-01
2.342043983969820942e-01
7.126645235160763980e-02
2.129795800831627561e-01
2.354460092641640634e-01
2.657655436967197304e-01
1.650497670401020467e-01
1.158574515336826677e-01
1.398099372757007630e-01
1.214445546555891348e-01
1.715879416319888440e-01
1.938578638989156555e-01
3.294367346046260803e-01
1.289888560295252284e-01
1.469670999851732940e-01
2.454764309675758760e-01
2.400837918558595963e-01
3.035413507543404110e-01
2.568771948532007788e-03
2.412219827446016596e-01
1.684497577138415469e-01
2.078473179434763563e-01
2.554907081693505999e-01
1.569044352370409512e-01
3.193032816640690719e-01
2.091212909387414609e-01
2.168527487974810930e-01
2.907128325297859694e-01
2.654762086934945309e-01
1.695225069445560062e-01
3.304540522498107258e-01
1.123036896805511137e-01
4.796477554069020210e-02
2.371445208517037606e-01
3.153711188811628152e-01
1.913647181746940540e-01
1.143361894274871060e-01
1.932472452018521303e-01
1.983568858340575003e-01
1.557951645663221418e-01
2.950355971603288441e-01
3.117223844712954106e-01
1.520199946074421438e-01
2.369374534766856555e-01
2.131354492495964315e-01
1.075162514580588480e-01
3.295214398953098534e-01
1.781152030719139467e-01
2.171007780148680733e-01
1.642746281736063296e-01
1.500879617482602235e-01
2.673839603143037813e-01
1.395923267766065456e-01
3.068058529786124589e-01
3.003608407987451434e-01
3.474444409793137623e-01
1.297394068204394679e-01
1.682036931616051334e-01
1.846708690490556359e-01
1.374621316759453982e-01
1.171587442665437268e-01
1.368964395440422088e-01
2.503467638898477787e-01
1.654954103986089053e-01
3.013666411037809190e-01
1.321521730018243301e-01
7.781093211026898770e-02
2.910877992368398823e-02
2.584594663656127889e-01
1.692584797729554044e-02
2.566988971670770558e-01
3.158937152536162585e-01
1.457671414754244665e-01
3.376485693278003519e-01
9.772658403907487357e-02
1.118631617434095449e-01
1.750719645344512576e-01
1.328524452016453805e-01
2.968000705694963659e-01
8.431795982014295143e-02
2.241725072770898997e-01
3.164081666522882141e-01
2.430929218558068594e-01
1.008254016401250036e-01
2.045907332466246620e-01
1.463124108827333347e-01
1.712552349941327545e-01
2.310785331564619849e-01
2.370542550236416635e-01
3.422558110073604665e-01
3.510449165345068678e-01
3.197347691946624826e-01
9.060755541071185970e-02
1.651237145730070910e-01
3.367141584551544553e-01
2.314551067504548587e-01
6.253936696552928054e-03
1.380912025493151729e-01
2.693059495282315030e-01
1.296116236273189837e-01
2.730652193673169803e-01
9.623944448840983379e-02
3.268180248791451858e-01
1.758686203911880575e-01
1.258350094578399025e-01
2.297131492409967002e-01
3.462357323071530990e-01
1.349598728150581961e-01
1.885165993048835420e-01
8.091948147908470390e-02
3.701173383674023418e-03
1.750633559556639962e-01
2.307680366665658955e-01
2.447730850571635253e-01
2.292575767560551814e-01
1.837037416914211463e-01
3.057982132867499425e-01
1.391934763490901283e-01
2.294177629835858490e-01
2.021338856481264268e-01
1.853519830302546856e-01
1.418194666911187229e-01
1.083994983728871347e-01
1.355814348708151151e-01
1.381115084116146252e-01
1.795592260932324657e-01
4.250178287151937934e-03
8.229513443986392895e-02
6.613949054705926811e-02
9.106336262561058603e-02
1.553516093511679852e-01
2.319701557722069485e-01
2.077690086047579432e-01
2.621819466838263279e-01
1.110282062188227004e-01
3.179647908760641073e-01
2.510531497568813109e-01
2.048132101605805999e-01
2.097493581519778716e-01
2.539754582524905158e-01
8.195371537005423368e-02
1.971060316896562636e-01
2.999770550836687866e-01
1.808035461035090719e-01
2.934971854457019136e-01
9.152970878533575605e-02
2.747401906855415077e-01
1.665458056392310204e-01
1.211232759772239015e-01
3.047040923611169655e-02
2.896223602237086858e-01
2.930657283613215536e-01
1.676388562516402669e-01
7.408312109634745957e-02
1.554116951341094344e-01
1.417575858526076704e-01
2.881266340270699500e-01
2.975218362264684391e-01
1.586693877034863198e-01
3.410462367945029105e-01
2.579302339104662112e-01
2.650507580661679019e-01
2.920830027932004858e-01
9.154515888985649552e-02
1.327571554410040544e-01
2.618532280901907372e-01
2.489379984768993193e-01
2.838679053454636891e-01
1.178504731601741073e-01
1.745775076994238173e-01
1.318497391538739905e-01
1.029079664637519518e-03
2.326867686191370910e-02
9.127087546385975747e-02
3.168570824476095171e-01
8.905978981399836902e-02
1.701550467598473559e-01
3.338634550917792265e-01
2.579740855442275160e-01
1.490040329517143547e-01
2.317450595757168663e-01
1.435816762926892531e-01
2.193774237091422885e-01
3.017966174846548610e-01
2.128376565823597022e-01
8.731205439900834031e-02
3.402078566268945670e-01
1.410258992306958614e-01
1.469595060105380324e-01
3.452602427621128678e-01
1.832361138096074427e-01
2.747944978105767988e-01
1.357866294278922692e-01
1.173934109107291207e-01
2.383752949889111350e-01
2.336949676209459092e-01
3.070363185525118443e-01
2.924845548889390967e-01
3.167140943612377635e-01
1.689377945052522034e-01
1.209753536488893111e-01
1.044206849904367879e-01
1.513251650824708472e-01
1.507040296895811315e-01
1.493056235841084545e-01
2.015135796217958630e-01
1.301499955716858281e-01
8.950777079729665964e-02
3.325595172440563019e-01
2.467155382424354448e-01
1.361907909496213320e-01
2.290228608589238990e-01
9.061106478011263362e-04
4.064503675346362727e-02
2.315129096330572067e-01
2.850664449456711824e-01
1.499580973449632648e-01
3.079499247712745302e-01
7.671660844598825191e-03
3.446194294014197079e-01
2.235633491117411387e-01
1.318932690690969856e-01
2.378072530803166940e-01
2.045038063411416807e-01
3.344527600319278093e-01
2.291674002433272128e-01
1.432795316162766008e-01
1.281662345250288160e-01
2.915902258516039347e-01
2.407588102651839201e-01
1.303751205985135830e-01
1.888751599957702240e-02
1.580625955987058906e-01
1.561923247091042410e-01
2.717758601775578930e-01
1.821163691937779661e-01
2.957518325122818117e-03
3.120559667395723658e-01
1.731187616729036038e-01
2.422130366827059678e-01
3.204079124446817528e-01
1.311420406879867107e-01
8.346233597593534503e-02
3.460040700719516638e-01
2.799519044159527459e-01
2.434177421509775563e-01
1.501023066454103549e-01
2.039858187928884348e-01
1.588289852832545368e-01
1.741645172533184682e-01
2.005660262881390488e-01
1.643998279820609587e-01
1.583670087297341100e-01
3.104524331741684851e-01
1.118204371638480826e-01
3.222759431520816342e-01
1.272530829305351385e-01
2.891917251272865808e-01
3.390669454082706480e-01
2.546751549773756396e-01
2.654654364292169388e-01
2.516861930579514794e-01
2.792410616584489746e-01
2.680615894895828077e-01
2.900777382588213271e-01
2.207764787112663218e-01
1.760676839319832154e-01
2.681713449972412677e-01
1.428000549396168661e-01
1.557754025058280811e-01
1.056482547676968892e-01
2.572428095619353483e-01
1.910883486558096478e-01
3.064598049434515969e-01
2.828122370320038659e-01
2.937000504717843796e-01
3.066927659482546753e-01
1.856802753674552664e-01
1.502277370513482001e-02
2.193072428188767298e-01
2.542481940705749732e-01
3.099855651533472423e-01
1.015454298753008522e-01
3.008182349642134490e-01
3.059546310198680841e-01
2.494644292105351047e-01
2.475287705440447350e-01
1.796142522660324203e-01
2.828923349891394601e-01
2.909658623432835878e-01
1.900471672724526884e-01
2.170355650882407061e-01
1.171651099884614272e-01
1.856564589227098772e-01
1.821133188892996579e-01
2.270139477633496827e-01
2.676354784033238010e-01
2.626212552799971345e-01
3.151320269086106407e-01
1.724338466334627562e-01
2.615708189104523074e-01
2.859400446841822707e-01
1.040214234176069091e-01
3.104064697816698026e-01
9.273764289622782320e-02
2.548916749478943311e-01
1.634702901046072299e-01
2.591073037695273418e-01
2.508523115999500286e-01
1.303145380639993411e-01
2.752459516075340673e-01
1.092934574364963218e-01
1.244101283193604773e-01
1.418258300410363271e-01
2.618045882015013204e-01
2.994097502209179806e-01
1.032897592326019326e-01
1.329680976282744398e-01
1.266632093499960032e-01
1.648818491820711607e-01
2.872010520075917728e-01
1.630702914929861858e-01
1.990213741601416508e-01
2.342985075593546351e-01
2.191408150134073474e-01
2.049470098467378459e-02
1.904214691570569884e-01
3.375593522263056201e-01
2.351124611263596398e-01
1.025388944779256906e-01
3.462512289311081015e-01
1.778789566067645878e-01
3.308285164718602900e-01
1.862647483430730500e-01
2.620885027481716922e-01
2.558678055639893589e-01
2.247025255605496485e-01
1.435847448645097557e-01
3.350181680032747744e-01
1.543768350954650148e-01
9.706943466088183148e-02
3.187964027310343229e-01
2.826379456689662728e-01
1.943733259606229002e-01
3.235132242337373509e-01
2.618183263146410256e-01
1.533711681737451871e-01
1.020127541475219501e-01
2.115068216418193869e-01
2.842033336197353766e-01
1.665306745306567859e-01
2.926238919609683298e-01
1.755397451070790371e-01
1.281079383734395893e-01
1.807049707923823190e-01
1.273275911215751843e-01
3.002906841736907029e-01
1.362781706010618432e-01
1.207047732007565655e-01
1.698723969049553140e-01
3.244778070332511866e-01
1.665951221841774077e-01
2.629694742242936201e-01
1.313234708995472955e-01
2.757290816182279003e-01
1.873298156042736695e-01
2.243149552189612761e-01
2.940661728091630844e-01
3.028629280617770037e-01
2.600150150212134359e-01
2.744415389516337012e-01
2.212225262040028728e-01
2.811342343521944231e-01
1.305064711684976730e-01
3.039710390843459176e-01
9.021772224176802246e-02
1.227122744980470859e-01
2.473893158484090637e-01
1.294264043493989769e-01
3.079005258093940878e-01
1.010679340637205270e-01
3.198292601578456296e-01
1.363562485500305343e-01
2.899739685677764078e-01
2.982376311115551570e-01
3.197695240965300334e-01
8.584319376709155514e-02
2.701624319286415332e-01
2.449690739436932718e-01
3.223380734512992785e-01
2.831211678728149383e-01
2.432518300187694049e-01
1.748814933250514014e-01
1.272809923189879011e-01
1.661940831747458214e-01
2.868162908052854787e-01
2.507638505652931005e-01
1.305003754947326178e-01
1.306882095890707085e-01
2.977573950308204931e-01
2.001769395653190120e-01
2.549152281250927077e-01
1.668014556618890587e-01
1.592789602028136520e-01
3.044899303401298329e-01
3.273669307110955717e-01
3.423498110935328520e-01
1.231528359878055340e-01
8.018895037449257079e-02
2.513202180566522781e-01
6.287144524882143370e-02
1.720231974384049400e-01
2.524426135958484640e-01
2.307472957441574213e-01
1.613080116103396688e-01
1.808140046404049517e-01
9.599960838609870178e-03
2.343284611572138965e-01
1.240383420749904542e-01
1.224909332606521489e-01
2.199027657983612660e-01
2.729459818788697589e-01
1.459727731379869275e-01
2.651116279119672403e-01
3.396225034550416355e-01
1.577868389256882331e-01
2.813762595815056389e-01
1.402155557033346045e-01
2.436033202123747965e-01
3.441634893129658090e-01
1.454117022120963443e-01
3.326927723663779535e-01
1.749159886737963188e-01
1.283379447573962107e-01
1.545086642155597302e-02
7.763529695931455088e-02
2.320893661723041068e-01
3.010835644076350626e-01
1.743730161568534942e-01
1.551878502238563384e-01
2.866303294845471417e-01
3.309508074214739248e-01
2.871174526280187433e-01
2.529670535743542281e-01
2.678277557308130219e-01
2.118244781494755258e-01
2.956814069737866424e-01
7.744088636164629669e-02
1.519513092555479228e-01
2.356350825314293129e-01
1.482133531740609522e-01
1.557502980484757327e-01
9.321626714193260999e-02
2.264626084609883683e-01
2.592122192291772542e-01
1.967602268387066700e-01
1.190814955965202732e-01
2.117648041865768382e-01
1.858321372143627859e-01
1.230456936276600605e-01
1.919627391043883802e-01
1.092111700985868294e-01
3.079164190885502195e-01
8.401496181534540142e-02
3.435524287194046122e-01
2.222341813499968399e-01
2.157864340460094732e-01
2.825181751142526454e-01
2.972494467901858339e-01
1.296355053382906852e-01
1.050664411093372719e-01
1.511277873663655624e-01
3.487610797353411507e-01
1.918043174359069236e-01
1.240242842506332488e-01
1.027876987618820542e-01
2.187647966950426182e-01
1.597819695698400322e-01
4.474441154273234994e-02
2.243496320053205706e-01
1.210387037573194130e-01
2.807116311391079644e-01
1.718715594943325264e-01
3.506138632420160626e-04
1.186803319315768990e-01
1.509741331722968538e-01
1.076501919259266193e-01
2.279972205366968541e-01
1.921170793410051369e-01
2.106691827814942408e-01
1.128808176116837397e-01
3.034444971795064935e-02
1.241417708198473274e-01
1.421264879073625143e-01
2.049534025539416493e-01
1.452939685151367621e-01
3.452256086210842012e-01
1.668438876709714969e-01
1.624991215835969727e-01
1.976263493410927441e-01
2.142437350494728054e-01
3.350627878391077563e-01
2.740098517629715458e-01
1.601892423906521312e-01
9.701248857321305430e-02
3.065940297467724118e-01
1.376137523486813119e-01
1.245091817874257878e-01
3.267144449382983762e-01
1.509440797115734201e-01
1.014568334617174106e-01
3.315012232395436187e-01
2.599152089950050870e-01
3.254163296962105933e-01
2.209037010531145206e-01
1.099868000113513461e-01
2.267700350748365901e-01
1.879069979320890371e-01
1.206213005101807456e-01
3.080488613440272028e-01
2.759912443836408102e-01
9.990860431456356772e-02
3.177877268684413115e-01
2.832011381353187751e-01
3.007422230325098034e-01
1.163509622116689762e-01
2.721223201464643693e-01
2.526678699708674314e-01
1.182823554836087421e-01
3.287652672819179611e-01
2.034754052730106400e-01
6.258870347952406876e-02
1.190406141962882663e-01
3.325486225172359922e-01
3.069687991456465093e-01
3.906448283989912180e-04
2.144982676612643968e-01
2.878113908726956938e-01
3.056068284626995424e-01
2.176500049185456920e-01
2.239305837673180866e-01
1.528579569444938613e-01
2.380295692981123645e-01
3.419310289486309218e-01
1.425703434345828857e-01
1.048713162012931133e-01
1.980567779078520607e-01
1.651858862755834281e-02
2.720257293435808799e-01
2.316761301531439499e-01
1.295798999941833729e-01
2.770467447245179016e-01
1.629519930598522237e-01
1.675929141110318876e-01
3.254074466603004145e-01
3.122748506954460268e-01
1.230143507675823672e-01
2.159388554951467420e-01
2.295047906146953642e-01
1.249347967033690027e-01
3.470477460312447748e-01
1.563273084253884171e-01
1.363601575114949949e-01
1.273555309996230733e-01
2.228683486410032999e-01
3.174399057045786399e-01
1.526075783738821690e-01
1.572009931766689683e-01
2.486623684550633429e-01
1.707505953192075543e-01
2.482331459192807233e-01
1.564483607971426105e-01
2.547513049097874793e-01
3.130083950553675942e-01
3.100131300590202588e-01
1.389112822475790654e-01
1.339329342641352727e-01
9.073306625254173863e-02
2.332465482830584358e-01
1.566512154053424088e-01
1.199581256583970995e-01
1.407759246696508593e-01
3.005820827190111566e-01
2.745029239827316281e-01
2.687061796997165519e-01
1.907577813844444914e-01
1.995237091647787120e-01
3.227391896963775486e-01
2.114766721805604044e-01
1.095080672029491303e-01
1.396214211510415359e-01
1.130339656799651399e-01
3.254763950009568751e-01
3.531138625611333209e-02
2.994936213582290452e-01
2.686348927106809170e-01
2.260663376472795139e-01
1.854008742225335959e-01
1.749641582490128744e-01
2.188478658882642147e-01
1.148431526468661618e-01
8.920198918928561038e-02
2.210157404932828473e-01
2.433925404621361810e-01
2.904478126144797723e-01
2.741774175671295999e-01
1.180252468407803068e-01
1.956017555991816370e-01
1.483836875450183224e-01
3.480612102012172748e-01
8.266961352344094627e-02
2.160783445461366969e-01
2.373016358853601016e-01
1.232768648945355705e-01
1.486438145551587098e-01
2.159233388455733538e-01
4.203162619577403836e-02
3.291752214139487820e-01
2.942636729154247677e-01
1.188877130996731368e-01
1.788501450276779314e-01
3.103963572383559022e-01
1.547039381886592402e-01
9.060117527535967163e-02
1.657097913045562920e-01
2.082177027799356293e-03
2.572388659257279220e-01
9.359403912619075616e-02
1.893091801771119298e-01
1.494711030579637260e-03
1.850837141687067533e-01
2.720249965218016763e-01
2.272046869799509705e-01
2.338742968860041405e-01
1.437851577099079625e-01
1.117928405754882171e-01
2.161638864014238937e-01
2.697464618790674784e-01
2.146523452286121236e-01
1.557529504847884883e-01
1.921886905041685634e-01
2.264456747894093847e-01
1.471675254915955078e-01
1.817352207441005063e-01
1.662062276113394355e-01
2.604213263116228472e-01
9.566169842706211124e-02
1.160288609041073421e-01
2.335414355021927790e-01
2.062485402793302336e-01
2.334758842193647432e-01
1.491734179491816525e-01
2.044680352526631884e-01
1.456591534437240709e-01
3.470579392816015019e-01
1.190965670120203018e-01
3.196095831165344237e-01
2.305211599690361879e-01
3.081128858612735555e-01
9.210022653338138798e-02
2.350347137798524388e-01
3.399184543448411366e-01
1.272284201359576705e-01
3.126127103385960004e-01
2.252200179681867198e-01
1.973361806489406511e-01
2.269104550485543659e-01
1.473672829014932850e-01
2.849491487245644494e-01
1.575695082858031282e-01
2.787993879560166088e-01
2.648006012761724981e-01
2.924975279308413834e-01
2.885880707123463784e-01
2.001559476514631619e-01
1.141436193683248446e-01
1.701836898994125158e-01
1.217410227072537876e-01
2.810084552452042361e-01
9.863625703804375366e-02
1.741392529886987284e-01
9.637738080641311544e-02
2.288138664855269254e-03
3.237865988132954675e-01
3.346935922898203741e-01
2.086683268893011478e-01
2.724346246029770713e-01
2.181439916307378046e-01
1.987395974915167896e-01
1.386570060147727101e-01
2.493689044677471767e-01
2.162089711422892357e-01
1.207862511172370090e-01
2.511176878511633959e-01
1.215391690604399888e-01
1.422954169039603867e-01
1.855592664692853333e-01
2.263111473505715343e-01
3.379620289171398895e-01
2.459357058708588339e-01
8.292969765281911487e-02
9.275783736868384310e-02
2.186017263741308059e-01
2.040479109784471556e-01
7.272027187492161038e-02
2.804094825818332359e-01
1.635339652134641386e-01
1.856503090996211233e-02
2.231658417816269613e-01
1.848662975114786222e-01
6.382364554076666585e-02
8.428347976936059749e-02
1.820952685158314932e-01
2.678703018637978439e-01
1.373091966655763385e-01
1.414821850758346822e-01
1.511331990992508256e-01
1.836529928568764736e-01
1.696481162575284307e-01
2.418754825994663682e-01
3.175608386434723429e-01
2.970144188357824455e-01
2.975706058063240511e-01
1.389595503895763584e-01
1.270749407072726544e-01
2.834814121594622649e-01
2.704078869426142506e-01
1.383839191614687769e-01
9.772033531704844844e-02
1.301441563877086260e-01
1.832749512930020030e-01
1.292166231126977149e-01
2.722925363466317528e-01
3.171292073621538310e-01
2.943285505229761845e-01
2.810497802751151797e-01
1.692862898471631794e-01
2.918643276577553847e-01
1.399521354353716052e-01
1.609687044778412013e-01
1.178579595672116231e-01
1.284530464038633191e-01
2.620405815514181835e-01
1.860080259844506811e-01
2.067092241785536411e-01
1.989065701376836193e-01
2.054374791761227892e-01
1.984992669615313898e-01
2.694697116630016542e-01
1.015775659741786491e-01
1.966413844399817479e-01
9.158783154178154473e-02
9.149007705668703305e-02
2.920527028525140567e-01
1.304508293694641441e-01
2.976025485346678323e-01
2.177823584864834461e-01
2.640471069141998028e-01
2.811219505621276871e-01
2.200548357474340910e-01
2.581271183774953015e-01
1.021539711188770155e-01
2.345934590837806255e-01
7.900013267426511665e-02
2.487144951298247975e-01
1.887712324640376527e-01
1.578353597757849724e-01
8.376955570379901461e-02
2.692739609694785319e-01
3.307702933703119963e-01
2.276060969608865447e-01
1.488004157148134776e-01
1.599909603446786066e-01
3.223616787137126849e-01
2.484989857092298471e-01
1.392111873350577733e-01
1.521005205430067120e-01
2.907845538536423247e-01
2.489848810084252240e-01
2.883954374439973156e-01
7.969176214608590658e-02
2.262964865335960196e-01
1.663350709749416845e-01
2.915964144309529660e-01
1.105543137525657194e-01
2.392878434155098211e-01
3.133571151975377278e-01
1.393039757107266685e-01
2.542350801719648334e-01
3.263248734488920499e-01
1.264911071095260464e-01
2.533874619762278013e-01
3.228545601090932471e-01
3.499722038590840079e-01
1.739579896075196253e-01
2.401116833013554053e-01
1.778948097413763363e-01
2.028349104539360348e-01
1.517062347181903914e-01
2.018685448375439895e-01
1.933000965569444951e-01
1.471731066790487319e-01
1.318125928319188456e-01
1.197571366791171099e-01
7.092246982454743220e-02
1.355635733352096028e-01
2.097168490583492806e-01
3.484030282326726624e-01
1.836406435145788441e-01
1.336942529495760146e-01
1.502863655763337081e-01
3.099187818602278099e-01
3.085303401239586907e-01
1.218357465707325255e-01
1.192526763242639509e-01
1.370501987491592466e-01
2.692739780922190351e-01
7.585748968165231809e-02
1.028609265165286724e-01
1.566712961051923980e-01
2.006593206445185518e-01
1.802142235192693287e-01
1.463945039705777107e-01
1.353213546938452916e-01
2.402089876078638553e-01
1.390152112719418853e-01
1.397380427632491651e-01
9.924216071640587500e-02
1.495451968240385232e-01
3.210798360371271976e-01
4.255391460417730365e-02
2.274812406853945201e-01
1.937003578828697115e-01
