3.387182601905080470e-01
1.879199931808590573e-01
1.078337609900325150e-01
1.017567629472808655e-01
3.083734220598739473e-01
3.252811168648760964e-01
9.898636788313791568e-02
5.812968156476167741e-02
1.563663229839303559e-01
1.830118339701717889e-01
2.765591691785742601e-01
2.594964892983666616e-01
2.569907828067762856e-01
2.972834578626948887e-01
1.008673813226778626e-01
1.034057098942789410e-01
1.455886820662301295e-01
1.860352008552746961e-01
1.029656439020087411e-01
1.105910417087458408e-01
1.100419844772404232e-01
3.325307573930081362e-01
2.001092588320360632e-01
2.371153894510033000e-01
2.723727610788402864e-01
2.224072880540364228e-01
3.393718777521960162e-01
2.378603100472361231e-01
2.302698932484354699e-01
2.781584301337037823e-01
6.808723765081832469e-02
3.065582856486825380e-01
3.352245190670057884e-01
2.619198249143093737e-01
2.984140478959624865e-01
3.335744628611336249e-01
2.503182515316215717e-01
1.843493895917824865e-01
3.366395045716497059e-01
1.170274066415596947e-01
2.758044950619474855e-01
1.079065047987680798e-01
1.066358643817044011e-01
1.282287103659334737e-01
2.892460146818036648e-01
8.535314094686527464e-02
3.272663077720253111e-01
1.573758214725603788e-01
3.198604512953455714e-01
6.838270825020793808e-02
2.077236750227881845e-01
2.658247951071821547e-01
5.527705977173900248e-02
1.643713273267012331e-01
1.768439951041419211e-01
7.615878651991944692e-02
2.980454932422941239e-01
3.249994291816878378e-01
1.893164513410219019e-01
2.354184892275592578e-01
2.154860896018164773e-01
2.518309759921056323e-01
6.288917616083934681e-02
2.438047112004736450e-01
1.342269412191247346e-01
1.816501758059905769e-01
1.109458704670096968e-01
7.729640048189041768e-02
3.325907877047270533e-01
2.170987058701661365e-01
2.938885873603320209e-01
1.515164252734539641e-01
2.985907805114129676e-01
2.188090533397248350e-01
2.668114929278524450e-01
1.067886815345380214e-01
5.874870376409320472e-02
1.083152485715643265e-01
2.833681285542945516e-01
3.067126572822702069e-01
1.424984536955885006e-01
2.348179123653291733e-01
1.027195981970609046e-01
1.405795378177144561e-01
1.657236403561536398e-01
3.245167636475857487e-01
9.148017780155859313e-02
3.290174017274271612e-01
1.225221116908245117e-01
7.685160898608417446e-02
3.175307125299126065e-01
2.410324014271872095e-01
3.204175556490090337e-01
2.186619100949914740e-01
2.842827994458070884e-01
2.735125107614243545e-01
1.925011389133282069e-01
3.056792866724605262e-01
3.207359945871636753e-01
3.315130681411809221e-01
1.485778482026737235e-01
1.493046666107813447e-01
2.308269653056832516e-01
1.376234677889017211e-01
3.209244696374555783e-01
1.723441823148756102e-01
5.854085807291115745e-02
9.402785918326467263e-02
2.412960973566650458e-01
3.325153076735873348e-01
6.536226945937603783e-02
1.049643055916125445e-01
3.394030178659199759e-01
1.216145219369111907e-01
3.214264948627916230e-01
4.711222975535021146e-02
9.901694361371948805e-02
1.335463146442908977e-01
2.785966926407604793e-01
2.473008778715651002e-01
3.305452662228329785e-01
7.793023079063961245e-02
2.172294189112990437e-01
2.554721001097055022e-01
9.855088562689545695e-02
2.505884192760630680e-01
2.548761749102432805e-01
2.686414820618546750e-01
1.210216577921932185e-01
2.595422994927733540e-01
1.434972242825503230e-01
3.378779383823142246e-01
1.162836892853699317e-01
2.964019524829135110e-01
2.559764181132050398e-01
1.242071131675398232e-01
2.925628554671086956e-01
1.567422663443098219e-01
2.076656102920303171e-01
1.737823009698040433e-01
2.827365206907053174e-01
9.043611616243153739e-02
2.644660129366366297e-01
3.028407627879206032e-01
2.339329311245028076e-01
2.690196281583540627e-01
6.264883758401887381e-02
7.857825673800711286e-02
1.897685570899381724e-01
2.590998454505586968e-01
3.122643186425451134e-01
1.118243029493581758e-01
8.053748205367572410e-02
2.286382306680465049e-01
8.973176667004567619e-02
8.633007849434923275e-02
2.031958142162563485e-01
1.155879413051993931e-01
1.067379047215573085e-01
2.326825712803979040e-01
1.957450154717523538e-01
2.063951609910083529e-01
2.560057555959599496e-01
8.371501947229062490e-02
3.047635972432227169e-01
9.710005650871450511e-02
2.665057675176825680e-01
1.170773922345195311e-01
9.373172651919829679e-02
2.138890309717288163e-01
2.693546817901070756e-01
9.096625802050976872e-02
1.745243183430207068e-01
1.094654798046029442e-01
2.087121529271913634e-01
9.333270330544632398e-02
1.226203585509048483e-01
1.402219819024047298e-01
2.244580057886685909e-01
3.204243699188134009e-01
2.210190817468550284e-01
2.676926860179973944e-01
2.411579520003539756e-01
2.413752182314058969e-01
3.350042820570791058e-01
1.114479887885185677e-01
2.694149412770899255e-01
1.713804740155774609e-01
1.214637601897407271e-01
1.420301929409242547e-01
2.561584073630538416e-01
1.120473047022021440e-01
2.494114642592301645e-01
1.040470365904163086e-01
1.158412332251589627e-01
2.764807702978399062e-01
2.688890803856692213e-01
1.584757558566088631e-01
1.245399389872485496e-01
1.228695487360879079e-01
9.540183714114876257e-02
2.501958488700519179e-01
1.189502145949603018e-01
1.360274487792466902e-01
2.683592510541071285e-01
1.125130078980611098e-01
1.795283637041528435e-01
2.762267297276909672e-01
9.179558453053279776e-02
2.434099063993666046e-01
1.689144365021518490e-01
2.241028883255734294e-01
1.864319679975639799e-01
1.297797794489521095e-01
3.347793659209319372e-01
9.377308746637932901e-02
3.050354672929432298e-01
5.344342106312779950e-02
2.448067119449613971e-01
1.137558701648686832e-01
2.918079420396696433e-01
2.665465453274590835e-01
8.602963599148984175e-02
2.357664566883198864e-01
2.114780392161688116e-01
2.374769857936973594e-01
2.799993675371230117e-01
1.206595972247295062e-01
2.083449759485174191e-01
2.991813397061665603e-01
3.275030940041273597e-01
2.539442944006409797e-01
1.871531397285119136e-01
3.268412724837505556e-01
3.070221874286312991e-01
7.686820425535333123e-02
2.217010449517871351e-01
2.695439763530967370e-01
2.330397850256488712e-01
2.624864859884561419e-01
2.021045703283516348e-01
3.049898090801052009e-01
1.282293763374035278e-01
2.730324456294661029e-01
2.120716057264700471e-01
1.491641483087813025e-01
1.215071190232787923e-01
1.058020138031241369e-01
1.696206680985535009e-01
3.025741597095208402e-01
7.127139841135438081e-02
2.954176280878924588e-01
2.915070208894550707e-01
2.035269069932918728e-01
1.025048587668156153e-01
3.037078341665295778e-01
2.183266116386641531e-01
2.762403322521645999e-01
2.264963180793329589e-01
3.223138525478299043e-01
3.183000261015077048e-01
1.942146674014647023e-01
1.302034115095792033e-01
2.934447649267608038e-01
1.437349859689377729e-01
8.062321820481477275e-02
1.359555287839699089e-01
3.252470951195321480e-01
8.136263244107858061e-02
9.175410659687792403e-02
3.257164672592252064e-01
1.682016781895503410e-01
2.621532491669125720e-01
8.527869022364061025e-02
2.484040643626982126e-01
1.965649948981170736e-01
6.598425034032610881e-02
8.482031027929200218e-02
1.466655200582427376e-01
1.098124306805348394e-01
3.078669918023898000e-01
2.954122255269316377e-01
1.316169835022441559e-01
2.823563264654742611e-01
2.850532436143132231e-01
1.020959646033089974e-01
2.834125008256562217e-01
2.646412017452183796e-01
2.347901864854633758e-01
9.296055891974328023e-02
1.071252281410028651e-01
3.381194660497097715e-01
1.896623663149432926e-01
2.560167092630180052e-01
2.492790745308751665e-01
2.688731703359767966e-01
1.940812510104066857e-01
1.792891381618844093e-01
1.597732030893376232e-01
7.393272459112301687e-02
1.169526766341591056e-01
1.376367291968185469e-01
3.322441066787013009e-01
3.180388184166158538e-01
1.081412689158766094e-01
9.025997227510311471e-02
2.172894286011533005e-01
2.781107095956012465e-01
1.421503186496893001e-01
1.593628873085407571e-01
1.241216340357397391e-01
7.715919128746509537e-02
2.051025981101230744e-01
2.816291880980066331e-01
9.940286572144160782e-02
6.073474931074215877e-02
1.636320707265295771e-01
3.131063244679152535e-01
2.097041263361915930e-01
2.911603585250734927e-01
1.675830006154139240e-01
2.530407602679571322e-01
2.424085528890972396e-01
1.812024565377504670e-01
2.662793367363930352e-01
1.214371719133518213e-01
2.436849349516392871e-01
2.494233338962187907e-01
1.100111894793784073e-01
2.183370921840240841e-01
2.649085393446655723e-01
1.043310233292786965e-01
2.930809769719394109e-01
1.602112031889228738e-01
1.215798311522860581e-01
3.074681469017552793e-01
2.265684790103559554e-01
1.477729592335940145e-01
2.865216196013687933e-01
1.649862576210149034e-01
1.606967874403351093e-01
1.443573739195256056e-01
3.119856405399304422e-01
1.037316024478140697e-01
2.173790353747076243e-01
3.301251929237748461e-01
2.901843570705759379e-01
2.588378279531574067e-01
1.470142660403655488e-01
1.303163754985131872e-01
1.395036453620376593e-01
8.905423787950203507e-02
1.106561828773150041e-01
1.201643193596643455e-01
6.435583138047103191e-02
6.758178235682553436e-02
1.912050347504472836e-01
3.168364836901805259e-01
1.224894115852436516e-01
2.581332571773176654e-01
9.531169913309418817e-02
3.065369451073017837e-01
3.307842694914234771e-01
2.094469212104774214e-01
8.064767960295281257e-02
2.945021007030338978e-01
1.797219693867775914e-01
2.235683928900201178e-01
2.194430616999536454e-01
1.741224440143370189e-01
3.232086381857976476e-01
1.245097808804759426e-01
6.970568173190461181e-02
4.947903175562062827e-02
1.781336853995686698e-01
2.244499158328622790e-01
1.567927044534494219e-01
1.118135209253577206e-01
3.325028986381267648e-01
1.167579791964221403e-01
1.955014614578318155e-01
3.305472701634912247e-01
1.013129680834105734e-01
1.066699800800298414e-01
1.828897780463634992e-01
3.383049838370953966e-01
1.797017477929384321e-01
1.613780730813438036e-01
2.393502358607486613e-01
2.775050758178438937e-01
2.554594715000021443e-01
1.479369454442441556e-01
2.908627215169472535e-01
1.296887985223667827e-01
2.806311336299064929e-01
9.714365403543098743e-02
3.330634320275963622e-01
1.217691852823121340e-01
1.712638461151259894e-01
2.512348353774995213e-01
3.235990019216544167e-01
3.084104049762068644e-01
1.138795517968777676e-01
1.361753742887670260e-01
1.219601392767532128e-01
9.689853286581651126e-02
3.316554973274452589e-01
1.276874478164969351e-01
1.108529221055918612e-01
1.590095966249648607e-01
1.076323531085206231e-01
1.205060280955753405e-01
1.558896049179854804e-01
2.494786933173148979e-01
3.290343086913802284e-01
1.395750633002875996e-01
3.167095390173800262e-01
1.003763350009673344e-01
1.544136882464331173e-01
1.706779814112198979e-01
9.657928640993659886e-02
3.128708899842574387e-01
2.680130948434690241e-01
1.908607928047162949e-01
1.915520547721674960e-01
1.386996131238523999e-01
2.811967890667893544e-01
8.010014761493797208e-02
3.289407786288099933e-01
2.561070179825634119e-01
1.304278349943182591e-01
7.110853646983568421e-02
1.427976729463296679e-01
2.610296117223119827e-01
1.617256480157564791e-01
3.162133666594381665e-01
1.091120880492817136e-01
2.052075842847733422e-01
2.988440618424663686e-01
2.879061007006708528e-01
7.844220669470118590e-02
1.908805548959946752e-01
1.242109035345413948e-01
2.734212846581567380e-01
2.746233484663211932e-01
1.260208208904665117e-01
2.680381677241296390e-01
2.954246752466613835e-01
3.165453981132661521e-01
2.686846861668886755e-01
5.630771332356719616e-02
2.399181550010489883e-01
3.254554672823615213e-01
2.529280483678350566e-01
1.019771190063797767e-01
1.331054714929185978e-01
1.924460171208317583e-01
5.494724389569642653e-02
8.360685146571578130e-02
2.816914468933627846e-01
8.557956666843527516e-02
2.134728333017768820e-01
2.238526206293239285e-01
5.484212042713713237e-02
5.278087604614580680e-02
3.314529628060463029e-01
3.238214506636925560e-01
1.803602515728022493e-01
2.295700530646476722e-01
1.123377367192657655e-01
1.210697724020456806e-01
1.584573897878667759e-01
2.156645489714903718e-01
6.528859326228832194e-02
1.088953145292446412e-01
2.367634836774133444e-01
2.126771135593588657e-01
3.013402258336459472e-01
7.500341423142845021e-02
3.194020423745128623e-01
2.372984637401275021e-01
7.796095528775878747e-02
3.334370866008560808e-01
7.033467462794902592e-02
6.788026924738971291e-02
1.094327563870604175e-01
1.070610375677464865e-01
1.868972521213551341e-01
1.637761587060690693e-01
3.185878306975574170e-01
5.998030917530073475e-02
8.133438864283867864e-02
2.525482935168563148e-01
2.822033240114383279e-01
2.867857011629946773e-01
1.261906779098662390e-01
2.511436846936387912e-01
1.028827092130471382e-01
1.203624598963050352e-01
1.813392571505374751e-01
3.308210718148377749e-01
1.804530910623495799e-01
2.131922940921354981e-01
7.444415547368400665e-02
1.476990192816604597e-01
1.843041807383502262e-01
2.928383082370638602e-01
6.366219529302601099e-02
1.786547760847953803e-01
2.824937604135773772e-01
2.669643027755428388e-01
1.047874451439935878e-01
2.857704495754659901e-01
3.135785432137822015e-01
2.704901413975871471e-01
8.575402208475282895e-02
6.961799278316940787e-02
1.346141855790952413e-01
9.302723236711241128e-02
1.170273690121415439e-01
5.818727086977537599e-02
2.339610536122289086e-01
1.127237291866943769e-01
2.484609380537963763e-01
3.193111305036284153e-01
1.042033636114384071e-01
2.539988702419533340e-01
2.045035888865505969e-01
2.938288611949339546e-01
2.759980950783251230e-01
1.517840700414617716e-01
2.765361232060071783e-01
3.050122218372814942e-01
1.062931185407664653e-01
8.509260302958844557e-02
2.230085335979518912e-01
1.457423845094104886e-01
9.577034435332114348e-02
4.946766187335370490e-02
2.429487298834976661e-01
2.891658517678058482e-01
1.867986947680323473e-01
2.889970662699261617e-01
2.375255648047474855e-01
2.206220376197989552e-01
3.074936587400742272e-01
9.700229923345250749e-02
2.586669108401723483e-01
8.273332297524857437e-02
1.078727452805102599e-01
2.427147864673093181e-01
1.207028772086352758e-01
2.398272254788628710e-01
2.607876530670428794e-01
2.177542824115833164e-01
2.086054952947332397e-01
3.146478761285738113e-01
2.824531590443952744e-01
1.699186485543933145e-01
3.019594513470965635e-01
2.907275550612080650e-01
3.029008741087904077e-01
1.385502873119569267e-01
2.756279851704599992e-01
8.462087640703332136e-02
2.637586773748545332e-01
1.080031312752866290e-01
9.970066902529998998e-02
2.463460789830209385e-01
2.600996615356616082e-01
3.028940698691656719e-01
2.638388702164449762e-01
2.619575798862749383e-01
2.587043604382227024e-01
2.981283822587965093e-01
1.045434560532498558e-01
2.036941281374539947e-01
2.860092586970290895e-01
1.142591507160508890e-01
3.019964326052253512e-01
2.448627707769280848e-01
1.041510468541116119e-01
1.042570792989883505e-01
1.590708048126165397e-01
2.562154598199118949e-01
1.143278564481235715e-01
2.876007427843997877e-01
2.161542935481404470e-01
2.697568329427110778e-01
2.781087149925329238e-01
2.336003303498060957e-01
1.029603621177597600e-01
3.203124998657452815e-01
9.886258613119150440e-02
9.784353885232074943e-02
1.975581536826200024e-01
1.821636188962366398e-01
2.642263588292587673e-01
2.877508804700831813e-01
1.691254842518407076e-01
1.095103747522480769e-01
1.126598466833723389e-01
7.242600145069097439e-02
1.099305535486414520e-01
9.644406692378404422e-02
1.642702769905428628e-01
1.169782243408594574e-01
3.351742215832976823e-01
9.626773540273921015e-02
8.182068519547766594e-02
2.296376204397800047e-01
1.447385430845762599e-01
6.304253635961717950e-02
2.466969528551769264e-01
2.895562636614776308e-01
3.036069022206880907e-01
1.392387422129070240e-01
1.282216784950378219e-01
1.178072252898671873e-01
1.504015666818877550e-01
6.677023486544346464e-02
2.497805528041253387e-01
2.399314518708213495e-01
3.071418481699731973e-01
2.781149566932207828e-01
2.772056083855844455e-01
1.066337239167073070e-01
1.921591238574872906e-01
2.811557504725560319e-01
1.648137402930983930e-01
2.661120619966908518e-01
1.732647568820144257e-01
9.590670856749168582e-02
2.877586334275501478e-01
2.785511881854207394e-01
2.539562330238877563e-01
3.166091108847658431e-01
2.389319932904759858e-01
1.006623559608826324e-01
2.851705011376562959e-01
1.129390628645679656e-01
2.888703112798444717e-01
2.765956708680333276e-01
2.462651031628807774e-01
3.125685517646828449e-01
3.312019911902961966e-01
2.546008424594179420e-01
3.249389074764367780e-01
1.530643106406547327e-01
2.639668184758820479e-01
2.004754101934848876e-01
1.157438357963829212e-01
2.038787439934643952e-01
2.094026606005884861e-01
2.870511142152299411e-01
4.692109958700563938e-02
7.266195312274013884e-02
1.615408336315003190e-01
2.764948179159469333e-01
1.064217241620099841e-01
1.732502262724316955e-01
7.820562728407129405e-02
2.426750804530276029e-01
2.330583542071811010e-01
3.251005816583087404e-01
3.031642677530836938e-01
2.737842496168341189e-01
6.658218813645913614e-02
1.238253857585054629e-01
3.031073566711161571e-01
8.626837232692780022e-02
2.272988742032188980e-01
1.814671692437222206e-01
8.719425280856898941e-02
1.851135523018143103e-01
3.086770866660497603e-01
1.279917856041751789e-01
2.739495070822395295e-01
1.688652657962489978e-01
1.253311120700242864e-01
9.768249970563333551e-02
3.141066752449876431e-01
2.621797768570646170e-01
3.241109988731907809e-01
8.111129823590711163e-02
1.084947651042931782e-01
2.534232458377537189e-01
7.995806592908348553e-02
2.021839428222445278e-01
3.183181555896168469e-01
2.662443095976971263e-01
8.848818354361676075e-02
1.810868900042919838e-01
3.385343379126303232e-01
2.311287678836929926e-01
2.645012283079525295e-01
1.845278335506802259e-01
1.012916911256750568e-01
1.148817344802799539e-01
8.667652224291330643e-02
1.296020968485633862e-01
1.544748994784319873e-01
3.014638896139527069e-01
1.823599331106811883e-01
7.810794497517964396e-02
1.120932625845187380e-01
1.818467424529932874e-01
2.699195130344244631e-01
1.460730551825549228e-01
2.878715626226867053e-01
2.057170110105106531e-01
1.953374514065037981e-01
1.175769163177633608e-01
2.793272584504435940e-01
3.142984577800406187e-01
3.196185217177521243e-01
1.594495570646226323e-01
2.643916648525871937e-01
9.070953393880781812e-02
2.600606829590935698e-01
8.671626440355167942e-02
2.017656978786807054e-01
8.030814632747389215e-02
9.971530510797937952e-02
1.521221396458266872e-01
1.245691413523446617e-01
3.360331945771189432e-01
3.164996283706527080e-01
1.188394791027918562e-01
1.064056051792837687e-01
1.031524386267352600e-01
1.554307794107926133e-01
2.336361815777788509e-01
2.090774068802668528e-01
1.883441414830345495e-01
2.447676492545123872e-01
9.006944758938624507e-02
2.541245619912486653e-01
6.947207425812193526e-02
1.046733590139781456e-01
9.683398595720421609e-02
3.226520674030320390e-01
1.298177880024644903e-01
3.104812839960776061e-01
1.415318868296911448e-01
3.163615261584908356e-01
1.282133749333977113e-01
1.817205543262511158e-01
3.303527136521424712e-01
2.479171859679389078e-01
1.276611854644231214e-01
5.443926743641060856e-02
3.334124743699643512e-01
2.914514997256852924e-01
6.659031359246067594e-02
3.396330983656294378e-01
1.475713152291645014e-01
4.697941435326882104e-02
2.250177645765864265e-01
1.425062971257799183e-01
1.431818955916160929e-01
3.071273726572512075e-01
6.907235757874947979e-02
3.025932895679416812e-01
2.429364890647155439e-01
5.707052436758295461e-02
2.483221369564703462e-01
1.006751966387498393e-01
1.647895829683606872e-01
1.712091889408165757e-01
1.302568003233704197e-01
3.268248106094628902e-01
6.448351708577897135e-02
2.989043797114834811e-01
1.013422691247016089e-01
1.961527792990942765e-01
2.929133987984359200e-01
1.584428554295865821e-01
1.124745478580604918e-01
8.768622821876850826e-02
1.017213987331964109e-01
3.076198721444671214e-01
2.708069802187177966e-01
2.845318602493390192e-01
1.312607460069210030e-01
9.422053541317661207e-02
1.763378751792156474e-01
2.783962194338920892e-01
1.856967143876576687e-01
7.022128576232139485e-02
1.043992111536399120e-01
2.902319052762015739e-01
7.912340028019620997e-02
5.942012438449986028e-02
9.800021462365324232e-02
8.883846813664121600e-02
2.843759484708503482e-01
1.576184755020220429e-01
2.681829811128324526e-01
3.055978544179712708e-01
1.508010620871083340e-01
2.954035978089674108e-01
2.734381927644905508e-01
4.833152404201802171e-02
1.689595284140578690e-01
1.767676621223010780e-01
3.084169226059226276e-01
2.988425036410981561e-01
9.348363669633552586e-02
1.440384070716905773e-01
3.097830372070997096e-01
2.639847611646903291e-01
1.825357012172300619e-01
7.488841216684714863e-02
1.997431888073741557e-01
2.440169136696935526e-01
7.800970355615109708e-02
2.114040783698114268e-01
1.373497935446522933e-01
3.401136668143789343e-01
1.137482004655304690e-01
3.023662076660056375e-01
2.669275599935869159e-01
2.108592951312680819e-01
1.446117205176494780e-01
1.280769597429457785e-01
2.555901112582110724e-01
3.245700575403260846e-01
2.807754500827333022e-01
1.021912399592576626e-01
2.393746586223190476e-01
4.900549745351764214e-02
2.108802457159735244e-01
1.089563650559580293e-01
2.399504149316835089e-01
2.618911220303796195e-01
5.665042073366442082e-02
3.353975048411150239e-01
1.919135099961810365e-01
1.019817707024221753e-01
2.814389387071347115e-01
1.074850890364818096e-01
1.779640986592878615e-01
8.158386360864798570e-02
2.814101741424019920e-01
2.990850030886588184e-01
2.915017196892503715e-01
2.516128617716196780e-01
3.076146439452997483e-01
5.469293310853504814e-02
1.402752128722133396e-01
1.115619459717628187e-01
2.812898978770464464e-01
1.182478674243453154e-01
1.023478789080764367e-01
1.088172787003825331e-01
1.001711992882233226e-01
3.080065995072944207e-01
2.932705820213855619e-01
2.926198407577405014e-01
3.044902763523064104e-01
3.251143848796113622e-01
1.248460338898543659e-01
3.224396014759595142e-01
7.265039941333172047e-02
3.372265573317331788e-01
2.823551188967357017e-01
1.125123944344720156e-01
9.855460472280778983e-02
2.268032172073495834e-01
1.013619998024501700e-01
1.136944984433483630e-01
1.124767036001279447e-01
8.796551149998847741e-02
1.413953693321352290e-01
1.209757128341204385e-01
2.441315596069480731e-01
1.027804061710745481e-01
1.620041685468584791e-01
1.414264367656633548e-01
2.168891975647438408e-01
2.947846222935452953e-01
2.388769161402615471e-01
9.877950361837957438e-02
1.445989119669836287e-01
9.654451894837330628e-02
6.365197780219618295e-02
1.355135501909582041e-01
3.028803124031778649e-01
3.056419244567805116e-01
1.262072498491738359e-01
1.721086538302552538e-01
1.007850280274784488e-01
2.900996504068303894e-01
2.375827081673372310e-01
2.982927712157563693e-01
2.811989096682414591e-01
1.155685046282503153e-01
2.068624722796152393e-01
1.392431063965300919e-01
2.781564542272493279e-01
2.701336796907670146e-01
1.343340591703833797e-01
2.737334771517092591e-01
1.427799567967293626e-01
2.355717085886965267e-01
2.919816359607728673e-01
2.599674242390428991e-01
2.813183325415506419e-01
1.017214613890658897e-01
1.090229610561497808e-01
1.935002843682508133e-01
3.359897435613217187e-01
1.102527655081210339e-01
2.265155346908589440e-01
2.714072182045065285e-01
2.880724103359330046e-01
3.068055979706491021e-01
1.751526029764817749e-01
1.456913859974001135e-01
2.637920208980813475e-01
2.371963266359680966e-01
1.909790571199227183e-01
3.136696149750933249e-01
2.458576945107259770e-01
3.188340921240389036e-01
2.160973830480370506e-01
1.247597773614346761e-01
6.842766894941271216e-02
1.977084192570246479e-01
1.020943896205803308e-01
1.332533533894441347e-01
2.864235166975023228e-01
1.668213324772384043e-01
1.571284417680688938e-01
7.725111646086707529e-02
3.016215273266162900e-01
6.949615718122970076e-02
2.050783408513505712e-01
3.037838750086125916e-01
2.448007370352873746e-01
2.585331220018400877e-01
3.009088488325668553e-01
1.133335100699807835e-01
2.190521655111007659e-01
3.307466401228730257e-01
2.648203348989225936e-01
2.264044199295738857e-01
1.346745040848528197e-01
2.561731033490833864e-01
1.494965699263577641e-01
2.943887132372512427e-01
1.345989914333533544e-01
2.902495349136522962e-01
3.109436399678193741e-01
1.208047135482014228e-01
6.406269794913645177e-02
9.102153437218814258e-02
1.550883095267900358e-01
1.186811788123054712e-01
3.065573892694502534e-01
2.095022964789203246e-01
2.412878537232519272e-01
6.944758854514726520e-02
2.130722511474650305e-01
3.283158393512818352e-01
5.280130641862971347e-02
3.273610537947684862e-01
5.480762930970079633e-02
2.441666635632533666e-01
2.690519242734197847e-01
5.793892787120717702e-02
2.412280982995287648e-01
3.112688464831142587e-01
1.587555119378364354e-01
9.870001742101539022e-02
7.156761165739693176e-02
1.171285608821573121e-01
9.067975041546373627e-02
8.591910596217519624e-02
3.186157290641462025e-01
1.927992564263354969e-01
9.923754228737999283e-02
8.649175200150167886e-02
1.371513060132810435e-01
2.257434245314931809e-01
1.015541815570867451e-01
2.460358902933723613e-01
1.070426223442795394e-01
1.579843550185009160e-01
1.002049469120617625e-01
1.197937287640167686e-01
2.221126923319158564e-01
1.718788139624067846e-01
2.254445990634503794e-01
7.222976609986006546e-02
3.333756244454261219e-01
2.207329826175425114e-01
1.936523636460076303e-01
1.536203140977406567e-01
