3.817994953120511237e-02
1.497272532295464338e-04
2.044194392013243822e-01
2.518237475054942998e-01
2.145802356236948261e-01
7.045685613133158276e-02
2.540636709530775250e-01
2.644187122751247565e-01
2.419747665590544217e-01
1.275925536801287008e-01
4.269305977815811975e-02
2.588991388878229549e-01
3.155474980579311972e-01
2.982921656779733421e-01
2.889511796439808156e-01
2.062687508480849086e-01
2.718610515875349298e-01
1.879453954884062195e-01
2.606424578300362560e-01
2.292183871330394085e-01
2.568737756133808725e-01
2.661841095632043186e-01
1.093439087665316195e-01
2.545927733967450202e-01
1.213669116996817787e-01
1.120896822718632849e-02
3.047007696151727285e-01
2.814180678099847399e-01
4.880598863879484495e-02
1.550966683203751084e-01
1.863084286165428982e-01
3.172763788806401974e-01
2.023189704761483854e-01
2.410850813539723581e-01
2.460094971631412997e-01
1.373988567225534474e-01
5.665083044881509544e-03
9.425980060900648883e-02
2.663205838921938184e-01
2.706646661028463963e-01
2.020595967436226714e-01
3.565725181447332304e-02
2.756035900990896348e-01
2.939577102382056684e-04
2.814605395644973473e-01
1.335217785597143658e-01
1.519702839541775541e-01
2.847007936156576435e-01
1.374281488552094865e-01
1.220637666127816212e-01
3.251173876862639700e-01
1.639688547556519549e-01
2.547272275878403880e-01
4.374021055189854928e-03
1.859966355956285677e-01
1.834895347246241204e-01
2.073495971696522611e-01
1.415211567998678477e-01
1.469677095283914436e-01
1.906213245486820251e-01
2.003653558141919588e-01
2.073956148864548599e-01
8.153016076761207542e-02
9.606560948800525745e-02
1.604603194329609350e-01
1.693358446582193255e-01
2.391253919983534204e-01
1.790329941006469370e-04
1.608021876799437533e-01
2.730853751641978966e-01
1.085743730977439120e-01
1.401014734273910989e-01
2.098553156532163566e-01
2.064436158308693980e-01
2.493011278379013984e-01
1.917835172763208418e-01
1.085986039936182312e-01
5.258780368960129167e-03
1.775338092456634487e-01
2.423650804657944691e-01
2.228526782585289190e-01
4.491991403877448712e-03
2.323765907277506593e-01
1.639657858839920213e-01
2.282293319102474682e-01
1.620126772599108644e-01
2.097107955562038661e-01
1.193930015245361353e-01
9.774856182731071763e-02
2.745626354744964415e-01
2.327613276619557026e-01
1.851607098507722093e-01
1.560472977628663271e-01
3.292941869710930280e-01
1.991413076870436893e-01
9.321753066962261414e-02
2.378618376867489559e-01
2.296865553834774865e-01
2.303694920777792643e-01
1.255770178070960141e-01
1.321061404301484277e-01
1.396755555110584246e-01
2.151424272816284400e-01
1.253487560477871132e-01
2.671045296861607188e-01
2.309873470953590080e-01
3.428527991025259181e-01
3.373828877016784022e-01
2.304187197085229566e-01
1.972346918256291659e-01
1.893634946299091459e-01
1.405277577362842312e-01
2.557232181449439201e-01
2.450476957775274134e-01
3.153517711027659098e-01
1.561503168385151019e-01
1.987295274901481057e-01
1.493043859907790538e-01
1.767410346501349649e-01
1.480928083309422660e-01
1.615765267130476746e-01
9.614513685266570797e-02
2.245073187135740445e-01
1.445685573343989672e-01
1.303461614775036637e-01
2.437132627226312742e-01
2.997005088763161629e-01
1.740688085406101593e-01
2.360973977063271223e-01
2.918644756651342931e-01
9.752792649063708741e-02
3.455448027423349000e-01
2.472404650901288692e-01
1.896658296303799784e-01
3.272098823913573429e-01
1.177392158817175682e-01
1.343721555370676612e-01
1.365853503778483302e-01
1.179509728413881409e-01
1.532652633155260347e-01
2.423155534630062335e-01
1.805339565515299283e-01
1.309569881957624859e-01
2.406781501305687021e-01
3.367415598789157416e-01
1.869844049843790712e-01
2.976208433541955301e-01
1.415538120360902985e-01
2.503498001479075308e-01
2.954369376327490304e-01
2.237505826110313956e-01
1.345207329134199825e-01
2.429090146154207208e-01
1.435899366836677349e-01
2.135146806828136512e-01
2.024401036037633828e-01
1.712384557217281889e-01
1.300175811437688511e-01
2.708642251659232336e-01
2.898238736754655265e-01
1.735052742806424964e-01
1.701663186381648374e-01
1.907790277539966328e-01
1.646579635067846048e-01
3.282219153976772552e-01
2.785623943502010813e-01
1.575426471030347830e-01
2.092513103065730407e-01
9.416507418626515746e-02
3.952781976984200835e-03
1.982004592300824486e-01
1.453117854773377238e-01
3.505887779992415965e-01
1.669270206986065430e-01
1.351644363803459169e-02
2.266813825568392560e-01
1.963660729856309128e-01
2.152257967949038342e-01
4.287435804530600157e-03
2.953532116981995581e-01
2.642767345131146195e-01
9.550617165495953187e-02
3.140418445060886299e-01
1.972996354032866828e-01
2.745793416630481487e-01
2.684239161483352731e-01
1.150620632757697187e-01
3.495671515921187633e-01
5.749154371510543926e-02
2.094319429323365234e-01
1.944675008790199000e-01
2.142270149719939509e-01
2.946289918944292041e-01
1.905402712579585822e-01
1.276775328587083369e-01
3.507225876242515694e-01
2.249887562638491489e-01
2.149277159095273337e-01
2.186616349784086324e-02
1.972698038231249507e-01
2.224767888832747745e-02
8.826307448517642373e-02
1.131381704379143677e-01
2.972813376023398790e-01
1.363834488909324294e-01
2.815457022609668680e-01
1.713029303162912353e-01
2.831716969730090905e-01
2.426826634419260442e-01
2.131796107877288460e-01
1.276521005140955622e-01
1.922625466459582655e-01
3.343424876494591746e-01
2.569194179659291533e-01
1.422369765483596504e-01
1.553945611622971346e-01
3.143058353435435048e-01
3.468776183444345351e-01
1.611549196392190464e-01
2.004770579886019366e-01
1.846967242022129691e-03
2.013702849592535673e-03
3.181702509199316742e-01
1.696515981857436572e-01
1.084478634754293125e-01
2.266679679643005263e-01
2.713877995856841530e-01
2.384868741238448941e-01
2.018829191020143632e-01
1.651805689150993017e-01
1.940718351275703968e-01
7.395107458799112139e-03
1.391943294491977123e-01
3.135952795988182218e-01
1.610960520409122632e-01
2.787285790637112903e-01
3.093110000036685125e-01
1.933168037819111840e-01
2.184963786358576632e-01
3.505003107180328925e-01
6.307430721151531527e-02
3.116211212372090311e-01
2.671649672744604853e-01
1.636905437939819852e-01
1.446211946944145621e-01
2.360217433475814142e-01
1.897735000639896308e-01
1.729940611183334864e-01
1.601094063749774199e-01
2.281696475299729854e-01
1.622939307594799541e-01
1.936396158623633927e-03
3.188181080647478627e-01
3.313198080706037940e-01
3.301349497139846600e-01
2.143801395111268604e-01
2.920269309238088251e-01
2.776305870405058607e-01
2.323183693919450565e-01
1.737999187544550794e-01
1.284325732442878620e-01
1.161029566988376338e-01
1.001955120476347855e-01
1.258139189072287646e-02
1.535861422723008296e-01
2.207978461507211221e-01
1.969895617257311216e-01
2.918139274235311276e-01
9.755907444056553801e-02
1.946063638336844592e-01
1.288035766032135376e-01
1.330094351288562959e-01
1.182805279196296883e-01
3.386273222866987287e-01
3.392191875181266858e-01
1.393481401439937151e-01
1.448133196144611445e-01
3.062152744256134151e-01
1.657494447133900095e-01
1.333800274881236647e-01
1.487141645966587600e-01
2.746243896032173337e-01
1.765735242902314595e-01
1.706752776031357222e-01
3.804137255679023583e-02
1.641768753226826860e-01
2.817178315291531954e-01
1.536927628802156331e-01
1.875284156816676706e-01
3.141499235844477100e-01
3.160737398984926096e-03
2.463165122527354867e-01
1.674994134886696462e-01
1.309319401500264046e-01
1.513885770464769298e-01
1.973618860216070081e-01
2.793672900362735301e-01
2.463604980168770664e-01
1.728531541055377541e-01
3.075067673404066615e-01
1.708098445210712579e-01
1.725692872164670544e-01
7.723234526381134168e-02
2.661394699007839648e-01
3.449322993060258691e-01
2.845877387477800946e-01
2.639159983260811471e-01
9.845790106501586814e-02
1.699074727076350655e-01
2.275155662950682778e-01
1.178956107499879169e-01
1.423225669828107054e-01
2.556882989535922968e-01
2.725728133084043825e-01
2.897290626752168086e-01
1.787954705214981066e-01
1.536876966336646888e-01
2.265454334780587498e-01
1.585592149856764888e-01
3.305987642496667767e-01
1.319573692650247432e-01
2.960435009180766297e-01
2.847710906665842923e-01
1.668364028179525616e-01
2.986553667413153756e-01
2.100573637217839906e-01
1.987173811116852151e-01
3.231813849468965771e-01
2.945966325426132570e-01
2.634743822261579882e-01
1.664973524999496524e-01
2.128636505530433487e-01
2.308615229102339572e-01
1.257571102124884765e-01
2.019900627818679018e-01
2.036969764668805916e-01
2.632105668294542622e-01
2.514845773659403760e-01
1.070323051318584212e-01
2.178634004383114831e-01
3.377488008360478994e-02
1.215141335531112476e-01
1.522259275862149208e-01
1.612831580166026735e-01
3.215514500382562479e-01
1.456401319310084708e-01
1.527076756301230520e-01
2.368680298948811769e-01
2.909360987628534234e-01
2.143360017161866637e-01
2.257871953078946503e-01
1.794767676813432411e-01
2.896824234981018598e-02
1.279221841768141132e-01
1.787197318082359709e-01
3.306510209930808575e-01
1.734809644777408344e-01
1.796811605900475728e-01
2.646396160367530670e-01
1.748735587727168472e-01
2.418300342674218617e-01
1.630923659768187262e-01
1.819832423380914055e-01
2.881334096706688053e-01
2.180863852684704340e-01
2.132823327488437837e-01
1.775457606335812122e-01
1.332603291570750026e-01
2.037625531903406451e-01
1.865145217382628562e-01
2.771895948415408761e-01
2.536033429461599931e-01
1.300135625335410994e-01
1.595605845088685359e-01
3.464200943638639507e-01
3.272147948855959332e-02
2.362583791746759587e-01
2.707866081694059734e-01
2.775321088029595873e-01
1.316093955821142636e-01
2.127245559013746234e-01
1.578757696267615307e-01
4.412825238266206151e-02
1.684929281184601169e-01
2.480909643333854553e-01
1.078645507121527569e-01
2.322562042078581968e-01
1.555486819550357114e-01
1.893677357635835390e-01
2.204404217797586718e-01
3.383019807267015899e-01
2.415423574092581405e-01
1.210079793520618535e-01
2.498772277588439672e-01
2.652387411163006359e-01
3.312903622938059844e-01
2.152112080756863888e-01
2.781470901261600126e-01
2.546575272209261609e-01
2.192470497986873101e-01
2.170405075734147260e-01
2.367142033583376215e-02
1.444273083197056828e-01
2.286782392874462666e-01
1.412062110840164864e-01
1.824464118294002180e-01
2.650094489925765573e-01
2.478714674284032693e-01
2.783845286146724440e-01
1.198510092035985908e-01
1.935313601871848643e-01
2.015277741341875983e-01
1.366234756188665633e-01
2.695647581126706660e-01
2.870574820506703317e-01
4.962182907694826645e-02
1.877098980858239383e-02
1.450591661576376701e-01
1.754973332045585144e-01
1.458309142733690000e-01
1.772178541277392716e-01
2.203189017917893955e-01
1.955014040210481807e-01
2.007181102136659789e-01
1.083474187856223597e-01
3.392493194501171594e-01
3.382652679392322836e-01
2.887233541349069621e-01
2.538922302260985253e-01
2.196216929585276811e-01
2.516123819494980873e-01
1.856033986109327863e-04
2.356496989388315033e-01
3.268579200347998537e-01
2.400382610381897319e-01
2.182972760730429729e-01
2.401691230144687716e-01
1.617049991655255536e-01
3.175960553964527477e-01
3.025760081199492801e-01
1.928281481998826430e-01
1.845287117886262040e-01
1.594051479980454766e-01
1.810146434553361883e-01
2.721688562055138982e-01
8.639080875915383997e-03
1.959098473320235734e-01
2.840557901036404043e-01
1.184925061630596847e-02
1.635766148075908089e-01
1.152779352818413261e-01
1.905554821633646811e-01
2.659231307345766848e-01
4.372676325219629692e-03
1.564561139073292195e-01
3.323495583950757393e-01
5.431647164985979603e-02
1.625393058349084152e-01
1.879327586040137887e-01
1.274423362010882743e-01
1.719822447909434837e-01
3.065435822174746305e-01
1.879157152928162267e-01
2.113489218279608062e-01
2.677219741832164712e-01
2.086916559331520038e-01
1.668697567271031912e-01
2.256081099514498367e-01
2.807766381255477617e-01
1.583356787874506955e-01
2.389776026715658697e-01
3.428623653484130229e-01
3.148034787216675845e-01
2.484926372620513135e-01
1.967030345353884546e-01
1.349002687172831949e-01
2.413020030358934420e-01
2.052726921225641599e-01
1.514158227748954033e-01
2.368471962987397650e-01
2.891690563572740236e-01
2.085298302828552108e-01
3.393942102025273022e-01
2.361297807763418355e-01
1.247215636208690165e-01
3.117868491763563510e-01
2.978266388667538678e-01
1.669662939097631693e-01
1.484812809242387066e-01
3.030384957567295312e-01
2.406682937682662615e-01
1.658955083836875510e-01
4.198843421431694943e-03
2.130063978198787900e-01
1.771441556276472373e-01
3.508927529640293308e-01
2.014948840021921206e-01
1.041750965904276599e-01
1.683952812964514267e-01
1.583015033735467592e-01
1.514777093399135022e-01
1.734646452869651745e-01
2.832647718761679423e-01
2.601625101263167483e-01
2.673834399726850442e-01
3.254753599868674407e-01
2.943492471156360368e-01
1.601255949527974065e-01
1.996695325367107143e-01
8.935522958471098925e-03
2.713804263832648722e-01
1.830989882370999133e-01
3.231833828139238363e-01
2.533687528059838656e-01
1.744070665020402977e-01
1.176564448558115872e-01
2.409065274366254394e-01
3.070627806249796032e-01
1.564501323373184982e-01
2.004619337367032628e-01
1.764398438045576833e-01
1.124417306568968461e-01
3.194632996691559312e-01
1.602645929645820366e-01
1.617294089037933646e-01
1.869304465448886343e-01
1.454983121608039998e-01
2.266306178346430833e-01
1.583644499721027776e-01
3.164244088581347758e-01
1.864597667773441880e-01
2.460683996978291488e-01
1.942580879027383800e-01
1.103546852751936293e-02
2.990172787298490120e-01
3.233525889615486149e-01
3.170487125282550611e-01
8.739087104663317840e-02
3.257624289304157372e-01
1.977166554039382906e-01
2.026464859878271685e-01
2.935353798662174857e-02
1.674834620343602087e-01
1.085491117207788014e-01
2.193541660443109609e-01
3.395411058782226155e-01
2.088528071664760288e-01
1.859717651348631040e-01
2.961899108388679203e-01
1.122729953406627901e-01
1.748330786203615150e-01
1.186555092493859487e-01
1.741434015398987123e-01
2.039835212191684344e-01
5.864113528460734859e-02
2.592646825197768568e-01
2.157623563096952024e-01
2.212536764222817198e-01
1.591416774864496675e-01
4.822484502822751290e-02
2.288354052880188505e-01
3.174925208302157298e-01
3.390927546662635406e-01
2.340588175728487430e-01
2.392218173175552354e-01
3.366723036086156085e-01
2.359694037703499447e-01
1.671987990398270674e-01
2.002974275899027934e-01
2.934267921043698379e-01
2.219788946384609607e-01
8.318393092682757617e-02
2.869497538127705263e-02
1.144914767726094990e-01
1.848771762419573750e-01
2.834330610413449483e-02
2.853699022152753617e-01
1.508334034812650881e-01
3.457997067779109979e-01
2.809320125377315902e-01
2.080755175861557227e-01
2.478716290183627380e-01
1.459408117928602810e-01
2.470093060603700541e-01
3.288366794336901044e-01
2.617835502335956743e-01
1.587239186524969647e-01
3.071925361121601861e-01
3.312471156199763289e-01
8.477320835148585698e-02
2.353233328515592360e-01
3.419953438046229865e-01
1.728665508082847801e-01
1.053170684405433932e-01
1.771038937111953648e-01
3.266248317651149202e-01
2.528027085118723649e-01
1.368821290218219799e-01
1.677111279926960519e-01
2.474832999487008856e-01
1.478389020747782889e-01
3.380773411269004658e-01
2.283133768766200111e-01
2.202867864623864191e-01
1.767445436796869218e-01
1.270177040320068229e-01
1.662144284036297104e-01
1.360627408532791571e-01
2.858863986514644309e-02
2.541444249389255283e-01
1.652876765607683984e-01
1.684994066242008481e-01
1.605676240647943842e-01
2.971923241557448137e-01
1.800236111498892122e-01
2.556910022038499375e-01
1.746694214838388493e-01
2.077141445225376415e-01
2.553858312031511701e-01
1.506841971886910825e-01
1.447901415360027810e-01
2.197269293940022072e-01
1.449854129909310674e-01
1.831040229199135116e-01
1.873163259636375939e-03
1.290417119297523618e-01
2.004473985905212974e-01
2.412442672325835202e-01
2.663837344710225374e-01
2.195106899792754751e-01
3.116029069190087708e-01
1.632397771170080725e-01
3.434347851664191209e-01
2.883601251257766895e-01
2.009681845571900660e-01
3.359970869265391791e-01
2.571975178332305267e-01
1.975445309185581422e-01
3.476300857086990770e-01
1.587365107523570629e-01
1.079931027266120697e-01
6.525021262147124960e-03
3.992248401459133622e-03
1.228631891697021389e-01
9.540956986482478780e-03
2.365198012736301758e-01
1.789887776478471526e-01
1.443935968919264345e-01
1.238042790294223289e-01
1.822317736139164313e-01
3.237091263739226288e-01
2.142105431240097224e-01
3.155156225589730301e-01
2.490798265688458635e-01
1.311505690683822667e-01
2.756576736372466363e-01
1.815901476498734401e-01
2.389005242076249202e-01
1.649091372893334018e-01
2.096060023360698799e-01
1.496101240148727494e-02
2.026924553096502712e-01
2.709624148108843444e-01
3.292989751526542719e-01
3.053893885005664055e-01
1.468663574609065381e-01
1.266265586924439964e-03
1.234058863783881188e-01
2.706315058208995095e-01
3.392075834404985057e-01
1.415156482134904414e-01
2.390145490368145442e-01
5.274486832657841046e-02
2.797459946480915782e-01
1.594245123387289798e-01
2.148535336301540533e-01
1.108763587218557084e-01
3.108112470464052812e-01
9.036762038250711893e-02
1.813739282868087332e-01
3.088823702878967792e-02
2.350610640901872050e-01
3.462233369613422762e-01
1.425251506535671620e-01
2.932528131014560113e-01
2.639594336881163072e-01
1.846135329077307763e-01
2.982215208795833267e-02
2.552821895218302939e-01
1.316688974627924502e-01
3.278157940146199101e-01
1.931783052942685208e-01
2.416816336593596015e-01
2.436547076741938100e-01
3.045499495172971360e-01
1.943272357254991270e-02
2.588219446162942639e-01
1.703593391843520322e-01
4.898785429448518532e-03
1.643155720197170544e-01
2.536826965357101282e-01
1.685721444219100973e-01
2.178444086868630003e-01
2.703687580672583524e-01
1.902736078613920800e-01
1.536374122021126332e-01
8.646049108850637974e-03
1.638690394034121589e-01
2.020959520978374280e-01
3.117537633481134995e-01
2.557808269777506749e-01
2.848057213316654290e-01
3.414680845726407975e-03
2.683649238337407206e-01
1.437818349629295667e-01
2.366126154806721393e-01
2.088486655811043202e-01
2.385935820258560103e-01
5.335137132946030092e-02
3.286626759824192723e-01
1.357995890577620990e-01
1.099626096341736747e-02
2.506817986611891147e-01
2.627539420796999869e-01
2.595019126704885357e-03
2.531298519304264194e-01
3.263557948603785230e-01
1.076195689228250513e-01
1.199139363027757199e-01
3.435016107046239275e-01
2.198985590958249248e-01
2.297587544285277228e-01
3.085350395242219546e-01
1.279052743854679486e-01
2.173634705360635577e-01
7.584443620867297418e-03
2.705064728332076673e-01
3.214100665821476716e-02
1.945868258024155140e-01
1.615985130012238535e-01
1.772257504919134419e-01
2.836778702552019138e-01
1.522477989832606848e-01
2.406717707944381612e-01
2.446637706900728626e-01
1.145570079512604061e-01
2.467293097999310181e-01
1.282006562326468424e-01
2.097182919282734315e-01
3.438062894229415578e-01
2.190245749954723153e-01
1.293905345078538993e-01
3.461450353191344257e-03
2.805286902522070580e-01
1.689245112414012040e-01
1.148346169490652158e-01
2.559911002529711710e-01
3.278556929983506008e-01
2.217186680537954480e-01
1.920949619025114630e-01
3.366203391237466702e-01
2.648154689004526552e-01
1.024401904141696157e-01
1.874303468055917299e-01
2.341027601069939901e-01
2.679512089713665390e-01
2.022542096730389760e-01
3.135300131358177977e-01
2.195806971446978284e-01
1.741173314689735130e-01
4.388724202171146588e-02
2.869750372735997423e-01
2.156915521912995959e-01
1.809100962536971946e-01
9.940256827504093118e-02
2.582045712880350896e-01
2.252670619828349707e-01
2.678180879777625201e-01
2.812937186564594128e-01
1.197381709496369573e-01
2.626621775710608064e-01
2.128726846465550382e-01
2.799997648948195361e-01
2.963234894160903798e-01
1.404575389675016828e-01
1.755186397423068312e-01
2.958041394762568888e-01
2.156691294602455788e-01
2.174551584971889384e-01
2.978153085766871988e-01
2.298543377794563525e-01
1.839501962485025899e-01
1.092274899820556144e-01
1.363674244448273010e-01
1.064603321006909464e-01
1.842213623843706460e-01
2.988058143205475359e-01
1.282731028464565992e-01
3.451285703324570853e-01
2.009252383941608766e-01
1.865343490644949531e-01
1.579869654552729930e-01
2.231876906868735244e-01
2.717186707503292387e-01
2.506988400076080592e-01
2.524945580525074229e-01
1.636232794531229939e-01
1.736848615319648015e-01
1.956081706011691124e-01
2.752879616483275282e-01
1.698263987612845805e-01
1.253983889341948321e-01
2.001193068576684331e-01
1.546489180831528143e-01
1.305632315464454463e-01
2.318204809212706663e-01
3.477322252900305055e-01
2.667145081426376962e-01
3.293017149572693425e-01
2.189107068686889923e-01
2.013227797293928312e-01
3.577064617944912539e-02
2.959428894100066820e-01
3.042161658964687154e-01
1.571569127388914577e-01
1.842624615383677555e-01
1.404440556436114262e-01
1.169132369447204584e-01
3.528825114911830485e-01
1.812259810387644998e-01
1.930513367602788577e-01
3.443709833334712526e-03
1.427974211777050251e-01
1.633696117938986947e-01
3.280969205450520176e-01
2.561951012646780934e-01
3.226890150091877851e-01
4.232403554458115391e-02
2.669798764698322335e-01
1.245452489655095168e-01
1.664477259986930635e-01
1.749324345437522354e-01
2.348028016304636867e-01
1.996027216264279480e-01
9.334873027384603394e-02
2.840879901130779484e-01
2.068435392823642638e-01
1.021842483535321811e-01
1.828830348002319917e-01
7.718845918967271857e-04
3.008798690996712932e-01
3.066793209474183435e-01
1.726238633682749823e-01
3.015023746833028206e-01
2.043929333098191969e-01
1.689986084907610653e-01
2.499260846907113143e-01
2.523058063938539153e-01
1.269345996596633608e-01
1.198677538819084287e-01
2.257992432726481924e-01
3.010239239072541317e-01
2.569054835986643859e-01
3.037761188952288194e-01
3.484779303751638913e-01
1.947762730155115085e-01
1.207119633115350281e-03
7.075203636438623118e-04
3.399889339793037424e-01
7.002949167668852393e-02
1.651978555565756512e-01
2.488589086019153962e-01
1.445753041415404339e-01
2.018836752826554948e-01
1.594184084298173182e-02
1.201967496539046026e-01
2.750517584204781318e-01
2.515227620246233142e-01
1.436303635030896642e-01
1.356452007951076122e-01
2.534716715094620931e-01
2.497809425010429907e-01
1.744339140361231832e-01
2.343550171365836876e-01
2.001073100889451395e-01
2.429014906497889426e-01
2.492484099087066141e-01
8.766456602588648672e-02
2.180643518000842385e-01
1.807906178509147699e-01
1.630175648716931103e-01
1.953438400300891997e-01
1.985165690349752488e-01
2.412102101456655989e-01
3.965751606470249713e-02
3.104644725152496121e-01
1.554607838368068711e-03
3.816824216086844293e-04
3.038812654500496202e-01
7.083946681812976209e-02
1.236854983246254563e-01
2.371013637418614151e-01
1.678986309857421755e-01
3.525158029045722952e-01
1.556239820764405424e-01
1.709338138721875067e-01
1.601444985183018699e-01
1.865070890587399444e-01
2.441290908832804141e-01
3.516999587097762170e-01
2.708241117134256859e-01
2.504258321566924517e-01
7.642129218656727382e-03
1.326811883665439951e-01
1.533829304290357798e-01
2.464414875294511087e-01
2.472745894613413015e-02
1.698007663784895926e-01
7.830499186475316231e-02
1.889667273655234736e-01
2.900483268483309840e-01
5.999540437666715104e-02
5.690757181842278495e-02
1.617568591027322977e-01
1.775730968747181726e-01
4.356359696517086294e-02
2.954905837703938887e-01
1.953725545532672137e-01
2.573174080621897786e-01
2.412533635328928672e-01
2.856336950844486910e-01
1.889853058144898845e-01
3.201631480524144702e-01
2.535614388222989790e-01
2.448436097759033037e-01
8.928943014530912881e-03
1.550457002267968676e-01
1.706460517952523848e-01
2.723900098722691343e-01
1.464079543702598851e-01
2.656055374992991602e-01
3.078726142353997997e-01
8.876624633476086490e-02
2.427114121563348215e-01
2.430072978324349375e-01
1.482953464949357258e-01
2.639340907739839981e-01
3.017367394426561100e-01
3.754577481114921601e-03
2.021769622133723632e-01
3.376221764791934588e-01
2.934034780005962406e-01
2.734253425108680857e-01
1.538991976853441301e-01
1.473055784413585534e-01
2.201713674136527021e-01
1.110100909210585129e-01
1.169530637286064767e-01
2.095522148013426733e-01
1.624193471418239609e-01
1.511508353335334065e-01
1.620124196624314894e-01
2.161046576033890110e-01
8.766478925370929653e-02
1.712740102022949906e-01
1.618979783952314289e-01
1.681603623852930274e-01
3.212006671360277954e-01
1.109539570832646233e-01
1.494746706751554632e-01
2.454853842154559526e-03
2.448022926623862616e-01
1.425672072228847675e-01
2.379812514360077624e-01
2.417886405130401095e-01
2.891563489990480688e-03
2.641855743913083532e-01
1.080820993828533749e-01
2.915199824907029336e-01
9.921577429360489697e-02
2.203925880286971284e-01
1.147094522629584779e-01
2.893573025824157097e-01
1.518343836947044223e-01
2.901899563109210378e-01
1.527006266146829216e-01
1.466988353006968837e-01
1.389843931944561295e-01
2.229566583398327195e-01
2.579459525175178403e-01
9.425571116248566972e-02
1.144146107928221828e-01
6.868018149483767418e-03
2.309583012981247241e-01
2.231067192737846150e-01
2.749234648091141708e-01
1.453995007289954067e-01
1.300501990361070115e-01
1.586495789240260912e-01
2.612129599773831967e-01
