1.246740857670425862e-01
1.802060387748119774e-01
3.442196458749470223e-01
2.591933914728794530e-01
2.860793288558211023e-01
3.449943446404211134e-01
2.970294402799240618e-01
2.980626546277080902e-01
2.309982668116937476e-01
3.083943417485595639e-01
1.033944151207691481e-01
1.980924407496744699e-01
2.541102845708246849e-01
1.794107923255970349e-01
1.921808181069954158e-01
2.018827865782861219e-01
1.674229914746824532e-01
2.810879576024375437e-01
2.659461741907897525e-01
2.553506051169625035e-01
3.330802303358746386e-01
1.673132487432668902e-01
1.836143890315315441e-01
1.400046853519578416e-01
3.382442936690240320e-01
2.767038199588376379e-01
2.544444875109294624e-01
2.925144537809727940e-01
1.524791175378487074e-01
2.466402505101673859e-01
1.191104336883025694e-01
1.228772190507307904e-01
8.740617400309182161e-02
8.311546717118703520e-02
6.851035265270870311e-02
2.558336447257426594e-01
1.211301064518973958e-01
3.163836945626351538e-01
2.890907282374343135e-01
7.534822364114072968e-02
1.125446495511594897e-01
1.626300172477448680e-01
2.096007456797402690e-01
7.373955120629827054e-02
2.036683693731362321e-01
3.065239265154300341e-01
1.638236486240116918e-01
2.935521584899682401e-01
2.900908726235276180e-01
2.535059777721321295e-01
1.079662688758067229e-01
1.925442554866986511e-01
8.634315004539740157e-02
2.141437421382315909e-01
2.121540902581252330e-01
2.772134367408727873e-01
3.214677941939469430e-01
2.248762931919528474e-01
2.395086009913906522e-01
1.067322244174355034e-01
3.469104377792166516e-01
1.076299593704685281e-01
1.449526178273131127e-01
1.656289342267105169e-01
3.131888493141951058e-01
1.060524855925591287e-01
1.342888194715517736e-01
2.738330675481908116e-01
2.732347212592026731e-01
2.763241724000383703e-01
2.327488659510149605e-01
1.838753979035946673e-01
2.020367693482902627e-01
3.359983992948001874e-01
2.749028954885333054e-01
1.457331090820657704e-01
2.752027494219350667e-01
3.297455698257683587e-01
1.255908727096743671e-01
7.262213637068049010e-02
1.594503692934209904e-01
3.114847130167255895e-01
1.392373159339310995e-01
2.421870504664028478e-01
3.441128866925992069e-01
2.648246379594795807e-01
2.917761241331461863e-01
3.135311645668564795e-01
1.755774395859609205e-01
1.061150310863113316e-01
2.568718533271223126e-01
2.287610851689912961e-01
2.925024123600051262e-01
1.118330882462693909e-01
3.364782708681607892e-01
2.637838629454068440e-01
2.422365764266501409e-01
1.717160160675032798e-01
2.529073658223778831e-01
2.615401331778628990e-01
1.108280671775881965e-01
7.281078611559776981e-02
1.697509142436765261e-01
3.089509504420093755e-01
2.475041161921516519e-01
2.755359322570690161e-01
8.506909724393289796e-02
2.355224453207322710e-01
2.456281239352876011e-01
2.888915248119868218e-01
2.409013077436339134e-01
1.616663284544821166e-01
1.153437939695429598e-01
2.282502255401122893e-01
1.275019111484904932e-01
2.001971473721690653e-01
3.310200723284947855e-01
2.598575813584684813e-01
9.211401632089107061e-02
2.168544832927360166e-01
1.605423308137147731e-01
1.107857172088897307e-01
3.358136332195145179e-01
6.587044259464716611e-02
1.090682777606890863e-01
2.381165265063024394e-01
2.421778416778698761e-01
3.031093983192787444e-01
2.279042920777825665e-01
5.410899577629978835e-02
2.008884991332739456e-01
1.931978839794001868e-01
3.033957746098064345e-01
9.552191025494764787e-02
7.438499748097038289e-02
1.859165506749004826e-01
2.905517219495605818e-01
2.671709791787896249e-01
2.956843279525052659e-01
3.187073565705210720e-01
1.328319098688950373e-01
1.265374955722314010e-01
1.608989378719006824e-01
1.067444485095127849e-01
3.190188051817088311e-01
1.778734367322440391e-01
1.165404963926480741e-01
2.738632915397093415e-01
2.623827844390799191e-01
3.051146855677966951e-01
2.930480159297900178e-01
1.669643668641672962e-01
1.830004410441119778e-01
2.999845691916332990e-01
3.366457374752257481e-01
8.625982393706314866e-02
1.927368598878585193e-01
2.624447598746905697e-01
1.047087905511916439e-01
3.242278516056205651e-01
3.036679803824793300e-01
1.093954984851933238e-01
2.499821866071476606e-01
3.052716448759188461e-01
2.576399426577066776e-01
2.353018167779483971e-01
2.584650441569309454e-01
1.530056597152075482e-01
1.296219136766256219e-01
2.938363160766878646e-01
2.979556892560986658e-01
2.423230362516830827e-01
1.101567894017856375e-01
8.310780239387972890e-02
1.331101026489251993e-01
1.352336184115557338e-01
9.326434530906003995e-02
1.149505828683956149e-01
2.676284452119975232e-01
7.101820705956030100e-02
3.351799699400772048e-01
3.472034034418344794e-01
9.100152475245949779e-02
2.363143238851991568e-01
7.190367505868085207e-02
2.642276773818418856e-01
2.242541561001270001e-01
7.510034753189513690e-02
1.698982880951024621e-01
2.582548579839710756e-01
2.886220666587628880e-01
2.098489470813150737e-01
9.754133791155911171e-02
3.421757713236008858e-01
1.366320830952776344e-01
1.192638957569783220e-01
2.596905126413516229e-01
1.377163011825155714e-01
2.182027631890310626e-01
1.984672962077312086e-01
3.302768328024055511e-01
2.384873243034545676e-01
3.033727519167123687e-01
2.683907428272878648e-01
2.785281605200316535e-01
1.068441012316922456e-01
2.306037955784322746e-01
2.747204971744612867e-01
8.852006764758475754e-02
1.295475243288034262e-01
2.981548394384631595e-01
1.002251949804996156e-01
2.864886414899687761e-01
1.550119153260716975e-01
3.180335197602767727e-01
1.104423074204582272e-01
1.188780978858652165e-01
3.219919222302241035e-01
9.813794552322055442e-02
3.345829817075332002e-01
2.666447181714942660e-01
3.114536206017640696e-01
1.867588994786369694e-01
3.216623796538387037e-01
9.702275661349438196e-02
7.952088655255966365e-02
2.686472387773806703e-01
3.269394637737725873e-01
1.413332278949283871e-01
1.011541294864874985e-01
1.696360318879391038e-01
1.073226217399400884e-01
3.225300315414503793e-01
2.396597185136893071e-01
2.698110005520185650e-01
2.882418682702914126e-01
3.034694075652416556e-01
9.621005089139358923e-02
7.955518012074554168e-02
1.609191584552398802e-01
1.702351735028800606e-01
3.027573337074547788e-01
3.406913185020046808e-01
3.367896872309601441e-01
2.145589519885663099e-01
1.697797039156596077e-01
2.396227934043045904e-01
3.074555091938451223e-01
9.566020223328899896e-02
6.374378119708658252e-02
3.219603290601388834e-01
2.191841192176166020e-01
6.437060022699231387e-02
3.129847793242636622e-01
1.346354976754914889e-01
1.270884969726235048e-01
1.599373239417736237e-01
2.956277796261481128e-01
2.922712475760105844e-01
1.617355809966086189e-01
2.501489679654508302e-01
2.383414402706716950e-01
2.946995446074354708e-01
1.200384956557739441e-01
3.008211568018104853e-01
2.181114200847185103e-01
3.267602326945673319e-01
1.642348228492952200e-01
1.975148049482826351e-01
3.021231958823304420e-01
9.686215114054676223e-02
1.964566060761769317e-01
1.666842949278130592e-01
5.751875461938021211e-02
1.649368943491717476e-01
9.057919380768858497e-02
2.227629451848935904e-01
3.039065059386242829e-01
2.819259633500658113e-01
1.260335773035844154e-01
2.674714586355713686e-01
2.091912447348030224e-01
2.213802046796352341e-01
1.561889470740297492e-01
3.117376576768953189e-01
2.289180128179115203e-01
2.482699759336363388e-01
1.782178427481221905e-01
1.114777603159487623e-01
2.448246344682172004e-01
1.586500759558273355e-01
2.396148943072055892e-01
1.203452247361921912e-01
3.083532348429401382e-01
1.004080638017501165e-01
1.816780308755159279e-01
1.528064745040145500e-01
1.044063482639065593e-01
9.417337999981849339e-02
1.280601410229010584e-01
2.155942376467359922e-01
2.115923014454495488e-01
1.134709993610898832e-01
1.033466545854062058e-01
1.445313657680579456e-01
1.190958069992479329e-01
3.411121528340020914e-01
1.938361788157419163e-01
8.434700208237574937e-02
2.485225731350280132e-01
2.976091307777490869e-01
2.995995518865894325e-01
2.997877279109089632e-01
7.211942193836497206e-02
2.314830746402894990e-01
1.125078253109700471e-01
1.071844027086928663e-01
1.480598922378725812e-01
2.648168149199824906e-01
1.844124051648085849e-01
2.940102995316987156e-01
1.577983715794103459e-01
3.364900990896008692e-01
2.128503483454920464e-01
7.942345916558235519e-02
1.316631466382459370e-01
1.298991164459746550e-01
3.466030317328228638e-01
2.805246813193847388e-01
2.800416519999631149e-01
1.674332991989367359e-01
3.458468024870320345e-01
1.837244894116782934e-01
3.176310412179630949e-01
1.222914903945278575e-01
1.411219780243368749e-01
7.033310154459604391e-02
1.936622586916459665e-01
3.210244159393652041e-01
1.036296129847540659e-01
2.566971222741891157e-01
2.363349714795661694e-01
1.603021174086955436e-01
1.893708927996181346e-01
2.948197504944203851e-01
1.378609586156939459e-01
1.375236786237848952e-01
2.506493636227883348e-01
2.271271340777851200e-01
2.314375770994782644e-01
1.678273069973217901e-01
3.200769287511690542e-01
2.514107199069837151e-01
9.580502566292174726e-02
1.339554898003001981e-01
2.028288218763688311e-01
1.645957755390621557e-01
2.214473508039151439e-01
2.530615806354222785e-01
2.824238302418603519e-01
1.964619916675326983e-01
1.179974110451963015e-01
2.615031354002293473e-01
1.613498032594753162e-01
2.085576133153152212e-01
3.164782485260071443e-01
2.581864428524134336e-01
1.447587457680302447e-01
1.254900289783573153e-01
3.328725053701702130e-01
2.651112529457055333e-01
2.836340783454857073e-01
3.457101611721644652e-01
3.329943968737666959e-01
2.702697911753896287e-01
1.863213006678909600e-01
1.683274065873337222e-01
2.327411950382823891e-01
1.025674663564856565e-01
5.454751113947192698e-02
1.498013327135428729e-01
7.504991194891454109e-02
2.682232828499221955e-01
9.188982534863333884e-02
2.106610866358048229e-01
3.107022883357123955e-01
1.132249388469204893e-01
2.917940719456476040e-01
6.078631490797684056e-02
1.336415569115942670e-01
3.374008095527092910e-01
3.099581686413342974e-01
2.662651717244366445e-01
1.639161720256625265e-01
3.413589196612313303e-01
1.379252047570126427e-01
1.766698276733689732e-01
2.086727318471469361e-01
2.045081994731599295e-01
1.690607305149998685e-01
2.139447335851702992e-01
1.212152109242086023e-01
2.829414098215524698e-01
1.232942762999124225e-01
1.107308048264985800e-01
1.881641203916525618e-01
9.027163015417155600e-02
2.288831645358621880e-01
2.775819002984570294e-01
1.131499540011045163e-01
1.185247085889298418e-01
2.240103474462464828e-01
2.203363519053865571e-01
2.728144635286081088e-01
2.666172826550485264e-01
2.975228253629280672e-01
6.571590782876800263e-02
3.413905308433342056e-01
1.146549392476027274e-01
1.248488371324991686e-01
1.298540487255077924e-01
2.359136079239236850e-01
1.845499547262706708e-01
3.334187691886774663e-01
9.654848300743096301e-02
1.298987626641359139e-01
1.470310138438577774e-01
2.238098675423701445e-01
2.728237259349523547e-01
1.044337928516102521e-01
2.750801878148633195e-01
2.509845288261486895e-01
2.531912837381488091e-01
1.398024383431179518e-01
6.831142769092933553e-02
2.541294138892240539e-01
3.478688924872571087e-01
2.914760109387260489e-01
1.265164558069686584e-01
6.241361004264748408e-02
1.498654294153579647e-01
3.327635384205788194e-01
3.257459872867134454e-01
2.396933186425450335e-01
2.443447023166925580e-01
2.131949104619489388e-01
2.519746434800728685e-01
1.153802257880785359e-01
2.615515584714118158e-01
2.611117877127736575e-01
3.306216508906424933e-01
7.188021325179166920e-02
2.466067631791916404e-01
2.776603819926405925e-01
2.652188603031585545e-01
1.151584049966906248e-01
2.018370436236167909e-01
7.841612212591128617e-02
2.205363799017224513e-01
1.798216971120529251e-01
2.848092146304960215e-01
1.920017818798499809e-01
1.872509063338882729e-01
2.277489261248381025e-01
3.144654166639427872e-01
2.232611861886190374e-01
3.267589942048719220e-01
3.356179669787221487e-01
2.767219863425929849e-01
1.510303819750235532e-01
2.519381971594746861e-01
1.976549768660922635e-01
2.606404173209622699e-01
1.360052489837093037e-01
8.833790236859043188e-02
1.447085027885728070e-01
2.183591818113457816e-01
1.622632162734711503e-01
1.295921055252829690e-01
1.042398358373690936e-01
1.402433233412363478e-01
7.868582051654407494e-02
1.840169547907368475e-01
1.512566253136986560e-01
3.410908124286902710e-01
1.974903225640561866e-01
1.781910486094706314e-01
1.508284594315274507e-01
2.945161180957905356e-01
3.090198901036163570e-01
1.462003315167187956e-01
1.356495137372932536e-01
1.887089562492981210e-01
3.092160949006761972e-01
1.358371324727878637e-01
2.323180607005006781e-01
2.006924346211301502e-01
5.538531806616294600e-02
3.011776973393518464e-01
1.619220739806858378e-01
1.116500309515614242e-01
1.334785250616254970e-01
3.492571248267632433e-01
2.988354071268466416e-01
2.213977535737275404e-01
1.776202835757042520e-01
2.778462280285747821e-01
1.083127595278259719e-01
9.986490618049127799e-02
1.242877909073736020e-01
2.897002218435314469e-01
2.433931127701631225e-01
7.258859279908436157e-02
2.433452145626747443e-01
9.814362060514668362e-02
3.015138932174660225e-01
1.545347483415483170e-01
3.003759222313969746e-01
2.477217461116792696e-01
3.441356503429841562e-01
2.069628209749589109e-01
3.251280859069221041e-01
1.920435256619819342e-01
7.983900636288092378e-02
3.475360313473563334e-01
7.309980055287094991e-02
2.301836183719218609e-01
1.060964715436864964e-01
2.455630771843864413e-01
1.168685991284318382e-01
2.058034360721673062e-01
1.344368307679196517e-01
3.265612671240102904e-01
3.393092146560968692e-01
6.645308502548855079e-02
1.237940473195409674e-01
2.592249343934209804e-01
2.392301297913113078e-01
1.009873524609989498e-01
1.484868539128024467e-01
1.130779494808884372e-01
6.917609945470311328e-02
2.411801463399501633e-01
1.594273137408200869e-01
2.971098052422935787e-01
2.803951874260791066e-01
2.095293454098477171e-01
1.061240702513504691e-01
3.469495737241145572e-01
2.482732176382290434e-01
3.197669009468719348e-01
1.724489390131394573e-01
2.863285778263571779e-01
2.192310106649146828e-01
3.217092331332502830e-01
1.082337793718595453e-01
1.590783171733576307e-01
1.378154193670818040e-01
8.519150242361425707e-02
6.189179455695127674e-02
3.385992155035524309e-01
1.239279611688952759e-01
2.856443863583800202e-01
1.966459813356539188e-01
3.152508043327089671e-01
2.840628501657724292e-01
6.931630169309842271e-02
1.802180006682958802e-01
2.576357546606434235e-01
1.257577429424004134e-01
3.038781482796019673e-01
2.210732076934436852e-01
9.239890300846591298e-02
1.890355222393196033e-01
1.512104524813134010e-01
9.841080356295509035e-02
3.065888803298169041e-01
2.656763146124911934e-01
2.423922668627122023e-01
3.003595809912271708e-01
1.794583238393333002e-01
6.048921872555452356e-02
2.099401343909355067e-01
7.785924256730472615e-02
2.266006337714687180e-01
1.358373066854334232e-01
3.242486885472105618e-01
1.444046244730761153e-01
2.810000431384401254e-01
2.605203577280628680e-01
2.147626732593561072e-01
2.346980079818278275e-01
1.329839147554097711e-01
2.223432154656886928e-01
2.159774491817904873e-01
3.465977632059738522e-01
1.063657888671822316e-01
2.497736110723634551e-01
1.326526126358595903e-01
5.611671007958893287e-02
3.023090506292420154e-01
9.275353900735192059e-02
2.415907951172517887e-01
3.107962406989458470e-01
1.608043469098821565e-01
2.848545710108218443e-01
8.769975317043372798e-02
8.660837561603908219e-02
1.910137716648371287e-01
3.160164957789746709e-01
1.083176013872047122e-01
1.577571495334651186e-01
1.054895639032562005e-01
3.340074953835613369e-01
1.081892087485125664e-01
3.151127110158001288e-01
1.525778611147399488e-01
3.017962819912045624e-01
2.918009700623334091e-01
1.444643224751438471e-01
2.629571877343466202e-01
3.235929522137067638e-01
1.226219795576333621e-01
1.283376523580200268e-01
1.517706110101968431e-01
3.022826729358383813e-01
1.809666393232630677e-01
3.188730567216574441e-01
1.559178516301835127e-01
1.618511058277026793e-01
2.735182254161160342e-01
9.758044675199721574e-02
8.043251922872501902e-02
8.322670970657601586e-02
2.753797530858607123e-01
1.089595511328676075e-01
2.638679993906702381e-01
2.839135622666018044e-01
1.919609455645857055e-01
1.399264463794901159e-01
1.144806295611035113e-01
1.468830269476924244e-01
3.160019093477990926e-01
3.114954714102040056e-01
1.171135118270565101e-01
3.423882541012776004e-01
1.330956650180832868e-01
2.584564027983486945e-01
1.812545498388810628e-01
2.877039215750298862e-01
2.723083856085107279e-01
3.261454694494888562e-01
1.148724743066823345e-01
3.385447997548018950e-01
1.311813219629016369e-01
2.804831209487910759e-01
2.796544827526637467e-01
1.541226410763639754e-01
1.549890306377360583e-01
2.454749598423328072e-01
2.401882861129553126e-01
2.094400250979040479e-01
1.831148747048605419e-01
1.176038317347075646e-01
8.543783117516981496e-02
1.089984928912318546e-01
1.300391045236048981e-01
3.308645970239211809e-01
1.017466567986537174e-01
2.931157243831593595e-01
3.073590923407386599e-01
8.698347355223691457e-02
1.059687291192100700e-01
2.187778199856793004e-01
5.707339926016326281e-02
3.141880494029424264e-01
6.271400155415761402e-02
3.439055845493405594e-01
2.901062089141841494e-01
2.286345926545620966e-01
2.896403246285839117e-01
7.795317553322407556e-02
1.282810901928577163e-01
2.614768420110985536e-01
2.768987200917504277e-01
9.632582512096278526e-02
1.907143940439248730e-01
8.274939622193781819e-02
2.324412508880216166e-01
2.289878465446108236e-01
2.903809446606029909e-01
2.037802799930686359e-01
3.197069046613018051e-01
1.160692658498582441e-01
2.086427122466462114e-01
2.381812896741569985e-01
1.878403502975617978e-01
1.784827237665833066e-01
2.622309935639894340e-01
1.921043220522714035e-01
2.816047383054480768e-01
3.382168999062878378e-01
2.074151742630515050e-01
9.024668759053020017e-02
3.018818293618668047e-01
1.187674348728393475e-01
1.329238876647604595e-01
1.200429899613146834e-01
1.195337923706338290e-01
2.018369705711409168e-01
3.055561280693948611e-01
1.212139962441936974e-01
1.692940766044184475e-01
1.803377013664830275e-01
2.867461649715508099e-01
1.697785195358412491e-01
7.804395835762396871e-02
1.040765176101940137e-01
2.958397566457212635e-01
3.036236681645452795e-01
1.746928364379831400e-01
3.380776373036497029e-01
1.723711155338082390e-01
8.421160522193416043e-02
1.662137982179627549e-01
2.824890001379194437e-01
1.105636208889628491e-01
3.226763852256429588e-01
1.163233017603096803e-01
2.411925679452193716e-01
2.889904673326478823e-01
3.461456216618369330e-01
3.429712114531260903e-01
1.054761809004799711e-01
2.672951177127153577e-01
2.683946468415299158e-01
5.815767836345136360e-02
2.433261602183584560e-01
3.434875954932350428e-01
3.064525929547728955e-01
9.229528576206778856e-02
2.717764711981582315e-01
9.216926655494811493e-02
2.837761579177172644e-01
3.230217211610821315e-01
1.137691808651146164e-01
2.677704069834759282e-01
7.980968024863252519e-02
2.131988211278541545e-01
2.114734562351014979e-01
9.895755438138416349e-02
2.430759324358024720e-01
1.425203881723990096e-01
9.380439482580339716e-02
2.220160747373007837e-01
8.684916386962225621e-02
8.275842364754645852e-02
6.337345404006280991e-02
3.191587105684000059e-01
3.070428466886547247e-01
9.201043146903968573e-02
1.519117947877568486e-01
9.061537909775195521e-02
3.058324994795200147e-01
1.119057904294383787e-01
1.825982987563180004e-01
3.291107075371193513e-01
3.108417852192672526e-01
1.343281734795544469e-01
3.234414997578494155e-01
3.460902882338509623e-01
1.109537096787618915e-01
1.179987649176789527e-01
3.280104062024372658e-01
2.520598620772194765e-01
1.594634856786026067e-01
2.736897325805311976e-01
1.310768023614114486e-01
1.332397490408419594e-01
6.725304098837346645e-02
1.195822350746232055e-01
3.014061833981746541e-01
2.418366999218538316e-01
3.300274330889420571e-01
2.708095022108778505e-01
1.382498146103604275e-01
8.540437386223923011e-02
3.465304311475927435e-01
1.976710291343134474e-01
2.870921490240213592e-01
1.877077206104505458e-01
1.246035643309842678e-01
2.156043856766627631e-01
1.691359644733046730e-01
2.716001415158183496e-01
3.063745334095659967e-01
2.054799539153328580e-01
9.221997117933793120e-02
1.264738437471068233e-01
9.362261772078385447e-02
2.085759112253950387e-01
1.853801535305564241e-01
1.157247342627626963e-01
2.559962711941030089e-01
2.419185838525981513e-01
3.340031723501440952e-01
1.059919121815526555e-01
1.166511584310752636e-01
3.431023196167462541e-01
1.461524157699707060e-01
1.849891246681031332e-01
2.599933922896774385e-01
1.195281087742639387e-01
2.741393776983053754e-01
1.214374857072706843e-01
1.506791862835694107e-01
1.970339913054912073e-01
1.048279626782221141e-01
2.473496216905664014e-01
1.381573602101067721e-01
3.484438374247374459e-01
3.215711254484697745e-01
1.720745315822736210e-01
1.512721886508577307e-01
2.082880201979262214e-01
8.360358989390036244e-02
1.198701432166764669e-01
2.959171983669697803e-01
2.297781769136482410e-01
3.185449925840061480e-01
2.504244100593271960e-01
7.828308715563270237e-02
1.171109162556960848e-01
3.048115476848509697e-01
2.384047468503083522e-01
1.222797979569267279e-01
1.438772659234742457e-01
2.073000209244330316e-01
2.247788987775436176e-01
1.572871914639556168e-01
1.462961971436919917e-01
6.416078611707697055e-02
2.735867248549833652e-01
1.113260349874115041e-01
2.902938393411048090e-01
2.798915315157949890e-01
2.190949210367680311e-01
3.223296537688147834e-01
1.159437878715842557e-01
2.431380809878305738e-01
2.826561897921440192e-01
3.395980765270498747e-01
1.307710817959698846e-01
2.618946191464746609e-01
3.145181765352637604e-01
3.081453703622090701e-01
2.472032447756957185e-01
2.898941703561167538e-01
1.711328835646512836e-01
3.050719093237490021e-01
2.540816336470373971e-01
1.913931620567901615e-01
1.762816686296872215e-01
1.103812636674607883e-01
1.248072460562236335e-01
1.097011061994513370e-01
2.971006342160422142e-01
3.202594410324287044e-01
2.342447247868623683e-01
1.236213741077608064e-01
2.164465857979519237e-01
2.133060782842083891e-01
3.358691871250016336e-01
2.689677544488554006e-01
3.231816724178155908e-01
2.668818734013096994e-01
2.759432936499699451e-01
2.899118989467832641e-01
1.115262007437854697e-01
1.143114540099890580e-01
1.087163649085309408e-01
2.615455540498800024e-01
2.905423410370949755e-01
3.170415703648757355e-01
1.319097538577693185e-01
3.039621001072825290e-01
3.425840396370152807e-01
2.838934271377914209e-01
2.492292184854561776e-01
1.164959265801487759e-01
1.038605803346085155e-01
1.193107446589006387e-01
1.554145807819269365e-01
1.688868540757949843e-01
8.870078939858550005e-02
2.277898013326148385e-01
1.393068252607878033e-01
2.983126936661577022e-01
8.705722808509702704e-02
1.687160579100817070e-01
1.627779544738106876e-01
2.521865083014925846e-01
1.426910363191428166e-01
2.388178613415078144e-01
1.547694743196239009e-01
3.490831190071427281e-01
1.877786780404205602e-01
1.091351487111636709e-01
1.035163927154814784e-01
2.475295784732482740e-01
2.707052761273430752e-01
2.772175648666181935e-01
1.187266994660300806e-01
1.002320957132564333e-01
1.850316547395233213e-01
1.942158517444627919e-01
1.155676578230738355e-01
1.824635515001210850e-01
1.219230613541374825e-01
1.791688287127937707e-01
1.023317584961483673e-01
1.331673739593558781e-01
2.874162037544928938e-01
2.312351416797137349e-01
8.332410226432927780e-02
1.345088855611452638e-01
1.819449973102681417e-01
1.185727949845777063e-01
3.269517274055385725e-01
2.931442410566822421e-01
1.103539088737166413e-01
1.309457309623920096e-01
2.459738993117877026e-01
1.237648907261791470e-01
3.381228671567051425e-01
1.361209611414171960e-01
1.531913930168249394e-01
1.533635506911173729e-01
1.030739353297959321e-01
1.253938023353919906e-01
1.242717451987480626e-01
2.339022710942870453e-01
1.496360119827312152e-01
1.724102396187475184e-01
2.926268716795831781e-01
2.487969615598145667e-01
9.835773207198261758e-02
2.812496350734094430e-01
1.642381338538299596e-01
2.376605762258296728e-01
3.397116086335358887e-01
1.318810279670776797e-01
2.844618308173268439e-01
3.408182026812088816e-01
2.156310029939001172e-01
2.504722987978334481e-01
8.155151672083844894e-02
2.363604528166795837e-01
1.273058425225805368e-01
2.459542147662099332e-01
9.734745075057110730e-02
1.775763294110871415e-01
8.949112453345245410e-02
2.190805466319895034e-01
1.018772063466216599e-01
1.460158540026097740e-01
2.557559466271940307e-01
2.550528638577326257e-01
2.971232772905681441e-01
2.934877662439429602e-01
1.783230215742302449e-01
2.260126127397384110e-01
3.392371054993295054e-01
3.209145612692909100e-01
2.337292432461387792e-01
1.352433970513663153e-01
2.915356396820563134e-01
1.164007623454153817e-01
1.707803831321404453e-01
3.456103965934730349e-01
1.773580319984111864e-01
6.254294071617659545e-02
2.612508626011517121e-01
2.002546465445207424e-01
2.406698934149815727e-01
1.964968463428559964e-01
3.141994125768835522e-01
9.873249249838016162e-02
8.643693746097724784e-02
9.502822688796841444e-02
2.220534645857381861e-01
3.425987662617321905e-01
3.029655890227005988e-01
3.041412409753733170e-01
1.260202475795385302e-01
1.208751884842193258e-01
1.147569560263221045e-01
3.092512963858167763e-01
2.498160080952298301e-01
2.037131170627771992e-01
