1.170590596017159479e-01
1.177538059019161629e-02
5.573218656448788305e-02
6.765209687460999044e-02
6.320415865356465712e-02
1.888741618860986793e-01
1.481469768824337542e-02
3.399483254266359028e-02
6.020997143575432253e-02
1.704737508213342023e-01
3.126327069427313476e-02
1.799633466467950305e-01
2.927397586071889268e-02
7.069854782971682350e-02
7.533715049315307943e-02
9.925879292960697667e-03
1.018269426010410261e-01
1.984397008239474625e-02
1.018032457957135511e-01
2.278874038002322022e-01
2.047711210973899576e-01
6.903943097503281723e-02
1.421155562804844452e-01
6.740615250779947998e-02
3.789055012502783037e-02
1.078241659667939223e-01
4.567555852795480986e-02
1.462753228537747030e-01
3.119036132662851846e-01
7.699496952526545257e-02
3.114986900620719118e-02
2.960062414398294539e-01
1.090555753565256025e-02
7.140641397837757531e-02
2.270803811640275671e-01
2.847952101202035902e-01
2.979638645403969721e-01
8.727889663466828485e-02
1.350822980178814914e-01
1.277193984051733511e-01
7.293892382483732617e-02
1.837988130762779337e-01
1.204562545695243292e-01
1.591015689621183213e-02
2.151127530017293010e-01
3.159531927941023333e-01
2.131687849571269333e-01
3.503763750393672910e-02
1.428439274777764390e-01
2.729803713794775599e-01
2.920616342803958876e-01
1.638190451714103824e-01
9.439721772695620905e-02
8.941194806535214534e-02
1.748625927809901656e-02
2.825858788753537465e-01
3.049929792536758000e-01
2.199103851941658083e-01
1.598421755703746117e-01
1.005661698883281024e-01
2.554336143746787843e-02
2.664282473678336594e-01
2.651418691020782786e-02
2.910266572585866185e-01
2.857557080841097719e-01
1.042084690122874746e-01
2.065169761851574082e-01
1.618965461288179516e-02
2.756866390673405609e-02
7.854305717399859277e-02
3.829283147383340941e-02
9.064247292266548739e-03
3.233891413713332330e-01
4.533424248348233432e-02
2.850729323154687078e-01
3.349858907377756267e-02
7.267594298382770712e-02
9.597289253799384801e-02
2.545841518336802722e-02
2.772265313137124432e-01
1.694126336763201179e-01
1.126715974701286982e-01
9.524206523217110254e-02
3.387817410786832240e-02
5.230263084034317972e-02
5.816207676954644051e-02
2.363012305621869369e-01
1.731669438344773104e-01
2.597601828593529838e-01
4.036943014931120011e-02
4.586236749162789228e-02
1.221868520666583857e-01
3.374821500182807743e-02
5.987144170495488360e-02
2.651405400028514769e-01
1.166785037949842341e-01
2.613881292785532606e-01
5.244357037658899101e-02
1.667369324596190139e-01
8.439629796197786749e-02
2.679173500636995442e-01
1.420533546642602785e-01
1.939971882940731140e-01
1.040025305493176844e-01
2.709871580533469992e-01
2.985575669077125682e-01
2.166835540427142215e-01
1.296880524981772476e-01
1.223066451422474832e-02
1.079630951218255169e-01
2.436595447001820292e-01
1.575334915787958423e-01
1.554052805531740133e-01
4.531966565089919075e-02
2.911539290974104466e-01
3.195588900722324266e-01
2.311660378698264517e-01
9.538238907374924080e-02
8.407140857341521140e-03
6.177347916332902311e-02
7.574411482381668281e-02
1.244832468460624758e-01
8.446114224098104015e-03
1.165071799820174316e-02
2.633393741644624031e-01
1.918907534136346793e-01
1.893487407101122622e-01
6.806010833385961467e-02
7.905628668292029315e-02
6.004037465788705091e-02
2.102530902418692504e-01
2.310907092685845210e-01
1.159443580138534435e-01
2.308327225307821584e-01
1.917326737534923997e-01
2.718028874322450661e-01
9.761041873758884158e-02
1.208744040544871418e-02
3.199694485366941787e-01
1.797536249106680140e-01
6.281139221964973651e-02
3.167128477751642857e-01
5.725626535087210284e-02
4.597022717152668414e-02
9.110965398744651222e-02
4.731965700452941265e-02
2.851676550547072031e-01
7.406743314771349618e-02
2.543948734386644039e-01
4.126863136737723287e-02
2.997387828767157925e-01
2.829107401996990290e-01
1.873736788783528229e-01
1.878196557471816658e-02
2.016733563995583567e-01
2.859455564814044060e-01
2.081889518107315692e-02
9.718929455416727703e-02
8.422118442843408437e-02
1.885987905155522559e-01
4.705090260441242844e-02
1.253166815782872090e-01
2.167435643223944997e-01
2.602441279687179865e-01
7.397745541126296565e-02
2.589579156337469823e-01
2.295465543560524721e-02
2.560763170948595485e-02
2.601995308445498312e-01
5.453640697380511548e-02
7.695479270866441117e-03
2.995304064768621322e-01
4.435715942775277781e-02
1.565792435275242533e-01
1.170706975854205190e-01
9.215979060749684981e-02
2.564963147494458418e-01
1.229976825103792568e-02
1.349913124573343948e-01
3.792333606997159295e-02
1.924678033068724092e-01
2.434939759022737571e-01
1.408729623710218426e-01
1.572394252407799675e-01
4.812748355993511085e-02
1.059850715581574405e-02
3.129532408520605546e-01
3.244920478403675590e-01
1.697584702615746038e-02
3.141764546966021587e-01
4.939951703133388383e-02
9.389159190967387436e-02
1.137067781059483973e-01
1.003058577247274569e-01
7.747427500966344582e-02
2.233530617765646098e-01
1.236860742060768570e-01
2.207776137168177694e-02
4.552945359699940055e-03
2.139565060261290341e-01
4.734464537991421584e-02
3.155979444832633929e-01
3.059775769223838648e-01
2.228965128398720762e-03
3.203289163080259572e-01
2.666559174024628609e-01
5.701309506770749214e-02
2.573504926080982247e-01
2.053052797319565026e-01
1.950480191213303238e-01
1.433453115480387008e-01
2.702607948224263201e-01
6.015616131659190513e-02
1.528216123284925620e-01
2.247694251943689603e-02
3.091443790802473890e-01
5.798325791669931874e-03
1.588378211007877155e-02
5.081827977067006341e-02
1.118446024880912631e-01
2.213266399322268152e-01
9.749681832412529503e-02
2.132484247836793356e-01
1.607551554319351927e-01
1.742121039315508435e-01
7.943324087441593073e-02
1.432173594502569001e-02
3.786373683716290350e-02
1.718889196519085560e-01
2.563995648838617858e-01
5.637505097867741288e-02
3.017934004917932067e-01
1.595833525189923607e-01
5.175842671053176858e-02
1.209420001898149286e-02
1.239020337865993776e-01
6.546930898055336456e-02
5.886684431457334804e-02
2.780806948878291607e-01
3.256268606669049381e-02
4.953859627172670782e-02
5.263551825053892214e-02
1.376235324308714980e-01
2.771595697008409909e-01
3.141142976323926250e-01
6.503879915893212571e-02
3.090387893595217261e-01
2.088963938280235383e-02
1.458004058438621721e-02
9.094238921863966041e-02
3.099149293319639620e-01
2.766959670701459872e-01
1.012397536630869482e-01
2.951966349163669956e-01
1.057243948867288008e-01
2.169631539268172815e-01
2.590835893455231687e-01
2.482180165876859135e-01
3.073962685741704615e-01
1.378442692405122127e-01
1.095463119551899622e-01
3.396868561938026082e-02
1.415681819524098328e-01
2.845664388581370385e-01
1.184345157010411459e-01
2.808505296436452636e-01
3.016299147079181120e-01
4.784350227817883716e-02
5.511577377704490049e-02
1.292558809421225363e-01
1.863880423829581204e-02
1.007056791532704998e-01
1.553950629349942214e-01
3.128160672011002230e-01
8.573622953556131465e-02
2.311206968291018918e-02
1.637761951794064752e-01
7.260012477331266589e-02
1.034299445611157053e-01
3.097836015533097023e-03
1.099819560419523223e-01
7.343215261869111277e-02
1.166831574204242467e-01
2.003259920722228749e-01
1.618386099406967094e-01
1.221610830241258300e-01
4.706620542175051630e-02
2.736563594620982642e-01
9.232305830170019212e-03
5.466050766733069471e-02
2.913425527203735155e-01
5.653596206226517429e-02
2.272335384118784884e-01
2.847583568559515221e-01
1.127939671612608330e-01
2.722470472088483473e-01
3.190018607994483668e-01
3.471645225058542228e-02
1.159865678313209414e-01
5.419588552793034447e-02
3.132076682920800770e-01
4.647659347426517928e-02
3.049091270917038132e-01
1.918962027966171491e-01
1.226498755507996336e-01
2.129272376090001750e-01
1.597124399689073271e-01
4.336255748855585845e-02
4.648023159976420737e-02
1.420464788261826539e-01
1.009855723538562733e-01
7.510149945734783707e-03
2.900062600276481217e-01
5.134363911775498279e-02
2.788537690080023987e-02
2.432043385713822670e-01
6.431600247617506871e-02
1.892395010080236140e-01
4.824881246280379732e-02
2.435413348880536080e-02
1.599989303552893649e-01
1.601519138879947332e-02
3.140430722638085093e-01
1.580241420683406728e-01
2.740940487578640283e-01
1.985545339672837029e-01
5.762670538026045536e-02
2.234330262488050389e-02
1.501047299413251490e-01
2.199083438306526916e-01
1.000744120957570843e-01
3.104368710850299307e-01
2.438436604007773179e-01
1.127272946464991620e-02
2.782724328244489675e-01
1.448190123230748139e-01
1.746633056277077101e-01
3.394415156140211109e-02
3.214729543740808826e-02
5.344105531424808014e-02
6.182125859429414561e-02
2.579230115362207143e-01
1.890652520451898411e-01
8.548274654121947383e-03
2.570657287185780793e-01
2.328134447302348808e-01
3.072871020689853516e-01
1.257321855254698098e-02
2.389207885982441992e-01
2.262169112666479742e-01
5.180717107743398192e-02
1.421015750914691456e-01
7.723678436057587748e-02
2.369408409539383240e-02
1.930223804429462564e-01
2.316706170869871073e-01
1.709562648036449251e-01
1.588281892372839232e-01
2.089967732821860769e-01
1.831132908845662932e-01
2.152334986189928870e-02
4.743876821200217198e-02
2.075630703194790982e-01
4.665541445745009785e-02
6.825670511776499305e-02
9.861314382085305252e-02
4.840356787846600978e-02
3.426011233161685432e-02
4.951880777953505952e-02
3.221529805211704733e-01
3.275947219052708498e-02
4.820100540119731658e-02
1.299979221797602745e-02
1.980401344939860808e-01
2.828067534853234699e-01
2.930174192575584757e-01
8.144055802061384020e-02
2.794869343004986045e-02
2.754312543508837252e-01
5.242182096330276486e-02
1.702056177427425654e-01
2.271061930397019479e-01
1.278854307388241629e-01
7.761181477823216046e-02
5.609784041949206733e-03
2.481051190485670244e-01
3.198566724490922164e-01
2.879199034579340774e-02
2.890595567038702352e-01
2.631486779000811183e-01
3.220950436677695594e-02
1.432649599945596819e-01
2.709884187582589088e-01
2.622823848636267052e-01
2.917110021751241344e-01
1.510344016039769921e-01
6.758533761877179302e-02
4.727185324705031333e-02
4.894557536515927593e-02
6.457271708098168139e-02
1.071572413808303918e-02
6.801452186414824741e-02
5.958311549761328291e-02
2.907799330561743889e-01
1.310082225500978081e-01
1.494107043496082365e-01
1.244557487979718602e-01
2.683182172474438826e-02
6.748268754439853447e-03
2.041110380729857510e-01
5.201496786013373036e-02
3.389389626887409634e-02
6.969437897302308005e-02
2.925036617302676500e-01
3.033699173580735042e-01
2.630382216024850298e-02
4.527432008586333018e-02
2.682162303890966437e-01
2.952221611941997503e-01
1.992371888788484202e-01
1.343489587729058132e-01
4.895937186307484923e-02
4.482912870916309911e-02
3.342954309454161665e-02
2.649442026214993695e-01
1.914179139674512808e-01
1.476577655596442162e-02
2.825099602681805933e-01
2.977660187094086641e-01
2.042474406424889533e-01
2.704933882122417810e-01
1.768667336182210004e-01
2.601270014727152247e-01
2.208491869277592612e-01
3.034175173510345047e-01
2.994632940080806938e-01
1.633967993031837027e-02
2.672316349191084135e-03
8.188565760308497143e-02
1.406614905528662599e-02
1.023807428205400355e-01
3.052632945325902680e-01
2.079038567494778320e-02
2.603312925294014313e-02
3.132293005476254333e-01
1.443969168783713619e-01
2.647722049744970496e-01
2.824046486222642760e-01
8.374317111306744943e-02
2.034980186824412174e-01
3.055026896079637844e-01
1.304139403353680171e-01
6.321126197661673662e-02
5.756555500646392404e-02
1.265606035552507280e-01
1.578346942234901962e-01
2.919736285764880090e-01
8.523378408351413305e-03
5.599655279397226099e-02
3.161519521811133049e-01
3.121136765639110147e-02
7.606592794695721249e-02
2.574123172866523701e-01
3.071536289496809013e-01
2.160781866891988978e-01
8.051238158457724170e-02
1.186846008538767205e-01
2.407560163445609525e-01
5.982240182237686527e-02
2.767937982189225266e-01
2.734148757609990432e-01
5.683756361430581522e-02
6.378356091392617389e-02
1.253258449954647580e-01
7.818868374811133171e-02
6.116803825945914957e-02
4.731405816196837533e-02
2.748968955925018554e-01
5.170193197846519734e-02
1.801713327764307149e-01
1.175048638268417212e-01
7.865976730033609476e-02
2.342414908612440450e-01
1.287195988753213616e-01
1.664649073504365084e-01
2.047365507553029207e-01
2.178661240856724357e-01
1.997628873047376796e-01
4.450787006222838710e-02
1.026386834619819471e-01
1.051841340378430190e-01
1.622410999606118953e-01
1.568025043381166272e-01
9.697212525660060811e-02
3.175152284360411858e-01
9.621869201045137043e-02
4.587317223716631809e-02
9.080140705782066557e-02
2.139849860025125616e-01
9.056478520691596534e-02
3.028313543398709062e-01
1.074720998501599856e-01
1.725760048574231376e-01
2.984028426141149479e-02
1.288625206095337095e-01
4.079538193380763400e-02
1.101557852243956886e-01
5.138966664979630061e-02
1.380453346718214444e-02
1.442036552597353131e-02
1.187862693337179837e-01
1.312014779075089954e-01
1.205099137433931072e-01
3.166470206412875243e-01
4.996329840325759025e-02
1.441368323302998633e-01
4.003676753535743635e-03
4.638189003992104070e-02
1.446870884583509598e-01
6.362355998098834231e-02
3.033163606259170475e-01
2.382358851608788741e-01
4.124825219057504100e-02
2.941136445669912947e-01
4.879780360605572714e-02
1.450868736009402471e-01
1.843518955267415271e-01
3.835835218124711288e-02
2.330809471075864781e-01
6.023460594347592595e-02
1.616486452502537696e-01
1.689380746408295775e-01
1.730883835832164319e-01
2.683799844626806319e-01
3.050119311607577544e-01
2.070222663854041079e-01
2.564294823626930842e-01
2.533478289629583768e-01
4.845750527468792833e-03
1.054480722590020458e-01
3.123682187452044290e-01
3.233995392169269345e-01
2.282114978339057076e-01
2.776959161558567035e-01
5.858145537214977383e-02
2.953836600597846695e-01
2.333136454911086122e-01
1.818319109717456972e-01
1.643452473787195278e-01
2.503629202750041194e-01
3.148511039697988317e-02
1.051128262474249411e-02
2.751855820162337207e-01
1.876056436925309934e-01
2.919840807391866355e-01
3.093540461802430919e-01
2.500689535138946318e-01
3.235099241513958446e-01
5.314162925307632651e-02
1.386936963957522972e-01
1.308880940664380703e-02
1.864765172812485050e-01
4.731467266476548084e-02
2.889301723021486454e-02
5.658308867363878031e-02
1.788960089395052744e-01
5.232997030786149667e-02
6.178489265926359608e-02
2.767203823500522519e-01
1.105772523067543589e-01
2.359022608363240681e-01
2.230739869278563214e-01
7.351107855988223139e-02
3.181715074428241863e-01
1.803615175290719172e-02
1.139652593054904101e-01
1.336802670999341358e-01
2.937534732891093348e-01
1.811803565329814236e-01
1.035557032782712626e-02
1.936432855389460528e-01
9.739949235697753505e-02
5.065219804539695253e-02
2.051173355284668653e-01
1.029886683650379636e-01
3.229226621105030781e-01
9.669132177399512862e-02
1.191325392644570352e-01
5.503346591386204523e-02
5.087700579997916223e-02
5.067478579385886750e-02
4.790716745285296396e-02
1.749824280121065334e-01
1.406314655168399430e-01
2.743060784454736667e-01
2.642200290959503817e-01
4.192671171085053661e-02
2.274249048798788475e-01
2.510005444544554654e-01
1.556409715353800627e-01
7.502212042331792008e-02
5.063049121947155173e-02
8.365794935549076758e-03
1.948936049992724684e-01
1.933060263846150539e-01
2.944213001684907183e-01
2.742080367347496939e-01
4.908624021616238287e-02
1.373405842514229536e-01
2.300810408678725383e-01
6.161047047303676305e-02
6.072506505823840883e-02
4.519739211861217160e-02
7.132732139595930609e-02
2.596545614958792880e-01
8.131042156656850817e-02
3.056349879385125354e-02
8.980441680842186913e-03
1.688688969582314084e-02
2.438057650828709400e-01
2.168071839877985241e-01
1.667181298578803428e-01
5.620628815420622426e-02
1.394865090301860566e-01
1.216904195960850088e-01
9.860851861067783386e-02
4.376050251649186290e-02
1.240498155585589152e-01
1.509786135219604586e-01
2.839195869494998692e-01
9.159667706441397550e-02
5.708947688097117806e-02
1.820458338575808854e-01
2.666103921392080633e-01
7.669319388923007130e-02
1.950855865797533270e-02
7.887736344328549754e-02
2.306726394283979686e-01
9.559811693528048882e-02
2.630833079956296228e-01
1.456327062739399825e-01
1.041541821120917088e-01
2.501101287330504408e-01
1.661542943712555898e-01
1.160949476831872190e-01
2.881427728943683486e-01
1.047265312844963547e-01
3.170567168634437216e-01
2.469721206519146783e-01
2.073679758860716704e-01
8.909818715959114122e-02
1.333205834202653983e-01
1.263430502972777147e-01
2.646657481908108456e-01
9.434185780880370575e-02
1.019342741531621271e-01
2.458985189744981592e-01
3.016263461757042186e-01
1.989008507276898152e-01
1.479577272706796010e-01
2.030573360684158890e-01
4.341368127477476802e-02
1.298244929491363525e-02
3.229913612382026011e-01
1.402041787982715067e-02
2.539050338988731448e-01
1.386984582801898680e-01
8.448909581827040993e-02
3.595799447456461684e-02
2.717437497998309026e-01
1.988635633835110494e-02
2.568638889831940664e-01
9.239328856345450924e-03
2.412735048717253583e-01
6.417542868557396529e-02
6.531040288846416686e-02
1.591061437075221019e-02
1.946768709606279124e-01
1.615547935723738240e-02
9.052905682488227024e-02
6.536834026024689048e-02
1.755973620959420389e-01
5.489646753011803021e-02
7.626923097103063820e-02
5.018787408803359468e-02
2.052953711552829297e-01
3.147408783180828951e-01
3.873227275269808256e-02
2.748921581289230920e-01
1.331718708210125612e-01
1.651457293703614826e-01
1.095078549844082233e-01
4.823844118864051983e-02
3.849350219653453059e-02
2.440341846123660619e-01
8.008582453287908798e-02
4.948183938994624859e-02
1.813393150805570619e-01
1.837563977671043125e-02
3.694364800769189133e-02
3.661632688980369366e-02
1.688445797727069694e-02
2.017955551031511419e-01
2.132408689012344205e-01
1.996242635117398689e-01
5.783158640516561366e-02
1.302380804337226194e-01
1.006474836210934087e-01
1.293555474751985346e-01
3.072452770028382893e-02
1.350775840916076664e-01
1.579876402973920402e-01
7.168113543126519716e-02
1.689420922391038637e-01
9.209735391517145930e-02
1.994056225509747982e-02
3.157793024655413672e-01
1.322477784437443571e-01
1.470642021771133290e-01
1.048240776004335795e-01
1.221941975280845666e-01
4.753240728618002287e-02
2.820931952394074571e-01
5.166881956255381381e-02
2.102655033660331407e-01
2.480866147114702269e-01
3.143821425399817571e-01
8.431730380475296882e-02
2.901119395691541536e-01
1.423891178957243653e-01
2.997303754735634526e-02
1.101207625927367456e-01
1.683489838492699397e-01
1.962897540176157807e-01
2.210790413823933986e-01
2.056507770936594204e-01
1.819815909403926790e-02
2.972320985970793861e-01
2.493993393058863139e-01
1.226805811211086061e-01
2.053070497292945329e-01
2.797248912096497175e-01
2.366310873343394072e-01
2.482258212877996306e-01
3.222003063635464071e-01
1.030437805667754614e-01
3.394049255901226275e-02
5.964666664131770824e-02
1.611695430087624684e-02
7.669081399747434968e-02
5.654284766562462511e-02
4.939344455555313290e-02
1.289795401519479301e-01
7.569244015953426052e-02
2.045269793525778326e-02
5.919103940290566107e-03
1.161874553442921176e-01
4.470314010640701052e-02
1.876292578337793726e-01
2.854850202158182304e-01
3.159739213034477162e-02
4.784559310954931283e-02
8.448793834084211696e-02
2.488892144186959435e-02
4.099783621779581888e-02
9.608206114782057161e-02
2.930283481367728649e-01
1.804870370478777186e-01
2.973657997900751027e-01
2.107853864336688143e-02
1.746048478607063192e-01
1.633539498738545148e-01
9.259446789339913220e-02
1.159714745012161395e-02
1.614984102314863945e-01
8.080603672508919477e-02
1.335741903277385401e-01
6.622927590511337725e-02
6.854849949085979610e-02
4.530840990419568448e-02
1.143286042913610641e-02
2.688843830951237468e-01
2.996991446236348389e-01
2.535423980420841716e-01
1.294054867607623283e-01
1.718500119771454726e-01
9.261948237755988911e-02
2.630686019447672219e-01
3.000175910394327003e-02
2.845737610673910664e-02
2.545560144798919011e-01
2.368987936077804335e-01
2.658246945968308350e-01
4.733430718744578714e-02
1.064887869673183940e-01
3.070967927961933963e-01
2.377926843381545849e-02
4.853580108245707236e-02
3.199395759950670604e-01
1.887522236819181298e-01
8.191242725091786581e-02
1.720486592649148605e-01
9.168889988305886293e-03
3.234329262516119075e-01
1.461697926496822314e-02
1.717079168997901265e-02
1.706067275520577187e-02
2.855052846473682959e-01
1.059894662449121921e-01
2.365145721601583095e-01
1.619234629481195176e-01
2.908045693897369222e-01
6.251228397292941941e-02
1.765281294913200738e-01
2.198961443331669263e-01
4.523461985392641937e-02
1.991919390894776321e-01
1.223742457724370375e-01
2.413246163825712443e-01
2.843326649851545262e-01
2.577334870898920910e-02
9.642188448861342687e-02
1.930975427672310951e-01
1.652181304797907258e-01
7.497627268315332216e-02
2.345095491389750930e-02
5.805364207881996003e-02
1.555033536691415863e-01
1.617320534547363742e-01
3.445350963968090569e-02
7.007883556685007287e-02
1.192547268278000561e-01
4.655077668343619857e-02
4.760100793239389200e-02
4.025704084599467103e-02
7.266206305777728192e-02
2.225828756805796615e-01
4.346488322738354532e-02
1.522233802686942250e-01
6.177668978953671647e-02
3.246093498167692548e-01
1.460841819794995999e-01
2.826302510163073434e-01
1.766712267751970877e-01
4.039683575397141901e-02
1.904114838694808409e-01
7.614654868665243770e-02
2.487271082096650099e-01
2.359864673426787796e-01
4.567875123125853670e-02
3.032313369153850080e-01
3.199799046790737234e-01
7.219912904495262573e-02
2.480645510612928262e-01
1.718001612569509395e-01
2.402345965069330180e-01
1.198541450180113377e-01
2.476350685704711563e-01
9.585011011548409676e-02
2.402509049753207351e-02
2.868500911264669773e-01
1.748825969724786822e-01
2.833759396179804102e-01
2.891034837961642401e-02
4.555580523443485824e-02
5.723705839152778974e-02
3.172444612199223218e-02
3.165277391919438799e-01
2.893196666542564507e-02
4.676284230059291058e-02
1.630500330410845355e-01
1.824333102298885956e-01
1.663877446557944784e-01
1.119442939659378855e-01
4.310577828000886069e-03
1.038881375656529327e-01
2.969342911548896180e-01
5.473883495283222989e-02
1.981383286437272684e-01
2.453471400796634894e-01
2.468125076232345616e-01
1.341272789067884108e-01
1.415954071778492973e-01
6.976115556993897626e-02
4.270535502301908010e-02
1.325207254889680941e-01
2.558524702597316791e-01
3.102738927845181127e-01
4.922364207978933981e-02
3.012369656418765196e-01
3.861664057349114415e-02
7.572491569681394363e-02
3.147812660861419309e-01
1.110981495900413285e-01
1.959878387691523782e-01
2.582149344825839798e-01
4.798324406919494273e-02
2.634214471517760670e-01
1.039365854852743604e-01
4.697047001822066137e-02
3.149541618544467458e-01
2.203572266973993499e-01
2.591568157605481648e-01
2.493315897240443169e-02
1.010503509043357215e-02
1.500112379266861085e-01
1.955377297676839377e-01
1.904648571932681111e-01
5.569318008912869933e-02
8.046252764070239982e-02
2.504601055896890638e-01
9.159775180049739562e-02
3.125517084791403222e-01
8.315860776494324313e-02
1.738371811899597219e-01
2.164199762113254155e-01
7.948649765700564751e-02
1.640349870898677453e-02
1.044472668093129331e-01
8.583849534976543960e-02
1.982669025460511922e-02
3.078087264510284138e-01
2.001545159339574997e-01
3.073170413756001196e-01
1.003455605483171698e-01
1.219053510273992030e-01
1.530364871007859340e-01
1.065447898119219888e-01
2.629304534684053646e-02
1.840392523416637116e-01
1.475868890493231833e-01
1.690923461325859745e-01
1.117436141030487586e-02
9.010345401027598788e-02
4.841791641246624006e-02
2.258170051684006974e-01
2.251140343483939710e-01
2.581090466035187991e-01
1.200023401183087507e-01
1.290257652698343915e-01
7.000857401525677204e-02
6.823373774382124335e-02
1.810278635743857445e-01
1.574006722548869086e-01
2.272982355290208700e-01
1.735526324910076079e-01
1.231468205388874110e-01
1.166930904554179527e-01
1.194713868310036745e-02
2.385178602852619234e-01
2.951244265257231825e-01
2.880251676693091345e-01
4.719839875225687736e-02
2.121950353096851150e-01
1.503221562786770660e-01
3.243972698098599450e-01
8.470118489311302679e-02
9.239334205547489187e-02
6.778340194582987976e-02
2.296472633460532042e-01
5.872497192255674014e-02
3.095417707661140549e-01
2.101888283253028344e-01
2.895275914149392227e-01
4.397234087766151850e-02
2.299726453202674548e-01
1.825762562856134419e-01
2.834181609094830190e-01
2.860470826852520160e-02
2.866114274527472583e-01
3.018966990806249973e-01
1.663268265693783887e-01
3.097861148404007503e-01
2.245461680290088968e-01
3.192826182939593749e-01
1.399430185104746649e-01
2.942086352207428090e-01
8.956527562204848192e-02
3.751154740433432222e-02
2.315587375065871478e-01
1.800152372106493537e-02
2.300432209508177506e-01
4.946609370559342661e-02
3.126958397634487241e-01
9.557899117034300562e-02
1.981567179448888161e-01
2.446022286126767198e-02
1.110621934866527771e-02
1.935740188791068572e-01
4.995326312562364118e-02
2.056378476236460362e-01
2.324406049383829498e-01
1.058747315729637595e-01
4.248462395657583851e-02
3.106017898578167791e-01
2.170023942926264937e-01
2.684439919711227238e-02
2.799266518542211091e-01
3.462932919515539915e-02
5.865102741064508879e-02
