2.169687853060343896e-01
2.617019446472827471e-01
7.879056589025669466e-02
2.566981187365092176e-01
4.811184550770646745e-02
9.352267560528404466e-02
6.689143764251657964e-02
1.681474819131922038e-01
1.774304450780169184e-01
1.302165953901844031e-01
3.023312202359887402e-01
2.826896234540979269e-01
1.376827775077878457e-01
1.063191808793606946e-01
5.946597607562533611e-02
6.993042375782743125e-02
5.109602213566189627e-02
1.014737710078602029e-01
2.444350437519543506e-01
2.360318510637449685e-01
1.173568116718033127e-01
2.037377536728010585e-01
5.534686156317122907e-02
7.186342940025533532e-02
2.459238231444822731e-02
1.431784672299323269e-01
3.648582579051262015e-02
1.325405878333774934e-01
2.735542526922933315e-01
3.107706407612167987e-01
1.750451058959612005e-01
2.753053824599953348e-02
6.786368250428917448e-02
8.768145010157991914e-02
1.675448721753999282e-01
7.451737977647512889e-02
4.001060942239126339e-02
3.237305214773026352e-01
1.869795062338817371e-01
3.003952141049509583e-01
3.155739310009645915e-01
2.565338684201804442e-01
2.220838889631603918e-01
4.976039952316704817e-02
1.178964331551001499e-01
1.395124817800799943e-01
2.003412467752321013e-01
1.500437553825043902e-01
2.327714545568735083e-01
1.082501789840948636e-01
1.506330138545757258e-01
2.025243674772284896e-01
5.773464308034945147e-02
2.557192937073159977e-01
6.793589185486796633e-02
1.009199052327757196e-01
2.717501358454606913e-02
1.488208341554807523e-01
3.259997578900897253e-02
2.179934542845708145e-01
2.448407669878364390e-01
1.342028797932925677e-01
7.623051034291836170e-02
8.827933467651852273e-02
1.530835598297056455e-01
5.563258513264002919e-02
1.662896067737585915e-01
3.151070708913267793e-01
1.381649082388093364e-01
2.537850150303812002e-01
2.682074626835926345e-01
2.237907948739676356e-01
1.659899346443067525e-01
4.520158304802419230e-02
2.910933294917969483e-01
3.191048494393012303e-01
9.746945029462497634e-02
2.099271608847968762e-01
1.359218879989191331e-01
1.473842198546592708e-01
2.999515220964927287e-01
1.431854472521596200e-01
3.045435522060319089e-02
1.971712088647989969e-01
2.997500639584249060e-01
1.426945066922050143e-01
2.802768129054699631e-01
3.174194214655723378e-01
2.636469210852885880e-01
3.209175653446920684e-01
3.234382596875616245e-01
3.146056685267837882e-01
2.215986778191970930e-01
7.560477351305440463e-02
2.389116865581294713e-01
3.767309796400652999e-02
6.434202846636784268e-02
7.662202104570225644e-03
6.871382439712397927e-02
1.062092396362466079e-01
1.997670006663414821e-01
3.216068473732749400e-01
7.450393180788690561e-02
2.968049964029130239e-01
1.237073188974515958e-01
3.030076958148509095e-02
1.748779232591293198e-01
1.110741874466951162e-01
2.337174453766256155e-01
2.940741538968602020e-01
1.286568969914596294e-01
1.579446718109405456e-01
1.656885432213629217e-01
1.733243594312340596e-01
1.820533122812728610e-01
2.086804780210799182e-01
2.848172069058690914e-01
4.211570627239852316e-02
6.272203662968089954e-02
4.668836090782151754e-02
1.770848539624048090e-01
3.091183696535836356e-01
6.221430053514902941e-02
3.122769427195827285e-01
6.051667508201497014e-02
8.429659045758991498e-02
4.676839495741071800e-02
1.621274443566188272e-01
3.854040499176956264e-02
2.326429264089420815e-02
1.915453719329817950e-01
2.899807782438277859e-01
1.102442455188136217e-01
2.343177032114154013e-01
1.040794225186138233e-01
1.641644361571548139e-01
2.791402446205993870e-01
3.011886006372075930e-01
6.223236019765288757e-02
2.061676019399431847e-01
7.747044260860506959e-02
3.212343530996301655e-01
1.876447673776512615e-01
9.184165639892200028e-02
3.311644190355772510e-02
1.341475673819053638e-01
2.503738124925273811e-01
1.508224000190327152e-01
3.211088028880293987e-01
4.286968903260803682e-02
6.161131319431888825e-02
1.566249756693680051e-01
2.866913285182382531e-01
7.976884079048052190e-02
2.608313027308593601e-01
3.024431841393298570e-01
2.219781875461300791e-01
2.192629908024027741e-01
6.669880939321787272e-02
3.246659567113574507e-01
7.982853552583585310e-02
5.781506067938235044e-02
5.986688866280347188e-02
8.132309717272202462e-03
1.531329941168382280e-01
3.247839083961150397e-01
1.293188646317117718e-01
2.541608941735550298e-01
2.306361491638985184e-01
1.720970017162772314e-01
1.186571182283551601e-01
4.931091943727696630e-02
1.044693146224708880e-01
2.951214254617345878e-01
5.681338268692034260e-02
2.804664278741739181e-01
3.041498928506800592e-01
4.352192714965087694e-02
1.343709890880202262e-01
2.460970673907562634e-01
3.206284166201798791e-01
1.347169920322825176e-01
3.072888472803507187e-01
2.905035447511931587e-02
4.070768124640957580e-02
2.039283413311938631e-01
1.488216494266101086e-01
3.362101955476826803e-02
3.205002397125102931e-01
1.792942909145643637e-01
1.737630335680621085e-01
6.515271476527527417e-02
4.552522851247902541e-02
1.847556803965641828e-02
8.530589638863268764e-02
4.375996390660891883e-02
4.615664268070060472e-02
1.334514578032958698e-01
2.006137340826074089e-01
6.729745401421666218e-02
3.443575800797566561e-02
1.947289913108734560e-01
6.583279740957496962e-02
9.266447039910860606e-02
2.861593727536289045e-01
1.286832196720093247e-01
3.060611924958428487e-01
3.159464073451445087e-01
6.155512007737634628e-02
1.780687622735870890e-01
2.527572879866508138e-01
3.076952979297949420e-01
3.063114552953475345e-01
1.313675640542669165e-01
3.122529244778721180e-01
3.171719988011202362e-01
6.721154944499170558e-02
2.988600269622315175e-01
1.281876190632447454e-01
9.709151914759575619e-02
1.764769870866484125e-01
1.723153389869418184e-01
1.290672405713587378e-01
2.775522900979474072e-02
6.325626429197536704e-02
1.496704115219367193e-01
7.287035526204552194e-02
3.479500878585278789e-02
1.372808628687966492e-01
1.722440635324892222e-01
5.839972853381063950e-02
6.470513521026378945e-02
7.418615709517938084e-02
9.857706202784798089e-02
3.676734479647259662e-02
1.948220745126308107e-01
2.264067018378312646e-01
1.419820722405831515e-01
4.027067224493927067e-02
3.138295348294725673e-01
2.685629915509419458e-02
1.955834433897560287e-01
1.308882683428335691e-01
1.730435766146880550e-01
3.075108315912832846e-01
6.353169742321200519e-02
1.335581255971637626e-01
2.689994350753199814e-01
6.884111664187769764e-02
3.091595818228384251e-01
5.278537539233132958e-02
2.171916085232010185e-01
1.582722991517705180e-01
1.927928488786787298e-01
5.245871905681267350e-02
3.356603887951174758e-02
3.133134205080776447e-01
8.592830830708875212e-02
8.016261516573354451e-02
1.427881301409828774e-01
1.658210442201653659e-02
9.758676141338394616e-02
3.231720201549499460e-01
7.849934278015106848e-02
2.909574111531684770e-01
2.282700043427970671e-01
2.534673508195816050e-01
1.401372318543687989e-01
1.162316976510070488e-01
8.042008666940710093e-02
4.301077447195976455e-02
7.706344936591036365e-02
1.929683841782280362e-01
1.603462664777683400e-01
9.311881376797716270e-02
3.178114858606271437e-02
1.900013828262628324e-01
8.505627556247438714e-02
2.278163305336536326e-01
4.078543990082658666e-02
8.250644710706522833e-02
3.436169140483228551e-02
6.515116924271607823e-02
4.761906114926044153e-02
2.340066175290219097e-01
9.164026515498177594e-02
4.757041461000124927e-02
1.982176897296127061e-01
9.384108743823818544e-02
2.463958379472336868e-01
3.067497573698933500e-01
1.855135459849784618e-01
8.401046280198692928e-02
7.123246848897309136e-02
6.765925974582810698e-02
2.786512669955581306e-02
1.230270775279617701e-01
3.209358378930027844e-01
8.116619790319762329e-02
2.690156677645538230e-01
6.523182736978891394e-02
5.771986958648717830e-02
1.665110490933925935e-01
2.730555238041948996e-01
3.199539504560452996e-01
7.002662306974577477e-02
1.756336665571714972e-01
8.032817473538564346e-02
3.293502777521414848e-02
2.283691821229023866e-01
1.237847003975665605e-01
1.149967507830468028e-01
8.867621403585074225e-02
5.780748501808257583e-02
1.378282599852377263e-02
1.222398099364412904e-01
3.199693265772878825e-01
3.112394673745737528e-01
2.865929340247409529e-01
1.032382201423936580e-01
2.902074405915565647e-01
1.508199724735170000e-01
2.429703605157583837e-02
7.691712443187784243e-02
1.085058552705031737e-01
1.241293973712485621e-01
2.583665962676948702e-01
8.908224518833500472e-02
9.551600971481194469e-02
2.089792779097253972e-01
6.181156593195992477e-02
1.937544807893205046e-01
1.099424688987324927e-01
2.974461401433474081e-02
8.611907383486404333e-02
2.191407386065094276e-01
2.839832430866722768e-01
1.199083893191831285e-01
3.317464048059812209e-02
6.279399624049811224e-02
7.640274301147910452e-02
1.283424768984766373e-01
2.324299884972644004e-01
3.334602839103342764e-02
8.450432169446286945e-02
3.398364387257552660e-02
2.918039421580244097e-01
2.929704601094677494e-02
1.516917815458999341e-01
1.831121507333217380e-01
6.602369578529912464e-02
1.662203890244533244e-01
1.457830591833020328e-01
2.352102952553112025e-01
2.478046806843461625e-01
2.608382187900005200e-01
9.623454814490717268e-02
1.163427915440887334e-01
2.525789904121280433e-02
2.375373071679288961e-01
3.163934103470348314e-01
9.659842647030766893e-02
7.460027036276761780e-02
5.782820857374033896e-02
2.105695793347170386e-01
1.925272529162476431e-01
2.600710361543586147e-01
7.416484539075493543e-02
1.510064719054916571e-01
2.766363042721821652e-01
9.640120328099656410e-02
7.725717741137681782e-02
1.377647032607208222e-01
1.005651423771735803e-01
3.065371666531111483e-01
3.176832314544367764e-01
1.093599253974288366e-01
7.762181314380342534e-02
2.389183693106007936e-02
5.287290194312284364e-02
2.319239242911882992e-01
1.142049083068764903e-01
8.254044899255048862e-02
6.187438651741244272e-02
2.153465215334740279e-01
1.488686917439647761e-01
6.011111072246515252e-02
2.941256672648594472e-01
9.921222015029299013e-02
2.350008087478200891e-01
1.610525276884858248e-01
2.069286004301501836e-01
2.664290521389937605e-01
2.928363102069793111e-01
2.225888681187222773e-01
1.145477961725603483e-01
3.809969997120926655e-02
1.035813308247393177e-01
1.818662012311993426e-01
9.622314142928771463e-02
2.388526669107402800e-01
7.015058084684337725e-02
3.224648302592900695e-01
5.642854749147196980e-02
4.548986535463298009e-02
3.220467023930208561e-01
1.007761773974994723e-01
8.782825579328892851e-02
1.138471482869793557e-02
1.999901938534763557e-01
2.408300982840810567e-01
8.433124926521187725e-02
5.378267688336239166e-02
5.550160292102939569e-02
1.046104432842748094e-01
6.469496850895153917e-02
2.180437391015476456e-01
2.299629862172317407e-01
2.572269571439308455e-01
2.446194226883990075e-01
5.393891851668349002e-02
7.329799563222508252e-02
2.414753110625950105e-01
3.037899472703411985e-02
2.943662957102295974e-01
3.503149874080947745e-02
3.163501483210376941e-01
1.602121579063477130e-01
3.171593989662839785e-01
1.528498158230732762e-01
1.957010444802550486e-01
2.017613804312500814e-01
2.298403826149964663e-02
2.929046519552276351e-01
1.268402716892620130e-01
1.087880288308679666e-01
3.725092411889708438e-02
1.525547430832785711e-01
2.500415727671081445e-01
2.841141433545039674e-01
6.259225691467341923e-02
1.294844995334672455e-01
2.485409220271675990e-01
5.763827745956099508e-02
1.483842708523591125e-01
7.720590625224398040e-02
8.942553963168420328e-02
8.106150405594537978e-02
6.261366215900757148e-02
1.570484312654262249e-01
3.180783873970977060e-01
1.970868878010981207e-02
2.573840889509733110e-01
3.237485219506711087e-01
4.821015528765957431e-02
1.980297976880553146e-01
8.565496813386090647e-02
1.927201989467324794e-01
4.376153572547201304e-02
1.901648461148675584e-01
1.437367964131540665e-01
2.716480556217809039e-01
2.902419535964331221e-01
1.048123707163199497e-01
3.709608092001195206e-02
3.231308459319380266e-01
2.610825008840128927e-02
1.174365022361336802e-01
3.011481729940793106e-01
2.900448901570629179e-01
4.931496546343080989e-02
2.419254224021980815e-01
2.944585189489068999e-01
7.007602075019681021e-02
5.878574873234951315e-02
1.072033935348453704e-01
7.494472068693558420e-02
8.995070574870278612e-02
2.268173042776627790e-01
3.128475558814254320e-01
2.376231427218512826e-01
7.239706521488532831e-02
3.141388707842567296e-01
5.914950992796788598e-02
1.417842804929660139e-01
1.321266787626395600e-01
1.109789448975990189e-01
2.252883692610003208e-01
2.966951276934617909e-01
1.316630234177331438e-01
1.827887812621991626e-01
3.140647410390324801e-01
3.084043425172927622e-01
6.709060731522745180e-02
1.148255302116015994e-02
3.103186361692868503e-02
1.930582807204578588e-01
8.281454917286216327e-03
2.166112427061577250e-01
1.591548665691281117e-01
1.243327461374324761e-01
1.528004092276212811e-01
1.724183707143066013e-01
1.423764390605629093e-01
2.311953132934822241e-01
5.959571101290238315e-02
6.814041450188555726e-02
1.073556453437139596e-01
3.044394925372478911e-01
2.655348147278024928e-01
5.803474715515228449e-02
2.703422789428179818e-01
1.248697285730427653e-01
1.085512739252498804e-01
8.210504481079967942e-02
6.332246166461190373e-02
6.558445579408921089e-02
6.567862285350070661e-02
9.174278820783567101e-02
1.126190703456105557e-01
2.073918287899314539e-01
1.939405134449134482e-01
1.113713568228558853e-01
1.845496793894452897e-02
2.045209503638097948e-01
1.720439122973718427e-01
3.119898626961522536e-01
3.001797076532133346e-01
6.961832081930527383e-02
2.501045403317161964e-01
9.018607218302567008e-02
3.228140137239508545e-01
3.234056143757272350e-01
2.806782626106972267e-01
1.843875968045234348e-01
6.362176160005031389e-02
3.684259278901946821e-02
3.128780621208024360e-01
1.321517117064556768e-01
1.438103855211124091e-02
2.193039758540085982e-01
5.584049233785517985e-02
1.177564442471318445e-01
1.700574690850079340e-01
2.781758824498740124e-01
2.990082945332690062e-02
2.704728891265554824e-01
3.403802824574714281e-02
1.005728398760724202e-01
2.880099176665743554e-01
2.163477065961331158e-01
1.753240346999362376e-01
1.195624871387324650e-01
6.226048321788175965e-02
2.853819645870242158e-02
3.183863466098651451e-01
3.210984305019601859e-01
1.823526749789855794e-01
5.618351964185160780e-02
6.514134283945706427e-02
1.324023783883827854e-01
2.529530502400726966e-01
1.741120295494920367e-01
2.463817318513290555e-01
2.081481999598770172e-01
1.673577339147049314e-01
2.109371769198055413e-01
3.234251166294864754e-01
2.161154717382794410e-01
3.106432324354223978e-02
2.248148038550762950e-01
1.907677034394481830e-01
4.324669673377277285e-02
3.046615695674986246e-01
3.018581607324393179e-01
2.525803697889004301e-02
2.784342611587491412e-01
6.567938271555671947e-02
8.493085582847530179e-02
2.964637488695436862e-01
6.393534769255514172e-02
3.220237351940954951e-01
2.389037970115902298e-01
2.054588008371720509e-01
2.672596215703331723e-01
1.158174215144368996e-01
2.983607688181978967e-01
6.038039158037581539e-02
3.014448629734564622e-01
6.600319152151239155e-02
1.288183693665155005e-01
3.443154367901718471e-02
3.889624975465207080e-02
1.232973459289601337e-01
2.046655794957608909e-01
4.729883387248658144e-02
1.661654614418874021e-02
7.562971072832824770e-02
2.770702424344366754e-01
5.691133309348197361e-02
1.643643125560698831e-02
5.829266728337354625e-02
2.022739215983160310e-01
3.039316417754319155e-01
6.850567997949322252e-02
2.767171034049430503e-02
7.003524249889735154e-02
1.273067176993656346e-01
2.453557492397500372e-01
1.126470552134391095e-01
2.781558470129390503e-01
2.626326259086333437e-01
6.816654460615291511e-02
3.051346205951053769e-01
1.848369822151431086e-01
5.992557815776756308e-02
1.170749311581051749e-01
7.422250321979409482e-02
2.230823597299936289e-01
7.505139117661577264e-02
7.092337626686277818e-02
1.777919157188959098e-01
1.205700134894489017e-01
9.065783554618601914e-02
1.543081116122036189e-01
3.282158555801069355e-02
2.826431820899805714e-01
2.563866854419825647e-01
2.927760823609559804e-01
2.427889179842258049e-01
2.244367618798878417e-01
2.158161537059370694e-01
1.489732085854554577e-01
2.775577518311125522e-02
2.898574093107061933e-01
9.377148337757222618e-02
1.171691359394446269e-01
2.391805308394944207e-01
2.043890559538430116e-02
2.842620649923514042e-01
1.018451823335703166e-01
5.233019159424597694e-02
2.657898705764558112e-01
2.837838273749527795e-01
2.122715250081733951e-01
1.643253649314293033e-02
4.861261600000460481e-02
2.372723248027758525e-01
5.198507582776641656e-02
9.383239856031076742e-02
3.122931226824423590e-01
3.799988455487852967e-02
5.238019660634001679e-02
8.204177092901829282e-02
2.467232055067515306e-01
2.505792619910344188e-01
1.560162195389473427e-01
3.087346697388209105e-01
5.963503367354063001e-02
2.910270936708126421e-01
1.090693565845176072e-01
2.915150536557645222e-01
2.890773364632368003e-01
2.708225741578055290e-01
6.152999948788158424e-02
3.211217944876584296e-01
2.666720658663487287e-01
3.244594695918389671e-01
3.021312919518390760e-01
2.855608755090041639e-01
1.532219508443311284e-01
6.616243465736661167e-02
1.659713936156933800e-01
2.732387209252120641e-01
7.720916968772897904e-02
1.077488328235327586e-01
1.390176729617441653e-01
3.173916670854617372e-01
1.515781689914101893e-01
6.923813910322587639e-02
9.190252049288573366e-02
3.028328085990658058e-01
6.053144015093925301e-02
8.603102929575323632e-02
6.135019391055736293e-02
2.126381378852609458e-02
2.279085527987605719e-01
8.841935948007960747e-03
2.572413030398323364e-01
2.168296872369870620e-01
1.666265596368853297e-01
2.919040357244195305e-01
2.649850459942795777e-01
2.732154132764448295e-01
2.489464929595190390e-01
5.446422693819467920e-02
2.776492297805861487e-01
1.999223703567226396e-01
3.094222031587940958e-01
2.747612492134308693e-01
2.698546116304209597e-01
2.851777084805558471e-01
1.684392375601070357e-01
1.987275605231752021e-02
1.409518960407300237e-01
2.689585379502511531e-01
1.737525917591367930e-01
4.803600783547232189e-02
8.373792435642742060e-02
2.056202921919547677e-01
2.408157785127792161e-01
1.224226853504667839e-01
9.687314302605057326e-02
2.365002825188930458e-01
9.332791894819920941e-02
3.018664608817752670e-01
2.531355481650447992e-01
7.276219866888167243e-02
2.962367173768683526e-01
5.946781771053175764e-02
3.080777509947079107e-01
2.920115409935939987e-01
2.882718284141034745e-02
2.852676515745502517e-01
6.486228415958805726e-02
4.594321222762233481e-02
3.972770160486521762e-02
7.355119755186527442e-02
2.292318071352406894e-01
2.254622796418036257e-01
1.356213491624888023e-01
2.384288798386998143e-01
9.772889814320262492e-02
2.624349216417378172e-01
2.951114893178765075e-01
4.049046105837154214e-02
4.515480516359023783e-02
1.050392509513075334e-01
2.230134540834390056e-01
2.385487013647910881e-01
5.772546430960125846e-02
9.202492158625054375e-02
2.330076124387839287e-01
3.054380924944044562e-01
2.168172291327651879e-01
5.668269731413778934e-02
3.012163088527858856e-01
1.214825596735479157e-01
2.870502692640476416e-01
1.936170001415424280e-01
3.095577871230695624e-02
1.534662479461005036e-01
1.563227594216907712e-01
7.859537580888831254e-02
3.248408136967790849e-01
2.589773736333742526e-01
1.245608081024663083e-01
8.612623775686679972e-02
7.445173157935588981e-02
2.705661648996043889e-01
1.470878630456852465e-01
5.759414318647631398e-02
2.757460938080631974e-01
2.334383493141221066e-01
2.094391692654342385e-01
1.942085329146199246e-01
1.783935067292453103e-01
1.807126543432258647e-01
1.874637758108740615e-01
3.177048247603189712e-01
1.402248724414535963e-01
5.795661013339703516e-02
2.182483081954638415e-01
2.364557146255437670e-01
2.597818137168798058e-01
2.962233541005614978e-01
1.186156578557333030e-01
2.245057803171329192e-01
1.668185907490747355e-01
1.836959747829719214e-01
1.570950445073537594e-01
4.774872135901573472e-02
1.419459225033263827e-01
2.383660423222869543e-02
1.620741352990557327e-01
3.248474504274220243e-01
1.437937639756760033e-01
7.538657648037774828e-02
2.118134744594081242e-01
1.442561757857507322e-02
1.546704068653633468e-01
7.252698632260394518e-02
3.016680816381133168e-01
9.868715533114696958e-02
3.134970304197542412e-01
3.165336444924470305e-01
1.340564289956877320e-01
1.355841513350687366e-01
5.906047234227290721e-02
1.046341156588696530e-01
2.888571124017370040e-01
2.617450743777886002e-01
3.419786826791271911e-02
1.059874797257660539e-01
1.688249168529888100e-01
1.799163106394116862e-01
2.491548988952184754e-02
1.117074241615348407e-01
7.984366653867730479e-02
1.046024264930911496e-01
3.240700392237335636e-01
2.993597685438751377e-01
2.476211298776937186e-01
9.196806604002176477e-02
4.691115863608561615e-02
2.807691615241043048e-01
3.067632053406034176e-01
2.364327377720081003e-01
1.854929735154176307e-01
2.216079486747849214e-01
1.220460906614311003e-01
3.068276085477924520e-01
1.318518641462856078e-01
1.941770231975005478e-01
9.609474329703027173e-02
6.585421102793993786e-02
2.275780016514462878e-01
5.686623154302964528e-02
1.713303955654457977e-01
6.173324344682620812e-02
4.473805097175654472e-02
1.265863819161783532e-01
3.615364503758575904e-02
4.146364929208345984e-02
1.176812470423939105e-01
1.322489267061835727e-01
1.456753721639932331e-01
2.686319144629441547e-01
1.956613129178210453e-01
2.990851035423180426e-01
1.911577743471780944e-01
1.430818697738882594e-01
4.130681563242388776e-02
2.074454914783940007e-01
3.903446648250612216e-02
3.218818570704112814e-01
1.866560534012507988e-01
4.363013636025211972e-02
1.601682743458004710e-01
3.068572479190091462e-01
4.127777835859233052e-02
3.091031622550812763e-01
1.708552043937592024e-01
1.645467577135723281e-01
2.459869835355879830e-01
1.839160075441227116e-01
2.743537391528977354e-02
3.381069289773417502e-02
1.640050868277542762e-01
1.075569150744045549e-01
6.757652123656418541e-02
1.920020954668528665e-02
1.725823877689077190e-01
2.353427325892792632e-01
1.717114405236032926e-01
2.801624730336962354e-01
3.799069667223856084e-02
7.454697462115289497e-02
1.215507687577856849e-01
1.200262265200355283e-01
1.812299108946792414e-02
5.046019329833101308e-02
2.428269503952829381e-02
5.536285569251524902e-02
3.195531539907650043e-01
1.378254931670316874e-01
2.666838603977932376e-01
2.917772713924607353e-01
8.968460980253947779e-02
8.533651603814514097e-02
7.317589044062382253e-02
4.728938866864904056e-02
7.763451302011523114e-02
5.721141162288611443e-02
3.051730520748822117e-01
1.979850069650177236e-01
1.744495590644553340e-01
2.052000906870171670e-01
2.596359737218836838e-01
2.197361878345880162e-02
7.495355862568946204e-02
7.277835632589173265e-02
2.871587721056298448e-01
3.207599966601299424e-01
5.969120293763244961e-02
3.247716690841392917e-01
1.085475839807418103e-01
3.605395818431697541e-02
1.659225669888730326e-01
4.270385050999315341e-02
2.919692569721584752e-01
2.347008857380623523e-02
5.494003591814430182e-02
3.018575757114269065e-01
3.137551939625533581e-01
8.007064837256988588e-02
3.422669160067445121e-02
6.522531812076497182e-02
3.211326703227053714e-01
6.932800730931522326e-02
3.142392395056060050e-01
2.420072609847535861e-02
3.016848268960333757e-01
3.146157357158835960e-02
3.185976975047145054e-01
2.147930655785911802e-01
4.827237210410770946e-02
2.151546338011992021e-01
2.049780849860349530e-01
2.950534613273663731e-01
4.603590235101533146e-02
2.434832998028475803e-02
5.084137524119362872e-02
6.694894947551968678e-02
2.908301064048727236e-01
5.251095677525094430e-02
1.652512858823572683e-01
1.310785447190537245e-01
1.207793483062855333e-01
3.184597668026374340e-01
6.350959792825154604e-02
2.069573556149613969e-01
4.128981889784671261e-02
2.844851318890074809e-01
1.547078407673557476e-01
1.026819433397500730e-01
1.561893244200232567e-01
1.841636822046374966e-01
6.892136549762660491e-02
1.946100827219070240e-01
5.495130081090345703e-02
1.324686356625145167e-01
2.678326917322096379e-01
6.171920125874284097e-02
2.642340980755014668e-01
2.877270682916936995e-01
1.331522318410070238e-01
8.277362306684349358e-02
2.392710042272681165e-02
2.644813257308745724e-01
1.256840378087842602e-01
1.823263852253468875e-01
5.607483865172633447e-02
8.584084769365644962e-02
3.014184253218591195e-02
6.821477622884306036e-02
2.846049671688237748e-01
3.137647294111260976e-01
1.403707814347786853e-01
1.883910872021762190e-02
5.151811349639793397e-02
3.063500013951610534e-01
2.207066977161836752e-01
1.964260241381352856e-01
1.514104863405948687e-01
3.888949099318329133e-02
1.073599475631605432e-01
6.643574976387821296e-02
3.235081999189742125e-02
2.549013016721076164e-01
8.352126811974926179e-02
6.232978095276969777e-02
2.672355781033342037e-01
2.847842504653049223e-01
3.066747212482833773e-01
5.118921942626908361e-02
2.811441326799974383e-01
2.582099390752559120e-01
2.446090373045113620e-01
5.781493941707725737e-02
2.665800084864453634e-01
8.151935070953889029e-02
1.529780562931255250e-01
2.933374565939243783e-02
2.058712874299453710e-01
3.062138121771340593e-01
1.189934039709415053e-01
1.730540727450122218e-02
3.066262947252877957e-01
1.591517566809317608e-01
2.284873247609021940e-01
3.170114633802252890e-01
2.627385429065319800e-01
8.123383110200617374e-03
1.529705014273931019e-01
2.477085060935019789e-01
2.377264828402508301e-01
9.472711146376212865e-02
1.456771740115316016e-01
2.309692111887144128e-01
