2.796194298727983085e-01
3.003298787305513362e-01
5.841014604182202113e-02
3.101281194054424373e-01
2.395679795650009214e-01
3.094873456869401407e-01
6.757316973643229252e-02
9.827657123672672856e-02
6.519188182141746890e-02
1.133724053386861302e-01
8.314771796265114923e-02
2.167060645192807611e-01
3.043103044986266714e-01
1.083748608864413265e-01
7.033389061490015470e-02
1.033412025714248589e-01
2.114603095528957144e-01
2.649727648397339208e-01
7.916004828500487756e-02
3.120906953948501261e-01
1.333709873351161534e-01
1.508194351937691413e-01
1.272629545362092551e-01
2.694548630840245540e-01
1.870089703692929262e-01
1.726404144799769114e-01
3.096468886083652006e-01
1.302614498696552936e-01
7.641509877460415934e-02
1.332610200064640316e-01
2.506817294655802608e-01
3.111837035822420661e-01
1.832797913348748198e-01
8.162403889833159953e-02
1.687507735758141114e-01
8.378825717480613278e-02
7.262924965279539402e-02
8.871769211643117103e-02
1.837633453720929066e-01
2.780857041075624481e-01
2.269918978901155904e-02
1.975630401883805565e-01
2.583797672607856533e-01
3.149870383193065226e-01
2.598884535403143681e-01
3.007915190888517110e-01
6.716224904060957845e-02
4.355035182683792555e-02
2.652562957855955292e-02
1.526938231032928805e-01
2.683773222155189098e-01
8.314990495737570320e-02
2.227966014898545288e-01
3.246736939756064144e-01
1.750134293385108286e-01
2.170000934218418165e-01
1.137082543154063763e-01
2.836374164094034311e-01
1.876156367944531445e-01
1.116536041345816271e-01
2.377725501396284746e-01
1.013042097758841964e-01
1.105331151637353598e-01
2.998426647218067551e-02
2.814413377860989218e-01
1.217386884647927853e-01
3.112041926631101130e-01
8.587824315119549357e-02
3.172906566620430913e-01
4.353340454848520641e-02
2.467529434718924441e-01
2.177327295007321084e-01
1.070288635579831199e-01
1.480002830018366244e-01
2.540415308492256496e-01
4.552043403496262852e-02
7.661712092822352271e-02
8.837619397547381850e-02
3.027234153297129748e-01
1.196515362257582760e-01
2.976871492468579072e-01
2.584776366777435941e-02
2.348229708059559884e-01
3.013040334157917610e-01
3.290820395802845910e-01
2.696447250103982118e-01
2.514592556465047313e-01
3.061014804868929240e-02
1.395035476148156206e-01
2.938754187790662553e-01
2.202243257277194111e-01
2.403031363517901531e-01
9.327533417867527044e-02
3.181691478411747820e-01
2.751159397403715734e-01
2.956032400495846035e-01
1.557576849498663318e-01
2.715747079959345278e-01
3.107238755470598246e-01
3.239404065011483591e-01
2.228577451606805204e-01
1.985792296427480452e-01
3.159219496607199584e-01
7.178519018316585620e-02
8.076295454538175156e-02
3.184762393290053173e-01
2.637374018886785576e-01
3.616215854859028411e-02
1.409538550837751147e-01
8.011093548902299688e-02
2.762925546347387296e-01
9.810299505453724811e-02
3.232219035700527043e-01
6.290046997540703344e-02
3.254272410512898395e-01
3.278595217151072383e-01
1.797841772188467635e-01
2.919524556982514563e-01
2.027228042157434851e-01
2.050125416553659485e-01
3.201487823366134244e-01
5.315402123020495501e-02
1.440442489688962824e-01
3.697761929747066245e-02
1.597397219246046995e-01
3.056090543323662367e-01
9.856057216570335289e-02
2.523929798872117172e-02
2.718007290595047531e-01
9.299709948832997342e-02
6.943925756542947136e-02
1.735900527014500594e-01
3.208604030742016611e-01
1.975471205616454728e-01
1.473324195456440222e-01
1.395616308383112181e-01
2.042056132384052203e-01
2.321675039724573064e-01
2.211055745530657035e-01
1.379992070735419907e-01
2.935802875696481573e-01
2.533566392920522103e-02
5.091772719416128717e-02
3.209713286992929571e-01
4.593729529095788577e-02
5.242078193213247500e-02
2.699012905389071570e-01
1.747879308304177148e-01
1.374173529292479212e-01
7.487302613875111701e-02
2.711575214827048330e-01
1.078740011376263658e-01
2.846833643801969793e-01
1.272852182232148965e-01
2.663110476851573982e-01
1.800287911056115409e-01
1.341569230569925053e-01
6.861753862692927808e-02
2.356388309015957638e-01
3.098163579418824476e-01
5.851263822734079773e-02
3.049821785537150665e-01
1.143888264189403536e-01
2.938584805542952538e-01
3.033695290002461631e-01
1.267123843142806128e-01
7.726889309904295955e-02
4.412243402869376468e-02
4.051083540318289183e-02
3.087745669444738605e-01
3.257409206224030629e-01
1.015959528241349302e-01
1.355319232858404055e-01
2.848584867118244546e-01
2.970720832278074264e-01
1.645902579914219344e-01
2.679551682467927187e-01
1.715117427132385464e-01
1.884820463252931122e-01
3.159615768863798246e-01
3.065192608596721824e-01
1.658468264850103124e-01
1.087179641300895089e-01
3.499458516207418907e-02
2.544485265424802911e-01
5.132184090794239539e-02
2.450728454610118512e-01
1.908685581597008019e-01
2.980414289902863501e-01
2.863825349271258980e-01
1.028224692998422618e-01
7.796858936124408113e-02
3.034289631447240621e-01
7.946547236529168112e-02
3.200092301524881111e-01
2.389254341445571916e-01
3.032836853085449369e-01
3.034020802201755074e-01
6.077298916605537726e-02
1.248787679122665834e-01
2.756440645376154741e-01
9.988838720884446465e-02
1.898327693801327987e-01
1.970132338765101521e-01
8.000097509561952813e-02
9.409859450945901038e-02
1.732356128408352181e-01
3.756601838524087356e-02
3.164931167429617109e-01
4.100197331092929331e-02
1.005321878700176919e-01
1.406971437844492245e-01
2.640620220569051546e-01
9.942470643977822931e-02
3.160556346767885438e-01
2.386617068146156539e-01
3.627333054569908954e-02
2.328615482972265227e-01
6.453848474807631630e-02
1.726611489862870386e-01
1.585978312105776056e-01
2.012580004161997338e-01
2.997432903700341100e-01
1.962991477451027922e-01
1.713929349989066209e-01
9.465499780627659177e-02
2.518120690900926828e-01
9.756965827125632651e-02
6.543303214509588184e-02
7.032685753999577682e-02
5.019370698054630847e-02
3.245411386665834896e-02
9.451306315255558754e-02
3.144787443007499017e-01
1.694672103853580303e-01
6.876778185464141324e-02
7.620142413215701127e-02
3.240055675643738198e-01
7.098994165360934805e-02
8.061907859891326300e-02
9.548698259036668412e-02
7.939293477881215200e-02
3.282951699343931162e-01
1.054888282190701854e-01
1.274713979892791449e-01
2.594665710872788855e-01
3.179235334489358134e-01
1.144969318956081533e-01
2.735116960497354643e-01
4.570199453762426034e-02
2.030346315366983456e-01
3.193158025654604937e-01
2.835804840472014865e-01
1.224090415512649049e-01
2.896731455335808114e-01
1.863821937814522101e-01
2.756393829046993593e-01
1.245409270648597799e-01
1.237912652438471345e-01
3.010380132538835185e-01
3.201126211595935467e-01
2.584212070987466636e-01
3.255350051553497770e-01
2.986212925774715532e-01
2.968879400048568540e-01
6.305506188611320617e-02
8.592930193121033067e-02
1.086969522781856962e-01
1.857098154565130776e-01
3.242542420370979062e-01
2.862775145561476942e-01
8.072941780828653269e-02
4.673073681735999407e-02
2.894478945728312658e-01
7.630298789260679670e-02
2.811449588773944352e-01
8.225935281044037539e-02
8.701427042006014412e-02
5.435820026455914084e-02
1.492747800204124453e-01
2.079959369951618064e-01
2.097953733074490734e-01
9.311626086944525815e-02
3.013159565283631824e-01
2.085126016139299820e-01
2.007297084310889212e-01
5.158354770678695578e-02
9.395901638660496269e-02
2.694838556468124868e-01
2.149255180378532581e-01
1.248544379120168357e-01
1.001202751944381963e-01
2.919629904362324932e-02
1.015837374301504920e-01
1.176929838531907413e-01
2.860367293620798002e-01
8.518187875293677103e-02
2.658848598787552087e-01
1.825809516001325461e-01
2.464097513049441635e-01
7.537125624558232984e-02
7.288028976243197954e-02
2.718911288035514850e-01
2.902683492091672202e-01
1.933269944975251897e-01
1.193845391562483593e-01
2.818989681916594936e-01
7.445398923213886189e-02
5.461204286811088826e-02
2.234537615557194712e-01
2.116797951481549089e-01
1.308095487633967324e-01
2.607809633512878089e-01
2.899871130831784827e-01
1.871911408145028322e-01
3.276266835025761631e-02
5.753015183117116821e-02
3.093295062900201509e-01
3.254401229850744648e-01
3.212076639642360565e-01
9.490427247627510055e-02
7.999234318857775805e-02
1.533672729507581656e-01
1.148970584460811128e-01
8.777655091441019519e-02
2.220409384220073945e-01
7.634845232135134552e-02
4.666339998857413351e-02
1.940698145344268988e-01
2.470676318985964848e-01
6.217433149349147620e-02
2.889126219612605517e-01
3.052666360306819926e-01
8.576796479869502887e-02
1.334648015531748610e-01
1.391746778969260856e-01
2.860172621624025302e-01
1.069471971508520469e-01
9.561771699316708173e-02
1.154334016053357170e-01
7.075276495126102405e-02
3.153957531554407168e-01
1.376662571513774247e-01
1.052171898235330083e-01
3.070702492646125714e-01
1.749304299147470820e-01
1.665845273738026655e-01
3.005353432043518236e-01
6.415154752129831328e-02
2.709169397668608203e-01
9.498533982264852071e-02
1.333988560145585867e-01
2.758350349518620681e-01
2.670111238995517278e-01
2.814287524293051512e-01
3.089728436374957199e-01
2.892119006724312991e-01
1.979942605990150650e-01
2.994807396279028366e-01
5.047765292636244294e-02
7.668737224664062824e-02
6.835532378027270317e-02
2.733121282170096200e-01
1.938726352166971756e-01
2.369401274068804464e-01
2.130299922656038458e-01
3.286996622890409059e-01
2.670411811065427354e-01
1.618652381203992130e-01
3.563626604039240447e-02
2.545432802727050081e-01
2.279281796844149499e-01
1.573030418424146981e-01
7.257468267216549140e-02
1.109943695417113380e-01
2.878013603461897496e-01
2.069128583051346171e-01
6.711624713512645557e-02
3.030277228769132636e-01
3.032884292835874573e-01
2.138768093148862570e-01
2.914084490646079439e-01
5.913576322698795712e-02
2.648458952216926621e-01
2.646103254200909971e-01
1.938746184611140344e-01
5.864914435288998834e-02
7.987674965873584054e-02
4.716298043901662185e-02
1.258031993279983551e-01
3.062185778894723973e-02
5.939659495649075166e-02
7.617033598095999947e-02
2.930307438901278982e-01
3.124590675374001036e-01
1.848141569591552902e-01
2.903973471612765755e-01
3.871003858201661069e-02
2.894467079779626251e-01
2.292411072214253775e-01
2.195771949337030904e-01
7.211941458281095896e-02
2.156506893522799895e-01
1.871273961446298650e-01
2.446918794581585677e-01
9.145754943537028059e-02
1.294639339438329040e-01
2.600954195497162669e-01
5.178742782933961480e-02
1.851012698743634555e-01
2.888105689616237703e-01
6.648825919425495334e-02
2.360876461692456574e-01
2.800465262591217072e-02
2.418432610626507773e-01
3.143418226473622679e-01
2.894124755365558022e-01
3.253648946795908992e-01
1.731133852679274943e-01
1.905202445630449770e-01
2.439104013335728904e-01
2.546692860681707971e-01
5.776301337503299271e-02
1.189838873550038978e-01
3.146831996560921496e-01
2.055788641085910529e-01
2.228830176249329831e-01
6.184356727534203596e-02
3.046524480632349374e-01
2.673244600695243722e-01
9.485670200588867951e-02
3.056055872988777122e-01
3.249664062737742665e-01
1.077581894976526317e-01
8.030738652842248082e-02
2.266177024696581221e-01
2.417389730324200070e-01
1.484850026870104533e-01
2.190112951669271613e-01
7.912228917727064104e-02
3.283198332796119501e-01
8.534376253722450456e-02
3.031896633829204157e-01
3.848319927570256066e-02
2.780157146101707721e-01
2.773128930547701099e-02
3.274532976675695872e-01
2.093612937826717646e-01
1.116966511449546950e-01
1.952406779843483542e-01
9.745884709260760337e-02
2.049857395728893195e-01
2.655472797143823005e-01
1.259436952606873827e-01
2.755287505824776106e-01
1.723109055769742881e-01
7.076730849716306171e-02
2.792708640330113234e-01
8.861022156238373970e-02
4.813144568738990381e-02
7.138404311825614912e-02
3.666497987006071130e-02
7.095203655335406701e-02
6.662894374713343448e-02
3.276906467323494332e-01
3.114302807502736803e-01
2.958397337888931111e-01
3.250616601718014920e-01
1.254691204720891906e-01
7.523710989014216477e-02
9.324162841531440094e-02
1.993465223762082572e-01
2.092336480816495703e-01
3.195478756869672976e-01
3.058036435874244563e-01
2.484427780484280424e-01
1.395053861774534221e-01
3.008593401475365692e-01
9.016897549052313443e-02
1.275946210763952704e-01
2.464572317734218809e-01
2.372468418472553908e-01
5.706195309739361954e-02
1.265745675820467708e-01
9.439647695693118012e-02
2.388246912462843874e-01
3.178274321079604947e-01
3.156449113202258738e-01
3.180862904907221234e-01
2.499614931173400334e-01
7.755529782217510104e-02
3.220203795730035012e-01
2.239740913217733997e-01
9.936433801015637224e-02
3.196537837680570870e-01
3.110144659435373771e-01
2.392839963473119558e-01
2.254216656357565518e-01
2.042937334149706463e-01
2.021413496664517251e-01
2.790574169711895203e-01
2.106231947340890531e-01
8.018926676062210213e-02
4.238497734297268227e-02
3.200396452045164430e-01
8.688838899887997569e-02
8.787426134317943838e-02
2.898091901655603375e-01
3.289949764943849164e-01
2.005252477572310732e-01
8.829089318958746602e-02
1.422616222298541122e-01
8.164791477534850961e-02
2.833200518858796091e-01
3.048658540035663611e-01
1.088729792577101396e-01
6.177627443719384964e-02
1.370823693571049939e-01
2.417866159608170751e-01
2.315203824311504732e-01
2.810697696532536427e-01
2.691981568235283229e-01
2.764272097540276807e-01
5.245129528675002151e-02
5.689984560169597527e-02
3.052381461428088083e-01
2.786489190216274170e-01
2.623164446166144081e-01
5.248789682522442268e-02
1.922150479899313591e-01
1.732383006360397049e-01
3.161219133930898706e-01
2.471451034856752549e-01
2.542047473367912702e-01
1.209083909591836536e-01
5.404330705430307469e-02
8.528991293980223154e-02
8.811270174412043354e-02
6.075019787590262010e-02
1.876409277987762247e-01
2.296752976918287892e-01
1.333519621715523740e-01
3.166013073731172578e-01
7.177991429139715662e-02
4.061648188835528112e-02
1.141987392529931061e-01
2.914344703915843215e-01
1.123337218682173566e-01
2.342099655655993096e-01
1.688537455815848076e-01
6.531236289631126013e-02
6.690469079882542525e-02
2.134155795922272336e-01
3.074862907250801580e-01
1.480757391797552502e-01
2.239637777395916407e-01
2.167223101376707095e-01
8.581297178204204401e-02
3.807167856009023577e-02
1.504118667860569192e-01
2.278269987569276622e-01
3.951407769928607511e-02
2.198577570064189080e-01
6.221205008231661671e-02
6.955296395679587407e-02
1.751031154969363290e-01
1.898814541825122881e-01
1.985536967108430806e-01
2.409352465381853770e-01
3.126701947581484453e-01
3.232173223543642893e-01
2.805574909562014163e-01
2.900652756660249687e-01
1.143717831218759307e-01
8.590108678991020819e-02
2.328971583666826772e-01
4.135733335363871166e-02
1.092968101995849262e-01
9.444783200237391596e-02
2.939141953857233869e-01
1.080196539472818851e-01
2.090799350204300133e-01
2.471109757122181838e-01
3.234351190573734880e-01
2.740984280175797760e-01
1.905556751189170506e-01
1.038786247712360916e-01
7.821673827902435316e-02
1.735626457649674104e-01
2.365709019270860192e-01
1.749142352847818938e-01
1.687980448710083292e-01
8.310399355441114300e-02
3.029061049097350744e-01
4.184878627299326581e-02
9.647771965370789682e-02
8.603271645317442373e-02
5.215877263344997905e-02
1.395276002016091199e-01
1.115876203369924463e-01
7.439858275238585283e-02
6.381962621371201072e-02
4.390924273839190428e-02
7.068517434282758916e-02
1.877893438682236571e-01
2.765964859237258211e-01
1.402421681407402532e-01
2.584478114143134997e-01
2.648744556876701517e-01
6.328918169385379378e-02
5.350270096101326228e-02
6.978966897969987593e-02
7.371939926848436464e-02
2.929074255311041597e-01
2.355983495313210552e-01
2.890611533225941887e-01
1.699894269824298310e-01
6.109985757636710729e-02
2.112752273042036166e-01
2.748995006230869342e-01
2.168428873087457909e-01
9.239194849472075199e-02
3.720788572780097531e-02
7.392343624983796491e-02
2.835502258685910770e-01
2.384351117446512069e-01
5.247086379102183784e-02
2.560287223280014249e-02
6.044510262958051328e-02
1.370000451896152827e-01
3.010301431497217073e-01
8.698098854025174131e-02
3.801876812145392470e-02
1.906907511880544248e-01
1.226637306098565666e-01
2.168351222337695228e-01
6.832219557989027692e-02
2.071995072256508919e-01
1.867174162275625215e-01
1.955629601599105094e-01
6.408551827025157910e-02
4.829482253690919186e-02
3.271563519365818240e-01
2.059184516404693466e-01
2.292585676789224980e-01
2.855454869672591559e-02
1.523609609078865890e-01
3.108053617098734400e-01
1.495280590007777854e-01
2.106892308006476089e-01
1.078500351494767612e-01
9.223711424748809451e-02
2.914683490675791799e-01
2.904259235145765228e-01
2.372986912123277170e-01
2.210671096962791571e-01
7.782814989675854167e-02
3.043542028282001932e-01
7.964867417658814952e-02
2.549452204900938823e-01
8.155685401586373895e-02
2.626037325496580199e-01
2.812441677757344660e-01
2.580915487653424045e-01
8.408430465090037387e-02
1.294897688088703092e-01
1.272400121182908350e-01
3.107507323022835055e-01
7.510554814292387527e-02
6.517915774240325144e-02
2.487271244184117158e-01
9.242883658916271894e-02
8.590712845409605170e-02
2.545223894605436743e-01
2.747100037890846114e-01
5.420527636857629811e-02
1.941597602824070845e-01
2.072895311729180401e-01
4.870106742440319381e-02
8.548865450991867398e-02
1.510080473193275985e-01
1.965939609201688698e-01
2.452811187667504056e-01
8.734743726298203892e-02
2.783147910734035113e-01
3.911831609271784055e-02
1.720546688156143478e-01
2.643382994699609578e-01
7.307072640192584234e-02
2.101850189457194762e-01
6.980490335837405413e-02
3.052185352529089291e-01
1.598574838462515912e-01
3.018073589220259811e-01
5.266350420800190724e-02
1.760489796037784660e-01
1.289982857964778185e-01
1.558785441339453903e-01
5.641158563710074042e-02
2.500459885781354807e-01
1.418590589678562219e-01
1.364948947574051996e-01
1.239271892380797158e-01
1.560526513847295960e-01
2.595020740351502986e-01
3.178705479448432070e-01
3.098280006444231183e-01
3.705621204026387366e-02
8.553507343131369622e-02
2.379006516918931446e-01
1.388059720203419778e-01
7.451623465659916457e-02
2.951943001644262154e-01
1.746791171936959985e-01
1.665014176469217788e-01
3.236066396210633411e-01
2.350132157569524705e-01
2.295656190383862649e-01
3.867596958565134441e-02
1.240796221288135437e-01
3.772807537642011017e-02
2.257668165181427877e-01
2.057437000720423181e-01
1.833329276030757904e-01
5.437274249552827288e-02
2.682274108930178258e-01
6.861081757784098789e-02
1.973687052005085318e-01
1.008493844166900161e-01
1.659435674598030430e-01
1.363126427140585739e-01
1.988661420162398941e-01
1.914174658422627961e-01
2.098045064813739147e-01
2.456462226942073557e-01
2.151510137535746492e-01
1.051042598301542841e-01
1.839220969117812965e-01
1.488540920248422605e-01
3.138898674704403979e-01
7.527698494471626867e-02
5.534942608685827770e-02
3.142215661361921764e-01
3.824840742729423287e-02
9.647895947623773283e-02
2.900075323061028776e-01
2.909233059393260823e-01
1.878427340970887649e-01
2.568429517715272725e-01
1.443670688567057492e-01
3.228813981806216149e-01
2.018329293451438244e-01
6.926329787935876781e-02
3.286762627776436685e-01
1.906604026093482729e-01
2.091547099675196142e-01
2.350319557226917544e-01
3.336556524175052912e-02
3.762499084666896115e-02
2.504682072859637509e-01
6.991816477992328360e-02
9.711742362291982122e-02
2.655697870538376026e-01
2.752684520546063163e-01
3.223792106348967734e-01
8.171760892572541013e-02
3.052053951124608089e-01
5.279410830364329038e-02
1.440289799199493681e-01
2.538711905132698399e-01
1.440216892451801067e-01
2.613796305373137369e-02
4.982074023725929779e-02
7.659021638725274639e-02
1.500111378627153325e-01
2.412030111031931157e-01
1.746371035151892959e-01
2.910748331075591055e-01
1.524053928480786912e-01
6.546632769723348400e-02
1.555985042119758244e-01
3.266878529389959929e-01
8.329090381298184798e-02
2.305972800636931774e-01
1.149785099758832141e-01
2.287283840222095188e-01
3.084463924320664518e-01
1.398903514093107481e-01
2.757558448503326376e-02
2.446692229752160941e-01
7.660880585799655085e-02
3.045444736522391893e-01
9.156125885958289745e-02
2.961330861940822401e-01
2.584528274671412662e-01
1.821418131026933118e-01
2.707613171519610562e-01
2.360372202993893942e-01
9.327820133793973678e-02
7.516934445701481393e-02
8.849371767701355584e-02
1.953132638380970787e-01
7.806466083223397023e-02
2.325942671222804847e-01
9.398584152728797769e-02
7.205860604821057169e-02
2.968522069833022248e-01
2.157661415766007618e-01
1.562779152656316173e-01
2.919732826338880538e-01
3.248141440067003338e-01
7.000647551519331713e-02
2.523555894047718184e-01
1.927444453866635488e-01
2.478061003580508681e-01
7.751550096010494106e-02
2.459177845885188174e-02
6.465535947129931460e-02
1.679133509308196881e-01
2.459883484454670755e-01
3.280388658612721220e-01
2.060400951194796826e-01
1.581831628054760630e-01
2.747732336192821312e-01
1.207817156103667550e-01
1.090685480256614603e-01
8.927399195384884412e-02
8.111988692672958412e-02
1.332117741525058741e-01
2.921885255772049272e-01
1.630148526299044498e-01
9.993572578943019091e-02
6.720430562646600992e-02
2.298934554150035836e-01
1.352015252894648578e-01
2.190495125496329520e-01
2.644273434615814766e-01
2.097432770023127946e-01
1.254427793135479141e-01
4.597278193245208505e-02
5.845605114743721714e-02
3.381141809538548704e-02
7.618322077184079555e-02
4.388046648533423799e-02
1.057025466863452667e-01
3.739559262333193995e-02
8.203335083338307576e-02
2.375918635270481971e-01
1.787105944044385109e-01
7.676569922340704955e-02
9.880466488369885059e-02
2.813022986830270369e-02
4.139591662225617502e-02
9.172230439553456793e-02
1.376479593683947178e-01
8.262349695908864644e-02
2.690971514027769573e-01
2.900343245850390828e-01
1.574892236625937136e-01
6.817352813104642084e-02
9.803213683573701320e-02
6.657623977137699933e-02
2.522286833223387204e-01
5.500571624944478738e-02
5.219439347216199565e-02
3.210868733682871734e-01
8.787886274383399643e-02
3.100626246102743955e-01
7.449707984301734420e-02
1.641112475864205666e-01
2.971342124918007199e-01
5.222242583695488327e-02
1.485489534754367291e-01
2.350005884175089543e-01
1.299518065485001650e-01
1.307698028821240310e-01
2.353154500095785140e-01
3.041260929269434254e-01
1.670848154188752932e-01
9.313734816541198447e-02
7.269850751868482674e-02
1.815017116773618988e-01
3.105269355025866984e-01
2.479547681795827296e-01
2.685310408903456847e-01
4.799275114700956441e-02
1.256439712477096793e-01
8.302999239945710319e-02
2.399796260831124628e-01
2.979774286517812842e-01
7.410360928975105732e-02
7.010578530939029496e-02
9.761404593862108015e-02
1.483611992608758201e-01
2.499383825665618952e-01
2.040017618222356444e-01
3.105310281349227264e-01
3.511650215308504547e-02
2.623443838804909167e-01
6.756560555099104526e-02
3.735714928734617385e-02
2.600089556907494992e-01
1.150342598257694804e-01
2.055671148388953928e-01
3.205991368826352494e-01
1.560494674426438910e-01
3.247918146741707868e-01
2.298806632910662950e-01
3.827665410937974855e-02
1.914651204902678427e-01
3.149720137601115799e-01
1.240160046975159192e-01
2.791415023622444980e-01
2.540155949760132814e-01
8.347307425261685232e-02
1.007513840694353041e-01
2.866786754670014870e-01
2.734739497084601179e-01
2.501529895524830516e-01
6.345726759946956896e-02
3.520260922743073673e-02
3.144215907477698191e-01
1.036231815079143997e-01
6.798667062829166774e-02
3.140988881494272134e-01
2.265919857195588250e-01
2.121690158249125158e-01
8.146554224360316732e-02
3.060634734282622893e-01
2.093606986896971167e-01
2.505470171336601215e-01
4.575166090189350387e-02
1.277218802925534358e-01
3.224785315914491801e-01
3.096360769846309147e-01
4.300537705890878498e-02
3.114996727446009417e-01
3.001643431844331356e-01
2.205210817645189281e-01
1.644020139614865150e-01
1.388932478822639538e-01
2.064669011144268373e-01
3.273233814248090873e-02
7.518516709389957975e-02
1.984434546495755236e-01
3.999381634393368162e-02
3.018518744019151323e-01
1.126269346775831959e-01
3.144987159392211296e-01
2.514412528480485243e-01
2.723759571235229160e-01
1.502961109266917339e-01
8.206525079500322228e-02
3.181787113087794494e-01
3.196165753962865175e-01
1.880280724077971199e-01
2.003249740182721228e-01
7.342695423785523812e-02
1.762904736106531423e-01
2.588158782787455814e-01
2.037692735243786801e-01
1.522067541990081985e-01
3.989406324764951939e-02
1.452340042227011907e-01
6.967111881840937215e-02
3.131388048845190064e-01
1.486164544794731923e-01
2.357835047467314593e-02
8.531207519304975784e-02
2.446574939610640098e-01
1.003714490000521264e-01
1.105648784180411487e-01
4.612711664244160958e-02
2.855638384249210571e-01
2.933811942189156197e-01
3.240256753314998406e-01
2.877959365673283809e-01
1.525580498635868143e-01
3.255174936953900700e-01
2.502847913113369072e-01
1.534569611859441240e-01
2.753705618971964975e-01
3.027337537848260873e-01
8.020203223705993367e-02
2.149398811035131140e-01
8.582588739547356016e-02
9.532526381936404225e-02
2.695823829269030636e-01
3.168923883661388663e-01
2.360114146790217582e-01
6.893016066255493179e-02
4.568486755208996108e-02
2.449415793379576267e-01
5.261898094498775741e-02
1.353298316915196864e-01
3.068301362711297608e-01
1.087568692048740127e-01
1.173005058012530771e-01
3.199973034315740650e-01
1.668708680098525687e-01
