2.716751566558011088e-01
2.995715455539120220e-01
3.373959443447389073e-01
6.353699966206653726e-02
2.087853104573317020e-01
4.429030731386821018e-02
2.628198503193786562e-01
2.325911694180390898e-01
3.310498508706222753e-01
8.207934948225753535e-02
5.832559677386237734e-02
8.295295457326536115e-02
2.533297223903285267e-01
4.102583012647601640e-02
1.291816267468230139e-01
7.187595914504084360e-02
1.015455390875662084e-01
2.007747184381568628e-01
2.185821853261391834e-01
3.149477907209109473e-01
2.507571608542503716e-01
2.681974069708242814e-01
1.721950093804400783e-01
1.166333302733925381e-01
3.197373243623743977e-01
2.540449088189503657e-01
3.250168783323537092e-01
2.994789337715288990e-01
1.461126646840500976e-01
1.904940508367103935e-01
6.767679287601846561e-02
4.643549671930353312e-02
6.941898365673208893e-02
1.167540738612236340e-01
3.661356355914148486e-02
1.423407434414980799e-01
3.329631116486777564e-01
2.355808875023766291e-01
2.917231640935245007e-01
2.673240435253773084e-01
1.181009953158632109e-01
9.156932257558907107e-02
1.700250993855109138e-01
1.282195583499001201e-01
4.829163613073265277e-02
2.752134903326983184e-01
4.660582439220793682e-02
2.254332520295334319e-01
1.002552140141266118e-01
1.042284543716963940e-01
2.397692688795829280e-02
1.917695969718468951e-01
1.252358642714281600e-01
2.803234035167272500e-02
7.587204161099704580e-02
2.570847938886560158e-01
2.183289377896747152e-01
5.140408558793554961e-02
3.342765212719512880e-01
4.825697474027854789e-02
3.048272917115192326e-01
1.010662586504535443e-01
2.860131704329468838e-01
3.069743636594503555e-01
3.122267649183150806e-01
3.379288566242033554e-01
1.586375046677782619e-01
2.157818703026768703e-01
6.724677066435601203e-02
3.893806937709966276e-02
3.322397408361026927e-01
6.350299417954838321e-02
2.616497811207526003e-01
8.736079775654902180e-02
2.657116286098073488e-01
2.795552146548118677e-01
1.352006853214852145e-01
1.472699078904838310e-01
2.498953674768693012e-01
1.543543156514526060e-01
1.045253283303720915e-01
1.741017483450861825e-01
3.042895076161067358e-01
8.185128788112765175e-02
1.506571491229505289e-01
2.906955860626433963e-01
5.314038031981640348e-02
5.732405570141718698e-02
1.970576200948770673e-01
7.375117075934854716e-02
9.559200112879925881e-02
3.171854930508075099e-01
2.493066462254056870e-01
2.176254475989632953e-01
2.302999006845171392e-01
7.456292071944044253e-02
6.087400278706442402e-02
3.078019375325992124e-01
7.098748587479597472e-02
2.678009894038743677e-01
1.188863186730360622e-01
9.735757590770309500e-02
1.923380529143802753e-01
8.056178723380535978e-02
1.076220885682951101e-01
2.210293551966022174e-01
6.626516699721404779e-02
3.247862005072700842e-01
3.289431560400223886e-01
2.257020179941321703e-01
2.821381680139403159e-01
9.391149614648360011e-02
1.957410125875036211e-01
3.098880180466779821e-01
7.065943692083888339e-02
2.298397263659255341e-01
5.930617664896480762e-02
3.276376490624430815e-01
2.119314401974131956e-01
3.903191575569333466e-02
1.692120448918578990e-01
3.011526146097989187e-01
2.777965787953240451e-01
3.311794906882419703e-02
3.551727597713289636e-02
2.545555231273762820e-01
6.715834928044045471e-02
1.371389088748178886e-01
4.982896074235910328e-02
9.525962148526224971e-02
3.171397232733525473e-01
2.571780253859697885e-01
1.742342826873216899e-01
1.996374084361579870e-01
2.522706189817141426e-02
3.284508367576159382e-01
1.921130175170048318e-02
6.211192821705192879e-02
5.434913110847896384e-02
1.489255604431409807e-01
2.440302400868807897e-01
1.003685073921926352e-01
3.314597559293636087e-01
3.202476399524264994e-01
1.133311200244858374e-01
3.257868877267469099e-01
2.373728757474046769e-01
9.607661868903627500e-02
1.844777098367745283e-01
2.283929995067605356e-01
2.923627910705407507e-01
6.759905703737131843e-02
2.119314116555035682e-02
1.290630214134581566e-01
3.253385377244640275e-01
2.458769936000755330e-01
8.319027797940112268e-02
3.260591404515257308e-01
1.607804387159132153e-01
3.179478520932360608e-02
1.333663850316552935e-01
3.347044522407677802e-01
2.335063482401953661e-01
2.374160044076380760e-01
2.151719119023137172e-01
3.214441783395869390e-01
5.041289504180600928e-02
2.612870117953191573e-01
2.205101397735443336e-01
1.520809236078544402e-01
1.040796525772594988e-01
9.542515871817103257e-02
2.393179005707464224e-01
2.273467561538152215e-01
9.351438408663637070e-02
4.892189260277541446e-02
3.342957872771180061e-01
3.187393601053054581e-01
6.287798287413350062e-02
2.068860908942417864e-01
2.901432276567395552e-01
1.278570344773954093e-01
2.846939034680238678e-01
1.035592454661502931e-01
6.419954698018409678e-02
7.838870923635536669e-02
2.804672476450984497e-01
3.560773876686798567e-02
3.921274946195955208e-02
3.300737569000233851e-01
3.333219997617439256e-01
2.076729095372004397e-01
3.860601334939293972e-02
1.523091689322570719e-01
1.014653290427791066e-01
1.470029572109485538e-01
1.963060770606745997e-01
2.537081070375311539e-02
1.011377387475422412e-01
1.477320990285543312e-01
1.648054504914553409e-01
5.723440105087945762e-02
6.642484028850154099e-02
3.326918895396216436e-01
2.993203787000036087e-01
6.683060450492207816e-02
3.110797836667224953e-02
3.291173404276429015e-01
4.689813499471327113e-02
1.476426276652849923e-01
6.440215071701529959e-02
2.789529909745878666e-01
3.101883392961484187e-01
3.319120037561639203e-01
1.386292411062966246e-01
2.408864364785540668e-01
1.842464336844811812e-01
2.247946503644195626e-01
2.997265114587097101e-01
3.301909793044092711e-01
2.526423224741371487e-01
2.936509279576712816e-01
2.132297010841879281e-01
3.102383660257988507e-01
1.746450141531619149e-01
5.639749253693814718e-02
4.729665505951922977e-02
3.200915115201612426e-01
7.164547621355814300e-02
2.757297278398895268e-01
3.273978136348506540e-01
1.283446491547304280e-01
2.344599031248259247e-01
6.364386790007330041e-02
3.274307918560835362e-01
2.621473514918677972e-01
2.328437195370309243e-01
2.816282345245309515e-01
8.671212509476829144e-02
2.276955575840153290e-01
1.088933959555503511e-01
9.437999684913107867e-02
7.100721172458639152e-02
8.837132780827676448e-02
3.018880627362853786e-01
2.134400225368221216e-01
3.739853057215285909e-02
5.187766678016157013e-02
2.288991961663943142e-01
2.919970846373501350e-01
1.259887766406770915e-01
2.177115934818644183e-01
4.719346977132561627e-02
2.279485557423311382e-01
9.002864941656764375e-02
3.373420922871024352e-01
3.286441681341077392e-01
1.825838357357479902e-01
1.633435990246423775e-01
2.387714216091364750e-01
2.005139940889502648e-01
3.219484050083381010e-01
1.809655168802480896e-01
2.058390102314947706e-02
1.361709613907571836e-01
2.255070264293395355e-01
2.488165857706754192e-01
3.146448489049888941e-01
5.316142842259208301e-02
2.601017421551790054e-01
2.906198432174246227e-01
5.130865523179613252e-02
1.028189274228402811e-01
9.966013137292002722e-02
2.893980925539626492e-01
6.070288656464940119e-02
9.972400181084099813e-02
2.047034930460411573e-01
6.255684660477556225e-02
1.817647850819485433e-01
3.059255632286502768e-01
1.793330908238584542e-01
7.277959371231350338e-02
7.442465361112576838e-02
4.029976188254461023e-02
1.441976941335911255e-01
3.199219749904784471e-02
2.724112908773563269e-01
2.158631546473612495e-01
7.919427450747829056e-02
2.547636469171981818e-02
4.213767805162446645e-02
8.545056729858035993e-02
3.087003566630131535e-01
1.630324049807269082e-01
1.177711881895182888e-01
3.886707130599174886e-02
2.709039763838584358e-01
2.536799018207421264e-01
9.059962989841804926e-02
6.915809615195023241e-02
6.677913949980104902e-02
2.855608042220171908e-02
2.211356523931077844e-01
2.325643203174348195e-01
2.061369853883555647e-01
1.844658200915727797e-01
1.776986559543237976e-01
2.184578526055449416e-02
2.288975987469664131e-01
3.349992127517287810e-01
8.793426146957865341e-02
2.542445938852042620e-01
6.354941244485950991e-02
2.175494554507932665e-01
1.290346656773428691e-01
6.610368052244101900e-02
8.426058120894434900e-02
2.180979038024854696e-02
2.350266281495697884e-01
7.887740502925684460e-02
1.124707707538697837e-01
5.162336735065628512e-02
2.781788287908599222e-01
8.053130160475319155e-02
3.288859059693087228e-01
8.088448409225312830e-02
1.230172134636184911e-01
1.254965033801911378e-01
5.346856863290957995e-02
2.729793650193925170e-01
3.074500401548860840e-01
3.147438988003775640e-01
3.255413503186933566e-01
2.837776379824452078e-01
2.563304998241735522e-01
1.664737749624071728e-01
8.028435074801330840e-02
1.077784846247211575e-01
6.271094098240571901e-02
6.355391178432498456e-02
2.777680651379770271e-01
2.408998506599260570e-01
2.851229761452594991e-01
2.320956639758916251e-01
2.623273837970999667e-01
3.121025525934341682e-01
3.319898012720701175e-02
3.224762126405142926e-01
9.980151509170734347e-02
6.573695250003527835e-02
3.173464768922226176e-01
6.354327054997413460e-02
2.110318735318970629e-01
4.462336996814902229e-02
2.335400354690007896e-01
1.450339303518836109e-01
3.276298209762683600e-01
2.277156654554658988e-01
9.120544493604493264e-02
1.061853397086172518e-01
2.253794094208618204e-01
3.075413350597429596e-01
6.057046615039349963e-02
2.464790660228057539e-01
9.769348876472551402e-02
8.385437501623832501e-02
1.447984759473989191e-01
2.651393196628847385e-02
3.951071723978406142e-02
3.303430522528223445e-01
4.245873644330732527e-02
3.303812458589707735e-01
2.373614930101287657e-01
3.352302504230095237e-01
1.083171877047714865e-01
6.127712005603992707e-02
2.664516437716698549e-01
7.350102497401027335e-02
2.766384215339284802e-01
1.296358551416335603e-01
3.135392403650441029e-01
5.552646051117392234e-02
2.851730718415412813e-01
1.284955873510838231e-01
2.801684155039872448e-01
4.070743710214794892e-02
5.700965150966292444e-02
3.013910904808307367e-01
1.569064667205215258e-01
1.921834984504208199e-01
1.299507019669928487e-01
3.301098940502199264e-02
2.944784936304025713e-01
1.908622133058593129e-01
1.869191123749691652e-01
2.906944303185093892e-01
3.695458777544936152e-02
7.072347341138619792e-02
7.275234642504323224e-02
1.527761940607124946e-01
2.600455346332240444e-02
1.778019907093996432e-01
3.074935592241276883e-01
2.925021731376899470e-01
3.143156124201169632e-01
1.039133436345241884e-01
1.200199096205118443e-01
1.412559186092977870e-01
2.054159879782182230e-01
2.576361428343655890e-01
2.432156213097905750e-01
5.158262873878163846e-02
4.888500479620064981e-02
2.237178303433569604e-01
2.486584380409000428e-01
3.330427311090484177e-01
3.217383301623089054e-01
3.044071717577340533e-02
2.374228646232909301e-02
1.588329143619026385e-01
6.506465259567523196e-02
1.267913491769162015e-01
2.491317732774739890e-01
3.049531515709629215e-01
2.662788623013600531e-01
1.305837910677350444e-01
3.065995184844681476e-01
2.738757296759893323e-01
6.609338941841373660e-02
1.406798797028972203e-01
2.378622718247949963e-01
2.722523175888241220e-01
6.443534128790111282e-02
2.703695950591902264e-01
1.355895317377285025e-01
1.884855206477634715e-01
3.182153975313292693e-01
5.855373730233511681e-02
1.283778287546189223e-01
6.727818091106275988e-02
4.564967563477863310e-02
4.874672131408955278e-02
6.958802064376418128e-02
3.124028904148058450e-01
2.962335461412067550e-02
2.563744134741221536e-01
1.084769229547294378e-01
1.345378993512142130e-01
6.414415892074068481e-02
2.993012545761925547e-01
1.136912154838465583e-01
2.891496712773450328e-01
2.900785689127168276e-01
1.518567252324281858e-01
9.635160025986504173e-02
6.536177231618256478e-02
4.331834324053403934e-02
2.552060694911754135e-01
2.616031008622495824e-01
2.122265575467635890e-01
3.013056935330966080e-01
3.222607435171300633e-02
1.201081608733663153e-01
7.517546159854618382e-02
3.194551457320698312e-02
1.927095638415378676e-01
2.936215491438463610e-01
6.889140730327839024e-02
7.222871367045428925e-02
1.779356676526165082e-01
6.033853753233912875e-02
6.309417458407577672e-02
3.247594860111920889e-01
1.661342908441848509e-01
6.672470220906331906e-02
2.513358501053424843e-01
2.185604503345022209e-01
2.797211039232053165e-01
1.970641414425746973e-01
7.639091458645336230e-02
3.349824489465489386e-01
2.947663138440722030e-01
1.719132347118978166e-01
1.131043898713922496e-01
1.601356261561751870e-01
4.507298038092043269e-02
2.483898564982650325e-01
2.596126345032765959e-01
1.772457069303032540e-01
9.584147035084798760e-02
3.011463198010813080e-01
3.343894678928638342e-01
2.764608158843912533e-01
2.248757732884170413e-01
2.390163975455671663e-01
4.249339672444809451e-02
7.945400885176538697e-02
7.100857753957767748e-02
1.919203461783204057e-01
6.182113816330119666e-02
3.128058932650633339e-02
5.512964711520181721e-02
5.948943584568591042e-02
8.509905440592135939e-02
2.268056540956241152e-01
3.212490284694587972e-01
2.948883162580077655e-01
4.663232096366557583e-02
9.769253095562464850e-02
4.423028286987543134e-02
5.352451870145967516e-02
3.272644664109776169e-01
6.879323124047177773e-02
6.503867098758968346e-02
1.145194800599821094e-01
6.648352507752411378e-02
1.042527229083401868e-01
4.857547518710274292e-02
2.842760486710192991e-01
1.783386461550394708e-01
1.474973115550380909e-01
3.114094914182005680e-01
1.016847176727238844e-01
4.806037318434285693e-02
1.641629103400230882e-01
2.593446986478117333e-01
3.354158769892149339e-01
2.803723608569645420e-01
3.338021735206847529e-01
1.713278471721109419e-01
2.252894357978122708e-01
3.379381459919327257e-01
3.428389673779473623e-02
1.923092242468832924e-01
5.640491243389798848e-02
3.090585803732635028e-01
7.486828428473218944e-02
3.272864993136565537e-01
2.501425271298061137e-01
2.304745655663928694e-01
1.516024390754115991e-01
3.317081888123112748e-02
2.993800900952525712e-02
2.775107578399392885e-02
1.398593509247331168e-01
2.811201108979569652e-01
2.903109712385772978e-01
3.018708328110680794e-01
1.214850266730742312e-01
2.408717010982154849e-01
9.228604925136764392e-02
3.451498722351815929e-02
1.076966902806526377e-01
2.741803233247745442e-01
2.381508622099577366e-01
2.108352181978902923e-02
3.104072902212177132e-01
2.203379762304548684e-01
3.087723596032463380e-01
4.892903808548333677e-02
2.792950398475289586e-01
1.423303732318943471e-01
2.612021723972689502e-01
3.348168937941150003e-01
2.370061715592202689e-01
2.934133915349238508e-01
7.882055392776401992e-02
3.609833407621568929e-02
3.040080921417772086e-01
8.621397246209508425e-02
1.307294460583603435e-01
3.060408928556510033e-01
1.515812662371179009e-01
4.734956580140563948e-02
2.969641558055298725e-01
8.901556543174175828e-02
3.108450801232779948e-01
3.364143552358923039e-01
2.564615465443280048e-02
2.261121940436103955e-02
7.677680868690024696e-02
4.340745050780505515e-02
1.454834248065090818e-01
5.045756522171401803e-02
1.616476212950826163e-01
2.132324539254459028e-01
5.397501115393030235e-02
1.639311610087687276e-01
1.306234525737553775e-01
2.921401145350272510e-01
2.459082235354356771e-01
1.576024075953304515e-01
5.214603250902263842e-02
1.914442522190619167e-01
9.037387507153697708e-02
9.820146612750012272e-02
2.338202690209773282e-01
2.453413725206963492e-01
1.354636534438330986e-01
3.340702459725233830e-01
2.146449166416206436e-02
6.049401148028737268e-02
2.790828965089113267e-01
2.504494556426759555e-01
3.176578984875649270e-01
1.773600961974837464e-01
6.645040970545844361e-02
8.892504663836717227e-02
8.638214710500964622e-02
7.540141849423874498e-02
3.822731885980672900e-02
2.964051433645850664e-01
1.655840182232328484e-01
3.000450937020154862e-01
7.489151532995091953e-02
1.857008744001327760e-01
3.004850508639068940e-02
2.068423580766162173e-01
3.895296937911108676e-02
6.355115027699539954e-02
2.428233014381310784e-01
2.977911959103323736e-01
2.882323956178149404e-01
3.933846955934669487e-02
3.071066708992727934e-01
1.789090073299469674e-01
3.370546164267951839e-01
3.776249973917941705e-02
6.953891677472008592e-02
3.202796913207882623e-01
2.193003521361610100e-02
1.326389370868914785e-01
6.566437982481566904e-02
1.915256334775908009e-01
3.220600925829886774e-01
1.939544682061525860e-01
1.209046755500511050e-01
3.340406685727683178e-01
2.386266983487096704e-01
2.406367760445059512e-01
6.932628699611913248e-02
3.888750906039622340e-02
3.154692661060810033e-01
3.365431740291596197e-01
4.503654096810187635e-02
2.669919121570560328e-01
1.654921057402815310e-01
3.106287137575730953e-02
2.734674576097671506e-01
2.528627046356591856e-01
2.891335831438799145e-02
2.228767461076212875e-02
3.060178249334729803e-02
3.154325775467331505e-02
2.628042613611016320e-01
1.107001378732678648e-01
6.415765299863618321e-02
1.603366496695901866e-01
7.749542438181537818e-02
7.609700466308740030e-02
3.337586611825591465e-01
1.859998196942925230e-01
4.922200921560430931e-02
2.058841872522892968e-01
6.855862909965163010e-02
3.137835736670950837e-01
3.026364723726826522e-01
1.275669784418141661e-01
2.355261420918202675e-01
1.436579945265026581e-01
1.037459024416656356e-01
1.527096031956819699e-01
3.378457171345535803e-01
7.677050393986048493e-02
2.969520831429101615e-01
1.147606391800734260e-01
2.787104043235307249e-01
2.791993778404673332e-01
7.207326829035259896e-02
9.054514567170686423e-02
1.085699160352452258e-01
1.105266083425328477e-01
5.229484922741372416e-02
1.791705347266401849e-01
6.655029341235486895e-02
3.183408248167337029e-01
8.005616237435039806e-02
1.203932889173895127e-01
3.002154252843827753e-01
7.816091173485445465e-02
9.610224296658724519e-02
3.154127449860737453e-01
2.959418207182946264e-02
8.477269460802006051e-02
2.308762373563875980e-01
1.525770977015505347e-01
3.731271075145933119e-02
3.301685801083786287e-01
8.254043965814815420e-02
6.822000578999108666e-02
1.150807859731234339e-01
1.656514344319872101e-01
1.895196016832882691e-01
4.070267814037494686e-02
2.835936215155124840e-01
9.577872535402261189e-02
2.017407780875446754e-01
1.926748743225068783e-01
2.991015746643246528e-02
1.009945459741694029e-01
1.736845427984886336e-01
3.002127458184546960e-01
3.149705018714048510e-01
3.800897798982100229e-02
3.197698018650109164e-01
2.856832410808291534e-01
2.635984653893423402e-01
2.236433912555220727e-01
5.920662259286967738e-02
2.107974947855471501e-02
4.080821439548862339e-02
3.167893445254276186e-01
2.035061134786075032e-01
2.935272683567744512e-01
1.854895208785797556e-01
2.624756631053765110e-01
2.060632456037411742e-02
2.348259086336119683e-01
2.042302251399923663e-01
2.409257351267352909e-01
6.395779043903987438e-02
3.562088063718127362e-02
1.733745003050496392e-01
2.427863205742263331e-01
6.394661957227708304e-02
1.219162666565907910e-01
9.301735996654181271e-02
2.506329136488923415e-01
7.069846815413927121e-02
2.379996413352913065e-01
6.577896197494781383e-02
3.272153410512870231e-01
3.414286153835004167e-02
6.107567992070955104e-02
2.213564988047320159e-01
1.316090478280641241e-01
7.587885287976098292e-02
3.379260746700283868e-01
3.148691770544875812e-01
2.470391580465066128e-01
2.161194522229746284e-01
6.577280940814059229e-02
2.443262776366956490e-01
8.505763830114639046e-02
3.441490518674846649e-02
3.268146726954186398e-01
3.022093313899179567e-02
3.171658207574356014e-01
2.644766321029942135e-01
2.742094161132201460e-02
4.480512873325165346e-02
2.635332476050354922e-01
2.913248230898098923e-01
1.050561422892716257e-01
1.369261454828000213e-01
2.364912835635212818e-01
2.169682573295413086e-01
3.274229361694712681e-01
2.378834440370629910e-01
3.030582665176834167e-01
6.899286801174177308e-02
2.635153555240365431e-01
7.997741562716935426e-02
2.434491588440387544e-01
2.865915554005525334e-01
1.248725497987100974e-01
1.080291161088211827e-01
3.317905818533269380e-01
7.201592972372861112e-02
2.053095603085193788e-01
1.167242764304311647e-01
5.188099983580720526e-02
2.638246206613630851e-01
3.314213122726398231e-01
2.387741738304793027e-01
2.428434073087772649e-01
6.352656353399772915e-02
1.877043381038030478e-01
3.150552304744599907e-01
3.374844883297976605e-01
3.111130502704770873e-01
3.119995339638328979e-01
1.260245852408457268e-01
3.174793393270190500e-01
3.957586155880750411e-02
2.614464977331120710e-01
2.743072062809980005e-02
8.875340921500413094e-02
2.617103303180689511e-01
5.250970698665567010e-02
2.489421603745091693e-01
3.308808596030382576e-01
2.783371372456757697e-01
2.863544280442249512e-01
2.806175943232291914e-01
7.304002595739989001e-02
2.619931793540012932e-01
8.696303877546417149e-02
1.170046453986777757e-01
6.857383722952560545e-02
3.236699774663112095e-01
3.132445219468746322e-01
1.046394683593993985e-01
4.642543798789167814e-02
1.877319654496859558e-01
1.587996113138555598e-01
2.489665885946500679e-01
1.703786298705600721e-01
1.671835433375233049e-01
1.841933541805333419e-01
2.125132823483716071e-01
1.982091922316600863e-01
9.727744485279994635e-02
2.853034900046541589e-01
3.300101612261740341e-02
1.322311172350023045e-01
3.021411704860404446e-01
1.070540174461479116e-01
3.337769982305854310e-01
5.488272786665720354e-02
3.285325912052385888e-01
2.847463528133285515e-01
2.802664185285304033e-01
2.028548445476522910e-01
2.656011228993327422e-01
6.838323566925340324e-02
2.402092860270310937e-01
3.037651228005005533e-01
1.220165387524886347e-01
7.451823431000897946e-02
2.211778123625047499e-01
3.283115081092084081e-02
3.264006649225157375e-01
5.044825674268624965e-02
1.841477111851554660e-01
3.325058617957561968e-01
2.174936191929218721e-01
8.234236141176780321e-02
1.791964164986181718e-01
1.317176736115880376e-01
3.224706189234946008e-01
9.964865933251017271e-02
6.298905164226976938e-02
2.912386514763384837e-01
1.495816946172374984e-01
3.229106769149281964e-01
1.171349238431952239e-01
2.889569064872373194e-01
3.284280921365931305e-01
3.382692388631325375e-02
1.590902783872061022e-01
1.225276896124410791e-01
3.882126673801627320e-02
2.401363040026380791e-01
2.368919765395248456e-01
9.418140711159336820e-02
5.980275317054396800e-02
2.725955074840367698e-01
2.798523204244856011e-01
7.515881999798161572e-02
3.441356137788408737e-02
2.616163835849641406e-01
3.946864627658199648e-02
1.619131200275365223e-01
2.131607664737377172e-01
7.870341801326154185e-02
2.171293055088429347e-01
2.227893836039782360e-01
1.992502864934275475e-01
2.898489463153747780e-01
6.532543442455693294e-02
2.964571848203851889e-01
8.561213022567576436e-02
2.163875686502313156e-01
8.362681271215476053e-02
3.317362289419808485e-01
2.527840667858675117e-01
3.120861238119057024e-01
2.679055387501460550e-01
2.974976869574387228e-01
3.207562481383480768e-01
2.588037749054873382e-01
3.821481344948502584e-02
2.115517048817360246e-01
9.327436721193248237e-02
2.613796198614383171e-01
2.066285583118125380e-01
1.796696149355069827e-01
2.888292597658029814e-01
2.460367155820263746e-02
5.672094325047423446e-02
1.538162575917605412e-01
3.301811209784686896e-01
6.577843683489532911e-02
1.271894223138595459e-01
1.480571875690730732e-01
2.054133771889786186e-01
1.408722662790155289e-01
3.360192108767272590e-01
3.106515328166711137e-02
2.749286894364010303e-01
2.541311374188895966e-01
1.615238418943389376e-01
2.621199194937808008e-02
2.357710454724839741e-02
5.413724700514236515e-02
2.487971912262307572e-01
1.585180291833405419e-01
1.003467946919585491e-01
1.195106372165842673e-01
6.655744689947926118e-02
2.941690751549448923e-01
1.243165569312478513e-01
6.246879782930517266e-02
9.454696297677107897e-02
2.924356894803137874e-01
3.370874516660694598e-01
9.057981466010374405e-02
3.194012048262637737e-01
6.011917100022035054e-02
3.371690140048747009e-01
4.622447881187326940e-02
1.050932826965669392e-01
6.595429022365670302e-02
1.652026957881767844e-01
4.142504765849439746e-02
1.073904642187346881e-01
1.298608462359479021e-01
1.455905777717159677e-01
2.300436577505530211e-01
1.654402543117140523e-01
6.245433335353129528e-02
7.832830915658343940e-02
3.247586117329078759e-01
6.217683031555561873e-02
6.391420789584939532e-02
2.544073674861844769e-01
1.512474156477598419e-01
2.177600451286869354e-01
1.394731298783269957e-01
3.047411286212230452e-01
6.546142252129834305e-02
2.980606148481689810e-01
3.315804022325574141e-01
5.645482058458031055e-02
2.032654846082783406e-01
8.334812646146089188e-02
2.179578790852911285e-01
3.299413944069291005e-01
2.738672274355399838e-01
3.372725404060246679e-01
9.428530761792737469e-02
5.754724432364440034e-02
3.221365503803357289e-01
2.744734286075856122e-01
1.092962684583986543e-01
1.560771371206867986e-01
2.696944569249999368e-01
8.500621861470573914e-02
2.713696791166000932e-01
9.414888924183510699e-02
2.123729565290431720e-01
1.974885224587179938e-02
2.643928231505296989e-01
1.652180177304919950e-01
3.300281000867814618e-01
3.068099845587583530e-01
3.055457219047985618e-01
1.167837510469439954e-01
3.079940664879379786e-01
1.324411824359006951e-01
1.436193065226758492e-01
8.238973435229969555e-02
7.229657600521395555e-02
1.137257921240321518e-01
6.967766099445070471e-02
1.474937185310218335e-01
2.663988299632278900e-01
1.908386745671299400e-01
3.139320924959796977e-01
1.738818557644648821e-01
3.055971839980441418e-01
3.318119778251750196e-01
2.654732675979280115e-02
1.392511315760739943e-01
1.593750944415157078e-01
3.101206182136763134e-01
2.499002415741977123e-01
5.938253006607417672e-02
