7.178429553377640993e-02
1.330971122825960196e-01
2.882007139068158419e-01
1.474882286642872076e-01
3.332522765156268330e-01
3.423728373614992604e-01
2.668581997442163178e-01
1.628992002856647636e-01
1.464239039964086442e-01
2.281289674586002014e-01
2.739602420798905036e-01
1.258353220131828432e-01
1.970496423403025610e-01
1.630239178654476762e-01
3.059130008115395483e-01
2.920548854044048293e-01
3.319622578008143976e-01
2.219656661980421164e-01
1.896971792100750065e-01
3.090715670812960725e-01
2.749883498097367429e-01
7.998182386241539654e-02
2.919015638611182073e-01
2.930842905133004272e-01
1.897914730894935675e-01
2.002782908405655593e-01
1.488353155474767819e-01
3.077153468738361153e-01
2.414468782386108292e-01
2.925207030758130711e-01
3.127937894254895768e-01
1.872653577246555234e-01
2.689300550408590951e-01
2.635307267426036382e-01
2.187309312407094142e-01
1.455307176915096590e-01
8.864420359923999571e-02
2.204448287705469411e-01
1.758960263026549953e-01
1.830804827250963052e-01
1.231975541562653209e-01
2.322250040524701520e-01
1.934381877403499317e-01
2.569851939117807071e-01
2.340461418873985566e-01
3.228806565898207359e-01
2.842371273638643059e-01
2.173625757249435797e-01
2.458418434989455004e-01
3.401252737537222015e-01
2.729135628016292059e-01
7.896238990363424470e-02
1.402851456070596525e-01
2.891343650297089618e-01
1.952107001579625745e-01
1.237617211759902136e-01
1.200996808857284076e-01
1.758571537651247019e-01
1.216630889635130081e-01
2.840717595992401923e-01
2.378888174466216310e-01
2.021790600991607567e-01
9.314271837120932651e-02
2.085915530827101017e-01
3.353892123159415983e-01
1.757223947457387525e-01
2.572851630066084194e-01
1.384874567573878001e-01
2.862121695298728286e-01
2.124185963431009239e-01
2.328726842508378747e-01
3.441943797176061359e-01
1.471724423378251989e-01
1.642306931494570132e-01
3.365205555515398128e-01
1.941850635315368334e-01
1.678559728103317106e-01
1.603412182445650702e-01
3.035075362790255471e-01
3.448959259395555366e-01
1.300548093179760001e-01
2.854478961466788700e-01
3.233641119690389698e-01
1.259902964140209580e-01
1.198000208795177018e-01
1.488441134876822280e-01
1.103434110918389416e-01
8.919856906029752230e-02
1.614862650999219773e-01
1.458119346373607794e-01
1.409466919304776245e-01
2.484529017247018856e-01
1.623019345870115315e-01
3.158882377653968732e-01
3.174247355565008588e-01
2.234828211597715553e-01
1.135122207231809149e-01
1.573215707982963674e-01
1.276227053975451664e-01
1.250057658954827899e-01
2.029970563283792773e-01
1.925087837653217948e-01
2.730977239995855399e-01
3.121985094682752093e-01
3.065404050201084862e-01
2.073535171531347143e-01
2.949240449278518472e-01
1.644770896948696270e-01
1.485495092083310431e-01
2.198781981583596001e-01
1.326649773295726642e-01
3.185578573907663635e-01
1.272392367093550247e-01
1.256482487118960600e-01
1.342856719800200327e-01
1.424159466133897711e-01
1.291810771964461979e-01
9.891429981065175125e-02
1.942542642672514808e-01
2.069867963225356100e-01
1.405174351950161382e-01
2.114374125759474476e-01
1.245450381883470292e-01
1.399939942623807387e-01
2.748925884101659500e-01
2.463596741718541983e-01
1.119023051472903957e-01
1.669505731871033516e-01
3.359958062703884418e-01
7.083711674113368773e-02
1.315835303743470297e-01
2.262001328382605703e-01
2.282841671931106764e-01
2.054153915383864770e-01
2.729094577045930725e-01
2.567330262400044361e-01
1.266860233904702482e-01
2.461507292565610905e-01
1.541861851779264547e-01
1.433121852055489753e-01
1.452403698847319069e-01
2.898806145457538119e-01
2.867606139693074652e-01
3.351926325674107754e-01
2.505030732847113861e-01
3.298569348095343745e-01
3.387095132248366669e-01
2.250921337527222732e-01
2.186617742839371548e-01
2.827226966472231595e-01
2.505582828137086215e-01
2.952562391241351780e-01
1.489501812089235322e-01
2.372959345145930488e-01
1.048837971493700449e-01
3.258386951546761168e-01
9.787860981129564708e-02
1.906821922367065159e-01
1.889838988874871784e-01
1.614865129999802362e-01
2.194390099642710146e-01
1.189519762101477890e-01
3.104290262701823733e-01
2.158315496642100040e-01
1.389480038992583211e-01
2.668639518770318797e-01
2.995295348054727302e-01
2.368532901754053233e-01
1.293907528488286718e-01
3.488074987515020209e-01
2.699931479600188866e-01
2.186866534842839549e-01
5.029250311632082332e-02
1.655544266100005546e-01
3.142681511188712973e-01
1.842814880672905553e-01
3.063204370433659229e-01
9.678044522580094011e-02
1.851019477214365383e-01
2.114131166981701448e-01
2.731259881336644546e-01
1.020473802834732102e-01
2.141028478009208980e-01
1.437212448336124548e-01
3.302639345572637719e-01
2.207738769849449945e-01
2.162749925143164220e-01
2.468939886183636745e-01
9.125297306296142885e-02
3.123142459482436406e-01
3.361820062123663799e-01
1.741624809116446571e-01
1.731141156290062211e-01
1.343757592838813464e-01
2.256002469289818679e-01
1.954789657441105000e-01
2.427976086223797014e-01
2.912837619145471346e-01
1.278017015901111719e-01
2.345346065943210712e-01
2.222389595013648522e-01
2.845883081019378036e-01
1.563293206192691298e-01
2.188483346636216631e-01
2.325043405172459998e-01
2.511000943405126695e-01
2.590703220927553230e-01
2.827379597634219199e-01
2.925781022308055479e-01
3.378194349597786195e-01
2.883590048523395621e-01
2.078870932694331652e-01
1.665482323793420483e-01
2.079886495096290588e-01
2.259398364360784839e-01
8.651320391280298630e-03
1.242089282001895278e-01
2.419257554534431087e-01
2.969544941273002392e-01
1.971960693000796294e-01
2.763515682368269388e-01
1.326005196477078318e-01
1.162259366170951824e-01
1.351121278837545958e-01
1.755913322189174841e-01
1.216623631748430384e-01
2.474705134490370884e-01
1.463624923289446322e-01
2.020126462257998967e-01
2.144962289472931716e-01
2.584772893486285694e-01
3.053052659000957125e-01
9.555911294483208918e-02
3.000499846433383744e-01
3.231040381515735693e-01
1.554989902737236862e-01
2.973731999126361103e-01
1.628279961660641373e-01
1.666946037087057020e-01
1.263971938493337333e-01
1.088265661459318356e-01
3.079160854975196426e-01
2.435413737901981623e-01
2.981435987197743609e-01
1.463985314595242226e-01
9.718100155986533761e-02
3.193806599890962605e-01
2.034740430809718892e-01
2.752613771545148191e-01
1.942502828266234327e-01
2.378900726134215160e-01
1.808496421303328050e-01
3.096041251627192348e-01
2.469275355176795417e-01
2.151072482637557959e-01
1.471767102459508036e-01
3.232682757924732475e-01
2.449119423365027637e-01
1.945084606682837558e-01
2.940426853512484451e-01
1.894104395546260533e-01
1.355668802905329873e-01
2.290112093993819375e-01
2.282499525275414332e-01
1.345995067607760054e-01
2.578638557519498109e-01
1.328434944521589556e-01
6.825751090992809855e-02
2.955182413487552617e-01
2.545551128455441625e-01
7.846087314677374636e-02
3.265863579967372421e-01
1.937607521981124514e-01
1.818397666203569185e-01
1.527615484151138847e-01
8.216692139313112875e-02
1.245198685997784827e-01
8.080906231562030861e-02
1.888533561288991691e-01
1.112692844836695311e-01
9.979809636762923541e-02
1.012844669509120471e-01
1.530729969590060024e-01
1.353947471923010737e-01
3.162331073608500298e-01
2.481982592205036475e-01
1.221005240656327512e-01
3.355839781680446388e-01
2.329648426078788914e-01
3.377433834775647736e-01
2.353469075847512137e-01
1.702259201678117673e-01
1.137130270565463869e-01
2.665037820261977886e-01
1.961169123957297034e-01
2.529550475695205858e-01
1.137340686364175790e-01
3.069977070543630226e-01
3.349811403216614858e-01
1.325172842183405253e-01
1.365676363855418407e-01
3.077823791770957773e-01
1.292353674777574069e-01
3.185489698518731982e-01
2.711439592624290684e-01
2.606972490367830408e-01
1.418257010335927937e-01
2.110683413821171084e-01
3.116708972403354205e-01
1.588432319707994145e-01
9.368906657111246428e-02
2.234702464020100476e-01
2.545050484224291032e-01
7.311696295383036948e-02
1.171520331137631543e-01
1.175112060478287479e-01
1.439796839193589195e-01
8.640111673868795805e-02
2.539823337323456331e-01
1.375678357905069371e-01
1.812794792133726463e-01
2.343175389215592930e-01
1.155873233329682975e-01
8.189993633051399768e-02
2.909233976339966055e-01
1.227705572446117499e-01
8.791742601069323093e-02
1.959344329903295601e-01
1.752837205359935868e-01
1.059866671478802702e-01
1.631860732787891732e-01
9.037939416646693924e-02
1.245674887246629586e-01
7.668448666450594642e-02
3.362137216217144231e-01
3.054605043613560778e-01
1.776766663277321301e-01
9.389895288482273672e-02
1.159097983296954321e-01
2.372709139611641205e-01
1.535501933252667872e-01
2.133036931755830923e-01
2.955632296068799181e-01
2.106407183562188090e-02
2.310775387269130010e-01
2.968787827189369177e-01
3.443243551103732369e-01
9.181097359195862506e-02
1.295625019094214514e-01
2.745088028010687631e-01
2.308731365433396021e-01
3.472150878418348019e-01
7.224754754897515230e-02
2.077808209417365271e-01
1.704797446253544513e-01
2.929343669520897420e-01
2.277452402438268630e-01
1.302706344549587336e-01
2.552486755318391642e-01
2.032330658486452279e-01
2.586373569428487285e-01
1.745222862508395978e-01
2.054273689176929485e-01
2.601865434952330691e-01
2.276583408046716495e-01
3.157121667617793226e-01
2.310919158281196650e-01
1.376909315586956895e-01
2.755624946704684497e-01
9.595838649754297178e-02
3.139234996107830855e-01
2.523063403546312866e-01
1.518528495500691411e-01
7.917227029800252835e-02
1.448905681659340416e-01
1.167610031797911146e-01
2.608910934852160524e-01
2.897345054034757283e-01
1.198365629815341532e-01
1.287067863473547735e-01
3.466286291925140817e-01
3.219945209222486171e-01
2.114421491164369948e-01
6.860827568101347806e-02
2.338949053470217310e-01
3.270533936144399134e-01
1.509537400048536759e-01
3.485516737773942664e-01
1.698926651473377236e-01
1.013279082304141127e-01
2.924165097496008170e-01
2.015855373385946614e-01
4.953066753923773130e-02
1.648299178082854033e-01
2.133476598349234032e-01
2.280037643795371216e-01
2.734399892711498192e-01
6.918872321368138567e-02
1.267878886057030308e-01
1.266239382196915897e-01
1.372126381520481775e-01
1.557893787782892170e-01
1.991274187784480287e-01
1.575643304645783782e-01
2.635357226546808374e-01
1.083772514601611670e-01
1.797641544550739323e-01
7.000290713732046366e-02
1.492492905314786178e-01
2.950805125464683876e-01
2.069459470690873937e-01
2.839129016256923821e-01
3.104947822362140730e-01
2.500696836617622987e-01
3.358474980982715796e-01
1.924957255701974512e-01
1.269279656214436225e-01
2.797644027836957981e-01
2.307779796842425180e-01
2.188760751415837480e-01
2.467023577914330412e-01
2.378812300628632970e-01
1.276075569365883455e-01
1.476378147303680222e-01
8.718471049003879980e-02
2.679392357954439308e-01
3.082614973098812827e-01
8.207700061414352488e-02
1.073375091709048296e-01
2.027593552078906791e-01
2.683783206901333429e-01
3.458615453087339753e-01
2.563995367444968365e-01
3.093315634900802302e-01
1.821831335600329893e-01
2.043367784161827794e-01
2.724111702761388143e-01
8.834442130239117397e-02
3.037115221823905031e-01
2.077677980816166614e-01
1.082482522725544266e-01
2.025674678122227623e-01
7.527702442260782167e-02
1.943535517359939735e-01
3.306247152969983838e-01
1.537619252199702025e-01
2.346588847446397230e-01
2.188723465593127859e-01
1.325129249212175266e-02
3.481103129947543673e-01
1.276579063731102803e-01
2.201096292822639633e-01
1.525324359953330322e-01
1.296813636037902062e-01
1.705250840903132781e-01
1.108433306850489797e-01
1.481275630425583261e-03
2.616366199291468853e-01
2.128013505290027862e-01
1.241961978012206397e-01
2.601746516898373329e-01
2.099846702122201425e-01
2.675101205772792978e-01
2.290772786821828888e-01
1.713923313386983838e-01
3.306236666762643051e-01
2.796678731277805752e-01
3.187026746585003845e-01
1.922743747685030924e-01
2.809656089854078997e-01
2.759764227890640353e-01
2.889900573974009124e-01
2.181817880154114098e-01
1.173880016270663212e-01
2.911140717673429967e-01
2.162371879819877940e-01
2.293825122799786342e-01
1.875478938862308043e-01
2.122776534283008498e-01
3.036383877685258081e-01
1.734847970408946449e-01
2.957467295758290371e-01
2.859320305051535893e-01
3.009335711578234318e-01
1.385152992434649510e-01
3.224763909766784620e-01
3.203223242982875529e-01
1.134451538602972986e-01
2.400862185822865980e-01
1.265492384649506696e-01
2.841766601002138071e-01
2.405926750323209851e-01
2.710262315377142683e-01
8.916324985570950323e-02
1.160423868790729229e-01
3.386762757398159573e-01
1.021146466193538077e-01
1.122467491171640075e-01
3.137562903398042891e-01
1.038210151610464149e-01
1.194045340573357261e-01
1.735149509560879322e-01
3.400110650253002076e-01
1.092490741473350624e-01
3.292092920972899406e-01
1.881079827387343584e-01
1.629970395217857637e-01
1.196112031308869811e-01
1.035216426122012867e-01
1.463259554470360546e-01
2.964470363526575669e-01
3.381965366793908689e-01
8.452754040213332487e-02
3.068163821560201399e-01
7.466679789870060702e-02
1.089223595117724680e-01
3.157778168230441773e-01
3.128636400129590767e-01
2.382345790041058842e-01
2.479348806476558420e-01
3.295876815037924734e-01
3.131140065968746611e-01
1.056661392317827797e-01
1.643198605064490891e-01
2.764034483522540553e-01
1.868122839510089617e-01
1.682399231983721100e-01
1.025624232423197613e-01
1.919489070728148949e-01
2.652634033538228686e-01
3.274882048981971328e-01
2.569525891174814225e-01
1.218958974514513238e-01
1.817070854454267415e-01
2.689324065817107479e-01
3.341877895981643087e-01
2.059282052070293134e-01
1.073446556899198823e-01
1.808214819917861316e-01
2.078785972682852812e-01
2.675197477265535140e-01
2.959590934000930762e-01
1.783260255780631520e-01
1.994903507655857444e-01
2.975096051759804072e-01
2.036604121495509678e-01
1.317150465799384884e-01
1.200886815141081060e-01
3.447773384637612959e-01
1.820813137551476890e-01
1.448873384412316112e-01
2.248406628092526893e-01
2.810512463813650830e-01
1.727214388390167776e-01
1.276534356523785774e-01
1.900972664975841830e-01
1.795930997051512490e-01
2.646815692879080362e-01
9.680048071993821446e-02
2.728831820298713295e-01
1.658791258193564044e-01
5.784840409795578842e-02
2.754300157616804134e-01
1.458994490183658788e-01
1.252077028224816702e-01
1.941999662968366125e-01
2.093000220166812975e-01
1.576912342634290976e-01
2.002621189200441965e-01
2.887439980898007241e-01
2.554488975296149156e-01
3.258460718269418632e-01
3.032678191763070186e-01
1.126128939962084408e-01
2.678097963087145428e-01
2.176664055762695116e-01
3.192038231912577850e-01
1.789099032899837405e-01
2.923737669540256157e-01
2.868073535161993481e-01
1.353821918293371951e-01
9.626608004356414228e-02
2.603516948988371382e-01
5.271045593635548254e-02
1.166915703256316689e-01
2.003677997864512506e-01
1.529543908607642611e-01
2.203574240181352117e-01
2.183575237699821037e-01
1.356990533906850815e-01
2.273446584316409780e-01
3.473067442324241916e-01
1.359746913491483300e-01
1.970669375915299892e-01
2.064929376266833316e-01
2.646592918625710888e-01
7.692168051668586692e-02
2.476471520948672067e-01
1.496365941565374058e-01
1.437470570588054164e-01
3.192891703066096931e-01
1.045789501746475364e-01
1.132886286731339953e-01
3.259914790043077493e-01
1.149021576601642891e-01
1.929907685012278162e-01
2.644964325072409195e-01
1.144793615045794632e-01
3.067561766568078774e-01
2.340609595698776857e-01
1.528197997243750661e-01
2.082474116524252739e-01
3.177355908599481804e-01
1.151571416030013895e-01
7.651941577509960291e-02
1.292345593537152504e-01
2.897602433876826922e-01
8.214765310861267891e-03
2.734496618917002797e-01
1.480885201130314466e-01
2.076222206104649526e-01
1.383369772992733282e-01
2.533435505684122346e-01
3.998387129542802648e-02
2.317617420748271650e-01
1.032984297343150643e-01
1.111089177507262327e-01
2.636569350716884141e-01
2.095659172980605389e-01
2.654027164291495877e-01
8.549464718159621723e-02
3.427339724686583322e-01
3.381545391218806484e-01
2.863395353272439880e-01
2.085820125862581087e-01
1.128812180320643288e-01
8.902779231134674842e-02
1.326199365614265657e-01
2.575733120224116268e-01
1.827227846047275173e-01
3.279619250753918469e-01
2.758881437725465569e-01
2.486499260745161366e-01
1.403118292831781189e-01
1.071106931569301562e-01
8.174103783069336382e-02
2.298160340128069523e-01
2.505835289029915702e-01
2.753378418890535251e-01
2.882451753681506967e-01
2.077037003319337771e-01
1.253177674880924797e-01
1.513581816145690428e-01
3.251642206037680949e-01
3.474215099717065103e-01
1.009533702328432453e-01
3.262970966164768782e-01
1.271767344912373976e-01
2.416102781939606092e-01
1.780870025772250398e-01
2.665077661719082447e-01
2.196591314157705088e-01
1.962284429994474166e-01
9.493881119365223109e-02
1.431626712902432930e-01
1.775052337543923109e-01
3.000622862263266910e-01
2.155648746177849795e-01
1.720495643371637295e-01
1.320011233979641319e-01
2.712893147768792868e-01
1.263386441744474564e-01
5.784429114553472917e-02
9.741040501806901009e-02
2.189925162992988616e-01
2.474713937123087792e-01
3.305822368251070120e-01
9.536408433903090232e-02
1.920935414791014317e-01
1.563438992246093950e-01
2.726942502342267205e-01
3.369255420092842068e-01
1.747358198061094714e-01
2.464224665295804417e-01
2.175509769702715646e-01
2.577547793567959156e-01
2.010210500085921892e-01
2.293677209358001463e-03
1.055117910096525641e-01
1.850197248827923913e-01
1.211066915468470423e-01
1.309379211200813464e-01
3.175359633622356625e-01
2.347060959818559334e-01
1.296311534808889387e-01
1.451875581045420915e-01
2.293880466363897030e-01
3.202775863695378478e-01
2.777125885326502397e-01
1.399224615840943542e-01
2.064297614708454909e-01
7.576326357816874635e-02
1.847392652950119452e-01
3.267425423566407416e-01
2.304439718074019205e-01
1.099621222280913191e-01
1.403693189252615270e-01
2.748265292198182053e-01
2.976943110943494619e-01
1.542675758932633978e-01
1.535183002970782473e-01
1.694934627272456917e-01
1.589025068479038849e-01
2.891382969626263844e-01
3.112303056033898230e-01
1.021157441933386451e-01
1.538481096047958352e-01
8.999737773991366152e-02
1.789360503305856831e-01
3.365684292231063690e-01
1.912892983475489306e-01
2.373364090631977508e-01
2.217164782025919934e-01
1.236306465134860560e-01
2.190801913756828534e-01
1.113218268462906613e-01
2.447771394287144575e-01
2.154209300592176413e-01
1.072130163701850714e-01
1.803402296404882643e-01
3.132846757262657822e-01
2.415576070732884384e-01
2.220169880169051146e-01
3.331654185721443784e-01
1.090224654506058155e-01
1.547359447023699541e-01
2.502099163172289420e-01
6.698397120929130977e-02
1.846534733820976160e-01
3.073803355329547959e-01
1.016374049778028532e-01
1.863084927572389304e-01
2.048941554571036272e-01
7.286810340315101608e-02
3.121883439820680728e-01
2.956447540941788410e-01
1.593525479627069807e-01
1.016013493756916242e-01
3.152112192819023773e-01
2.939484202203258567e-01
2.846326722582347424e-01
1.283887835068794614e-01
1.942118753502431461e-01
1.203318461120086447e-01
1.982689887070636925e-01
1.857539913344921634e-01
1.872067626547241070e-01
3.020295303808206988e-01
1.327396018668791089e-01
3.249770636821804337e-01
2.478099054662633305e-01
5.254142756308046586e-02
3.172178744779007853e-01
6.788909983147214944e-02
1.093142508240863009e-01
2.904591172355711071e-01
1.275715716709586722e-01
3.001555872426688309e-01
2.616714921531110294e-01
2.791722613619179172e-01
1.746510197099049866e-01
2.605466666257190145e-01
1.728849338765862387e-01
2.937714245984211492e-01
2.731562350789814575e-01
2.850981849880699359e-01
2.126685623422154559e-01
3.363904821783330057e-01
2.369501991050098899e-01
2.421230315452175541e-01
1.866951107268752241e-01
2.225012066142751099e-01
1.199627026775472310e-01
2.944275313782593329e-01
2.534291303486955194e-01
1.892240024003776500e-01
1.099889029703764315e-01
9.356332058167973753e-02
1.531395132797942482e-01
2.502508534392513528e-01
2.502896657859050022e-01
2.488614276465959951e-01
2.647102282371696647e-01
1.151208845085806287e-01
2.693921413951195221e-01
2.299239385440016159e-01
1.320053883649580928e-01
3.223545051647590531e-01
9.807191796594241784e-02
3.084571557023707000e-01
1.094994759148600200e-01
2.908429446382488903e-01
1.412917831765659049e-01
2.191114100400801123e-01
3.439313657152683890e-01
1.413703080613927798e-01
3.260039031309510671e-01
2.630382478069858143e-01
3.072487329924651900e-01
2.819706921708771130e-01
1.561725550891805148e-01
1.494161219545641073e-01
1.224033745127456885e-01
1.743695741995633375e-01
3.195440957731813802e-01
3.333460598602306368e-01
3.157106403119596116e-01
2.633394319367383107e-01
1.659941083196217471e-01
1.448203489042771408e-01
1.111978612097940661e-01
2.680500757122371014e-01
3.040436423878254968e-01
2.075300456363489143e-01
2.383670762754068473e-01
3.174228818130424568e-01
1.408373153471527972e-01
1.230775460465091675e-01
2.765120224648924263e-01
2.480704019241395664e-01
2.198766078677427127e-01
2.667755265651300944e-01
2.825739283180794814e-01
2.124815120899683774e-01
3.078752333638942740e-01
3.226335152901061987e-01
2.475304925288800140e-01
2.680143207264686911e-01
3.296258697453728348e-01
2.067650241105701558e-01
2.510662914631653364e-01
2.545686442695598295e-01
2.002552837220075432e-01
3.231966611373623954e-01
1.592291185825949473e-01
3.126002325073154453e-01
2.667332657580422373e-01
1.857735755662151544e-01
2.143474714619990895e-01
1.520626768236852944e-01
1.699661522240311085e-01
1.995412902910645159e-01
2.600159023052196483e-01
2.383561881919704084e-01
1.222795406801869267e-01
2.081355177492406616e-01
1.280299028570607012e-01
2.609599166572382223e-01
2.295857778983018405e-01
1.758419631191274757e-01
1.160804592524663920e-01
2.477205264042184052e-01
1.118417536860908251e-01
1.548757675159355696e-01
1.132457308930283207e-01
3.021086876534862520e-01
1.439527552540846578e-01
1.124545475457873617e-01
8.326178768655463636e-02
1.396112448949748119e-01
1.991582295879657238e-01
2.307732701076554704e-01
3.012035054834302783e-01
2.062950947253123779e-01
9.755140537376746912e-02
1.983873564440841175e-01
9.363496894832951112e-02
3.437141788136645060e-01
2.473188619336714467e-01
3.359178048330292987e-01
2.941825591513123617e-01
3.307265281050463801e-01
1.773237742164485153e-01
3.131456699438953106e-01
2.406585333166004759e-01
2.746690390147014105e-01
1.142482491104391401e-01
6.294455365538376146e-02
3.309963037449865642e-01
3.382699769264546075e-01
1.256664923458248040e-01
1.160766177963376139e-01
3.368863810112899260e-01
1.853662400281892997e-01
3.054553440453684487e-01
1.682681334618030544e-01
1.358915293587949491e-01
2.074034085226359181e-01
1.234509818335243758e-01
1.272910141342166457e-01
1.756100231742550033e-01
2.657752059557837443e-01
3.480449790390864329e-01
1.550535352633173325e-01
1.026386046555290560e-01
7.536650601094026236e-02
1.379527876403543740e-01
1.128624438104864347e-01
2.286418901030811135e-01
1.041067273620057410e-01
1.711493654097009376e-01
1.085290906920893667e-01
2.515272474766983568e-01
2.148905625985922108e-01
1.167142990698697425e-01
2.730043818304337955e-01
2.558348653422359287e-01
7.371685880975743788e-02
3.482419230530556797e-01
1.585078709545574838e-01
1.366988395582639315e-04
1.150769477097302596e-01
1.213872200306185672e-01
1.525478644881248791e-01
7.675559852834068497e-02
2.457200192523989746e-01
2.354578278130571578e-01
1.312017725290358927e-01
2.801700631620260284e-01
9.529932290858340871e-02
1.497681375060510856e-01
1.334898443388728151e-01
3.261185846391481125e-01
1.912702942492664482e-01
2.137511953519861951e-01
2.669177482979969152e-01
1.277363309116880674e-01
1.662614861455263549e-01
2.661602402879831297e-01
2.555566596543645819e-01
2.891022140022030396e-01
2.721126667754347195e-01
2.707259774062597546e-01
2.808539334603451509e-01
2.150682811865723132e-01
1.256658506792875662e-01
1.743567031317538318e-01
1.912710137951563749e-01
1.751685552023704295e-01
2.646323267800445023e-01
1.150868219642372792e-01
2.490793204662627991e-01
1.237874350612397784e-01
1.354523380710374592e-01
1.819964304712032022e-01
2.545385822072408488e-01
2.409930746072077024e-01
1.100621134788348360e-01
2.284597929190678445e-01
2.187639049553127546e-01
1.069555400365298503e-01
1.684706455345700571e-01
1.695206111597187537e-01
2.868566696887899226e-01
6.360875805661347741e-03
2.849513416871602423e-01
1.568867174812548504e-01
1.899268299005616167e-01
2.244731142877430530e-01
3.081023333530841235e-01
2.424032296788476704e-01
2.330397493553906518e-01
2.037442660745920342e-01
8.732346428203301147e-02
1.733451927481380050e-01
1.285711479247977906e-01
2.453451485966437751e-01
2.447778243691391409e-01
1.807875097670260944e-01
3.474325178901098155e-01
1.331339708383271758e-01
1.654084801935009896e-01
2.455083854638774599e-01
2.985368222475852651e-01
2.131171449831711362e-01
2.632101784871737071e-01
1.182109294308508335e-01
2.663666517883548357e-01
1.512928930374963510e-01
3.086484295417447621e-01
1.001022149644205245e-01
1.800144628512756473e-01
1.222210065678180219e-01
2.188579676154309983e-01
3.063494394376345964e-01
2.468608858116666249e-01
2.588793166610015017e-01
1.058174241311110458e-01
1.162274673033347056e-01
9.175611778799901141e-02
