1.769070866414789167e-01
2.464850261733208814e-01
1.687570431587001041e-01
3.879813569586148397e-02
2.003066643489630205e-01
2.460215063611645783e-02
7.632293256502251100e-02
3.441382763748826457e-02
2.022507472349092950e-01
1.706602624361535925e-01
4.456418937372741418e-02
7.662763579621850729e-02
2.848816637648984157e-02
2.385815996892082791e-01
2.412761250603082941e-01
2.211670490320284330e-02
1.129135276322016102e-01
7.732060443157857954e-02
1.447238001259467111e-01
4.684185567928860622e-03
4.017016781626193273e-02
3.547724386387679160e-03
2.337476711891135484e-01
4.685614080499003048e-02
1.583289628167214858e-01
1.399179381626265428e-01
1.895129695530684832e-01
5.583866443828656295e-02
2.725442922104951982e-01
2.851870413697909501e-01
1.552495900886140950e-02
1.896562892105628506e-01
6.878946895316837007e-02
2.201855979498311411e-01
1.896873848710550203e-01
8.855560298926402896e-02
6.600028348065892225e-02
2.094005834164311408e-02
3.809169028045136796e-02
1.803345743138028423e-01
1.013812211345428427e-01
7.013146002529783984e-02
1.729367313130087125e-01
2.458507690052533223e-01
1.314118797516456161e-01
4.452038677932884658e-02
2.969483721739630822e-01
1.278976619084244704e-01
2.070975822121245633e-02
1.644866654738162959e-01
1.276961511726618648e-01
2.604319760857626842e-01
2.372004894891230342e-01
5.478218788416438362e-02
2.677206711436463937e-01
2.844498243502856516e-01
1.818295384492893130e-01
1.694690393625803981e-01
1.508088617858481806e-01
2.533247145869526040e-01
8.568695530755406076e-03
1.772957696899241653e-01
1.486062015745872877e-01
1.130290780585755522e-01
2.068131274470215997e-01
4.291653987563637251e-02
2.374755082115413696e-01
2.448498173268215117e-01
9.803640615883313716e-03
2.621148544455139673e-01
1.002815606060759035e-01
1.678820904697730931e-01
3.711173924299904919e-02
2.887363307752040531e-01
9.481324712865286941e-02
7.034757986965872734e-02
5.967294979063930693e-02
2.856723809741196218e-01
1.975018435318260657e-01
9.936259698041154109e-02
3.131125140768777071e-02
1.092052630616563297e-01
1.461756121362418337e-01
2.272704996935981103e-01
2.323642447460867455e-01
1.460571938847042561e-01
2.452426942894202211e-01
1.645584229232593121e-01
1.597570127466516055e-01
5.852795973559111326e-02
2.630432810638391739e-02
3.100692555886513935e-01
1.483306992854579731e-01
1.091570871921422187e-01
2.403314408339082275e-01
4.475117468015551297e-02
1.238679242197713304e-01
3.336757626800705701e-02
7.896995497700707439e-03
2.247285351980301826e-01
1.975269772256328660e-02
1.496766420235195183e-01
2.538708957697635715e-01
1.936390212655933474e-01
1.084144812491258797e-01
2.827508556451248378e-02
1.311919825233911763e-01
2.957290719942217705e-01
5.773308366992244839e-02
1.220062863883822823e-03
2.725149941876071069e-01
1.867703784123893318e-01
2.636820335436934060e-01
4.749197019961947513e-02
3.012682719064899151e-01
1.213352564323584432e-01
1.457822888284497354e-01
2.334035948376961267e-01
2.678049412344033486e-01
1.484114794464409526e-01
7.504336302801925540e-02
2.858843570884318508e-01
3.039745034094908926e-01
2.187270368393659514e-01
1.170776537189225676e-02
2.566797372398922292e-02
8.861853038258414583e-02
1.814466599274978109e-01
2.238817974201692540e-01
2.794682974506907946e-01
2.840447189985951387e-02
1.541099098516258703e-01
2.008308909430448798e-03
1.426884199976401757e-01
3.163617109291063517e-02
4.134261885870854636e-02
6.730294311750137370e-02
2.605488796207612312e-01
1.663017461893570026e-01
1.431191832520810336e-01
3.625542373806853874e-02
4.436670735291951134e-02
3.174516483228134039e-02
3.198534842051588972e-02
2.754854213174628974e-01
1.415829911070471889e-02
2.821680758047368509e-01
1.176942109165969724e-01
2.444044568784048410e-02
1.257257374327828796e-02
8.552326914198954411e-02
2.901960751727256649e-01
2.814658703396635264e-01
5.345170483837437259e-02
3.034362807415281749e-01
1.642081968767316880e-01
2.033250928764707977e-01
1.814100874527767304e-01
4.469063120549477200e-03
2.547169054411609901e-01
1.800427619433902227e-01
1.513099840384502133e-02
8.135118302052313233e-02
2.476937224461053799e-01
1.801641094017255793e-02
1.594160483543329010e-01
3.246033695080176307e-02
1.638380428995508398e-01
4.395963971705437595e-02
1.425896164858543314e-01
2.504223813783211239e-01
9.691384068182440359e-02
7.155240501091032768e-02
2.309074105842072733e-01
3.011567364058434504e-01
5.967822269337573482e-02
3.522314836587710218e-02
1.635855678231532828e-01
1.562455588088648151e-01
1.955675559720476131e-01
4.855121461238209868e-02
1.624955879691119820e-01
1.060129119540256272e-02
4.824187181950736342e-03
5.749713023106454990e-02
2.588942881387493733e-01
2.509157285417543681e-01
5.301983606149369976e-02
2.440727056775493231e-01
6.270239547106433442e-02
2.950462793471223533e-01
1.546107869878491359e-01
2.273267329509184864e-01
1.599190459070592152e-01
6.784897579695188530e-02
2.205353898083020348e-01
7.574565845799638431e-02
1.298245653265128925e-02
2.104474939327370675e-02
3.833562940011657483e-02
8.565620358399587964e-02
1.356964782733238728e-01
1.391799144897839201e-02
2.904089890381042482e-01
1.296427809590084725e-02
1.954326191028176729e-01
5.989139791419414299e-02
2.447424347254063270e-01
2.064015425762524558e-01
4.078626968395455965e-02
1.757291014128563311e-01
2.748028824785300750e-01
1.900448895504638636e-01
1.112992229375726616e-01
7.445850081731042458e-02
3.228563889536644610e-02
1.673636803798871087e-01
1.383463299631353671e-01
4.526288817593757119e-02
2.707645294310646045e-01
1.426973171610861936e-02
1.497147539281595829e-01
2.459519127806932548e-01
1.526711176502450543e-02
1.848236134472032444e-01
7.803379981135154242e-02
1.281373219182709300e-01
8.959571230844548539e-02
1.608253122954831638e-01
1.199368968859009232e-01
4.329448589012703519e-02
2.430839195299207001e-01
3.029581351648509835e-01
2.203395705014088157e-01
3.488926946237161375e-02
2.129135898958671724e-01
1.938075955761624780e-01
9.250337480625349384e-02
2.043472935055015982e-01
2.572921835504557997e-01
1.415643185059795861e-01
6.135870360054915262e-02
1.474108743469723093e-01
1.405164735563989853e-01
1.090165024169497676e-01
5.681574251181786134e-02
1.419091327347819509e-01
1.821751469956651159e-01
6.757958410509729008e-02
1.349854264525017777e-01
2.858793529429288216e-01
3.474794579367339927e-03
1.580623444965822966e-02
1.074656745048721690e-01
3.355281270701686303e-02
2.339643492238741573e-01
2.658637209726025241e-01
1.286344527014838812e-01
4.365750204412909008e-02
3.819132721958935772e-02
2.033214291823750575e-01
1.460264848808672522e-01
1.873551460941602353e-01
2.547327263222768368e-01
2.750055142102515379e-02
2.326237636580416046e-01
2.600675441423016543e-01
1.736288594108551797e-01
1.969194940898646717e-01
2.964003584986078521e-01
6.811792334293606532e-02
1.220249445939340233e-01
1.711468446499471718e-01
3.502417622743991821e-02
1.907521501197231573e-01
2.322757888906286719e-02
2.159495996858263114e-02
2.088890585076546846e-01
4.820431599959426605e-02
2.405848255312203754e-01
2.178610786890901041e-01
1.206384866875817759e-02
4.442319293498032950e-02
1.500528974507563638e-02
5.391960332290388069e-02
2.104139241176011463e-02
1.478054622655304573e-01
6.091094552941692802e-02
3.776174603335313851e-02
2.271935754780778083e-02
2.059186909011133659e-01
1.507779813233517396e-01
2.504018024106211687e-02
1.392363516846160595e-02
1.340547485132730920e-01
2.899466802187474213e-01
1.248651076520813086e-01
2.668178264602510397e-01
1.872612217341872512e-02
2.914924801743405958e-01
5.479225553268292359e-02
3.591769117114190085e-02
2.066946534812594827e-01
3.708862799822808254e-02
2.971489616198916828e-01
1.495618754297214914e-01
1.976669014307589831e-02
2.965527829928028478e-02
2.545363782430533628e-01
1.168557719713702592e-01
1.592889867833338080e-01
2.610406388187258009e-01
2.282668003631350140e-01
2.682300447389908693e-01
1.134538892557537398e-01
1.330899384997103752e-01
9.555042336227691224e-02
1.518129036784967856e-01
9.497085620985594445e-02
1.615515868264940647e-01
5.672670890527349574e-02
9.145632974658286785e-02
1.871743759799758822e-01
7.516144606947683382e-02
2.306222792420524470e-02
3.667619124125473529e-02
5.113297787986896548e-02
2.506381688938343899e-01
1.646866391589818512e-01
6.263031763155711218e-04
1.146245557366738360e-01
6.744483469056651581e-02
1.296267960186961443e-01
2.935938915606118305e-01
3.501307998387216680e-02
2.539860296877114454e-01
5.001539881319368858e-02
4.138450427609288024e-02
1.951664193305246431e-01
1.116345808212195895e-01
1.503672374858860683e-01
2.171313851805080006e-02
2.941563800190142436e-02
1.671001867981577668e-02
2.463774754322504146e-01
1.738676444979481497e-02
5.803199045459640770e-02
7.949032873840007618e-02
1.369921340068873117e-01
5.851581094355355790e-03
9.502519345533465278e-02
1.850731340205979958e-01
1.269495856643778620e-01
8.770309586121111112e-02
1.281749447625483429e-01
8.166018043252300240e-02
1.598293973968040182e-01
1.413083467440540662e-02
2.048155649363676487e-02
2.923320074174250993e-01
3.704300598604324396e-02
2.334569250646214775e-02
2.949584750283632331e-02
2.440676191663434802e-01
1.035571589330917114e-01
1.468613246672742234e-01
9.738283140896555889e-02
5.571498003684918071e-02
6.689555069467822968e-02
1.529841017197474673e-01
2.048901124767450732e-02
7.228754247858960869e-02
2.989402255621160798e-01
1.811782015537560450e-02
1.708228753910503162e-01
1.078051478400607749e-01
3.326468410488692042e-03
2.174526197591190868e-01
1.151075306994781867e-02
1.077457557668190791e-01
9.500214356470165766e-03
3.180862279380382296e-02
3.043605344915177313e-01
1.103140364835271670e-01
2.312196711441318747e-02
3.309224567970725506e-02
1.497211951216907144e-01
1.231853484264880810e-01
1.363965521175599660e-01
4.280957775670735099e-02
1.799109967535998666e-01
4.588952363688493519e-02
7.769764960108591773e-03
2.047055290034461017e-01
1.095839084967597243e-01
9.907919401053044348e-03
9.732022267095873092e-03
6.817325938510687688e-02
1.685361639429486247e-02
2.516084719373961609e-01
2.971697482188601080e-01
1.974702878893419555e-01
1.900236263174018836e-01
1.227785423061393127e-01
2.084239161702138854e-01
1.346029321465621598e-01
4.288892539699877549e-02
1.842219767740048697e-01
1.533067746336464268e-02
3.073298608757798478e-01
3.667320340950705471e-02
1.452509616749322191e-02
2.709963535626600528e-01
1.353997803917016962e-01
2.579656065752440261e-02
2.129369315899498349e-01
2.349006525455830385e-01
2.747303646276440525e-01
3.092689237664588905e-02
1.382578811330727742e-01
1.348651381370590463e-03
1.518055986767015246e-02
1.521220588771105831e-01
9.195109371629803241e-03
2.311042036626561810e-02
1.201471924926395402e-01
2.455922251337888385e-01
3.846384673856610703e-02
4.999165674661504993e-02
1.056093529073482834e-01
5.784267876305587697e-02
1.307722605338334787e-01
2.863186366407926564e-01
2.588086398446570180e-01
1.453537324807019186e-02
3.924201249464056435e-02
1.570673850859373444e-01
1.876398474073962264e-01
1.944011286394063676e-01
3.054018096640586169e-02
1.547441660212063308e-01
2.275866719685960271e-01
1.920135363664552952e-01
1.597088488686642382e-01
6.424122247373498240e-02
4.469516575047547541e-02
1.715451126782385483e-01
2.900799992728074206e-01
8.223818807983664103e-02
2.647467140182792333e-02
1.974204867882197734e-01
4.909459183500070045e-02
1.059634799114207715e-02
1.289501599391177089e-01
6.403612998502647424e-02
8.786308578346843645e-02
8.353185226014736564e-02
2.792606698945648835e-01
8.557743754897356725e-02
5.090593506091509873e-02
2.206716338811728628e-01
2.078637712810554594e-01
2.623872955645661573e-02
2.530224390199804496e-01
3.005558724405594795e-01
2.592713630311917483e-01
1.164802731923788304e-01
2.171061465664544110e-01
1.647493758697598024e-02
2.223330544958112553e-01
1.440711391639368510e-01
9.244447817636333720e-02
3.551926414296062429e-02
2.672603325712964994e-01
7.656528964371764334e-02
9.446667096656239174e-03
4.356878791809582624e-02
2.069050698057334214e-01
1.367499783793050400e-02
3.299519797614120648e-02
2.938430131048317961e-01
1.863547898266169900e-01
2.658901393748326625e-02
2.780069242284320397e-01
2.586008639532467734e-01
1.380831290963037417e-01
3.175699919180115932e-02
1.744176618038483784e-01
2.252295993458023615e-01
5.251571908345283035e-02
2.827784519077074510e-01
2.397269794832384282e-01
3.473642287177709093e-02
1.133646491714831034e-01
1.663709993660257222e-02
2.084817942672565205e-01
1.518343136254114711e-01
2.955380277235767350e-01
8.253403495187627836e-02
2.550479763795541338e-02
1.854654063346087567e-01
1.605313394917723402e-01
2.671711838351578661e-01
7.224191273881300224e-02
4.777768254070657861e-02
1.150440144690560162e-01
1.148119331562741201e-02
2.585307433805364083e-02
2.125110212295280021e-01
1.161799762187724211e-01
4.642972219929026451e-02
2.362853597560472529e-01
2.684961584145971747e-01
2.442058676663143302e-02
6.192616225925555440e-02
1.015708185821405374e-01
1.842542884276384407e-01
4.104636929504437010e-02
1.742879945119806817e-01
2.886931544408861128e-01
1.394424773086273273e-01
1.492872096590657505e-01
2.103453876520951782e-01
3.588049141886948123e-02
1.810820087741533968e-01
1.704029472757602470e-01
1.250215861837161990e-01
2.759582084307354299e-01
5.433291238174969146e-02
1.763795023785804661e-01
6.101427719977109421e-02
2.277606097579906556e-03
1.213693627291323046e-01
1.808129924197667340e-02
1.082537733704324184e-01
6.994965845597868326e-02
6.863121106474263933e-02
2.332584633187374107e-02
1.982037052821351494e-02
4.037048826281307984e-02
5.688982740693755008e-02
3.088832665120979648e-01
3.014431294398748351e-01
1.613118508230627912e-01
2.578642501356546712e-01
3.075906965745003191e-02
4.160762061904332149e-02
3.907006421460564732e-02
2.346067827634528702e-01
1.072980398953441855e-01
2.233532839670937242e-01
1.651116396238102302e-01
1.640458634972142560e-01
4.622299467567031472e-02
5.466393430006728955e-03
1.982528396518023484e-01
4.714170141898970517e-02
8.688421800197917988e-02
1.204723184803400265e-01
2.474226466655436441e-01
2.269635938197196168e-01
7.790681517987810278e-02
4.758758100402200181e-02
2.661505141480954850e-01
2.022540665635034207e-01
2.919258335938239579e-01
1.908942652690958919e-01
1.061711129835543471e-01
6.656379211472035484e-02
1.955876008313064407e-01
5.466714569527501150e-02
3.297782642245397633e-02
1.847560183278422474e-02
2.152261561507033683e-02
1.498287828506600083e-01
1.839202125431060320e-01
2.810523175179737154e-01
9.843434047602225845e-02
2.584881583013374229e-01
1.463476667095555961e-01
4.573964110484143170e-02
2.110734723049933204e-01
1.842008304121151019e-01
7.845012174934085092e-02
2.461458264980346811e-01
2.240519665952188377e-01
2.505089857755580240e-01
1.837308960777853106e-01
5.509645705093317580e-02
1.159701436839214728e-01
4.441077672826598821e-02
4.409684893665731520e-02
1.397493787891342654e-01
2.496031216414916765e-01
7.139523608255061993e-02
2.331863737764199029e-01
3.193393374356829489e-02
2.566025793416487621e-01
1.458289656958443314e-01
4.608146073852845831e-02
2.148381112504783863e-01
3.574566784905437722e-02
3.015512903593786306e-02
1.482651794002861623e-01
5.440151943973128845e-02
2.899410933466008422e-01
2.216810161105223775e-01
6.671500571595360973e-02
2.763099024767923240e-01
4.453865426289752016e-02
1.242257345119615053e-01
2.824973321697473727e-01
1.276365133588357459e-01
1.621820722108584245e-01
6.681074455428227810e-02
1.224361963802101938e-01
2.799305920012210569e-01
7.000251495338168095e-02
2.586478608788014832e-01
1.948395399687376794e-01
1.279967887397985005e-01
3.501897342748962194e-02
3.473138558120523328e-02
1.479540646475447085e-01
2.084029967255474070e-01
9.833181817012159875e-02
2.069337972760479927e-01
9.493200971475665439e-02
2.336584480701282551e-01
2.149300146816976176e-01
1.573642611779246248e-01
1.004317491046240463e-01
1.304084776668342771e-01
1.498602976155350430e-01
1.607359237025814958e-01
2.036539844162761070e-01
9.209088000106903371e-02
2.133641902853738448e-01
3.048347481429144468e-01
1.959770633443259913e-01
4.370403510071957376e-02
2.373982576665804867e-02
1.271023900024387081e-02
2.998219144814963100e-01
1.732524108505125449e-01
3.532852798026663022e-02
2.017184909506953283e-01
3.575975021907201734e-02
3.440650834102904759e-02
1.782059253597089721e-01
1.224180319652448945e-01
2.794880208047322845e-01
6.949153739576796607e-02
2.961067788124558398e-01
1.787840607534741666e-01
1.930353517278063369e-01
3.545920904191460915e-02
7.318163130351967860e-03
1.920638877269598699e-01
4.262412018446601336e-02
1.503252732400859326e-01
2.001897747386684467e-01
1.437037785186352501e-01
1.583402326007022631e-01
8.021733451758986111e-02
1.064952325389611001e-02
2.343010852865860527e-01
3.091798943676367650e-01
4.692236591766174580e-02
2.125646482731965714e-01
2.804896065636265368e-01
2.835309052729414470e-01
2.392815426676059565e-01
2.779558105261484835e-01
5.293108405927135496e-02
4.321649833935650297e-05
6.893750743156021321e-02
8.833970738923067889e-02
3.882872338917868482e-02
7.634545812721310609e-02
8.804764966634123780e-02
1.043198864824083638e-01
4.945657841358962886e-02
8.859990077977993733e-03
4.342024250694187515e-02
1.145864227830615534e-01
1.771351086337973751e-02
8.402844107175973243e-02
1.657563329484626757e-01
3.089884126694709132e-01
3.019612804406776596e-02
1.748657964373549756e-01
7.298923754997035940e-03
2.238693396609195696e-01
2.661834486502249186e-01
6.061099532246336241e-02
1.817746741989637871e-01
2.129057146984429938e-01
2.960051361865460584e-01
3.018623294459523154e-01
2.828178082146597452e-02
6.495943662548442354e-02
2.742471481034201505e-02
1.650600120719851460e-01
1.309826917906669773e-03
3.906745020452805084e-02
3.079079625677344847e-02
1.763788070463335744e-01
3.548271364309071862e-02
6.879733692620913776e-02
1.731446810440820938e-01
1.149318853165717108e-01
1.501387340814401561e-01
2.901077420998818823e-01
4.724026122686841855e-02
2.621056149870837904e-01
2.003974374840434280e-01
6.106316613895346537e-03
1.533887423032559427e-01
1.685379093146459339e-01
2.905171827135776264e-01
1.632404997293277205e-01
1.060101843516651245e-02
1.465220596560434518e-01
1.460384075298185313e-01
2.650143557247846005e-01
2.081227498698542122e-01
1.829486751050996562e-01
2.797462870881558539e-01
2.238749158998242228e-01
2.254484452335163425e-01
1.358407793901427185e-01
2.026153287410189519e-01
5.644806912102225821e-02
4.206399572837975394e-03
4.993696199773151739e-02
5.600156328906671921e-02
3.711566800557666856e-02
1.778894558242728463e-01
2.892919118459362227e-01
3.793257494805127999e-02
4.090106064916837481e-02
1.492198355663848508e-01
3.702698804132704274e-02
4.930647803075802887e-02
1.438374189806509440e-01
1.079090826642862579e-02
2.335618700052107533e-01
1.758007539042887868e-01
1.263748400905891911e-01
9.540697158060178554e-03
1.413964724659585448e-01
1.314963687674058079e-01
3.028093417161132131e-02
2.126565378810889584e-01
7.900483334295471324e-03
2.425938482032922172e-01
3.613562818646209873e-02
1.584068890195181045e-01
2.722518242731080118e-01
1.685258623110661436e-01
1.903858797163522354e-01
2.031441969425580307e-01
9.561339287022772859e-02
4.100705799280197905e-02
3.288564574677135116e-02
2.452076045104522040e-01
1.442187353185832577e-01
1.076697209279821599e-01
8.211569114951375314e-02
9.268590842749956787e-03
1.010613503927463991e-01
1.911967444311577502e-01
2.578425056167441554e-01
3.338494235759582179e-02
1.455005538445744706e-01
2.232236307059364822e-01
2.142321931558759107e-02
1.178007854766944217e-02
9.721249600721811046e-02
2.603643079681621231e-01
7.125868210016739722e-03
1.511169096875797924e-01
6.679472087373693190e-02
5.445148855576436436e-02
4.817613824033797204e-02
3.691001469488704861e-02
2.206264914255726683e-01
2.240247010759117141e-01
2.496835284485477147e-01
4.315612912911208354e-02
1.250753911850644405e-02
2.636077539853638393e-02
3.482239829568423151e-02
3.105290514097525101e-01
7.673309723829835338e-02
2.521001061224706907e-01
6.753456448499922660e-02
1.708111496010791125e-02
2.830349430747157724e-01
2.211620712246013254e-01
2.887159395290099795e-01
3.768005115998366433e-02
1.516425611358219669e-02
1.543116981024728329e-01
7.920344246515598208e-02
3.532652718953476888e-03
4.323021138667041546e-02
2.934519783165721596e-01
1.582705668574926061e-01
2.062468766711000323e-01
1.350127296007308797e-01
1.398949983772030392e-01
3.257818217646205050e-02
9.197658764625319327e-05
2.828941702683550607e-01
1.622998738357238624e-01
1.564771242253596706e-01
1.270881440709566157e-01
2.675010745456324335e-01
3.559928006045651183e-02
6.403597005126455965e-02
5.589680801929029080e-02
2.377406893261916621e-01
1.401113057844916299e-01
1.848240647100718101e-02
2.435422356305379787e-01
2.609898533243581314e-02
2.093702505964118166e-01
1.750822001061533573e-01
1.525508179066008795e-02
1.419556983167594433e-01
3.897887447460721827e-02
1.786959421876766207e-01
1.967483355167495007e-01
2.872655904837456697e-01
1.603690824899706158e-01
7.000751549349891467e-02
1.921777647219690965e-01
5.222541716747632762e-02
2.039499750212008522e-01
5.324344860686787417e-02
5.347653973928762896e-04
3.791186934272591791e-02
2.983286053052391223e-02
7.125734165255706088e-05
6.822172525223015038e-02
4.094826922371978123e-02
4.067345200476373684e-02
1.813319128739271369e-01
2.816978856523110197e-01
3.244979035427101449e-02
1.866337945961473732e-01
3.027669400270461830e-01
2.523156100265539492e-01
1.015734658577177318e-01
1.477542216541246345e-01
5.387174894262522495e-02
1.139678550114785167e-04
1.941462782440288026e-01
9.275813920040064386e-02
1.628306386994853028e-01
1.655479859380361018e-01
2.488548068260282853e-01
5.039286555306177195e-02
2.789142248226468834e-01
1.008637241260952749e-01
7.055936516983757345e-02
2.484193026296031559e-01
1.825511415919383040e-01
5.986312746922602124e-02
4.272228360412118342e-02
3.501864971708137236e-02
4.535270898093410330e-02
2.073553278993496840e-01
1.607472838501937951e-01
7.364384443522628554e-02
3.069786657403430485e-01
1.755117657673935239e-01
2.096679403429579369e-01
2.032890394296187758e-02
9.952011820841158429e-02
4.353463551379857695e-03
4.375765077212957072e-02
1.129677064581418866e-01
3.498088756970564595e-02
1.163313619908747931e-01
7.960962139592696329e-02
1.461120920270454933e-02
2.264029784132690903e-01
2.495599374789541358e-01
2.268237863972644985e-01
2.981221085717868369e-01
1.412247181484866942e-01
7.443719883163249680e-03
8.548344738536374499e-02
1.829558152464183518e-01
6.533972509091193204e-02
1.173340625874882692e-01
9.007626148320217740e-02
3.838597181996351165e-02
8.643607797996505013e-03
1.581090125329473739e-01
9.316584601326298454e-02
7.563059902109829646e-02
2.163135619919440145e-01
2.210241822779963616e-01
3.988006447025639611e-02
2.015941292216376357e-02
7.604940035569952850e-02
2.972263387668259149e-01
1.424749015375089967e-01
1.764026569045940296e-01
1.520692710504760181e-01
1.797599366779560484e-05
2.684441683132847770e-02
1.084913904537167101e-01
1.935473134357335728e-02
4.429283205267022655e-02
1.669953196227379547e-02
2.347611540041339151e-01
1.510929397381127921e-02
2.316368023136827214e-01
1.203120755570341455e-01
1.491065334343190663e-01
1.911426679578060936e-02
1.800040834966215864e-01
1.505146076797730936e-02
2.139341294709776742e-01
6.991480013758502587e-02
1.441308531751002708e-01
1.478283271584822887e-02
2.759832188418086599e-02
1.529478396973177612e-01
2.752611376096190110e-01
7.192185661021498200e-02
1.157006183587963866e-01
1.690565562427856217e-01
2.375068966568715245e-01
1.940307508495588140e-01
5.137936471599418436e-02
3.345099613442733405e-02
1.559335063017834311e-01
3.223619329863465777e-01
1.589629069437900333e-01
4.614511221058820861e-02
2.654916600091667411e-01
2.673017721915668665e-01
1.818811785976320178e-02
1.977132223476007755e-01
2.234342866215044965e-01
2.669525079181984673e-01
4.848957043698801095e-02
8.339659718993358561e-02
7.254580131083035108e-03
2.773778155596834383e-01
1.829951944165206790e-01
2.618297209783538304e-01
3.576567655519065358e-02
4.910315480675823269e-02
5.073016990773323437e-02
2.784179415796105284e-01
4.273312554333228569e-02
2.713392177922938631e-01
1.620431762809517451e-01
9.791416910971613430e-02
3.335347712547047372e-02
1.248679246100019846e-01
1.186685137432068743e-01
2.282438857339575966e-01
9.989677666788747412e-02
2.730028418108929600e-01
2.947970262930313390e-01
2.394344972941007677e-01
1.990673460850261173e-02
2.060031322575284485e-01
2.674070532041072368e-01
2.292620274518112899e-01
3.096077172175035197e-02
2.316089590180646085e-01
1.740576534739111947e-02
1.528202871479426850e-01
8.024523707395640748e-02
1.365507463917153830e-01
7.113238436925008179e-02
1.865803349722787163e-01
1.496326054458053945e-01
4.723989811271545741e-02
2.340581541256802622e-01
2.373438944490035771e-02
2.311349124178091463e-02
1.399967341507444563e-01
4.512695434053222432e-02
3.415043774051344794e-02
1.771579527039295887e-01
4.341196277648797647e-02
2.587845305956460243e-02
7.657547896789815289e-02
1.426849507797385008e-01
7.016294650167684277e-02
