1.034731712290601624e-01
3.071917877861986002e-01
2.313390983055718386e-01
7.662193997611130292e-02
1.257654593406690724e-01
6.676993359866995048e-02
2.058687029213482345e-01
3.191310693590280190e-01
1.252374116143024352e-01
3.457598760755870582e-01
2.701218026193892285e-01
1.194008780164691752e-01
2.279181040711810435e-01
1.473393925447493424e-01
2.062971631687064156e-01
1.086431309639203091e-01
3.470401779702564360e-01
2.855940474975027232e-01
2.702155417367209100e-01
2.215923003255780011e-01
2.547565441672211550e-01
1.366237384545244959e-01
3.210828878132806485e-01
1.776274898249851908e-01
1.206663666267157459e-01
1.504815017744032535e-01
9.636576465949540926e-02
2.913194294289754294e-01
2.315972063061876307e-01
3.292944532094904675e-01
1.715376471681409332e-01
3.132957699366329396e-01
2.428925176912129502e-01
3.156172423596507182e-01
2.681270814920037604e-01
1.896314075825218382e-01
3.449898589251901293e-01
2.731444574018068727e-01
2.360825450373348899e-01
2.656000229795067447e-01
3.436633567919984977e-01
1.906900715971684146e-01
1.286974317799995104e-01
2.815100993918128180e-01
1.922383436834536607e-01
1.155112140484502170e-01
2.398224730135164462e-01
1.100813183949959778e-01
2.711132664008764070e-01
6.859113598309893312e-02
2.319054050798081412e-01
3.431873022358635228e-01
2.175252839557981488e-01
1.183349710422613721e-01
1.195356942987043508e-01
2.309835876417973832e-01
2.753527256594280881e-01
7.569458097676141917e-02
2.601682683045427602e-01
1.241781368393838764e-01
1.244043108831289074e-01
1.179029157056182414e-01
3.038058984973026067e-01
3.056861616306242868e-01
1.819376242568613855e-01
3.207175279118711364e-01
5.722405984776826604e-02
8.244340916418356480e-02
1.689939695552237497e-01
2.384970759121074757e-01
3.026670344689019188e-01
1.391508250582892958e-01
1.274815982201555620e-01
2.022701203775400802e-01
2.256056185575594786e-01
3.393643249222013658e-01
2.160999669072111440e-01
1.397147581600436117e-01
2.703411978408578054e-01
1.911175359831650267e-01
1.365317611793748220e-01
7.064377226167346813e-02
9.990733508929339202e-02
3.104850571899248624e-01
2.251225624710246620e-01
3.085842136535412727e-01
2.933449663759699622e-01
2.426696525346487832e-01
3.062896211643740263e-01
3.357861333889565758e-01
1.122091410234269115e-01
1.002466869255288912e-01
3.049982636594806285e-01
3.125408871687427315e-01
2.028307703740917234e-01
7.237740073410170449e-02
2.730862146937447221e-01
2.014871488672374811e-01
1.547678934018322239e-01
1.226182268261111902e-01
1.130838855347653243e-01
2.976952044425625332e-01
3.127570229215945741e-01
1.639408740302045753e-01
3.153093232082109787e-01
2.239257719611245645e-01
1.847425606625806849e-01
9.954084889568014238e-02
2.527597803470084670e-01
2.968655046250515683e-01
9.171421249977761148e-02
2.533212510091852887e-01
3.360461059455462918e-01
9.149510644071459642e-02
2.605712322227923816e-01
2.457258377405644734e-01
1.481476407819216357e-01
2.991497609519838119e-01
3.165558426767477451e-01
1.866480045160561207e-01
3.477578496867863023e-01
6.611233824248816116e-02
2.523004203060921213e-01
2.087481837418540265e-01
3.047424156860445987e-01
2.510717188229371066e-01
8.775748571195680914e-02
1.585763962810378958e-01
2.085602532824905320e-01
1.444091440217121491e-01
1.295548692084196596e-01
1.379624451510066963e-01
9.880646752741520378e-02
1.320408123939469658e-01
2.871130798949408924e-01
1.765581853048741878e-01
3.185257789115383265e-01
3.153047267877259197e-01
1.346751952368979433e-01
1.070936537069464289e-01
2.340271670304035490e-01
1.664796440740552441e-01
2.546214256563393286e-01
2.887062559943930906e-01
1.483010257124043885e-01
3.124007868538101751e-01
1.063698750104319496e-01
9.776561346295244148e-02
6.743398683593085363e-02
1.060108993877797168e-01
3.096877768191532709e-01
1.431969393013208802e-01
1.072531737881039365e-01
1.329367239280616064e-01
9.356089091992672580e-02
3.194861587248342127e-01
2.213830249718750642e-01
2.964504930647995362e-01
1.437572672271401619e-01
1.547766897905508698e-01
1.943329139032399233e-01
2.826300409010267245e-01
1.215628456666484197e-01
1.071059857439618096e-01
2.455221602010656257e-01
2.514202131109408156e-01
2.412956291618403859e-01
2.527954090587636871e-01
2.674574755016868588e-01
3.346380485404082394e-01
1.754822225911722711e-01
1.093940370571732518e-01
1.415896184957202986e-01
1.853520813982356963e-01
1.094890855781829458e-01
7.589875129764946105e-02
6.603815705404864067e-02
3.466630909772827063e-01
1.773869128084348268e-01
3.277057147687048588e-01
1.127742099871879983e-01
2.902040982402862568e-01
1.321977080736929377e-01
1.738938608881656356e-01
2.651136593643749206e-01
3.218690744713893492e-01
3.484002805551060789e-01
1.539082476664954402e-01
2.815177445850665650e-01
3.026647877947997722e-01
2.530255940660544045e-01
1.948715900569875648e-01
1.073043496692602378e-01
2.703218971571043627e-01
1.563413914718526088e-01
3.071048147219550550e-01
2.800851098674148054e-01
2.522490997763283116e-01
2.652627815819226798e-01
2.793091712212386613e-01
3.172304902328291210e-01
3.363497059449582216e-01
7.212651999087857368e-02
2.077464219154802061e-01
1.229567229469015754e-01
2.899574946038803169e-01
2.503354761455071076e-01
3.425185876936474028e-01
2.269245125904209570e-01
2.182341943866864531e-01
1.973181056958366042e-01
2.563525767158908453e-01
7.670644827147253542e-02
3.386488569566513673e-01
1.376971316901998699e-01
2.572353659764137768e-01
8.550417247783338726e-02
2.074060071364877134e-01
2.727903369084552776e-01
1.239278399919125223e-01
6.303549202166519594e-02
7.010581019173954542e-02
1.455133826382110362e-01
2.060039264478178700e-01
3.489435056476543062e-01
2.134723344192394068e-01
2.695019981262662401e-01
1.983523421458383840e-01
3.078299157451576673e-01
2.564475042538793548e-01
1.613432269575108546e-01
2.617551357990519079e-01
1.166453050554401433e-01
1.002869464053654652e-01
2.962797627543764523e-01
7.727466986023957818e-02
3.198434067819408977e-01
2.886198308557877401e-01
2.464075288775342265e-01
1.338451479286034418e-01
2.323521778720948339e-01
2.287839264735442302e-01
1.156362034551484119e-01
2.587355218784812561e-01
2.990093376736567277e-01
1.913473804777837406e-01
1.376757726192397724e-01
1.452689172216433400e-01
6.718008379027375077e-02
1.758492951678707339e-01
1.578185621373258407e-01
1.176259179211658207e-01
1.771355414544401874e-01
3.049424334937985148e-01
1.603261269759934105e-01
8.925879844027864718e-02
2.693794088688225563e-01
3.280467114124395733e-01
2.434867767397000948e-01
2.856223949443841281e-01
2.256803186937803851e-01
3.327212428440948222e-01
2.953492892745328002e-01
2.416502654107128001e-01
1.874641928719548156e-01
2.547603516702193760e-01
9.979230090313635781e-02
2.709532247438566910e-01
3.268353588707626489e-01
3.255543893351909857e-01
8.570345974865097027e-02
1.436111042148626726e-01
1.184812044291981281e-01
3.155436201846451572e-01
1.359953466773979880e-01
1.060113199914244353e-01
1.998868622391564431e-01
3.155705408142260304e-01
3.402882576273421056e-01
2.264238715544907021e-01
2.105504396287053437e-01
1.070411152904533203e-01
2.145995924012410738e-01
3.200461164857310026e-01
2.029471541995683803e-01
1.324878202351089107e-01
1.039035635090077847e-01
1.210029793871376658e-01
2.395380106646487484e-01
1.860027092445950825e-01
2.114962762368482185e-01
1.697748862602863340e-01
3.296854750294292424e-01
1.519405823692041579e-01
3.430626870253083993e-01
1.357753598578692045e-01
2.528246369667080939e-01
2.939771093607830288e-01
3.450274591139402269e-01
2.516039249537233013e-01
1.207255290517678381e-01
3.319846806490838187e-01
3.407356246660208643e-01
2.781191640712060154e-01
1.087624028667875525e-01
2.948694448664411216e-01
7.280290656044616227e-02
1.537231557975057283e-01
3.037413275568361382e-01
1.088149538372986114e-01
2.337828246258851772e-01
1.140711030296451683e-01
5.707566455967693492e-02
2.111095631942988549e-01
3.134573625289956422e-01
2.016093985351206097e-01
3.208205581044747401e-01
2.876875838787693596e-01
1.538866082064699048e-01
1.473072575408848894e-01
1.191574692332647289e-01
1.262031781482708948e-01
3.197035795082414089e-01
6.243702126342777492e-02
2.907313898158389587e-01
3.053783112576430869e-01
3.446900697230734778e-01
6.384505739050241879e-02
3.021448193708404784e-01
3.081516117188825565e-01
1.396821578882457837e-01
1.482861142893636686e-01
3.230849963688472437e-01
1.497374454492197693e-01
1.912091202894906361e-01
1.717909340933289619e-01
2.061854531519343725e-01
2.881774845158472376e-01
1.130018057623649874e-01
6.598070708516888538e-02
3.121009780155010738e-01
7.425789600325001516e-02
3.285790622546778672e-01
8.864061373290428592e-02
8.814261637829655383e-02
1.305282175109319376e-01
1.718701125697769394e-01
6.181859009192640364e-02
2.806409402680519749e-01
2.483161192815187546e-01
3.091448671026909012e-01
1.266237948912829758e-01
2.761861315166427855e-01
1.442727217591305844e-01
9.091634819677084367e-02
2.135926550122617118e-01
2.049339168426955460e-01
3.389005951528748506e-01
2.950356389921194866e-01
1.921570552606786109e-01
2.263771323168007887e-01
1.565755040199106329e-01
1.406211725620968023e-01
3.259040221005133353e-01
1.204754316615493925e-01
1.530995116963974612e-01
2.027960878429160008e-01
2.627158257127550356e-01
3.104017201872045773e-01
9.200780533737419609e-02
2.680415519145224468e-01
1.700401602595973949e-01
5.405853896116007834e-02
3.105634051997199219e-01
3.104130061510412819e-01
1.268659394898524750e-01
2.991302331953152316e-01
2.912964171374257671e-01
2.403373590110391977e-01
3.012508854982796080e-01
1.857863584328255935e-01
9.836326284411331389e-02
3.210538199324357023e-01
2.726109954018797188e-01
1.539714009982944831e-01
3.264170165797570800e-01
2.231337510739635488e-01
3.368431589072912735e-01
2.438558818174565990e-01
9.644077328200409416e-02
1.874071970202980109e-01
1.039887848689359379e-01
2.116712413799634873e-01
1.488088013205077220e-01
2.781267716831162806e-01
1.483223755482341588e-01
1.638315248233947752e-01
9.083290476750678633e-02
6.687342511881926022e-02
1.777319871440496413e-01
2.646222864344017767e-01
1.447019809817958191e-01
1.215219566400179002e-01
1.079285919816874162e-01
7.631824379272399150e-02
3.299130279387419429e-01
7.358950286744987690e-02
1.738122741834609297e-01
2.911214480193792808e-01
2.777892612390723270e-01
9.383872253542945019e-02
3.265521027785275310e-01
2.679418451301892046e-01
3.021668104999393756e-01
1.402322079139434463e-01
1.943784970625555275e-01
2.713962695600538044e-01
1.115051474839508644e-01
1.638613798208173877e-01
3.001291809678097722e-01
2.312398409559215662e-01
1.946370413927619725e-01
1.009686129034357976e-01
1.730450409752293250e-01
2.046211975458056553e-01
1.320675859604158453e-01
2.887532306285730543e-01
1.904582384607538537e-01
2.630701845093748048e-01
2.585113915022678177e-01
2.325142504440387836e-01
1.328160425751293561e-01
1.134937207195676756e-01
9.987757222159021619e-02
1.143551758131631374e-01
8.937551024717768633e-02
9.888068146598685826e-02
7.920410153537511821e-02
9.420592599641917919e-02
2.643209955291377367e-01
1.270256857770520886e-01
2.940487999922679063e-01
2.332132657901417605e-01
3.341526051534339792e-01
1.353732236121912014e-01
2.409753743557679628e-01
2.641503562256031779e-01
6.926031931660470153e-02
2.291480291636718569e-01
1.057933386643995777e-01
2.868085818707703516e-01
2.363602378679242055e-01
1.237659542853500327e-01
3.074962615055795712e-01
2.677686914601375978e-01
2.482308775684833324e-01
2.613544580087269198e-01
2.697076263607978697e-01
1.179093843354582644e-01
2.912837665750716010e-01
1.805709338007518150e-01
1.074039375121071116e-01
2.624876746527090576e-01
1.029068121221256987e-01
2.856915314523306715e-01
2.031160962944539017e-01
1.168442699387848560e-01
3.303424918608061089e-01
1.595244185456467234e-01
1.522950494620982087e-01
2.749673238890011917e-01
2.847331587009450105e-01
2.954594382510936090e-01
3.010516346080505112e-01
1.222880610128808110e-01
2.569419672692455636e-01
1.705884050626005621e-01
3.028965597632000128e-01
1.225761541924803300e-01
5.947893984321375727e-02
1.933770499830919087e-01
1.153388070990473135e-01
2.948864529743390750e-01
2.126494388333778351e-01
1.821161050798191794e-01
1.319111539976640379e-01
1.889050053040924604e-01
2.717684196906690053e-01
2.307012656524809191e-01
2.452038725508887962e-01
2.528790172859348151e-01
3.355548020559814826e-01
2.637717735581466827e-01
2.463189105132368439e-01
2.693032085195173342e-01
2.375257063059096341e-01
1.757823701666239302e-01
2.363915195517679313e-01
2.531118306309866894e-01
1.529735775713071955e-01
2.062448471387899052e-01
1.004709666536260093e-01
2.231117212939356664e-01
1.770189856492803415e-01
1.375247512704206865e-01
3.395598836905085460e-01
1.650653029954565199e-01
2.838367058020720979e-01
2.563575187617977980e-01
1.081988028408571167e-01
1.293954361673421705e-01
1.728757278615241921e-01
2.083070845185218123e-01
1.273422767821408286e-01
1.477511708789014666e-01
2.812640375348418043e-01
3.351795806269332045e-01
2.561776401750471832e-01
1.143834851253838492e-01
1.031774840793104192e-01
1.900336352955850627e-01
2.895519026895436721e-01
2.645626453827806257e-01
2.448058710082237910e-01
3.125915307041838287e-01
2.625099620560225055e-01
8.728203784426255551e-02
2.385926577983760732e-01
2.869590373350858759e-01
3.311713076988822002e-01
1.159270480099028472e-01
2.365416573349093665e-01
1.513010674927906807e-01
9.860615746963197203e-02
7.819852306025476540e-02
2.999731105045240209e-01
2.575538077883758326e-01
6.828916392195256979e-02
3.456067275569921771e-01
2.760128453278971605e-01
8.684892623193982142e-02
3.341110776945059313e-01
1.824842220117456337e-01
3.449512990946723145e-01
3.280306586076348063e-01
2.670730922355717407e-01
2.321345890647566190e-01
2.789790553832999787e-01
8.043273255604392602e-02
2.063812520031196307e-01
2.266606653815115280e-01
3.475250166149544961e-01
3.481724527030761185e-01
1.183214759891793172e-01
2.308332890085637024e-01
2.889619614630554723e-01
1.128793355882401206e-01
1.968537128587832530e-01
3.213434769772888222e-01
1.913077145062661300e-01
1.895482232388518429e-01
2.753335284116782411e-01
2.723726533255204640e-01
2.907909160618165623e-01
3.334378331610302060e-01
3.263761829024138805e-01
2.280053390570032368e-01
2.890190686903014727e-01
3.383659123846290417e-01
1.977602404503229494e-01
2.324797056430596698e-01
1.778869738799489786e-01
1.385056724907989256e-01
2.439162368056993213e-01
1.309202046484055360e-01
1.066492840018184035e-01
8.134218669573954619e-02
1.065298752849826863e-01
1.704794559525890929e-01
2.726471562157165018e-01
1.135665005340360106e-01
1.019941088650034577e-01
1.884361074570289896e-01
2.327746799714340564e-01
1.566932097367229326e-01
3.249661456263950310e-01
2.691272174211505330e-01
6.626412337748069370e-02
2.274132785910232823e-01
1.040862883142757295e-01
2.858466250374537276e-01
1.382572316093267084e-01
2.716260310555556057e-01
7.820026398051471705e-02
1.356026256153579912e-01
3.261544915402098122e-01
2.443731335068999588e-01
1.121888115032085714e-01
3.203403348908818171e-01
2.369449033186147302e-01
2.827063113199643207e-01
1.506789123449084888e-01
1.139599274983177091e-01
2.106354824457594976e-01
1.667401258124731056e-01
3.392415978884054661e-01
2.840160380278561325e-01
2.432983056591907500e-01
1.466837413290859871e-01
1.905757155437979578e-01
2.944509919651672747e-01
9.191608767067445396e-02
2.323566148787449825e-01
1.360908574044775443e-01
2.074595309760321193e-01
2.562175499464145467e-01
2.610114576121591590e-01
3.107972774504546010e-01
1.387439532948005483e-01
2.891770498693988500e-01
1.242046489871766329e-01
1.151086465340662446e-01
8.679006266413358262e-02
2.348139250972395009e-01
1.571059008750867181e-01
2.870713321813023744e-01
1.669796439760571072e-01
9.799060081191102167e-02
9.418991189012095033e-02
8.928000850555541101e-02
1.296746246296682226e-01
2.599623211953927537e-01
2.841310160319201472e-01
2.840712085913577045e-01
1.348125173464894133e-01
2.143523365900024125e-01
2.851847570706659840e-01
2.977221095931497641e-01
1.157314095507948892e-01
2.989712711555546631e-01
1.020465337417507945e-01
2.918093357893185025e-01
3.233522738606730562e-01
3.257772010795678685e-01
5.792054424624163561e-02
2.782616538872025869e-01
2.735843405757287794e-01
2.927200313028843204e-01
3.081378204258528597e-01
1.581350240236815974e-01
2.347605528055398405e-01
1.234794864093568534e-01
1.007776831442021709e-01
8.316190345528277905e-02
3.232244183218659916e-01
1.533732566452499224e-01
2.717606139653651609e-01
2.996276664951042501e-01
2.391902840854846224e-01
1.498698882664850629e-01
3.133504352103733681e-01
2.005384218146246955e-01
3.007338401736360800e-01
1.371751691948568663e-01
1.607298943288017479e-01
2.812197733316567638e-01
1.682985139008651987e-01
8.834182233145793095e-02
2.910083706042363993e-01
1.193529607125102393e-01
2.257939753936092642e-01
2.075894889740022842e-01
2.044569773543146174e-01
3.370092539887148408e-01
8.504252306652242133e-02
3.035546009824737212e-01
3.468027672220121982e-01
7.007870249230330195e-02
1.480166977710357934e-01
1.161261950514262675e-01
1.845234457610958334e-01
5.767450013939385417e-02
9.519298213780695572e-02
1.413739460269124726e-01
2.919931564043208305e-01
3.237482769236290636e-01
3.189729783229064419e-01
2.301214844835327566e-01
1.193400538357336227e-01
2.864195470815352751e-01
2.012637053657251041e-01
1.168158953464756428e-01
1.337713298485935787e-01
9.315371382337885031e-02
3.093581799981338643e-01
2.450974965066171629e-01
1.743712179599944678e-01
1.244507062769755479e-01
2.015803445365495217e-01
7.471403315310616577e-02
1.869862562739621759e-01
2.223446731766287598e-01
1.016030829632120908e-01
2.722092688914813929e-01
2.485169447914294116e-01
3.269650952330015459e-01
9.929387325055236135e-02
9.041532092170816159e-02
1.848528925248610066e-01
3.175141996324185034e-01
3.279509284763940657e-01
6.304323439071142510e-02
1.249764133031189689e-01
1.708685515783272824e-01
3.264722330351602086e-01
8.990988677436634324e-02
1.338099717941570732e-01
2.324196488336936484e-01
1.266935836369054436e-01
2.236078073870396976e-01
2.816217370626172833e-01
3.305844100093912608e-01
3.062190046608687655e-01
8.450310676210480432e-02
2.643324413923979765e-01
1.282766970633173742e-01
1.202091037110700616e-01
1.311544930053416269e-01
1.615198174173202439e-01
2.098448339557260900e-01
3.384052344724589600e-01
1.041390936464297451e-01
3.259844803991947537e-01
2.311423692515442441e-01
2.139896633175568663e-01
2.117213881054700875e-01
2.727077628027156919e-01
1.111778642458928074e-01
7.800907374208417011e-02
1.567488123371576503e-01
1.062379148307077414e-01
3.441997458808739307e-01
3.174275193827363339e-01
1.070955018833962824e-01
3.110564259667776832e-01
3.252798824440008563e-01
1.745435861096710783e-01
1.686852082955291876e-01
3.427553338858068677e-01
1.400824252532020531e-01
1.963828646665939648e-01
3.189474253199141573e-01
1.023956424572518703e-01
2.230386362206914497e-01
2.534515914159378158e-01
1.136294258799814133e-01
1.894016867991928921e-01
3.137636159681426173e-01
1.642563278351054368e-01
1.992094790122814763e-01
1.042467051105318704e-01
1.849565052176757873e-01
1.745579909370903460e-01
7.581619980158874061e-02
3.208007117939916664e-01
8.578005689005510637e-02
1.024561141854066076e-01
6.599600959286711088e-02
2.256339510009314764e-01
8.511397033158450698e-02
6.664293524846183481e-02
2.291643350883025287e-01
1.136810218957316765e-01
2.880491350273757245e-01
1.855412454430059310e-01
2.341021718700733723e-01
1.852406777933635340e-01
1.659781913702576273e-01
2.677253462052136546e-01
1.745991962080101489e-01
1.080852720067903006e-01
1.971812260934077132e-01
1.221801859606847090e-01
3.214331874760608665e-01
1.456156769492888692e-01
2.439503766660406081e-01
2.639711188612116621e-01
3.405844795092283217e-01
2.951101654067570523e-01
1.731418177040866258e-01
2.436006069401332186e-01
1.110669672962185939e-01
1.011922662121965688e-01
1.167564440348225902e-01
2.165386000824528756e-01
8.548412488734979942e-02
1.249055728065963378e-01
2.184701315004822231e-01
8.435526838655077464e-02
1.910060505838027944e-01
1.808641002143294985e-01
9.882924968221495909e-02
2.884147427953824283e-01
2.497190471208308449e-01
1.673762751341078547e-01
1.053846078480613346e-01
1.954823391665102550e-01
1.511597700028763647e-01
3.334229419011154327e-01
1.448840973204537363e-01
2.146821540789362603e-01
2.728576081701887257e-01
1.089225361763353772e-01
1.551350591214120667e-01
1.104209900944312928e-01
1.168037624206633152e-01
1.911176749192983748e-01
9.336834149736358834e-02
1.958623628057974131e-01
2.090253607150719672e-01
2.216169867196737253e-01
1.428960806960271057e-01
3.419130841245138219e-01
1.841335520019284355e-01
1.916307238030083016e-01
2.909328932886446339e-01
5.613710868411407595e-02
1.873172176718317650e-01
2.392150434493466871e-01
1.448906508473669918e-01
1.118100298413757798e-01
2.721791040324383903e-01
2.186611831395744443e-01
2.175017969066261325e-01
1.869571000634748514e-01
8.272415822352655046e-02
1.289334780676067715e-01
1.132588975366591033e-01
2.823637630659671660e-01
2.712522396464203678e-01
7.835543405756063839e-02
2.276567699575567649e-01
3.303357406669891749e-01
2.816405924948197081e-01
2.439899720704687969e-01
2.760761110285325781e-01
1.142467936939264572e-01
1.234707049084261404e-01
3.329227996703348347e-01
2.672218635916236429e-01
1.079546036906914308e-01
1.634107004454846968e-01
2.479658487008344903e-01
1.025631190637603524e-01
3.344073069662155118e-01
2.428061322412245204e-01
2.511756292993547746e-01
2.772846113326526973e-01
3.350606104403224261e-01
8.793814637495177278e-02
2.791432709986250704e-01
1.144812651867229830e-01
1.123999036183273431e-01
1.234377195618375778e-01
6.760013934719781570e-02
2.985645699781609430e-01
1.116531678630628133e-01
3.279308282000934494e-01
2.155933249417799624e-01
8.470028308374705217e-02
2.131527768655210875e-01
1.219938765496113298e-01
3.020027171215394768e-01
2.373789576066026030e-01
1.249134039457606982e-01
1.029000566454460613e-01
2.293252753917220110e-01
1.668097171353905284e-01
3.082553767468733663e-01
3.152737615708522401e-01
3.033415504557945841e-01
2.188415463645660974e-01
3.147001137589278685e-01
2.606945430018846599e-01
2.695823891171209574e-01
2.784483461482316069e-01
1.350369195568953407e-01
2.613531679000756225e-01
1.442126156619564226e-01
7.438626439070682161e-02
1.540801632496184292e-01
3.369974432100894535e-01
2.668460743616689612e-01
3.493611487530074444e-01
2.123568956572829125e-01
2.496534148186417557e-01
1.028161857944269592e-01
2.720143722440044876e-01
3.158585118811261250e-01
3.287839036070917542e-01
2.065062081127280180e-01
1.944890669118913562e-01
1.107612707565790028e-01
2.358189035057130511e-01
3.477574657142634695e-01
2.826785993296574429e-01
2.202851321510143068e-01
1.587357628976032442e-01
9.731696371888406971e-02
1.147222099381784710e-01
2.913933587632379640e-01
2.584020297527186982e-01
1.154626760618034792e-01
1.113492999909908993e-01
2.612711140196710691e-01
1.229299921823674008e-01
2.222027328309403027e-01
3.459724113383236821e-01
2.014570711832582295e-01
3.057264936797605137e-01
9.353111693650943692e-02
2.528728440216560513e-01
2.860712112351748160e-01
1.183446402021130217e-01
3.399027213957890869e-01
2.995723295142259657e-01
8.912805493045759808e-02
1.215832494023477844e-01
3.182835238739974426e-01
1.547799945469947591e-01
1.965028493050492986e-01
1.683401672392832726e-01
2.524251954821963850e-01
7.045449759579879012e-02
2.364800081255130360e-01
3.430750246516900415e-01
1.592334648751843607e-01
1.243436342966600106e-01
1.983315642893661024e-01
2.526063262795495978e-01
3.488488399465841661e-01
1.336555690487548076e-01
2.932602504275579336e-01
2.673284692512200578e-01
1.390165420736867441e-01
1.336389240297944925e-01
2.802130936516298298e-01
2.674502298169970094e-01
3.350571466788386799e-01
2.772539654820818655e-01
1.197216429276457966e-01
2.133922839990884668e-01
2.426415748418297158e-01
1.074927009594911498e-01
1.930131055204345747e-01
1.295225866358960531e-01
1.163222022572010100e-01
1.607293445963506318e-01
2.800439133913147916e-01
2.850374435390652939e-01
6.783200181008586238e-02
3.220168732508580933e-01
2.535114219601287133e-01
2.655593121125661704e-01
1.276578519804386913e-01
2.432670635354160782e-01
9.643753358566879708e-02
1.246751362970910659e-01
8.943308609911944373e-02
9.759241214504496553e-02
2.275713774283315283e-01
6.993645650866664454e-02
1.407974438839945941e-01
2.719467516555424957e-01
7.192777996216155600e-02
2.640850074161222305e-01
2.276710278444729341e-01
7.379174111643126144e-02
9.507946951576594363e-02
2.283355592845018878e-01
3.490834533084531399e-01
3.364603160282935712e-01
3.131848708208309073e-01
2.046490049001714329e-01
3.119003181254021428e-01
3.338822075789217858e-01
2.583285212618395832e-01
1.793051484531861528e-01
1.991429170020542483e-01
1.742541420804925856e-01
2.878405715178674606e-01
3.277712686247570284e-01
2.358747053064864652e-01
1.214504858147327365e-01
1.105847287534221790e-01
3.435898499197338474e-01
2.215083671561258183e-01
2.288676916908140568e-01
2.968154730144141329e-01
2.877628471149805689e-01
