1.792429640675793079e-01
1.911741657455699739e-01
1.866762330252013935e-01
1.851565952716497099e-01
1.232508902524821481e-01
3.013813920035888771e-01
2.036573642395144990e-01
2.315432697794988365e-02
2.990833908353891513e-01
1.353846845844955682e-01
3.124845789101448612e-01
1.590793220813400966e-01
2.695220158549941347e-01
2.589209581217152834e-01
2.395963536359262125e-01
1.884120928403339168e-01
1.649291823053007922e-01
1.610087280316437608e-01
1.602740645767815608e-01
1.512485723445576025e-01
4.774440502474554260e-02
6.934406194712501581e-02
1.328681614221421947e-01
2.868248460655397625e-01
2.299678948079437180e-01
3.213208194587734434e-01
3.164848649218603982e-01
1.966132388463033565e-01
2.041812417287263426e-01
2.397778524333424310e-01
2.094569417295584213e-01
5.840569538342705452e-02
2.693921376591014716e-01
3.194285963305721343e-01
2.241953584538888822e-01
2.178728908944824183e-01
1.802220542517559143e-01
2.073842147101044586e-01
2.213703357638468205e-01
3.653081709771625191e-02
1.790728978624204215e-01
1.643298222743891923e-01
1.525462423696281600e-01
2.433686768239979314e-01
7.818156886385439156e-04
3.059412849330824802e-01
2.902094343472331750e-01
1.260447034613312312e-01
2.835197380852454430e-01
1.581964125994207715e-01
2.149799102267363204e-01
1.187627603468655868e-01
1.394813604687866193e-01
3.060462222397389853e-01
2.403203162015483951e-01
1.843681957891713796e-01
3.062240407721668056e-01
3.431163233528499723e-01
1.940334795194874895e-01
3.403956812326745518e-01
3.148880151181513432e-01
1.704644584977295374e-01
1.866420670443496854e-01
2.071411698442117699e-01
1.130892124089283822e-02
2.753868886245472991e-01
1.520419705745230665e-01
1.451191299355419351e-01
2.876927660329989256e-01
1.548939519869684811e-01
3.269523342831574531e-01
1.644229708665919942e-01
3.339122856438234144e-01
2.753997982664088684e-01
3.476379707636827465e-01
2.473901695047422411e-01
1.023186030672867397e-01
2.506240597848143903e-01
2.563978039394236852e-01
2.242310892881659024e-01
3.217980641066575109e-01
1.688646009667957859e-01
2.356333473147271262e-01
1.639395127688970666e-01
1.490660274925760809e-01
1.827877814883471785e-01
2.209950683631934643e-01
1.311247156238731781e-01
2.003156632595298747e-01
2.295506413183038830e-01
2.074075167426438771e-01
2.627134826387904076e-01
1.269738911572309281e-01
6.907883011049940902e-02
3.193995564458275149e-01
1.279756620220188212e-01
2.434954417333067556e-01
3.517434830199489548e-01
3.517165100573541037e-01
1.686406900673720066e-01
2.021226880289782868e-01
1.313368346852848978e-01
2.834561138401331393e-01
7.558232709398602159e-03
2.166652289469209181e-01
1.790356825106612787e-02
2.308553741649662649e-01
2.304526594857789212e-01
3.182005392958947021e-01
2.686301114996338946e-01
8.428211770072799314e-02
3.426026804580619145e-01
1.828820881094953277e-01
8.471101789883121735e-02
1.293095879261172976e-01
1.191947994248198639e-01
9.724444853051647519e-02
2.667561632489465762e-01
3.195413833795849867e-01
2.420479114772764728e-01
3.231030701805157612e-01
3.285799332907902159e-01
1.475791206147562540e-01
2.236015437896769487e-01
1.370850922534879723e-01
1.752698494108727578e-01
1.811842859244018333e-01
3.531896332831233054e-01
1.200886064541914627e-01
2.007962985278527457e-01
4.432966286610430517e-02
3.074544768561537356e-01
3.428374351689282284e-01
2.048291038993946961e-02
1.694699825429167583e-01
1.746293894896589483e-01
2.003954877582069527e-01
1.060045344318445854e-01
1.715709580311246263e-01
1.578914046273170169e-01
1.915103834583689879e-01
2.268900319057056691e-01
3.196055248203687471e-01
2.951359445954966909e-01
3.363403189573511698e-01
2.356392928132195752e-01
7.899657482374979056e-02
3.303747940081244172e-01
2.200195686690768326e-03
1.678462057964787979e-01
1.914049694011256408e-01
1.178567532739674406e-01
2.441563156065238438e-01
2.263628201528864181e-01
1.427665288557578016e-01
3.082667389022236692e-01
2.244699432549028262e-01
2.309586510590231345e-01
1.555433241371397823e-01
2.160318798736424184e-01
3.370868685429920242e-01
3.131172657448122454e-01
2.623404298564388504e-01
2.130906487678359829e-01
1.941809858969206493e-01
1.255001040692673153e-01
1.738698772794029790e-01
1.418401623105819409e-01
2.373549562563971316e-01
1.742884989164803777e-01
2.060688161016810127e-01
1.067826013844740546e-01
1.825833249464810237e-01
1.630673837729852693e-01
2.579225590755361841e-01
2.374922234509163343e-01
3.402249110465291881e-01
1.199964240394871262e-01
2.349077211112766961e-01
2.294692775396581508e-01
7.306023747184027528e-02
9.359041166420606350e-02
2.076691185866237910e-01
1.564504273927029288e-01
1.008753176460353979e-01
1.737797587474914640e-01
1.732266786250081791e-01
1.716627364417400202e-03
2.445640359314774914e-01
3.204490479016600113e-01
2.578724680682612513e-01
1.409300638725772270e-01
1.761358678835908687e-01
1.711419901094866636e-01
1.215363540738597370e-01
2.579729405491617555e-01
3.023513414629666607e-01
1.630790168336539447e-01
2.193506369315854077e-01
4.343356776173005335e-02
2.456672369992002614e-01
2.423336648241419811e-01
6.199902034811519136e-02
2.672548229279366749e-01
1.255251149255036947e-01
1.261179255340292293e-01
4.228366986049109013e-04
2.307022948596138545e-01
7.405457466388890020e-02
2.830479562648475778e-01
3.810080231495281688e-02
3.158916991866647095e-01
2.151647419820072460e-01
2.767120156399034414e-01
2.702333071058325431e-01
2.063237846869157566e-01
3.310396576989910744e-01
2.828941839712082462e-01
1.976718076392927070e-01
3.279353016173422453e-01
3.007503146984244480e-01
1.835413519352794842e-01
2.162505760214105954e-01
1.897731537608458585e-01
2.567336692151197530e-01
2.893326507757144617e-01
1.840247173459331753e-01
6.598220344862319167e-04
1.142007518084604684e-01
2.750072310113315655e-01
2.085994510247672074e-01
2.336616326101848273e-01
1.618218632391367762e-01
2.233862582835876021e-01
1.936220896989211959e-01
1.659473454494863470e-02
1.261602436780005498e-01
1.900105399544661094e-02
2.715851485977908708e-01
1.800506172063192911e-01
2.910008306023851299e-01
3.010115046632412614e-03
2.974297571681197017e-01
3.258858876633068946e-01
1.992621848514666560e-01
2.730555131743715447e-01
1.365645491243764886e-01
2.123181587397501568e-01
2.794155410944886286e-01
2.423947027959042488e-01
3.189721901264997439e-01
3.009493971958866476e-01
1.804824948194498624e-01
1.459477149954654662e-01
1.676916614072962164e-01
1.883917590773475925e-01
1.171106934729728155e-01
3.062078319718392061e-01
2.265512459420265245e-01
2.573428563438983629e-01
3.228287963366208713e-01
1.925207065941105314e-02
2.982398899925393088e-01
3.107698419089462982e-01
3.072687900452164556e-01
1.879945735877392998e-01
2.219521401082146517e-01
1.379881230959432437e-01
1.776982450014663040e-01
1.797464420291886855e-01
2.380143152583094612e-01
8.523068697281463435e-02
1.694361206170672540e-01
1.822447135067793433e-01
2.924848074029435252e-01
2.394560078729452424e-01
7.841533731731524254e-04
2.546007507770199907e-01
1.762681277459709206e-01
1.266817086938386294e-01
2.758658705428715940e-01
2.239441406641171917e-01
2.178841717156659308e-01
1.959162761070749881e-01
2.661934108522095999e-01
2.600351537237356458e-01
8.668731890884977254e-02
6.031245432946287077e-04
2.670478323734798431e-01
3.060486709685158457e-01
1.609294049460793519e-01
3.191671381442564570e-01
1.932373452900953137e-01
1.686838695061086135e-01
1.425201427237656748e-01
1.873095660437492926e-01
3.032924381382596235e-01
2.887430412140807867e-01
3.745990689092668080e-02
1.884693355427292383e-01
6.994535689881410667e-02
1.736288607306056553e-01
2.804508076628982050e-01
2.869877692090676558e-01
2.444860198377316884e-01
1.794622246232315810e-01
2.043129544814622223e-01
2.223036533664296821e-01
1.731225695480326232e-01
1.544277280411385511e-01
2.470111810627352023e-01
2.540154261271156400e-01
2.471466507211672325e-01
8.625102938034096001e-02
1.725698375485385516e-01
3.882735862181620895e-02
2.476477039367278588e-01
2.349684306846775150e-01
2.342060187124775927e-01
1.187477993383620894e-01
1.574351691581984403e-01
1.766583677030911514e-01
1.327866335819597454e-01
1.733947360704911900e-01
2.786605638776007421e-01
2.842002829880382886e-01
1.707546596685466378e-01
1.067257388342574415e-01
1.595102942786371103e-01
2.209236097961156386e-01
2.203754075824652381e-01
1.498506382636619894e-01
1.513242324064248967e-01
1.611270042296760463e-01
1.792080030598186824e-01
1.195391880164022730e-01
1.624044452403676231e-01
1.640497142173861223e-01
1.674102108658919175e-01
1.972231118266283001e-01
1.797602062822438174e-01
2.415210259826934269e-01
1.509989917061265730e-01
3.249811691820859161e-01
1.455488290014470831e-01
2.319419603115446538e-01
1.353292511110298045e-02
3.158423856662842533e-01
2.469444833395157690e-01
1.889167620650751278e-01
2.172661078183567296e-01
1.765861448230254260e-01
2.615530628469657226e-01
1.434273490963020314e-01
6.955711224743066357e-02
2.189353090131076485e-01
2.476519348949125232e-01
5.670810134877371511e-03
1.404949806583909444e-01
2.312203064405478348e-01
1.818438602826868422e-01
1.444262956524708374e-01
3.228534298587339424e-01
1.813952694697097690e-01
1.533897382495063855e-01
1.280201627339686565e-01
1.733683687898766312e-01
2.461569327297583321e-01
2.105074051077363284e-01
2.944332294642046377e-01
2.252834522334774825e-01
5.742128579952038639e-03
5.885862290452451712e-02
1.068091635289877273e-01
2.724565603047097162e-01
1.979033535527781607e-01
1.384704452666382368e-01
1.248215821240565571e-01
2.880755353357644655e-01
1.285078010259940728e-01
1.759993670049194714e-01
1.717788243229524670e-01
1.096389287944444513e-01
3.255990061608020070e-01
2.940021496329605633e-01
2.273539603531361530e-01
2.308059057782662904e-01
2.300044632288344992e-01
9.484135331802756586e-02
2.208256088647557736e-01
2.504899405602935558e-01
1.855115913837996344e-01
3.482525461842518877e-01
2.464226903050321105e-01
1.417340788455436207e-01
1.330023638435938182e-01
5.541936966700675843e-02
2.222829949776653213e-01
1.482950071652204271e-01
1.667520655562949039e-01
2.991569925061026702e-01
1.050954862295042924e-01
1.697809956147600940e-01
1.024088211395560166e-02
1.268742263091940659e-01
2.234397727309767878e-01
2.511806874325635541e-01
2.489941926890038293e-01
2.724111024359626709e-01
1.024408491682690797e-01
2.688325038039676151e-01
3.062686368127037206e-01
5.721899773598862482e-02
3.198872010433760904e-01
8.615235565834344911e-02
1.081837134264891503e-01
2.916704322648090431e-01
1.818893149052487057e-01
2.080051921250283820e-01
3.218499978189212074e-01
1.566121077915886284e-01
1.967736302316466512e-01
2.585167066677065972e-01
1.053355061389757430e-01
2.322094503765684825e-01
2.460456334384447663e-01
1.551645209271450276e-01
1.675289793960400286e-01
2.135549604877872987e-01
2.219714503057504118e-01
1.974612424199119476e-01
2.094038305671004907e-01
1.686979396635486794e-01
2.044524440573841639e-01
2.358460365063437814e-01
2.431623387572410255e-01
3.323889216104284339e-01
3.489724477486363385e-01
2.685592077903478647e-01
1.428777805117615977e-02
3.425929347329421115e-01
5.266929721326435269e-03
2.930483751576327123e-01
3.292585130797265891e-01
2.507101350691589431e-02
1.910049487486432940e-01
2.662127258764100390e-01
2.218316876747210287e-01
2.495677504430486582e-01
1.617897575045381675e-01
1.078006175783124097e-02
1.189953992704583796e-01
2.707237693852717619e-01
1.850733754110963081e-01
1.764414785512345152e-01
1.764403032370646385e-01
2.330045798512256072e-01
2.020876453082473267e-01
1.326573238720146486e-01
1.755605978476586226e-01
2.499792770550853804e-01
2.234201564288220143e-01
1.660189079419797653e-01
6.448768038769699812e-03
1.653383174836010883e-01
2.872886957739909097e-01
3.427304328631191610e-01
2.341254780326948448e-02
2.507956026889766599e-01
1.817285849366331585e-01
1.875192982789812834e-01
1.169942140170852074e-01
1.181526192269773817e-01
1.918473392636756980e-01
1.757978979236089756e-01
3.025343754669865826e-01
1.592415115364339412e-02
2.023479403411591604e-01
3.502634550213634124e-01
1.632209565104868199e-01
1.858882918589334354e-01
1.454895601942771399e-01
1.214605141668052835e-01
1.495270554267748297e-01
2.489242283439205283e-01
2.251658678733744201e-01
1.756265682794278804e-01
3.522325809968552823e-01
2.675986265944317877e-01
2.132172720055623416e-01
1.930020135099458634e-01
8.006169792083224794e-04
1.693192302382596492e-01
1.774723338237274295e-01
1.511920430746124810e-01
2.441473584196318936e-01
2.163551932911996212e-01
2.235169737471831286e-01
1.621501655343123294e-01
2.396434474905003165e-01
1.637100355389513873e-01
1.878489956927301696e-01
2.263825330768654276e-01
3.028129245452529025e-03
2.497691838128452690e-01
2.783385632125645048e-01
2.650625720242921202e-01
1.682719890951431818e-01
3.410414475225630460e-01
2.069219986117593335e-01
2.864303913256714944e-03
4.244773514304811535e-02
1.218124723494446449e-01
2.762630800126199548e-01
1.299781503345704969e-01
3.103148137858715017e-01
2.016706278716332845e-01
1.707543585865710367e-01
2.156660699103438161e-01
3.272823945252124611e-01
2.632471203950024208e-01
1.765904556549391102e-01
2.574943359178507585e-01
1.616218544933482604e-01
2.899143847902007631e-01
2.622034280276851481e-01
2.081873472570985040e-01
1.604327207202437544e-01
2.359019327275974354e-01
8.852619092201234607e-02
2.523039565018015962e-01
2.249176137994119140e-01
1.290435577793576649e-01
2.493606816064522780e-01
2.663535005415382240e-01
1.598766829671991185e-01
1.746395880064756934e-01
1.575710183651467533e-01
3.168307048399968684e-01
2.954466885958932365e-01
3.123648040551662008e-01
2.423135559588369681e-01
3.166985432727487670e-01
1.700164965149055241e-01
1.391539546176369935e-01
1.099588485860028726e-02
2.616720122129179704e-01
1.231920017889916869e-02
1.664138868608921462e-01
2.475829352743952327e-01
1.961195917370340824e-01
2.364931921366354162e-01
2.488704807358381732e-01
1.538773268062859911e-01
3.825310393712868032e-03
2.036585097079167128e-01
1.457777042733544859e-01
3.120261092478801568e-01
1.219123357659005896e-01
1.659955518877815617e-01
2.607036455023586941e-01
2.367964394089351610e-01
2.581924859803079730e-01
3.378813280920612283e-01
1.903611432137314874e-01
1.580829201164928033e-01
1.258279098526071116e-01
2.051159163285150855e-01
2.313777628768966810e-01
1.340522661069836752e-01
2.188512951580428700e-03
5.541082973302933340e-02
2.859151898757014143e-01
1.631185597559449696e-01
1.956806400962575465e-01
1.650097931647807603e-01
2.387348914387668608e-01
2.475665343024399667e-01
1.678949061126636666e-01
1.922868979272046586e-01
1.899570981422302740e-01
3.344293339565816980e-01
3.094202147939556502e-01
2.485114057007883070e-01
1.812445960686354107e-01
3.759235724350986491e-02
1.734451521579992161e-01
1.905886556077068528e-01
2.610705978648972803e-01
9.904816142922870034e-03
3.128512147851428837e-01
1.138086287768221971e-03
2.503626457694337337e-01
1.675606771066279754e-01
3.346428954701985425e-01
7.331461770638460218e-02
1.246121920191310684e-01
1.206186125554049166e-01
1.288196673383831536e-01
3.318192477194251144e-01
2.013438532345331322e-01
2.264397302884045282e-01
2.712023164837698563e-01
2.047218155186956989e-01
1.548339336461854732e-01
3.410957152039009177e-01
2.230659453397799974e-01
4.074544497495142560e-03
3.174759793867036883e-01
2.172282281979572571e-01
3.091060023121284805e-01
1.464461152904545814e-03
1.128513654747149986e-02
1.351060938298993541e-01
2.314257195043486759e-01
1.191259258213007710e-01
2.675070070973535330e-01
3.452383781720269051e-01
2.083692253725818455e-01
2.982626070126566109e-01
1.773049699657990030e-01
1.416490873918868354e-01
6.073339934275197999e-02
2.826740461343495991e-01
2.156873441095771560e-01
8.197261136153639882e-02
1.914393049027419413e-01
1.316329431201944400e-01
2.120014736203068850e-01
1.777452619258856337e-01
2.845622401013357394e-01
2.415339864248657875e-01
9.405964109609036422e-03
2.999894801162604763e-01
3.351145794318775017e-01
3.409836834811121320e-01
1.540453539131958482e-01
1.391910232403877901e-01
1.478131722770232026e-01
2.035527141418556341e-01
1.716528066593444035e-01
1.850821832520276877e-01
2.847871420833384959e-01
1.171924111860612044e-01
1.793732157915579051e-01
2.334814917038162407e-01
2.132790383153045921e-01
2.179497537693758924e-01
2.436459622153709370e-01
1.933950002382079369e-01
1.413676673522792915e-01
9.713000327470132367e-02
1.920513610353455636e-01
1.501439781162088594e-01
3.351161344492996630e-01
2.928357508900893413e-01
1.691057187340804235e-01
3.092428852781384241e-01
1.709601756223012026e-01
1.971819408411217556e-01
2.493671306011245870e-01
2.818369146854450835e-01
1.786902593045909815e-01
2.186845824100247804e-01
2.474363871002950854e-01
1.274034731617073868e-01
2.720284238962508705e-01
2.917939021496922525e-01
1.984812433212372884e-01
1.835607198516777117e-01
1.281295551352562290e-01
3.136000140518011570e-01
1.711381186424496548e-01
2.675864913690048086e-01
2.441875522934338349e-01
2.495827624329782501e-01
1.729342654770545662e-01
1.915768729880522880e-01
2.449064135300903222e-01
1.951270568109240641e-02
1.929264876858272360e-01
2.207996970970441675e-01
2.262389904272681662e-01
1.388197733713202875e-01
1.802624706355687723e-01
2.713773955243606317e-01
2.038857516283068202e-02
1.154164413202746209e-01
1.965649411622323872e-01
2.666835405130776881e-01
1.947353025857282705e-01
1.891772796317780225e-01
2.242665656183126521e-01
1.392665409012340538e-01
2.292639149565075252e-01
2.269272377345385172e-01
1.033155367788853030e-01
2.634509545093359217e-01
2.367787227505343817e-01
1.016936053398884293e-01
7.775065448005760715e-02
1.072567227923940658e-01
3.055143844665240693e-01
2.667142881406167065e-01
9.970575805751542495e-03
2.457864114224290186e-01
1.584784257264149759e-02
2.278124479472841413e-02
1.430544038200014245e-01
2.021502503031296083e-01
2.154714535718327273e-01
2.995809879016185229e-01
2.726982242700705106e-01
1.455665840245328468e-01
2.629737150076437158e-01
2.131972596897314109e-01
2.549178884158107561e-01
2.079926110102493231e-01
2.720152225838034510e-01
1.934702141637751061e-01
1.603186289672630105e-01
2.047784472524643018e-01
1.738025691069251810e-01
2.840083815706767600e-01
1.568355030730948785e-01
1.716291967935607010e-01
2.217829724720675466e-01
2.837997127426921673e-01
2.526787226972362910e-01
1.536161828400164908e-01
2.641546793296737361e-01
2.754708424837619130e-01
1.274600262337999834e-01
1.860029385407298563e-01
3.046655374072610445e-01
1.421172696277545611e-01
2.930646240057908636e-01
1.940322223436018179e-01
1.976710753224565076e-01
1.430436242660091950e-01
3.133203633699463975e-01
2.167674215906748025e-01
2.070119289899501058e-01
1.586186380567483345e-01
1.188155634980606473e-01
1.185122756315650228e-01
3.086871580850188423e-01
2.321533793417193403e-01
1.970199898739764810e-01
3.000418291118440717e-01
3.164101099586584809e-01
2.043249936682992041e-01
3.047793755970596430e-01
1.539071622415139340e-01
2.217983814648403218e-01
3.047647125057356132e-01
1.880640853641723231e-01
3.519776461453763550e-01
1.362339286867999544e-01
2.675805299026791650e-01
1.745190743409604506e-01
1.962405549513598357e-01
2.820393291715904693e-01
2.267936666178857197e-01
3.458592692621800802e-01
2.920851786071992917e-01
2.791250030727000508e-01
2.159049222174656557e-01
1.748375372587613330e-01
1.821182918427905750e-01
1.733356850239561042e-01
2.120562130764725578e-02
2.436986902591004311e-01
1.632465459669733276e-01
2.625917217235789955e-02
2.835455404951452985e-01
1.635943657526459649e-01
2.757434802283660891e-01
2.887225730847345351e-01
2.902934589239681284e-01
3.368172694084822782e-01
1.458050357801847496e-01
3.417051645753776956e-01
1.954114988841032519e-01
8.182034885753990475e-03
3.052252241983087755e-01
3.154269050420918097e-01
1.655333619605080797e-01
1.554924940285717094e-01
1.792059807861506315e-01
1.337081177994199899e-01
2.867730310937046667e-01
2.891625214137630850e-01
1.723161620249459847e-01
9.525096487497775044e-02
4.675866286111754824e-03
1.786572340389828706e-01
3.361959853158017486e-01
1.960173538260214510e-01
1.548533981814835536e-01
2.657739712406428922e-01
1.101055386854590812e-01
3.157430967086711782e-01
3.040811550426851251e-01
2.106374430793112873e-01
2.047453689894375151e-01
1.132174056354012283e-03
1.709578686563801020e-01
2.393512557780961766e-02
1.757176065966924716e-01
3.380659424792935575e-01
1.194922050683917686e-01
2.406504313321601307e-01
2.185752663845665356e-01
1.237993427470328450e-01
2.388113467510508681e-01
3.282731691327333001e-01
1.306049501845326088e-01
2.124923791994997313e-01
2.032921576012506337e-01
1.965319985967690086e-01
1.438517489176689979e-01
3.832407832915765895e-04
1.363800301975710283e-01
2.670244160867258909e-01
1.599313820127052366e-01
2.998418622566604852e-01
1.558206616350784057e-01
1.526680811950164307e-01
2.534365555685356708e-01
1.600034957069035313e-01
2.093780895851590496e-01
1.745149978709093497e-01
1.756837827886913173e-01
2.424446670591799968e-01
1.839529385373949583e-02
1.281836731699752818e-01
1.970883673121865964e-01
2.768710742130839897e-01
2.232636897551235067e-01
1.475070076065307378e-01
3.502766674939895575e-01
2.768772531810588244e-01
2.193668345962409283e-01
2.494007013910271575e-01
2.744578011695062436e-01
1.699012972454473358e-01
1.657513356021639572e-01
8.474933940989833048e-02
2.373348573847402776e-01
2.178276873983581718e-01
7.520212817007588179e-04
2.521097829867622875e-01
1.881650924196252572e-01
3.531271328542719967e-01
1.217609798585179010e-01
1.431622023834832891e-01
1.450708230526188969e-01
1.887250427485216014e-02
5.337368665770449855e-02
1.329875038367971385e-01
9.159735327127954685e-02
2.393723034441703201e-01
2.974960423254992548e-01
2.587468487542910478e-01
1.735830933356716788e-01
6.343510469321500533e-02
3.324705511263209012e-01
1.383533326880598546e-01
1.418908776726912901e-01
2.388116852527398248e-01
1.603020243944560386e-01
2.295102205955484032e-01
1.684120320385786296e-01
2.470688526307057709e-01
1.938103246491844900e-01
2.079708951565277519e-01
2.126792642133405464e-01
2.077676191978513887e-01
4.679640784524450280e-04
1.842594732151142944e-01
1.695691705351526080e-01
3.145562441167693013e-02
2.844866791946946138e-01
1.695359706376380615e-01
3.353520672302327532e-01
2.571674869796748419e-01
3.529658726869004948e-01
1.403890829474032376e-01
3.214103482321141736e-01
1.538405097544208178e-01
5.416443841128877612e-02
2.694712863428762595e-01
2.205069120264683269e-01
1.732574410762929285e-01
1.102249044651936183e-01
1.168626060585101906e-01
1.859263609698701969e-01
1.579292190455263978e-01
1.960787144004834393e-01
2.481167777229799642e-01
3.500734540369448977e-01
2.229000417171723980e-01
2.518632185314311211e-01
3.487983105377107096e-01
1.662741522573623620e-01
3.319648157650031961e-01
1.747359710348276030e-01
1.462052324532372473e-03
3.108210571968245128e-01
2.302547381005253524e-01
2.290246628001746665e-01
2.285805112406176509e-01
2.605351850666789981e-01
1.295546141019696673e-01
1.829413510374041372e-04
2.727501808690432350e-01
2.543498979685186456e-01
2.985222686977300754e-01
2.717102027872267955e-01
3.418150715361610859e-01
1.728960480701086100e-01
1.686066262737880295e-01
2.226514964148628914e-02
1.480281719440091071e-01
1.491732281178204389e-01
1.475388441240867154e-01
3.198412317042116926e-01
2.309208811798612038e-01
2.842384882915456878e-01
1.481344912649929513e-01
1.439888342529466181e-01
1.133860832388420975e-01
2.316170075135684792e-01
1.946075478978488149e-01
1.284608871576866096e-01
1.534993755028123130e-01
2.440935074485170719e-01
1.287733769409791784e-01
2.355591777648043394e-01
3.030472173014739923e-01
2.256267237058041664e-01
3.378242523662323693e-01
1.302810919800724831e-01
2.852898267139086230e-01
2.162691542081198737e-01
2.073817260119152905e-01
3.393661412824641177e-01
1.779195906109208303e-01
1.174000556307033261e-01
2.510328834548128385e-01
1.798913884723621071e-01
1.388948032432427149e-01
1.660254056720654181e-01
3.317211872885060253e-01
1.675635947711794915e-01
1.390201463984155339e-01
1.441838766173417219e-01
2.608344947792505808e-01
1.930657443947820899e-03
2.945103254061045561e-01
2.713014409722636078e-01
2.874174487764792896e-01
1.596837498811491283e-03
1.647137256327741439e-01
1.047241327849277176e-01
5.113172271378555594e-02
1.316361682551849266e-01
2.923693908188986224e-01
2.759815344252393721e-01
1.039719705536968908e-01
1.006273481924787605e-01
1.804247623373340589e-02
1.950792852507506336e-01
2.033890095569133305e-01
3.053672218352267431e-01
2.567869617118638814e-01
2.807593131806257469e-01
1.375761541481840267e-01
3.317492734048414493e-01
2.343331114573992680e-01
1.855216365613540364e-01
2.940039186407450988e-01
1.685461312195142281e-01
3.015341233925452058e-01
7.981498823608010329e-02
1.701475566945359341e-01
1.692355030638120761e-01
3.003170473843655430e-01
1.715661878244476302e-01
3.418278224463435766e-01
1.468953017093652669e-01
2.586594734454710776e-01
3.096187734793437452e-01
1.748316748242516594e-01
2.235433344007495826e-01
1.655406023779402436e-01
1.913385780481505483e-01
3.662203406832514191e-02
1.696558670096519339e-01
