2.315124917672111982e-01
1.955356597122862861e-01
1.819639038449342716e-01
1.026595424514503141e-01
3.140504796881036231e-01
3.162044805403294578e-01
2.705933928183913428e-01
2.216975135985175260e-01
1.334548346953578213e-01
1.439213803505270672e-01
8.326751878091484538e-02
2.753725518227722602e-01
7.242068975499495187e-02
3.145144952441827207e-02
2.710968328434899544e-01
2.141091943541578169e-01
4.515888835480572072e-02
1.780763368738259508e-02
1.990803519920783526e-01
2.262781044689353427e-02
4.475201501764199119e-02
8.284978501934425754e-02
3.028300524253452197e-01
1.898189846911023382e-01
6.302730356467654838e-02
2.648986875655455209e-01
9.706358877242739214e-02
4.569421518510420610e-02
1.884726874582959288e-01
1.881165022182793023e-01
5.481595305450476241e-02
6.373702032481518009e-02
3.091185541825601790e-01
3.162553317612864512e-01
1.160567379781093783e-01
2.971269949636192176e-01
5.927065717257356398e-02
1.036798699726302758e-01
1.655120008186076741e-01
2.448654062508232310e-01
1.847861341912941935e-01
5.350309176446605558e-02
4.762504260061909550e-02
7.375129622346279779e-02
3.163324592000030799e-01
2.021940542263426788e-01
2.745649833571064402e-01
9.260611968624209156e-02
4.036944101970595805e-02
6.538373399229661931e-02
6.875171708838663520e-02
2.993597686814838399e-01
7.112728150404011573e-02
1.173898980824558819e-01
3.181394617399437852e-01
6.369892993593111175e-02
9.480662209169422872e-02
2.030022436189265200e-01
4.032704854161219682e-02
1.479386913204747966e-01
1.037034351849126235e-01
1.974298192489771786e-01
1.712744674746262061e-02
3.226227648970206863e-01
3.297803078211555272e-01
8.221543438889648836e-02
2.149625621893530569e-01
1.057574935410818956e-01
1.806439837216282651e-01
2.120574817792347244e-01
5.919567823454010419e-02
2.344020225376925934e-02
2.858002903022745511e-01
1.890236874077618201e-01
1.108430294119177456e-01
2.750905211523880789e-01
3.193806541107294117e-01
8.092116802923197960e-02
1.913280198856864289e-01
6.369179742241276587e-02
2.906786319589617085e-01
1.581199421103856306e-01
1.736002073365295606e-01
8.212776097878503323e-02
1.294742064717967767e-01
2.208532377479114905e-01
2.624336522753665246e-01
3.022090364892204839e-01
3.523846800335331958e-02
2.121343797431844147e-01
2.507417630660415120e-01
1.339118039381110015e-01
3.115127697000099616e-01
1.756115204266290863e-01
8.109660404532423317e-02
1.859646409398338918e-01
2.182121678200480974e-01
9.448845788606577423e-02
6.046360828952221378e-02
2.590111307313332500e-01
2.758963084034644631e-01
7.907404615198508624e-02
3.017695409633839310e-01
1.703260366786821800e-01
1.536913866954605079e-01
1.502298723874163355e-01
2.773784451487049663e-01
2.333640000220163838e-02
5.210690835254887937e-02
1.189097775169050408e-01
6.829595996399168145e-02
2.139012140286700170e-02
2.821178096450938089e-01
7.365005846148117707e-02
3.278952446837271606e-01
1.543035768974224398e-01
2.358216508931577082e-01
2.135750456780387829e-01
7.030296302377603279e-02
3.236481351341274904e-02
3.280880330358613151e-01
2.523487308288486358e-02
7.041124966673799335e-02
2.091048761232505993e-01
2.127990320260303714e-01
3.296408903087104658e-01
2.972839580719118802e-01
6.596206495795692293e-02
1.715780571357926887e-01
1.252230367788627063e-01
4.590096111426746062e-02
3.232435365751424317e-01
2.887727966980264682e-01
3.241917004218325404e-01
9.561578325605367412e-02
2.102366085642426441e-01
1.203268244070629933e-01
2.038418653394006783e-02
5.657896103239149627e-02
4.797847409953235470e-02
2.336573121993795465e-01
8.842013958425848363e-02
2.025095996192467218e-01
3.168913409284247751e-02
1.006026827112784655e-01
6.549686687279303310e-02
3.263949223257930354e-01
1.083833237964889479e-01
1.830264888166251158e-02
1.820407348368353606e-01
3.214752138824943928e-01
1.738754973019876748e-01
5.999063820397160240e-02
8.798826495409629855e-02
9.449709492842496561e-02
2.177423479704118370e-01
1.975069428947572037e-02
5.039723093002925619e-02
2.558074225523395903e-02
2.516577970018053501e-01
1.614458993222885608e-01
5.287469704759743122e-02
1.173566670774194715e-01
1.085289957241724612e-01
4.136885750762078068e-02
1.093885647038990577e-01
5.733189514522678970e-02
9.646154905434259352e-02
3.199149000496374629e-01
3.185004194132577959e-01
9.392486271123141883e-02
5.020085854192070374e-02
1.710372432234384676e-01
1.621939797514064807e-01
2.997069662994994999e-01
1.878045505829883111e-01
5.863742585421764103e-02
2.376025638263019601e-01
3.271339872029999096e-01
1.938114074248728225e-01
3.240994127797017926e-02
3.032396749840698402e-01
1.458368701158274383e-01
2.111819134002871495e-02
1.700711984319201175e-01
2.295313358758787614e-01
1.103190501551516156e-01
7.715205823593010437e-02
2.029977310793067147e-01
2.160215905682999760e-01
1.903914198286890958e-01
2.773453905677399911e-01
3.930578782475394745e-02
2.850479825263642006e-02
5.532236373836235677e-02
2.885245383719741152e-01
3.907348430631091274e-02
5.374969437839096503e-02
1.364291721613500874e-01
1.740923486450021429e-01
2.926629176707249216e-02
1.185273191790400665e-01
2.770141716312931046e-01
2.665089043986494932e-01
2.681444176579100835e-02
3.586401466313027253e-02
1.670907492810836392e-01
2.452430729073181992e-01
1.020900231369919475e-01
2.120277891641626222e-01
2.773727857199386748e-01
5.950964624041937129e-02
4.576091270312707820e-02
2.499033570875637267e-01
1.700161767635473553e-01
2.006183297322186032e-01
1.924812212628493890e-01
5.113572822191683742e-02
1.259951960292860773e-01
1.051627890645923519e-01
2.136385868281665684e-02
1.430509098471528240e-01
5.562946666312348215e-02
3.291665320667654937e-01
1.168129506653884653e-01
6.371704059412826304e-02
2.349844530562095468e-01
2.924428163012567916e-01
3.221868303125685062e-01
4.134911547556138767e-02
2.544866763937655638e-02
6.002498570195664851e-02
1.614729318111320366e-01
2.286640929140424383e-01
3.243511275710090347e-01
2.436749965892436587e-01
2.473351807709434635e-01
6.132501283186480440e-02
1.316136549735500705e-01
2.378896440046124605e-01
1.226556150472249002e-01
8.670414520736954844e-02
2.649879658816109429e-01
1.137255241044941578e-01
1.149267723350206050e-01
1.200117662712357897e-01
6.944981286359096229e-02
2.330138991475722288e-01
2.464463277439604139e-01
5.933490350466978647e-02
2.905540571838871600e-01
8.113510769496758146e-02
1.783435504787826142e-01
3.209265405359616463e-01
2.173943123898998131e-01
2.288796674693492350e-01
1.056498917919439576e-02
2.428095762660204826e-01
5.622656785836448179e-02
7.696268875733208725e-02
2.303685610429410113e-01
1.608938634301471104e-01
6.955194649282486763e-02
1.337176230472611749e-01
3.609226866216115603e-02
2.180957325112383577e-02
1.830170789583852042e-01
1.482288105083627572e-01
3.260138373762926367e-01
2.708711236655049204e-01
1.798813158600715278e-01
1.436906198111423394e-01
5.828661334584117615e-02
2.427684025580844895e-01
2.699104908208076192e-02
1.815102366047824378e-01
2.908131450443307564e-01
2.170669650193704781e-01
2.141004933097668261e-01
1.002564454045668102e-01
2.877248581430350005e-01
5.234331292742416125e-02
1.305132994941283486e-01
2.155022711849696737e-02
1.392500573796025265e-01
2.449748891597088030e-01
1.697305531410706891e-01
2.252819549270959967e-02
1.737862306080548702e-01
5.953954299985016185e-02
3.259141444413805599e-01
1.047050213262322726e-01
3.094349396808379615e-01
3.140432278351700246e-01
1.668558000864422686e-01
1.512509554073232509e-01
6.943339961047557962e-02
2.303981821989357082e-01
9.640349248695288809e-02
2.696959449695820465e-01
2.841804700663165817e-01
1.078958864883227953e-01
4.984822970799402536e-02
1.690464235741321597e-01
1.026318608279871286e-01
9.255193721313419164e-02
2.794497436707921167e-01
2.649259654298380950e-01
1.303337993432238454e-02
3.108857117445607554e-01
2.954431114074699827e-01
6.922332231918808254e-02
3.144221667793849206e-02
1.105583627315462336e-01
2.330905610072960821e-01
2.568535675600203128e-01
1.741078507773781148e-01
2.084466521646268222e-01
3.152762131646790200e-01
2.176517462268261760e-01
1.969434187688810511e-01
7.548286845893499575e-02
3.273827088516163553e-01
3.206539676084794177e-01
1.303461431936607240e-01
1.469404927261872273e-01
3.994808439389261473e-02
3.081989418610237563e-01
5.058585737736038396e-02
3.269064702005251566e-01
1.882200579052902834e-01
6.944328268749737354e-02
4.408713489328580648e-02
6.106353951215996029e-02
1.687291913755993578e-01
9.204443898481415309e-02
3.444811630783679163e-02
8.304554567310937219e-02
1.847565389950232839e-01
1.209543227399842713e-01
5.664538111925600944e-02
3.337699263319095916e-02
1.762718633686855552e-01
1.103854630033073853e-01
1.422859296469730084e-01
8.976753309272827996e-02
2.783456401526453461e-01
4.980711983287171296e-02
2.845969187421351632e-01
5.921611494269193171e-02
7.666201968024792535e-02
4.760909975419044121e-02
3.182078660466196030e-01
2.258375588247875376e-01
2.398724109876691768e-01
7.426514743528324358e-02
2.568587572522950668e-01
1.484374861335783502e-01
2.001335595929859268e-01
1.879650471634565501e-01
2.412227057333814206e-01
1.686134918675179506e-01
7.224593363662981660e-02
1.510321484039220674e-01
1.028107572010548282e-01
7.377492950038803954e-02
3.849115226769220938e-02
6.949355598307831172e-02
2.710337192108735471e-01
3.098841481473402770e-01
4.005976468870250246e-02
2.797612283478450590e-01
8.198040285070669342e-02
2.024514065099891902e-01
2.057547435360279897e-01
1.184346929047741109e-01
3.219355366235315263e-01
2.172197171079744971e-01
2.917368861046256701e-01
4.772659901377564184e-02
2.930789460742054819e-01
1.983360065220079738e-01
3.266218290482188480e-01
3.113634513400561632e-01
8.053658946626605919e-02
2.852204619794023732e-01
3.269552635603188012e-02
2.874940905641500399e-01
2.900922528959633540e-01
2.657984124468552589e-01
1.222174092360283626e-01
1.391798940780103466e-01
2.473849592532108288e-02
1.845188396922547991e-01
3.052819538417745893e-01
1.869756281225418981e-01
2.104029087868225234e-01
3.085354627149347051e-01
5.546315564719905833e-02
1.512288771399049499e-02
1.148911405133297148e-01
2.321831260311099376e-01
2.671420627087608968e-01
6.466488497071974650e-02
9.978080848177328654e-02
2.596910578355018928e-01
1.285929825472089671e-01
6.243318117962376457e-02
2.894350781685698926e-01
1.430021999985796044e-01
2.690575347256155547e-01
2.056405736412504071e-01
2.859722551369325294e-01
2.178147719668524773e-01
2.171740287689828408e-01
2.786301694989301928e-02
3.024259923788156224e-01
3.021960758626230370e-01
1.550196885812053227e-01
3.428929963863298208e-02
3.211678811568643988e-01
2.851243335896977427e-01
3.063897223705918521e-02
2.341291010356533475e-01
2.949700585524284158e-01
2.826410347554658142e-01
1.735894996991420997e-02
2.154861000012297800e-01
2.098174347009979512e-01
6.237775838180474597e-02
3.066880241297554113e-02
7.604921279053063199e-02
1.432337951857258207e-01
2.148512717318023790e-01
7.555746038823754618e-02
3.105149294862768472e-01
9.082160500934373382e-02
3.189556522896693641e-02
3.865251435105117317e-02
3.017592797961131668e-01
2.652144760422666669e-01
4.434754933919849568e-02
4.422023619790980270e-02
1.294473924588205593e-01
1.519428316671206647e-01
2.473289759351178230e-01
1.987953722131486842e-02
2.243453717016477278e-01
1.976396484010648769e-01
3.407168790971298877e-02
2.215143335254369031e-02
3.286233840654462224e-01
1.477299724336408882e-01
7.540414736539932661e-02
2.139815287370351038e-01
2.690922695445684965e-01
2.065044898084015812e-01
6.147010840139619653e-02
6.123193474740119130e-02
2.605244359499533369e-01
6.526031234644293078e-02
2.069458304772336110e-01
1.013517990480835851e-01
3.901530067490081161e-02
1.989787672349638825e-01
1.796847586586130738e-02
2.052795032767552874e-01
2.151637184572820494e-01
3.291087947746832443e-01
9.129114229228207922e-02
2.512793926514745868e-01
2.915454352222969225e-01
2.926077451248216832e-01
6.113766575567878420e-02
1.595554820091327208e-01
1.366086088435112533e-01
3.754779973787299857e-02
5.755982682018982027e-02
1.483115141710750762e-01
3.078923237327729212e-01
2.264115113390109402e-01
2.862114496426995669e-01
6.940178055351869935e-02
3.731877184131885544e-02
3.182358059717999704e-02
3.851869836494824229e-02
3.296687874382447370e-01
2.536609249196644655e-01
3.259416878686381969e-01
1.797855493440848884e-01
2.542792391982524533e-02
4.423459044308998556e-02
5.735246281699540177e-02
3.062430314164881762e-01
3.836213165526500268e-02
1.003186677875531202e-01
5.661875570733244933e-02
1.228769973215237676e-01
7.083691846831469130e-02
8.895324789810497845e-02
3.111495315270111361e-01
2.541954303912681290e-01
2.287160638665638734e-01
2.459042099448499608e-01
2.831391757865498460e-01
1.316364698824901147e-01
1.433100352837271552e-02
3.275512599930817115e-01
3.167456656877756238e-01
1.269448514905724967e-01
3.698595269936088420e-02
3.205681281249467274e-01
2.455208696170357585e-01
8.564741939870718079e-02
1.427649523503782270e-01
5.423343027561276092e-02
1.370228699864345367e-01
5.966257786572563143e-02
1.080838788063584743e-01
5.693884423567661252e-02
2.225031395418315128e-01
5.432327192869719490e-02
1.918356593331413742e-02
1.986943054688025956e-01
2.343481619968489638e-01
3.488695288584144072e-02
1.465682356819187626e-01
8.366704765571623958e-02
6.602029280191884508e-02
2.194479766491279904e-01
1.426710638182141222e-01
2.267671092289088031e-01
1.074148696706571926e-01
1.283065828175145584e-01
5.133143175164202321e-02
2.029610691746142892e-01
3.226796296409100706e-01
2.498301229011979652e-01
2.754521445572222227e-01
1.770221454050415200e-01
6.329966880091963954e-02
4.418392259349095130e-02
2.993248961694235932e-01
5.823246338064687333e-02
3.112710330772009426e-01
1.497883112503354819e-01
2.968246578912565187e-02
2.465968846662949798e-01
8.377740925658615223e-02
8.506529752845719272e-02
3.888731079690803394e-02
7.183956229090285306e-02
3.066270608219543448e-01
1.780680316778302796e-01
6.873091250056323487e-02
6.168173137022747721e-02
2.524388567461105515e-01
4.831896331505450976e-02
3.059467128180140549e-01
2.319555825500133339e-01
5.327322414922090049e-02
3.591813157955699859e-02
5.413069254484053489e-02
2.646636363313910612e-01
3.079019995322463954e-01
2.042837101858676063e-01
4.176587273602055950e-02
1.509598628298360057e-01
8.116788049073543621e-02
6.531233109738235343e-02
6.422549975154880075e-02
1.283498317489783769e-01
3.661928337586708992e-02
3.048553591697345522e-01
1.623420169048312989e-01
2.413889340727860267e-01
9.654232859022057744e-02
5.819559613346454718e-02
3.166387066900602093e-02
8.321008282465440498e-02
2.332391749775523659e-01
6.687511536712889559e-02
7.361412612005384382e-02
3.164038711347915145e-01
3.160222670248841181e-01
3.586410790979490532e-02
6.291615306978308453e-02
2.218476226478592883e-01
3.023870838948967132e-01
2.101423549315747097e-01
6.179224081455914064e-02
1.780470667243589378e-01
5.730084554858205087e-02
1.839145038055992748e-02
3.036931267485954988e-01
1.239098260611879304e-01
2.559332515553086052e-01
7.051850253211074115e-02
2.611215251494958811e-01
1.739136897503823775e-01
3.275488550425321721e-01
2.538366276237148389e-01
2.219985392966947538e-02
5.894117509854664844e-02
2.804844080602389988e-01
2.239780670675833585e-01
7.087912073533174373e-02
9.428804806155365037e-02
8.792609577688996481e-02
3.085719587301810063e-01
2.770550718461933792e-01
3.150486799450078479e-01
2.775822360137242262e-01
2.534331348097746961e-01
2.789507124272891381e-01
2.336193877704300925e-01
3.220657928278840565e-01
3.261812167149569786e-01
2.138616851228643811e-01
2.945121476703768670e-01
2.996785242828099993e-01
1.548993939917665819e-01
4.352296528566678563e-02
4.940675108084652267e-02
2.453261309971243309e-01
2.706124161202176290e-02
1.189098686875048605e-01
1.116329056937888781e-01
3.191563417050242712e-01
1.992228804221796712e-01
1.961273772107196417e-02
3.110827491688001878e-01
1.564805290297636708e-01
2.591305772173764232e-01
3.268729581492491043e-01
2.025877096489741777e-02
6.018506518454783821e-02
2.359743253575589395e-01
3.077885827160570797e-01
9.701858268155950926e-02
3.273215594910531268e-01
9.723502393275425260e-02
1.698722721337896646e-01
2.442325835216608773e-02
2.889353107214790231e-02
1.977509139631602186e-01
1.697170214071226646e-01
1.293122505562096236e-01
2.946312506581355017e-01
1.040925890422921135e-01
5.098410445069809227e-02
5.585829952782140478e-02
2.073979494310832783e-01
2.217236417027822204e-01
2.218472442669799094e-01
8.274453342468929273e-02
5.678791728391638371e-02
1.398320956875236387e-01
1.434418253595722698e-02
1.812141238373277674e-01
3.275115016134106383e-01
2.853480311393770119e-01
2.971835310473319725e-01
1.640720018314827389e-01
2.435836549368168291e-01
1.780077919694397215e-01
2.138907527303333111e-01
1.898666498013609483e-01
5.137560057583853701e-02
1.921528373705484044e-02
1.424937253328321662e-01
7.847402567338827850e-02
5.909343840535677406e-02
2.673982825009622033e-01
1.622710350414957869e-01
1.793113809535107628e-01
3.136322959492469087e-01
1.980042196204352678e-01
2.924287614822481188e-02
5.819846980320248636e-02
2.140613914342511803e-01
1.108320548275511380e-01
7.128735694734017470e-02
2.612046147495957968e-02
1.767005929838500744e-01
1.732831468309732961e-02
1.060703498728384070e-01
4.274904646822778181e-02
1.595321884459336703e-01
2.470027978267201885e-01
2.025153835556069426e-01
2.928354666576292731e-01
2.351924488956536330e-01
3.213259210312869874e-01
5.549470106612411358e-02
3.207760637646980828e-01
1.684115214551560324e-01
2.603910006197318050e-01
2.152468873046957110e-01
5.927562909557224091e-02
2.153140155172407200e-01
2.794891315470842685e-01
7.106683323921683670e-02
9.507866053986219201e-02
9.636111261766715230e-02
2.003435979179402082e-01
3.729146147724990423e-02
3.082830663933142090e-01
6.271269732221482207e-02
4.297536294256142086e-02
5.732798082473957585e-02
3.226499375383760637e-01
1.816180054429828161e-01
1.979245854414646011e-01
2.034031181938716071e-01
7.412880269443214432e-02
1.619066732475603621e-01
2.157216553826861727e-01
6.611317257525645141e-02
3.690562547102296809e-02
6.427419907404346988e-02
1.481492675446445806e-01
3.072785092363135573e-01
2.643695033564733565e-01
1.042063576503951122e-01
2.774316714749276436e-01
2.287733268962502745e-02
1.151033259259141572e-01
2.379759221100320732e-01
3.185645378008078454e-01
2.637058797589555414e-01
4.077391490130795326e-02
2.092017664607262739e-01
2.072141901807245390e-01
7.318180527841036676e-02
5.447137133088337385e-02
1.233051570743601555e-01
3.088359271887812507e-02
7.167672283905539288e-02
6.470333589990835688e-02
3.198771083549929728e-02
1.856926180290662254e-01
2.144455744618837256e-01
2.118740654272095458e-01
2.510211856704351319e-01
3.294767138601819023e-01
5.273193716699672851e-02
1.909382852617494963e-01
1.426595360345990493e-01
2.660870560304518517e-01
1.839432759443588028e-01
2.388587926602470934e-01
7.061990257103568924e-02
6.123465934422317458e-02
2.640911766749016176e-01
3.148574987242219736e-01
7.657177516704348486e-02
5.481497518931159607e-02
3.117138561085949222e-01
2.202840993698959304e-01
3.280170352223540919e-01
2.512249481522533801e-01
3.049129012839777442e-01
2.913713625178180333e-01
2.673569337474570040e-01
8.112075917999250763e-02
5.444700681065415410e-02
1.928470796341523463e-01
7.300389910730399612e-02
2.121516137067757379e-01
2.321761042629444660e-01
4.721620022453692361e-02
3.157437423260380238e-01
1.290445349958161958e-01
7.527312358642211654e-02
8.681730566974385499e-02
1.971068362786575490e-01
4.741140758432475094e-02
2.967819429110489238e-01
8.337425518648203249e-02
1.693338401211651190e-01
9.238284421408141101e-02
2.610027098953613539e-02
7.534868628194865692e-02
1.429650658891850334e-01
2.608337067882541827e-01
8.838969050938606797e-02
2.402495115325172792e-01
1.525010223247630914e-01
2.730375411800764485e-01
2.322760994302764948e-01
5.536728675244623199e-02
1.199484007047332823e-01
3.014839075785838984e-01
8.920255724489058180e-02
7.783837642642597865e-02
1.943504937304018909e-01
2.755392821835299655e-01
5.942739105384668014e-02
8.317182800597440473e-02
2.904469198186448997e-01
9.396782921613160144e-02
1.763692760366195877e-01
1.846452261126859673e-01
1.417338113186496495e-01
5.541274762934872422e-02
2.724930234363850956e-01
2.170924980320464159e-02
1.301477878851593217e-01
1.323109348257280327e-01
9.823549976899993708e-02
2.772339367738420601e-01
1.821185583381289552e-01
1.696975452721979361e-01
2.911705996080348746e-01
2.641476228162700224e-01
1.910505724473261502e-01
4.243675557458453235e-02
1.412909014568543009e-01
5.624427243467793741e-02
4.998304106196795743e-02
1.870633832445077471e-01
1.599513143269345461e-01
2.679374032126398131e-01
2.587372312535972108e-01
1.754524869835461798e-01
1.297385598207698720e-01
1.036643453792721603e-01
8.824813344833522255e-02
6.246759927012651703e-02
2.484736607807333797e-01
3.081702735767896106e-01
6.256252386651298125e-02
2.961507345416884984e-01
5.370571653673043844e-02
3.088809204015608434e-01
2.632630171601030855e-01
2.296261165253596359e-01
4.565980646224788303e-02
2.909557275303610857e-01
1.602531328998817173e-02
5.437207951776888010e-02
2.464915352863744913e-01
2.246586454984203229e-01
2.564687171149057643e-01
2.761401287159506376e-02
5.647086158701260933e-02
7.183775831391073230e-02
6.520317740532738382e-02
2.404816603215546855e-01
6.814909942377007923e-02
2.764985254749727228e-01
1.119210318526890346e-01
2.838871848442010570e-01
1.807113335745672705e-02
9.092009667243286519e-02
4.305978999673167745e-02
8.055800446824600003e-02
2.594635881102902997e-01
9.188674500191158778e-02
2.593465758263693299e-01
1.979545236117187523e-01
1.283650060958505812e-01
3.881497494182568203e-02
3.072504698090772757e-01
6.371244049412727595e-02
3.186820130403263396e-01
3.208929341070884123e-01
3.189435180855191287e-01
2.066672562635343824e-01
1.901520139475184057e-01
2.453689452418662542e-01
2.331077683776807963e-01
1.984436465864547194e-01
7.267174077762321438e-02
2.990876188594369101e-01
1.391407674287120089e-01
4.528013438203455643e-02
5.653727169505955857e-02
2.319085798216698469e-01
2.008545741170724708e-01
3.275920912635501558e-01
1.182105206292463906e-01
2.768365986694325542e-01
2.655341968433549971e-01
5.969545018399044500e-02
1.938007634195559603e-01
1.566658657710090496e-01
1.725544220127533945e-01
7.364428322720133202e-02
7.982542148753962730e-02
8.027727443907058114e-02
2.109869739336233119e-01
2.391589857510042216e-01
5.341562786091438864e-02
2.793372851476165208e-01
2.897291422893183976e-01
5.703179290910816851e-02
1.299458884916126211e-01
3.113149288322623609e-01
8.672093320176285647e-02
3.199885845729118494e-01
4.136881509633468651e-02
2.680909569870579268e-01
2.899092826468984141e-01
2.192961974830349436e-01
2.364483070969158329e-01
6.716078320567012150e-02
1.376793695542327667e-01
2.805048301944076394e-01
1.570668307001987785e-01
2.752999141188406385e-01
4.131414511833492870e-02
3.172294943010319779e-01
2.830558386056472031e-01
3.260468586291551119e-01
7.806957610085446531e-02
1.285810675703062400e-01
1.870561230072880776e-01
8.514631254978984043e-02
2.538821301027368582e-01
5.119885107199141638e-02
2.135317846371398154e-01
1.546993389588724455e-01
1.458011088369431107e-01
5.566529780667636013e-02
1.877372911024178248e-01
2.878289837100807547e-01
1.309814820201352092e-01
1.134052807228806692e-01
1.022703210599376633e-01
1.956742809009107964e-01
9.079647715123299878e-02
8.032695287340091417e-02
3.252165004975461626e-02
1.597191970474413358e-01
1.159176609549597559e-01
9.753955784848040989e-02
2.966713336875350868e-02
6.677394560646073007e-02
2.444270611006615357e-01
3.187910098466558151e-01
3.134174617179544264e-01
2.882076555744045310e-01
1.841983403548693998e-01
7.256478564054560931e-02
8.796462964484505487e-02
2.356567934399670106e-01
1.884351301628196251e-01
2.025484646203198347e-01
3.616018562947328346e-02
2.667360768427524120e-01
1.752977193335691075e-01
2.967186593588937854e-02
1.425335955532260335e-01
1.345205369295277877e-02
3.276046448499090880e-01
1.748295623996887760e-01
5.888635325131757331e-02
1.503984207810080964e-01
6.425479898684041680e-02
2.795089927207136671e-01
6.945074265044927364e-02
3.273686370925132372e-01
2.461013808554729232e-01
1.079322603269601832e-01
7.128608542646004687e-02
2.121334397963893226e-01
8.283705124155658905e-02
1.989368995565983234e-01
2.111794624534020226e-01
7.078697591877132489e-02
2.625895026531516185e-01
6.236846997901576012e-02
7.494114336304506796e-02
1.263335478618786423e-01
7.187607411569175986e-02
1.688489154631665490e-01
8.984746331616651205e-02
1.193574313377650242e-01
2.500222066740578550e-02
2.174341405491172496e-01
3.603864241250512995e-02
2.383207918227708000e-01
6.138842197162689557e-02
2.590804859274071226e-01
7.878322924903057023e-02
6.190821966842634250e-02
3.046649871680570110e-01
2.342872070334329204e-01
1.930964513725111908e-01
1.103557991257009679e-01
9.916789468082232162e-02
1.923622495053980697e-01
9.069377587746027536e-02
2.683940554771030093e-02
3.222538176771143070e-01
1.869244737016491700e-02
1.256410055325813679e-01
3.251705773445097147e-01
