1.360303292338824709e-02
1.885216976561108204e-01
2.256015806052403538e-01
2.607800017171444870e-02
2.050242270356788798e-01
2.203462877214939497e-01
2.018324443153840519e-01
1.307076778306368314e-01
1.738250572841630315e-01
7.314120843578959807e-02
3.783538810151299003e-02
1.527905244438414467e-01
1.633978124738967586e-01
7.642128233033665397e-02
1.486624528600025974e-01
1.457554213322610204e-01
1.948515041705181638e-01
1.631509987388092553e-01
6.342912800974027931e-02
1.978309535674301067e-01
1.075833295793314631e-01
1.996063185736839385e-01
2.342482090124725636e-01
2.187819479693567729e-02
2.064954044955472356e-01
2.090550172565054932e-01
2.004151956776356602e-01
1.057087014504611427e-01
5.134575291473503222e-02
2.204654084582348128e-01
1.712670570622427946e-01
2.094866965884196464e-01
2.378424598893898456e-01
2.081438770746994738e-01
2.106242805734890033e-01
2.105761950964094298e-01
1.249805584701223909e-01
2.091354777095063844e-01
1.914430897295890110e-01
2.352694847115042731e-01
2.126977857146636897e-01
6.293022665387580650e-02
1.926192639523870154e-01
2.073460787540767625e-01
1.365956039897910090e-01
9.324177233325266212e-02
2.323410535725369819e-01
2.311461612217295958e-01
1.554337992189497031e-01
4.822401638912428290e-02
1.907527602792419563e-01
1.373654508142600483e-01
7.890714911504399798e-02
2.913212794328793806e-02
1.009874649291954835e-01
2.025678119745188410e-01
2.058870143524683949e-01
2.156255072655505201e-01
1.724952336874331082e-01
7.223208237167895451e-02
1.520634403638112253e-01
1.736058877786456622e-01
2.108147054582238111e-01
1.234226817150784472e-01
8.180809272950416433e-02
2.316096634992602654e-01
1.749301037243265189e-01
1.150507978755655747e-01
4.456010283945152639e-02
2.236873089906607492e-01
6.127819944724806345e-02
2.251979488246727557e-01
2.230708305128884517e-01
1.869790689508462889e-01
2.363680361188950640e-01
2.032326205509903116e-01
2.046905140406389545e-01
2.732012141877446232e-02
1.442242258668530730e-01
1.849421812149063538e-01
1.375542251693704643e-01
7.453531053826481512e-02
1.257679225265384559e-01
2.019630092743943395e-01
2.281973062852104550e-01
1.959365917570435600e-01
8.393139026872321884e-02
1.915971470543240684e-01
1.874087694280117955e-01
2.070302993464458174e-01
1.940899011458162016e-01
2.072967904266448669e-01
5.613964758341748185e-02
1.530985519306621023e-01
2.188722688379556580e-01
3.527620831391332923e-02
1.796703350585149850e-01
1.009329803365577177e-01
1.601189837375363856e-01
1.955767928296309743e-01
1.485084119889804599e-01
9.813498018020805347e-02
2.055769379449325640e-01
7.480647173418224216e-02
2.008851552577291255e-01
1.513841138831172606e-01
8.398060470668688993e-02
1.102655088871300065e-01
2.167988349829799433e-01
2.131203283806094306e-01
2.061575140440476406e-01
2.171509372629615853e-01
2.127292861347521991e-01
3.173306309029113453e-02
1.576255397139130279e-02
2.263801313664427772e-01
1.242624854262553424e-01
3.675830522116358551e-02
1.763615457409987153e-01
2.224783328094780410e-01
2.216189557452769299e-01
1.794104629070783496e-02
1.017775474443431277e-01
1.418410826031985816e-01
2.067773834953680612e-01
8.673838282849144488e-02
3.190574217849028588e-02
2.291234212822535754e-01
1.809600041675785698e-01
1.947075256108099783e-01
6.042772686919460623e-02
3.877794908823652131e-02
2.050146451760238575e-01
1.941967463070960187e-01
5.158390512900772745e-02
1.762673950022403402e-01
1.948246686349824619e-01
1.908480261168125913e-01
1.256883510653358238e-01
5.546610849242330360e-02
1.652693190429312120e-01
1.770636420791199539e-01
1.512903264991036223e-01
1.837359654481320326e-01
1.158550528539859376e-01
2.137905659036489214e-01
1.410861426312447764e-01
1.515588895326906993e-01
2.175498194458888312e-01
2.221580773215479643e-01
1.465106345850484271e-01
9.721831768679302377e-02
1.319012954853725217e-01
1.798302427969456774e-01
1.083682280755698668e-01
2.760428224286099255e-02
2.155128097072822047e-01
2.229134194131162927e-01
1.531446517062130530e-01
2.059050573932228179e-01
1.996575069147496773e-01
2.054912075706266661e-01
5.170842622837776292e-02
2.158123497358650777e-01
8.856832464714628483e-02
9.838579238743046240e-02
2.064140382008906038e-01
2.027104259658218111e-01
2.264608390301102170e-01
2.158869788728343120e-01
1.594116999996926243e-01
2.263336697330204095e-01
2.234439600870551934e-01
1.537245261558029819e-01
2.230355638268817497e-01
2.370968406706686349e-01
1.815924631542242540e-01
2.158544338502977333e-01
1.776334368020297261e-01
1.894068210506661687e-01
1.951135824495895399e-01
7.941932448153271595e-02
2.030253633498640131e-01
2.140888161862341543e-01
1.979256347416337158e-01
2.033180274165041768e-01
8.317877642703054575e-02
2.052674663255952270e-01
1.155043799548400169e-01
2.280315050782987796e-01
1.207583388198674584e-01
1.573858534707569534e-01
1.160598430885140808e-01
6.748495436402050796e-02
1.933667455363488330e-01
2.201171654214843232e-01
1.544517094278732572e-01
1.735992856538615403e-01
4.660385458884060139e-02
1.692976591418195453e-01
1.844403637170034804e-01
1.429817352036289180e-01
1.558322859496716895e-01
1.646740539775765899e-01
2.078571026665843313e-01
3.159340441766019664e-02
1.648362183735129216e-01
2.016449042802050118e-01
1.140988928623379861e-01
2.287305337104554859e-01
1.762906036880200200e-01
1.377181271877362667e-01
2.087749615607827347e-01
1.257406196565485912e-01
9.981516303122418832e-02
1.826779089384676646e-01
1.416786448037712642e-01
3.339954858574534224e-02
1.423469531064201488e-01
1.943438807123821499e-01
5.856457540760040548e-02
1.928713801592027710e-01
1.519372904339069130e-01
1.219148304683831952e-01
2.005026271279250760e-01
5.857831070627915471e-02
4.218515314474488576e-02
1.820887219886835884e-01
1.726462465133354329e-01
2.178902094326191086e-01
1.094176922118672984e-01
2.273574762296536877e-01
7.337129470371256401e-02
1.611182821390185760e-01
1.168848850793609701e-01
7.246596372480948456e-02
1.975403791748662763e-01
1.299043207601913441e-01
3.390198867333605454e-02
1.058309974647931029e-01
6.750725436225019083e-02
1.584603806334802523e-01
2.052476578269742391e-01
1.207178374995480225e-01
1.668711113544838753e-01
1.995727240893577226e-01
6.947125722501824863e-02
1.898648883123305042e-01
1.028480447605203824e-01
2.149756757278949992e-01
1.986600878318574293e-01
2.740326937576345948e-02
2.005456407088892778e-01
1.213589379417878839e-01
1.986779519300202468e-01
9.108363604504386701e-02
2.135067028878069317e-01
1.983209409433260850e-01
2.020648034077300592e-01
2.104254618328200641e-02
1.958825130278282756e-01
7.351056089862352538e-02
4.387620934708443693e-02
1.607021938936356031e-01
1.554201418758689168e-01
7.856504125439695008e-02
5.429876044056834022e-02
2.074809776242814430e-01
2.173273252791891041e-01
1.668320839234996023e-01
1.952138199132961993e-01
2.567690995820909663e-02
2.102409652912337612e-01
1.727033450285418159e-01
2.051828392360042219e-01
1.995461358492606474e-01
7.280093951535167307e-02
2.068799189036782116e-01
1.675969734421928203e-01
1.742803966891214307e-01
5.295381535687030544e-02
2.124650371170219432e-01
2.149500911951726934e-01
6.872114909454167531e-02
1.861039493036274473e-01
1.250442387404370748e-01
1.827643627810891791e-01
2.275819149647304862e-01
2.031547341121394123e-01
2.153429081604846529e-01
1.869339234018300988e-01
1.479501132073659520e-01
6.576674511996170869e-02
2.035560154276213618e-01
2.028687488223099300e-01
2.048098423500207821e-01
6.477375517877229094e-02
1.978305071484783018e-01
1.813861847999126142e-01
1.374267251857128613e-01
2.034163827885827336e-01
9.452894309033540998e-02
2.796149194776952410e-02
5.190790622585857161e-02
1.429957070610251568e-01
1.355546966330123393e-01
1.380314676746819957e-01
2.117535265337631423e-01
2.247680277098147994e-01
2.056447067613373647e-01
2.355511069792018408e-01
2.130663206063340143e-01
1.998573751512399410e-01
2.041942186623345867e-01
1.082312526461084584e-01
1.936032338466627811e-01
1.077040170566331140e-01
2.210006764025020110e-01
2.272166656892435077e-01
1.816458056151829259e-01
7.550555692574448252e-02
2.044335520102515957e-01
5.459050379279252463e-02
6.376118099214253543e-02
1.010675509751499945e-01
1.997162645571459727e-01
1.968007303110655137e-01
8.387261196601009106e-02
2.143063635427380209e-01
2.138146415074627937e-01
1.923972441407583722e-01
1.722594508580780615e-01
6.298768216799302544e-02
2.142254461161701151e-01
1.911220585784263459e-01
2.192337032609399106e-01
1.219678083793156315e-01
1.684628024968755355e-01
2.133982094665320961e-01
1.912843679248949283e-02
2.221346650935099587e-01
1.757824234243576533e-01
5.694653041608243454e-02
6.941017693878234751e-02
2.131986432659286612e-01
2.182368014643985554e-01
1.857538412163367292e-01
1.367604424001215013e-01
1.807815749416364637e-01
1.320282685269002221e-01
1.488912842237246348e-01
2.318725830371035079e-01
2.008328147534663710e-01
1.558242382030331219e-01
1.362365268090735548e-01
7.489909579862244482e-02
2.313139329173015679e-01
1.449727520275151671e-01
8.589388304349096503e-02
1.902953037820443727e-01
1.773284019450924731e-01
3.742424692815884274e-02
1.699793080597864214e-01
2.109624320019367338e-01
1.649017315909880321e-01
5.477804458954304428e-02
1.745619548894515316e-01
1.088266575637549111e-01
5.940991050842733823e-02
1.005003983127662759e-01
2.176567098619417717e-01
2.176788059360521832e-01
1.611372906375553304e-01
2.165151895910936153e-01
1.429480797862297259e-01
6.034449489390626697e-02
2.006845574887636263e-01
1.929261192033161765e-01
9.478092599860496459e-02
2.151871885250263572e-01
1.902320169659033611e-01
1.969325220984837199e-01
7.038958225938558855e-02
2.168486740929454204e-01
1.919488363895110739e-01
2.103457319571111483e-01
2.160664792121344824e-01
2.286100768519569448e-01
1.021034236508929077e-01
1.368092894502372092e-01
3.182174385759002633e-02
2.003649175832123430e-01
1.215548925443915851e-01
1.162186949630985566e-01
1.392346669091170386e-01
2.318199225293795240e-01
2.179361072551229406e-01
1.003578555984167148e-01
7.500804350962335387e-02
7.200024311729699700e-02
1.889736172442807449e-01
2.209567602526874286e-01
1.489040154756040291e-01
5.800544224830125883e-02
1.961234378036473824e-01
7.877183583132102429e-02
2.137472418691744036e-01
8.886861557938205425e-02
7.966303044939868072e-02
1.700795725333522634e-01
1.040017850501259444e-01
2.194468888707449272e-01
2.144713746797941301e-01
2.029062729519604535e-01
2.016568586217708792e-01
2.182621860255820057e-01
2.172191490476551023e-01
1.856759201868696807e-01
1.616330201784956233e-01
1.819844535089500948e-01
1.941480058452439150e-01
1.695210577592254630e-01
2.251261888129119926e-01
2.147828063994295933e-01
4.891835407984401751e-02
1.777761172077535201e-01
1.879928592842770863e-01
2.077590036571348719e-01
2.336342413763195514e-01
2.062114470749352724e-01
2.025882277276738752e-01
2.172367917553027772e-01
1.969301934675258825e-01
1.500245823244484855e-01
2.141291600257780869e-01
6.581788340878952370e-02
1.570373840301614865e-01
1.528598983321269589e-01
1.364624977895722291e-01
5.457203220865578658e-02
2.315704685220077719e-01
1.068652850618111994e-01
2.079461578455495396e-01
6.147917483055043847e-02
1.825817896891910042e-01
2.197410982318703798e-01
1.163726747912833953e-01
2.137219524728063147e-01
2.034504323961340844e-01
2.149827523617944824e-01
2.197221755514487118e-01
1.708124439689753526e-01
1.229441855073433593e-01
1.658367751999792472e-01
8.555146887539788469e-02
1.871234759231562295e-01
2.043547323099750845e-01
9.626870255370786889e-02
2.051811992170256838e-01
1.865707493347439627e-01
2.123692938413762610e-01
1.165047156361892211e-01
9.469072195342150000e-02
2.196355906703182648e-01
4.623583696005035409e-02
1.250655191653957943e-01
2.036109611838381739e-01
2.129519434010097578e-01
2.794719826271179625e-02
2.155592448295318431e-01
1.652455943189533039e-01
2.042150272390042542e-01
1.643354480794545214e-01
4.191226599445393303e-02
7.722474692792037632e-02
1.789877696047508238e-01
1.768983233744516603e-01
2.088498648717753980e-01
1.008529525861131260e-01
3.951908180910283785e-02
1.259203240486678199e-01
2.051887191971797642e-01
1.527356255657070783e-01
1.827914613560925050e-01
6.210163680568409755e-02
1.952759992820027324e-01
2.779357429833552440e-02
1.621835882846627552e-01
1.394533709522904341e-01
2.119017831075934166e-01
1.258482897138793466e-01
3.587956354994604330e-02
6.234511713897597507e-02
1.965617475302443851e-01
2.013433296688397767e-01
2.027525365130014856e-01
2.302799595394189047e-01
1.889598349886427997e-01
7.951114046254199874e-02
2.031968775116264891e-01
1.916514256055654730e-01
1.561176675849490769e-01
1.959622903360569712e-01
3.632327264831943653e-02
1.517486492098806816e-01
1.897575106743285556e-01
1.879989136145386319e-01
7.459244154840891095e-02
6.917036088460468135e-02
1.867156227190617801e-01
1.369912417593857623e-01
2.213270872008624157e-01
7.092992583668139561e-02
8.285690947029890341e-02
7.819279713674251453e-02
1.841593983927083122e-01
1.893351781879978601e-01
1.145729620160807899e-01
5.576825186361996506e-02
1.504608253883965574e-01
2.239162980940573588e-01
1.746050368546921139e-01
9.577308036304547911e-02
8.350419237579423393e-02
1.650075664105825901e-01
1.879089210234324847e-01
1.945719809385383914e-01
1.218512975435076806e-01
1.815378479817940094e-01
7.545746493123690890e-02
8.590706564265788991e-02
9.341410172921234267e-02
1.884272392191709555e-01
2.063525706671770488e-01
8.939091267137043439e-02
7.567893044461479479e-02
1.937896116898029653e-01
2.038696002513564753e-01
1.995182000566893821e-01
8.077596593525557256e-02
1.884558323692980542e-01
1.046705829455081976e-01
7.528602878792577113e-02
1.324086807573966740e-01
1.003722025308348004e-01
1.856099090772440063e-01
2.087684965277905313e-01
7.081305261631705428e-02
1.323486293818632864e-01
1.461989963585823560e-01
7.530183288912778439e-02
6.225735789454868441e-02
2.073805324635182024e-01
1.474145913612153191e-01
1.825741866351137110e-01
2.105585569361067555e-01
2.117508910054109461e-01
2.367689677942001747e-01
2.097850239623982871e-01
1.913667593385580679e-01
2.034637312545689580e-01
4.740597647932696945e-02
2.097169672406627994e-01
7.769038917228673902e-02
2.061109440155463046e-01
2.024631318341743591e-01
1.502853239823623288e-01
1.637192643922277258e-01
8.398703777192591258e-02
1.287049375870993051e-01
8.746969503120852196e-02
2.108407879672409557e-01
1.963560328146336520e-01
9.895538002816683942e-02
1.986667640793913225e-01
2.246194572743366868e-01
1.178156701458942246e-01
1.080801831333863122e-01
1.687450688511221430e-01
4.808006032069604002e-02
5.927019597933325806e-02
2.133121470611261949e-01
1.320712284801812963e-01
1.973782284124237230e-01
2.054818348813213791e-01
2.048598193855913907e-01
1.670296239053394027e-01
2.218833578642230020e-01
9.558616933502193935e-02
7.988034252672183977e-02
1.558192493616724350e-01
1.854787930767752557e-01
2.022221041266863972e-01
1.592727533934279738e-01
2.094455715642532245e-01
1.095016763942373295e-01
1.601636014810456365e-01
8.556121685138493027e-02
5.765330182190708114e-02
1.955933349452781134e-01
2.044686578875261340e-01
1.807290481763011714e-01
2.021416871056765374e-01
1.229326615428517205e-01
2.126687317784604347e-01
2.634361109744421184e-02
2.311270542547010365e-01
1.953347462309508453e-01
3.330603528797083934e-02
1.472448622440324928e-01
2.026152120919494648e-01
1.837225883551437955e-01
1.094807806722263993e-01
2.108411248478311018e-01
2.039588767981654061e-01
1.626035185938522754e-01
2.142219282259022195e-01
2.070612509713415372e-01
2.118804760268989951e-01
2.082337763993168944e-01
2.037957311677905392e-01
2.135361801476586829e-01
1.226643815155060713e-01
7.600915681436277993e-02
1.358739658715950316e-01
2.111066494283996564e-01
3.897100546134756732e-02
2.284614172519180975e-01
1.500585534194112391e-01
1.097165909191398780e-01
1.295785369594789072e-01
1.494436398479095651e-01
9.180013234037510961e-02
1.225026791588261360e-01
2.125694763109099439e-01
1.990054416187883313e-01
2.157760370907287617e-01
1.983596391219969446e-01
2.015590436485406312e-01
5.289086119719793588e-02
2.054931641532576903e-01
1.686947448426101559e-01
2.229396533101209443e-01
1.403336544646861805e-01
1.950170509387680329e-01
1.818785504904360251e-01
4.337847645140138764e-02
2.038012990871364283e-01
1.916595949524293463e-01
2.090365980544239555e-01
1.815422817893633245e-01
1.744189312305055028e-01
2.333658881943190544e-01
4.145906064515696154e-02
2.172928054741353199e-01
2.208010022690287399e-01
5.995177305587302136e-02
2.043089031558836532e-01
2.273629298494672935e-01
2.252443962137693489e-01
2.111194034112550133e-01
1.683826707728818817e-01
6.703992317703784398e-02
6.882337788073898677e-02
1.719414467157214521e-01
2.105620638580728565e-01
6.442913873606306852e-02
1.554080033541152817e-01
6.202847468347470750e-02
1.424788467437333450e-01
1.083445498795561346e-01
1.895178266082035434e-01
1.998860048636534048e-01
6.927469377963366148e-02
1.856239866264685068e-01
1.571311591399932595e-01
6.911803307332115009e-02
6.154739127229554713e-02
9.575217084146112057e-02
2.112939688459026244e-01
9.466900189587802716e-02
7.484443196131694565e-02
9.396251172611906621e-02
1.033174139171567363e-01
8.655788526040977815e-02
2.098386440440027645e-01
4.353311248057335769e-02
1.871189971755334858e-01
1.983117397254904879e-01
1.654319941369483404e-01
1.471683175204828165e-01
6.298113532395382963e-02
1.630573005841299272e-01
2.150713302819842188e-01
1.959828519623953436e-01
1.866432564744762990e-01
6.206029212433469139e-02
1.177494582731818396e-01
1.462427682384972727e-01
5.079212866425612816e-02
2.225548739478482863e-01
1.470114524432912795e-01
2.107124431250020358e-01
1.624563452560914834e-01
2.019768515477142201e-01
1.951050772493517424e-02
2.036920522819548052e-01
2.078050055768503601e-01
2.171145973762412806e-01
2.235758212753518603e-01
1.982276472180442839e-01
2.024568487631798197e-01
5.648922045628688993e-02
1.961101644567350977e-01
5.935206680286814890e-02
2.041150438315889604e-01
1.873832503803705696e-01
1.991885402006018935e-01
1.848918312996744862e-01
1.944660342548379939e-01
1.134431120480599298e-01
1.043483097733495374e-01
1.749381633603915576e-01
2.137862238085686262e-01
8.506172274701974401e-02
2.054664120904906022e-01
9.391374574535618636e-02
2.138993862534765422e-01
6.508825124711620225e-02
9.989954317839093434e-02
1.855799938086748757e-01
1.042880053941877411e-01
2.088090876071877489e-01
1.147325470730124475e-01
7.272943072852910973e-02
2.686744451555684102e-02
2.063144449232960087e-01
9.067093026025840885e-02
4.468966787607844826e-02
2.089558792116916752e-01
2.127290533615109613e-01
6.840540868283455367e-02
9.839812104659845238e-02
1.756686239365683744e-01
2.044480548909139161e-01
2.103713568839821746e-01
1.880080770378594890e-01
1.685019936596266199e-01
2.373087925175141610e-01
2.088196196684087846e-01
2.221899794064096101e-01
7.450871868333219794e-02
1.942683383425100607e-01
2.070033375786410335e-01
6.726735578574635777e-02
1.811193653339544518e-01
5.342396647042531310e-02
1.838890569056045587e-01
1.821412691637245840e-01
1.439242691630419346e-01
1.540557058799288392e-01
1.946941731542224940e-01
1.133970787132037028e-01
1.959868430460793010e-01
2.222624275588364340e-01
2.132252609114467790e-01
2.052994038790612041e-01
1.472459730241326703e-01
2.093960858193198715e-01
7.611382397613059014e-02
1.415191512219866887e-01
1.989973334252793380e-01
1.990446678579635420e-01
7.312371746665370653e-02
2.108096545192007232e-01
1.983049194358121881e-01
2.137486130274812712e-01
2.155299015989456390e-01
9.142317923895308673e-02
1.872402311430042265e-01
8.423185740537508792e-02
1.309692211648401938e-01
2.060766983048633039e-01
1.562528697977836126e-02
1.625513040462327197e-01
1.836144497445443002e-01
1.971952660196836793e-01
2.056100027847091449e-01
5.108271533179014473e-02
2.113686065549651716e-01
2.064689644701560578e-01
1.773673775829238408e-01
2.088673462227430278e-01
1.859704973415616247e-01
2.042361214157063232e-01
1.821340719771120387e-01
2.042406397180872857e-01
1.238995499414385637e-01
1.881227864825353868e-01
1.949621155460892485e-01
2.141780269199855535e-01
2.000363086844567373e-01
2.050290048552830535e-01
1.207430308847930039e-01
2.068989667622166129e-01
1.292559798851108943e-01
6.284863063470887135e-02
1.902490814496717031e-01
1.245980386184831618e-01
1.021281458879417792e-01
1.655498622553160659e-01
1.304751895851410659e-01
2.088446949790735141e-01
1.261162943052800689e-01
1.412035195711139335e-01
2.155386004328460614e-01
2.006684937462539231e-01
1.995456051977090306e-01
1.914307346884855654e-01
1.869655025403481607e-01
1.539384675524519963e-01
1.348133550470908548e-01
1.802391526360758167e-01
2.065165457700045837e-01
2.802990070281500060e-02
2.148783451919457632e-01
1.845473417137473149e-01
1.402683538438893041e-01
2.041242913160884465e-01
2.003359433579472715e-01
1.842411312778356042e-02
9.147365943914616271e-02
1.852113946003180467e-01
2.026889737552644566e-01
1.912702975230234359e-01
2.054174456090105960e-01
1.618738615908580647e-01
1.816572867081654163e-01
8.653869004311964819e-02
7.892164898818387897e-02
2.149766225854008728e-01
2.145090584057201821e-01
1.931260377676149997e-01
2.144303790925236874e-01
1.906557938652126416e-01
1.489279774344558493e-01
2.087150298111828117e-01
2.126930151493955368e-01
2.171728130963123671e-01
1.742742784781844967e-01
4.485147919709576297e-02
1.976779048755897827e-01
1.182311437042855712e-01
2.286819539504535426e-01
7.758784363812624985e-02
1.966572096864529773e-01
1.859478514878451783e-01
2.162109732662350625e-01
2.090440211352516120e-01
2.092333266875834041e-01
1.376864710679130410e-01
2.218868701852976244e-01
1.571110271199065989e-01
1.986148531625969715e-01
1.634911953532080797e-01
1.410274888434424889e-01
2.128449994632129472e-01
8.782942467661762620e-02
9.459183060667525345e-02
8.139174450276576156e-02
1.552022418632147405e-01
1.964230499702568078e-01
1.075005447658027025e-01
5.622211637459530870e-02
2.026733804563797536e-01
7.768819462152184996e-02
2.088555987735376263e-01
4.891730198724314471e-02
1.801306440065086611e-01
1.920208151078037495e-01
3.413539873850914702e-02
1.767386116809377405e-01
1.812646905490917504e-01
1.185453948409626312e-01
1.805020425313186849e-01
1.138024206647476610e-01
2.045873621075252891e-01
1.944873131900413110e-01
1.944781195610952029e-01
1.729761960993038139e-01
9.675391197517980990e-02
1.578207968901649272e-01
7.476647514115195015e-02
1.965240668804116020e-01
2.037831348756848071e-01
2.047770260084422478e-01
1.212802855005814529e-01
2.087779785533813437e-01
1.882536134995543009e-01
2.047889276877209175e-01
1.464028798793211017e-01
8.629463731605328813e-02
1.316313197999489648e-01
1.679949216449743710e-01
6.555539677700830681e-02
1.944674384109468523e-01
8.706252881558006196e-02
5.964588224715820786e-02
2.067429155737013635e-01
1.025127462833435171e-01
1.294134424776803849e-01
1.921307887575799123e-01
1.949402195754144085e-01
5.316914910634792935e-02
2.099082596054858696e-01
1.869964416596325285e-01
1.971669224410460206e-02
1.094653256277542536e-01
9.293037023673901553e-02
1.879040340026168765e-01
6.488416798928139939e-02
2.163857534498430379e-01
6.107805864753735464e-02
2.144647436130782958e-01
1.599290297029881958e-01
1.636778735234707405e-01
2.055656940864420967e-01
2.082984086342852259e-01
2.269638553306992379e-01
1.353946198548655611e-01
2.040548533637383255e-01
2.071675259846769979e-01
2.167369495115421263e-01
2.164739683587762753e-01
2.457146343642909250e-02
6.282850656051523763e-02
1.550891140899592346e-01
1.083643614250173748e-01
1.264139164203376131e-01
7.382566555925386409e-02
1.666900766558352398e-01
1.859475536706107768e-01
1.973908380508684890e-01
1.870962167951476240e-01
1.990080893492027769e-01
6.592423800256838606e-02
4.143019848579274078e-02
6.317225677952040264e-02
2.226220692110144894e-01
8.621888555769316453e-02
2.018931368454058295e-01
1.349075093053234420e-01
1.262621041302659231e-01
8.964465271076413333e-02
2.113277739714543857e-01
2.137611810895394537e-01
9.074698351332460833e-02
1.090527812856949830e-01
1.612409688185949819e-01
7.135502207632554716e-02
2.176775364779453548e-01
2.175199410209709139e-01
1.179052835037772279e-01
1.749757614651975268e-01
8.664553264671509547e-02
1.962606192930299032e-01
2.072904265368058219e-01
1.809041202642516499e-01
6.854336831976549915e-02
1.908382213469362598e-01
1.519648243404049526e-01
1.387779562362747854e-01
1.090494682011889094e-01
2.023784988383922345e-01
2.275439532306406942e-01
1.947608723597486213e-01
2.184251067235808974e-01
1.816481432811953289e-01
1.283115724965861182e-01
1.965613807636556742e-01
2.015900860156925600e-01
9.913522505204434843e-02
1.522896235192648107e-01
1.664893377046510192e-01
7.425322207514736816e-02
2.051467879937189376e-01
1.341978016960766740e-01
1.307200026151346950e-01
5.095735894809190480e-02
8.498228709664441827e-02
7.911352316256901884e-02
1.070930770021979866e-01
2.038803328290860195e-01
1.340532299802667249e-01
1.919173589326826079e-01
6.812175216118751542e-02
2.190112416607349344e-01
2.166895779934456256e-01
2.208765681263619995e-01
2.084012150897514293e-01
