2.461933784684242343e-01
3.083631103699990827e-01
1.670589862723241004e-01
1.844011682114372608e-01
2.173103900922071785e-01
2.199440884266894158e-01
1.517941744657901326e-01
1.652821357964918969e-01
9.342337782976176119e-03
2.591258670608518888e-01
3.488695289833581570e-01
2.757726169401961136e-01
1.652561076658507488e-01
2.545900374216331641e-01
2.945284492740071758e-01
1.850513555284091435e-02
3.649272011319826953e-02
3.134259491526080743e-01
2.856636447404974355e-01
2.456433662931652440e-01
2.157124796566746994e-01
3.273816640565372360e-01
3.277381541834417655e-01
7.994420456759378235e-02
1.443077966743425145e-01
3.308929010169477380e-01
2.238273392254307437e-01
1.317762799157479736e-01
3.352816144524901620e-01
2.277227488340865524e-01
5.268398717787465407e-02
1.583657936599090488e-01
2.009399378919335399e-01
2.911583180246574143e-01
1.964978724970299351e-01
2.032129873754658367e-01
2.078890874346191464e-01
1.184993321513625741e-01
1.791444141553132641e-01
3.404183305631112294e-02
1.326995717023632670e-01
1.857270571938784420e-01
1.747189644172392198e-01
1.851639216984688474e-01
1.591359257121288950e-01
3.319558347492772982e-02
2.354607043161350555e-01
1.657793419761428855e-01
2.279878113656163829e-01
1.195054837205856285e-01
2.714184719621259845e-01
2.722778972598751679e-01
2.136821159637093404e-01
2.297953639461400299e-01
1.729138611837061634e-01
3.116774833223048269e-01
1.407582060956763803e-01
9.619678019491716137e-02
3.027816336650984153e-01
2.675549500108344025e-01
5.452284548287756293e-03
1.920431847104598633e-01
3.079721270245348030e-01
2.298028762370822042e-01
2.064343491879332970e-01
1.601430361427721993e-01
1.789468245386257039e-01
1.638057029982588064e-01
2.310858963199364235e-01
1.230398157701318995e-01
1.868251026499218315e-01
9.963360273092335129e-02
1.576222149782008641e-01
1.348116441386273401e-01
9.829969731195045690e-02
1.193303357283359289e-01
1.992858310657835419e-01
1.773762306915850073e-01
1.795458652144421574e-01
2.237326703779830006e-01
2.055159394960457964e-01
1.320252047245883686e-01
1.897141138801560489e-01
3.369485056439808779e-01
8.048882877546637005e-02
2.302541703236307691e-01
2.939314256035902573e-01
3.440774164207147101e-01
2.633998395671113824e-01
2.192113371962406132e-01
2.517405561531800284e-01
2.364635774326176720e-01
2.583296167062638649e-01
2.068079164037050499e-01
2.764844966733991383e-01
2.230189804095502604e-01
1.062656428070812495e-02
1.641908550301811043e-01
8.389224377905273033e-02
1.892188956979335146e-01
1.691917216734244731e-03
3.114952937136827305e-01
2.448362302843022642e-01
2.001826027234474351e-02
2.321861890335493450e-01
1.303673990659995618e-01
1.849982649671877977e-01
1.602773196024587232e-01
6.536665088592553963e-02
2.462782601494164780e-01
2.925743573668390107e-01
2.097525016171319923e-01
2.938015946139403978e-01
3.149362643044809063e-01
3.523131306595658763e-01
3.090232179045643290e-01
2.922790300107517281e-01
1.607935097424996740e-01
2.909779119115974422e-01
7.191066981643018906e-03
1.582283511843944057e-01
2.316642584445748609e-01
2.097675563914641328e-01
2.068250362746194559e-01
1.902189257866410688e-01
1.828338338495173465e-01
3.011513874320281836e-01
2.377185585857284900e-01
1.557620909734643844e-01
3.132598598135920565e-01
2.302378909746745361e-01
3.311066999283671652e-01
2.811670924141389527e-01
1.864351850313990255e-01
2.298232796299952141e-01
1.935048926684044546e-01
1.327647046281570931e-01
2.685872107052775792e-01
1.902573744444791271e-01
2.583177892241567716e-04
2.496764565860659368e-01
3.097716085453980916e-01
1.099661084494288205e-01
1.846020106743942180e-01
2.381611351395039322e-01
1.915949498602903811e-01
3.085273869199918820e-02
1.319845940334820611e-01
1.719514680716783539e-01
3.201345088542383865e-01
2.086397996275652367e-01
2.421372494999822766e-01
4.244740992397125212e-02
3.698739925666182527e-03
1.426851068852961479e-01
1.999891942376609555e-01
1.765553810191056172e-01
1.941613555053663120e-01
2.511126672912198932e-01
2.864803678840136536e-01
1.607244308060416516e-01
2.885278945621455038e-01
1.991367741129339286e-01
1.199395335674561247e-01
1.669387085012708494e-01
1.100366458177491485e-01
2.085149319760227493e-01
2.809755207760899487e-01
2.238033483341339558e-01
2.302997195123165641e-01
1.535487466624048947e-01
1.680456441108179044e-01
2.664603915190834060e-01
2.193775078954105784e-01
1.664661853151434556e-01
6.592660997242905108e-02
2.760583495035526247e-01
1.979758156335552910e-01
1.213365902304906901e-01
2.171550054218666370e-01
1.266214154840126886e-02
1.433287683312860494e-01
1.901007669124950838e-01
1.161510880943133067e-01
3.298584290198445235e-01
1.721398026759373145e-01
2.234462495690949235e-01
1.559950735295076996e-01
1.496529922416660330e-01
2.141609804298519604e-01
1.458280025341380792e-01
1.538367971876032636e-01
1.346083264632378929e-01
1.906952043005677999e-01
1.318431441040912588e-01
2.423642499210723333e-01
2.123526414611463797e-01
3.461075473971796934e-01
2.785802921132369270e-01
3.265251684385435671e-01
3.270285306775406325e-02
7.606330265151201031e-02
3.394188049801713514e-01
2.394268687248066740e-01
2.057253136593034382e-01
2.118728807074410081e-01
2.421931750434649366e-01
2.386285271980608524e-01
1.147994452355168005e-02
1.751361078663655479e-01
1.482930060220026269e-01
2.537682829997631173e-01
3.249134051298630532e-01
2.806696487890217306e-01
2.819586165407511058e-01
5.642689794295157636e-03
6.206091609041556071e-04
2.131702011865994895e-01
1.133317685273577125e-01
7.020431587172866472e-02
1.370029776210528183e-01
3.198679944451322532e-01
6.824766440376338339e-02
1.234448611545763130e-01
3.264172764867718790e-01
2.008685396797932690e-02
1.312427677814736182e-01
2.323911643659797022e-01
1.806776798849196175e-01
3.376391722385785887e-01
1.619717683705009514e-01
1.905688459911003274e-01
5.065885038062215712e-02
2.783432365010803378e-01
1.725367541939136495e-01
2.350152441992600372e-01
1.365520888164054036e-01
2.625082868690254978e-01
1.871823388700458723e-01
1.362914152523737321e-01
2.322177794692417419e-01
2.464629247548021651e-01
1.838295538339462243e-01
1.838432065116896996e-01
2.792163193928516862e-01
1.212491172622937041e-02
2.653571422972293981e-01
1.591851865087045431e-02
1.418670570782049056e-01
2.926695509403964279e-01
1.476767957211004567e-01
3.029742905957209520e-01
3.337602104087761257e-01
1.909215160077055440e-01
2.561675789988489549e-01
3.386621981482974553e-01
2.076885522957621355e-01
3.189887156280230562e-01
2.313364701850136318e-01
2.017387842364476436e-01
7.299305831866874372e-02
2.657766586534905380e-04
1.548340386498520127e-01
1.435129030886916346e-01
1.920885795268242324e-01
1.089410820366104732e-01
1.620373006194897325e-01
1.423835824881494183e-01
1.441646440469712132e-01
1.442455073659636433e-01
2.620614597925819411e-01
2.451757165738579491e-01
1.675100798278396919e-01
2.570295447482323081e-01
1.675533712816336396e-01
1.680852253599898205e-01
2.585877500473857116e-01
2.083366929095950559e-01
2.004480877890175983e-01
2.201482152020691474e-01
2.792256180338488214e-01
9.092871918355086014e-02
2.149289864432326613e-01
2.061196968441018629e-01
4.542776967873713573e-02
1.746674869892721471e-01
1.982241976881017609e-01
1.404005311609131945e-01
3.704368556191963997e-03
2.718735704275065390e-01
3.424275197185096542e-01
2.270601997108378511e-01
2.403350971748583476e-01
1.407593362972455187e-01
2.144414869014644454e-01
2.101083667369955388e-01
1.821206339296317089e-01
2.274789622041304138e-01
7.334275045298847828e-02
1.685958201200222217e-01
1.308886175736695134e-01
2.372559549539373369e-01
1.591701117734751203e-01
2.094859622989775072e-01
3.255862652942131397e-01
2.088979555417630751e-01
2.347948526193604779e-01
3.472171731692804131e-01
1.747699500400925199e-01
1.681977826038527635e-01
1.851255477223033574e-01
1.592736330846176718e-01
2.073631808538998755e-01
1.322445683897152946e-01
2.414720275140909700e-01
2.266703555488638333e-01
1.064652184848922795e-01
1.858983118157747361e-01
2.422626476289145570e-01
2.037079640792679447e-01
1.716073580774112595e-01
1.953248161107963843e-01
1.375029318592858041e-01
3.362317216642185524e-01
2.648270294337257136e-01
1.389187832141909884e-01
2.366283772664017349e-01
2.914740237041170134e-01
2.341360197631112139e-01
2.381502097117269290e-01
2.002354759719474353e-01
2.465305034745248203e-01
8.645843251093968118e-02
2.856554641746496537e-01
3.208974973416977017e-01
2.520208006871966361e-02
2.073345263998546961e-01
3.039848680411089132e-01
1.711831616314995752e-01
1.750202220555596988e-01
3.118758270761274876e-01
3.505868836186151749e-01
3.415033469617620998e-01
2.076029601890227172e-01
2.560640164492752335e-01
2.245748197382778644e-01
7.609929988101049418e-03
3.412706529755570317e-01
2.719122184811845755e-01
1.235186576566484479e-01
1.426958085128557652e-01
2.553988515195519393e-01
3.222180452261419470e-01
1.208140508751818498e-01
2.581583421613865559e-01
2.195442818293177334e-01
2.323690589262087658e-01
1.756636316783606322e-01
2.423823201121856619e-01
2.224513551596969119e-01
1.793410399583024173e-01
1.706288729930190429e-01
1.613645254633711001e-01
2.899076314442129432e-01
1.009121309593725459e-02
1.727330802294379242e-01
1.224487853358072892e-01
5.422049027276701350e-02
2.655945677941572436e-01
2.033341525070257727e-01
1.139092639113141320e-01
2.973284898352550609e-01
2.609188125743324704e-01
3.907113867112092798e-02
2.230367255945965299e-01
1.462748190487883349e-01
1.604097115914858152e-01
2.512974357930424785e-01
4.918957227359454371e-02
1.849665697816689769e-01
2.986743548058041764e-01
1.840124744291740666e-01
2.018214992944267483e-01
1.888150215847662350e-01
1.453351053588228525e-01
2.944131111224191355e-01
2.841217108292712901e-01
3.045138051232618159e-01
2.237309803433819855e-01
1.498575196935368892e-01
2.112588995477014120e-01
3.124742569480221110e-01
3.226502813111875034e-01
1.911519302938192166e-01
2.061115336518591912e-01
1.718578156191316597e-01
3.509760174693226688e-03
2.745018186358665901e-01
2.566164103789932982e-01
2.569007339228374653e-01
1.855521381327073505e-01
2.901896560541563641e-01
1.584228987952084333e-01
7.413954728734355182e-02
2.333550331117643928e-01
3.348216019783913366e-01
1.878488630062762621e-01
3.302766670849104774e-02
1.266595258865481355e-01
3.101807643280498072e-01
2.263236940927887408e-01
1.378072061275073812e-01
9.796784412568633471e-02
2.826171405902211942e-01
1.671308770070710215e-01
7.025401633033574733e-02
1.645569603286158866e-01
9.807745568061865260e-02
2.338106785131402465e-01
1.764564537580593506e-01
7.174085245029547531e-02
2.725876444908344465e-01
1.288591587901616320e-01
2.102449187998856606e-01
1.579224439727303919e-01
2.503309777401633851e-01
2.858085209069562982e-01
2.090291152986855638e-01
3.520882337694239417e-01
2.622080167074706814e-01
1.557705294097402604e-01
1.506107791962150444e-01
2.599336903025350476e-01
2.175600462629793674e-01
1.612858794897540360e-01
6.143229153941821841e-02
7.548347767468278555e-03
1.901200156374231454e-01
2.643434822015102159e-01
3.409701435106571865e-01
3.076687248514838879e-01
1.790732291053930003e-01
2.266563553880479032e-01
1.385891484199780477e-01
1.367632675985619994e-01
2.486490742882206395e-01
2.550638359477696571e-01
2.125400159929610733e-01
2.033567990236043732e-01
1.974983384436440059e-01
2.687956144399070713e-01
2.370855792210532775e-01
1.174125366002910231e-01
1.756105282955499336e-01
1.325971466467430471e-01
8.246589871222119450e-02
2.888276861746932322e-01
3.068551343562598843e-01
2.857488950985446752e-01
1.647643920967614695e-01
2.267765218045956210e-01
1.353374945672452812e-01
1.246214158738827432e-01
1.447805628229138775e-01
3.594353882351699475e-02
1.421384198394519960e-01
1.526037032139783978e-01
1.489186529863091579e-01
2.336949910257613838e-01
1.906571821752396090e-01
1.733386117947843807e-01
2.343234947045114702e-01
1.734493792547855684e-01
1.173398465469369378e-01
2.557776003877672566e-01
2.257936854947495686e-01
1.677578876641531991e-01
3.309167723872347144e-01
9.889393957104325450e-02
2.971864310245385665e-01
2.586427927467678245e-01
1.613794315364387999e-01
1.513024632936451896e-01
2.065999563384137983e-01
1.601084243089772596e-01
3.171420607900167221e-01
3.485371639507506836e-01
1.393069592957007219e-01
9.762253007593789389e-02
1.931998120373518979e-01
2.937518914919872715e-01
1.377170781994991045e-01
1.825792808518301169e-01
2.683219344937403106e-01
1.127796087238989026e-01
2.275712593991948141e-01
1.093987087797358981e-01
1.769172405521097502e-01
2.199724608886251820e-01
1.854994848466991475e-01
2.615207265657309432e-01
2.507553287094697048e-01
2.281478095616610857e-01
1.208468049634436603e-01
3.020130644805955195e-02
2.611101765330674507e-01
2.654146784684444649e-01
2.941156586520860539e-01
2.244123084060671292e-01
6.538373439876164761e-02
8.674864152422703811e-02
1.915211214400858522e-02
3.334488809586621527e-01
7.288168487892841829e-02
1.800919354754425827e-01
1.330802959647957029e-01
3.497418049369047655e-01
2.984236921110610119e-01
1.394599309015096267e-01
2.671037289609868859e-01
1.542567086124055631e-01
1.722675395461073788e-01
3.328905697164749045e-01
3.127020323255783607e-01
2.157704342158705824e-01
2.077196706212639798e-01
2.568554860323299938e-01
3.451130864213865501e-01
2.863139963412016376e-01
1.504381772956587537e-01
1.819366640642523791e-01
1.249012990031435899e-01
2.741018129704284045e-01
1.305174440030593686e-01
3.423271190291293231e-01
1.326558457109161537e-01
1.912440555166661782e-01
2.272321898376743546e-02
3.180565946149924716e-01
2.190602019252225474e-01
2.969242686207945181e-01
1.826494326286492442e-01
1.785011454366031425e-01
2.776503647481935455e-01
1.683498431515969285e-01
3.260255791048363716e-01
1.366088500374007531e-01
2.789404033743618783e-01
2.854992499934519423e-01
9.432556531018829529e-03
3.430018937444894722e-01
1.553247622260026939e-01
1.697685476082990141e-01
1.767579902732366037e-01
3.498134454536768745e-01
2.275505039600672075e-01
1.525844930554185741e-01
1.997095344355445667e-01
2.872985717770379366e-01
2.414104226602254155e-01
3.039151483148456734e-01
1.071911047827734387e-01
2.184235378068031252e-01
2.736645106925609805e-01
2.018706903782719608e-01
3.313828097857303145e-01
3.428203465763819957e-01
1.852004028323068763e-01
1.416955290483942753e-01
3.407572537966074844e-01
2.042726307752213422e-01
2.916122387493471080e-01
1.838699804088128886e-01
1.967580907327166062e-01
3.593487634815945714e-02
1.993905898578606228e-01
6.233619695058689562e-03
3.071896735583470317e-01
1.291602443055031232e-02
2.376485369636658351e-01
1.700606479293033935e-01
1.412167752370072915e-01
2.287630084359534299e-01
3.495946563448845135e-01
1.900862518417976987e-01
2.206356180441395587e-01
2.193154948113462122e-01
1.503374518480940780e-01
1.836739166143204760e-01
3.389256823488661641e-01
2.604935380338532086e-02
2.732565285399023991e-01
2.169192275299734185e-01
1.985644803580473017e-01
1.745020249667584011e-01
1.614535254875212322e-01
2.104115538440946009e-01
1.695939930282464037e-01
2.179559372651289351e-01
1.719411502357749699e-01
3.366433980945651716e-01
1.629618137279691681e-01
1.424018186634578020e-01
2.629300637736016188e-01
1.332647968847552045e-01
1.882455252856607766e-02
1.565948874146428499e-02
3.091646503145331626e-01
1.688280608037690811e-01
1.145438286163126124e-01
1.431615185349310870e-01
1.934645028377843801e-01
2.754242178419599729e-01
6.549782579449800468e-02
1.402928785513396226e-01
1.678430427624177101e-01
1.667415695026789324e-01
1.462705102482330655e-01
1.842366200137409427e-01
7.012140649378632851e-02
2.315747451295388781e-01
2.268656117307426556e-01
8.955012026156504434e-02
7.725755981235687964e-02
1.865568951290113089e-02
2.310209726332888847e-01
1.954534865495347884e-01
1.564910974951855271e-01
3.065182608687636590e-01
1.442116996743909862e-01
1.274265174326323679e-03
1.462489433123982385e-01
3.334824791069712635e-01
1.876974554642844017e-01
2.737239487047125053e-01
2.757423745698442952e-01
1.469256446387092185e-01
1.302937328858998489e-01
1.352855770915908640e-01
2.185268991522319182e-01
6.237352026592232063e-02
1.439026217049027001e-01
1.709729263212830530e-01
2.044125753891506414e-01
1.128763228582070760e-01
1.671523695417257704e-01
1.278880237694819677e-01
1.935663356189867013e-01
3.324957382050085508e-01
2.726888208865516083e-01
1.710932891337038908e-01
1.641597558703717652e-01
2.556303389343694832e-01
3.114687137188022481e-01
3.034831963389424958e-01
2.109441834336368560e-01
3.132759962565565548e-01
3.143371839884653296e-01
2.576109004477834530e-01
2.087612436769597513e-01
3.509490413948490595e-01
2.726683984851344666e-01
2.153800201465025099e-01
3.402273734205163991e-01
2.344683973194294502e-01
3.132644090703561313e-01
8.982367175973016149e-02
2.754831596271327121e-01
2.342963653116758860e-01
1.218028709138349076e-02
2.680495081903191967e-01
2.038790232423819127e-01
2.047367802927419489e-01
3.053934051733723232e-01
1.850076094629168333e-01
2.686396176919219614e-01
2.437698534213729173e-01
6.202761481598586396e-02
1.825701423515311839e-01
2.402479572922059936e-01
1.625662786364850954e-01
1.792026352098957109e-01
1.946683801182427787e-01
2.799574431099459693e-01
1.541539673890041928e-01
3.234669680695722027e-01
2.180730671449920277e-01
1.119023434058983441e-01
7.378134953553408711e-04
2.952194362757693535e-01
2.513435475738575176e-01
6.220511129127730826e-03
2.599457289436014618e-01
2.773229999709299620e-01
2.754453121637714941e-01
2.036999007929680139e-01
3.215575912416805404e-01
2.315767366454314635e-01
2.603587528925854766e-01
2.937668133380857416e-01
3.020401987109128661e-01
1.711339193200256958e-01
2.573630857819630968e-01
1.203805273928234693e-01
8.208866246560189684e-05
3.128845737484022838e-01
2.540128987984320297e-01
1.965412452535016119e-01
2.687457407203106552e-01
1.925502648031154063e-01
1.213943924322512524e-01
1.758054507032585367e-01
3.290794027811697053e-01
1.502897201721007658e-01
2.186512281822383108e-01
1.600726229958643887e-01
1.401538964167499679e-01
6.735016657979593646e-02
1.963970617354341697e-01
1.651676995982435669e-01
3.094826702962737985e-01
2.633666511054516633e-03
1.710218008680747526e-01
1.099349402763691169e-01
2.228380074807760070e-01
1.854251619320188560e-01
1.685516036625320513e-01
1.471257276422724414e-01
3.395364500743462965e-01
2.940540615699837046e-01
2.778608064727133287e-01
1.290936751041653341e-01
2.167435072168624188e-01
3.009770701819428074e-01
1.077350038386831049e-01
6.680156206889291751e-03
1.724026569223060246e-01
1.998317645521823782e-01
3.456136633062756314e-02
2.978976132957811274e-01
1.500258709898653897e-01
2.764074855360297844e-01
5.601728920977280812e-02
2.058036234544772525e-01
1.501594431720960354e-01
3.370302898315051809e-01
1.789757972261503127e-01
2.452814306810534306e-01
1.649154398496887886e-01
2.526612213265879148e-01
2.502687108265866378e-01
1.744845447058561427e-01
1.935085999400192325e-01
1.944777053050732452e-01
2.003026524347768789e-01
1.965492646609287852e-01
2.090375625739127330e-01
2.627830467048398178e-01
2.267916531664460611e-01
2.199411383966957956e-01
1.344085183016811014e-01
1.507853191242783386e-01
1.839749639981621276e-01
2.314637976455183044e-01
2.774964240414029559e-01
1.042462351868791576e-01
1.964705026854664249e-01
1.834632654584401057e-01
1.242873223047352843e-01
1.706692407776285170e-01
2.024727062996756477e-01
2.653978856650094920e-01
1.330535812852818855e-01
1.052969219344257468e-01
2.334408253480861895e-01
2.815213108975517242e-01
3.380272255455276098e-01
2.812798992493859007e-01
4.505268905940536944e-02
2.098152967892512322e-01
2.192489074851341757e-01
1.388249714891319209e-01
2.037473667125599686e-01
1.384937534371589174e-01
2.748000717434119222e-01
1.403116232530677299e-01
2.085975893195878561e-01
1.083534958265127829e-01
1.276479812857959639e-01
2.617317564025319898e-01
1.331852169737601788e-01
1.440924561570615936e-01
1.704200594769119947e-01
1.749237243126341990e-01
2.176883432392017204e-01
1.977092318589761533e-01
2.318264229798351339e-01
2.989415250814516090e-01
2.572175565690907328e-01
1.687600217523399504e-01
2.595185535640821550e-01
3.096645325157517670e-01
3.441807639916143469e-01
2.143027407540251117e-01
1.015008088518127155e-01
3.131373095085802638e-01
2.371077014107887959e-01
2.260160483173576929e-01
3.088877183547394933e-01
2.367308616752011874e-01
7.553181146405439595e-04
1.716717203907696665e-01
1.999384994332172316e-01
1.527497821738073580e-01
3.367870187908718616e-01
2.854920507954862574e-02
2.353469256668123677e-01
2.836524965878070570e-01
2.793041751882528456e-01
2.646243618462011948e-01
1.238463465611928382e-01
2.595597865945993288e-01
1.419020932424229220e-01
1.788774076979455230e-01
1.766732644895443460e-01
1.532906180712838573e-01
2.009986340394960824e-01
2.563531834412503541e-01
2.198218429569469834e-01
2.162606205626795286e-01
1.776937945799111351e-01
2.353553180715065307e-01
4.341082248301068869e-02
2.505979919290445279e-01
3.181317666259281945e-02
1.100562357346953624e-01
2.888359411998183135e-01
3.098192373870779504e-01
1.865681841812031061e-01
2.520674054738804015e-01
1.687766629231932380e-01
2.696272949056806034e-01
3.099717699838619445e-01
2.027195994949934355e-01
1.996300847043909477e-01
2.384796668575411283e-01
2.166621387014575906e-01
1.072023399127463861e-01
1.559943870861717763e-01
1.578820488177720138e-01
2.912884811917682004e-01
1.572036648385221058e-01
1.484932213823605684e-01
2.222549969530489000e-01
1.811887618470141986e-02
1.794316638796095154e-01
2.307997831446142456e-01
1.561149629149960194e-01
3.461331494425873290e-01
3.159194787205714672e-01
1.776768674613064813e-01
1.583040709788819181e-02
2.254461681175861654e-01
2.569288522894326854e-01
2.190703811056515793e-01
1.698336837775715757e-01
1.833078405880181339e-01
1.636909813273101366e-01
2.638505280875348413e-01
2.696723575552218977e-01
2.126191942026652570e-01
1.810033508286128801e-01
1.565117125650144769e-01
2.503961877686972093e-01
2.613863788709911429e-01
2.809720437330329723e-01
3.065648434389840471e-01
2.487917891244059987e-01
2.851544930775592318e-02
1.851956252040264095e-01
1.910456693225882630e-01
2.104701363749110765e-01
1.309334239298413083e-01
2.805310090381708532e-01
3.436819969902090155e-01
2.835685703368113209e-01
1.259400651060646470e-01
3.148847112958137462e-01
3.084816592350094200e-01
1.513744427915837132e-01
3.504946910098379331e-01
9.368103763833328379e-02
1.834619087389051661e-01
1.288127973693094230e-01
2.268241088987791865e-01
2.216495925702330894e-01
3.103278916133652698e-01
1.777212163413597334e-01
1.995383715309499151e-01
1.222641568985026739e-01
1.885777339285878984e-01
2.810633209990189840e-01
1.936826181548853831e-01
1.594578692311343360e-01
1.782700587836442696e-01
7.534875627524563468e-03
1.399981945363933666e-01
3.255006786137643049e-01
2.464986260365432114e-01
2.535660253213140591e-01
2.114970911536821485e-01
2.540460813332277579e-01
1.410585101005320252e-01
2.493669482741392718e-01
2.509153304828980469e-01
1.483896203877486941e-01
1.493711830857471223e-01
1.504091263960358471e-01
1.766107054706780588e-01
2.409021358406093494e-01
2.779219815175227315e-01
2.019713967780008834e-01
1.588802436628877490e-01
2.321819832661426719e-01
3.147527511535211930e-01
2.675190353560560341e-01
3.464180816818291375e-01
1.463761496886852032e-01
1.785519802456740635e-01
1.794710566776583360e-01
2.240172631759558275e-01
1.243744113745645641e-01
3.523669000023642583e-01
1.396729788417675477e-01
2.827598859990664848e-01
1.552939344828769830e-01
2.401632645075826022e-01
1.323855104012473805e-01
9.472881322013577965e-02
2.683815294030565957e-01
1.037233690217991846e-04
1.568706238754764559e-01
1.811982275438675793e-01
2.497073170372225148e-01
1.903738370713194406e-01
1.939960227951596505e-01
3.392659630222134015e-01
1.608744168325574320e-01
3.221073262278118521e-01
1.180929883785922785e-01
1.557944649633110634e-01
2.583449409076408188e-01
2.291036357636872522e-01
1.632762821482619253e-01
2.603983087901317120e-03
2.984481263248472960e-01
1.773643467500689852e-01
1.249218963212236633e-01
2.309153471813882585e-01
2.976046024397467349e-01
1.841474337954384088e-01
3.166757451479318419e-01
2.276439058380751723e-01
3.346279380308554985e-01
1.725194980085395791e-01
2.801021961442901054e-01
5.918089304666199202e-02
2.864009261990172472e-01
2.665736702111496381e-01
7.716594492994880393e-03
1.801243843332114014e-01
1.654660326565116080e-01
1.441288162873455569e-01
2.512566830571725252e-01
2.152132183463977555e-01
2.447410483371491030e-01
1.698880350204013678e-01
1.721432474707433602e-01
1.273849809590571480e-01
2.528779934945756258e-01
1.110038574209265549e-01
1.488551630397643988e-01
1.414055480766301387e-01
1.767590898697480872e-01
2.274226020123134018e-01
1.767133917647736585e-01
1.963077240790789824e-01
2.986510327801690790e-01
1.606484868345957606e-01
3.464588146699698057e-01
1.902518404237494576e-01
3.325819294137177251e-01
2.609921930385352695e-01
1.948493322547447670e-01
2.439496929489438637e-01
1.971290545908502001e-01
1.797239313197177280e-01
3.329330956607285952e-01
2.967406240002166129e-01
1.854854649384719556e-01
