2.417377882235121900e-01
1.544620235164884114e-01
2.210691063508118670e-01
2.373066424996299051e-01
3.289021173705247159e-01
2.631109128089846871e-01
7.143059831850456787e-02
2.860659861245862245e-01
1.664186453408932620e-01
6.597736359918454641e-02
2.626952006617491731e-01
2.489555410525606527e-01
1.397388819305158403e-01
2.253207575571204990e-01
1.167552850716372381e-01
2.998274045130223109e-01
1.591551692606129609e-01
1.685912633985496289e-01
2.874064752951970836e-01
2.314796387503278152e-01
9.121365332910287560e-02
2.868265652804992683e-01
1.432507205747913237e-01
2.106861562046880576e-01
3.126020231423530249e-01
2.790679515645234088e-01
1.401421836509561536e-01
1.709757562100516215e-01
8.200553876086046079e-02
9.915448280134118997e-02
2.460603027179570634e-01
2.999603493328812376e-01
2.517512405527158048e-01
5.853488501274508454e-02
1.608294308111364590e-01
2.747321299679661433e-01
2.205380191820986990e-01
3.269194067920487279e-01
2.766579352395124314e-01
3.120064029106087156e-01
1.503201754660968836e-01
3.224665379369207607e-01
1.720521902650402057e-01
1.167364504317733170e-01
1.683508348101372121e-01
1.909675139030961033e-01
1.457139420773884576e-03
2.060664614586306398e-01
1.234661701138125012e-01
1.203272719614367492e-01
2.790340241726890769e-01
2.575967408878302445e-01
2.460166861317790721e-01
1.265835864316900150e-01
1.417149420854613706e-01
2.139515015888267813e-01
1.877800555922549963e-01
1.489632947841203203e-01
1.515369510472286962e-01
2.647454098610751982e-01
1.650764351522570061e-01
2.128607169869723703e-01
2.101950700673712313e-01
1.148515809922317776e-01
1.675183234750951822e-01
2.647805113279116385e-01
2.812117062743153539e-01
2.846797775963947341e-01
1.198534466575744278e-01
2.270123791331823127e-01
2.356515243959237949e-01
1.126324924595187293e-01
2.912295267968368906e-01
1.469358564246239507e-01
2.989976005660252012e-01
2.940222033048399131e-01
3.169200051304081264e-03
2.839166646170514507e-01
1.938222820603407448e-01
1.860197657966354279e-01
1.852653323449151845e-01
2.247465677107671755e-01
1.145425083409529476e-01
1.257051198059521424e-01
2.215929675223122508e-01
2.828686273013691910e-01
1.379718518026753216e-01
2.847996490165288774e-01
1.049722801233455294e-01
1.821275943617989557e-01
3.007176699761252014e-01
1.316039794841802335e-01
3.085241456839188379e-01
2.480006844357684204e-01
1.091547279306851886e-01
1.519291375924910481e-01
2.010886889712958925e-01
1.422896824180150399e-01
2.848159644518919453e-01
2.422067205715813798e-01
1.373747771392968241e-02
3.353265815664966953e-01
1.996676563418157968e-01
2.309203254369395775e-01
2.200553752347816638e-01
3.228725752904926249e-01
2.636750450786877198e-01
2.049343898809204700e-01
2.495578932930056226e-01
2.282945200541122710e-01
1.523238758589117170e-01
1.471802363607047082e-01
1.412275048483878637e-01
1.144368551413634805e-01
3.330216791083185357e-01
3.403882143841882035e-01
1.457549565312686868e-01
1.722336680103072892e-01
2.964825260112662342e-01
2.367093132297304614e-01
3.461539032905601720e-01
2.217568541520116565e-01
3.938732571588453996e-02
9.246019038236401311e-02
2.069724429263005150e-01
2.798135907297648051e-01
1.409628850324595173e-01
2.802582187064625030e-01
1.571492850375039718e-01
2.639973538703905831e-01
9.567918651490008031e-02
2.757602406146661411e-01
4.056226670912840273e-04
1.323715461996374798e-01
1.181635636546423535e-01
2.485507730440618679e-01
1.496472816742654144e-01
1.353457790756456836e-01
1.758609550269653599e-01
9.326344606632210044e-02
1.554002735446622929e-01
2.038116958521155320e-01
8.143052364209431293e-02
1.781525185173616077e-01
1.351234174905745211e-02
1.270531690396908830e-01
2.179022694531932980e-01
9.712471585037238397e-02
1.785940455215063449e-01
3.094395587840369499e-01
7.209921588000148263e-02
2.945477350775149716e-01
1.618816101645789707e-01
2.007384051105901845e-01
1.266935906571419468e-01
8.025965045093033656e-02
2.707860825623298884e-01
1.150973828274834548e-01
1.413823304217866617e-01
1.345534914109146052e-01
2.089725192256347008e-01
7.982511445042635156e-02
3.238771853316134153e-01
2.658837410047946714e-01
8.956114284835739459e-02
1.286962716503839144e-01
2.869059441073617545e-01
1.407287693849273436e-01
1.405069641761237109e-01
3.290643276453075194e-01
3.267758709792292771e-01
2.147813037454219254e-01
3.458134021542325631e-01
1.991760990179521421e-02
1.523898877276179675e-01
1.529040177203895290e-01
3.404717084006242400e-01
1.500802258695064506e-01
2.671332002469818945e-01
1.421954907430380832e-01
9.336253517190609696e-02
3.419258459978813947e-01
2.367649525577709135e-01
3.231903276886183285e-01
9.023609553194779365e-02
2.150051645442367099e-01
3.285625375541074145e-01
3.175041915725489439e-01
1.570727772280843260e-01
2.116685250559532938e-01
1.683798835981673570e-01
1.271333106680783420e-01
2.906179360016493685e-01
2.554928445284002092e-01
1.231227655065247617e-01
1.266991320551429656e-01
2.010324690069711651e-01
1.717235767257113965e-01
1.570439712492108231e-01
2.119857042618880638e-01
3.089409190053338805e-01
1.658160260354077375e-01
2.751252669837345177e-02
2.835479821993606153e-01
3.112512022271536893e-01
2.529696304323955092e-01
1.746930981654425397e-01
3.338852121760513825e-01
1.949964364253998772e-01
1.435287364824628653e-01
1.251159962695657379e-01
2.230467073337719375e-01
2.274513756783758667e-01
2.594807650765693086e-01
1.655822185891516751e-01
1.878277691691155049e-01
2.328194461886167466e-01
2.150837058740439345e-01
1.555267327796907018e-01
1.648856948454699156e-01
1.655540854759277036e-01
2.536602440529547309e-01
2.456164287685252134e-01
3.371623484479724375e-01
9.543072272134736633e-02
1.687036521041117010e-01
7.395961185328397969e-02
3.070388440872848235e-01
2.539368071565564211e-01
2.926493934712860456e-01
2.424050427938258812e-01
2.418177293869168409e-01
2.966169211247602355e-01
2.109755194375786680e-01
1.550528747371185401e-01
3.501351974642912812e-01
1.748130659152307420e-01
1.531369851145560623e-01
1.959264067744249938e-01
1.227498396090847405e-01
3.020800367548706622e-01
3.125202238428201329e-01
1.151227584356200456e-01
1.126534022833331761e-01
1.298334250152652081e-01
2.395274222204075432e-01
1.897385238468354551e-01
2.395259063488051898e-01
3.062018240794466828e-01
3.183814275535489791e-01
2.549361909198770149e-01
3.277006782291704834e-01
1.582616245948768596e-01
1.435810173198439899e-01
3.343387885397381964e-01
2.151735736839214264e-01
1.969193921845120432e-01
1.277038361034691094e-01
8.226781142524708379e-02
1.337149707576643365e-01
2.003904004679213924e-01
3.251044664928591788e-01
2.400411467209693783e-01
2.157635212352895793e-01
2.773931694192565689e-01
2.465637607711244350e-01
2.393490779272685609e-01
2.279680787171065592e-01
2.037502549591274914e-01
3.464363589987138337e-01
1.780990162949075695e-01
1.691039485066893611e-01
1.126911200115568029e-01
2.619915219841731924e-01
2.483773416864858696e-01
3.382899646808447680e-01
3.266126909899317310e-01
3.418438668219946353e-01
2.463944733789095454e-01
9.566658934757089894e-02
1.312818026809698391e-01
1.768599944087548281e-01
2.292266452636501084e-01
1.392112392168953772e-01
3.129686832430332855e-01
1.603217821657855757e-01
1.702722281023847373e-01
2.944499679727131114e-01
1.250942026968279996e-01
2.730286038579523566e-01
2.518400443518073462e-03
1.770923057533628220e-01
1.444946674097905559e-01
2.586332452873352783e-01
3.363607058083003531e-01
1.199868066367408698e-01
1.282125408055093396e-01
1.960427748394006076e-01
2.705128378966604741e-01
1.424094147213894879e-01
2.540072877281709940e-01
2.360438627448713939e-02
3.257859864695538121e-01
1.981474774771114500e-01
3.441923062119552901e-01
1.319942484847923536e-01
2.926423789911710704e-01
1.417248717980406358e-01
1.476139046274290711e-01
3.389767941414814178e-04
2.551376622105617220e-01
1.442475525693552862e-01
3.037689325461598866e-01
1.282310587966967175e-01
6.736456899679231329e-04
1.271126261643809319e-01
2.410050193264015039e-01
3.355612115506909077e-01
1.780664972502426224e-01
1.078338166475011489e-01
2.367982697820513460e-01
2.836090373058529623e-01
1.621514338857130699e-01
3.367698235054517597e-01
1.727289873527806385e-01
8.067721887395687408e-02
1.662983251580829325e-01
2.525211096351647200e-01
2.967018682155826981e-01
1.935413200166800074e-01
2.315732412839225929e-01
1.236616304966299124e-01
3.420816780617770836e-01
2.493761424275866556e-01
2.314695218269797461e-01
1.759856098769011501e-01
2.854099105931904301e-01
1.453279647925105611e-01
2.626662273831022465e-01
3.299691064449109534e-01
2.737134249977486999e-01
2.710639960540596194e-01
1.339625765711862093e-01
1.024916503896055320e-01
3.260429782240334973e-01
1.989283194570714008e-01
1.640094705294818656e-01
1.653487513100763140e-01
2.350994663698608225e-02
1.315926320432056762e-01
2.354533970615280414e-01
3.463397965772098130e-01
2.467934701594541869e-01
1.550929867473226365e-01
8.476309543620395848e-02
1.630615898977782197e-01
2.724505591178659758e-01
1.059835287590339403e-01
1.401969677750187215e-01
1.278102845765491380e-01
2.970148455790295738e-01
5.814307744644858084e-02
1.636751624029660623e-01
1.323017826962855359e-01
2.205172527581678865e-01
1.497408589036083038e-01
2.124928587131680313e-01
1.243278701543940878e-01
1.124373810444704580e-01
1.131327945088973913e-01
3.248333281475451750e-01
1.248807113513301370e-01
2.037492775665613459e-02
2.629708758027630155e-01
1.764416063876298735e-01
1.482680566410533030e-01
1.548450507183768976e-01
2.064980089790973139e-01
1.522586570844943754e-01
3.074939119297654400e-01
1.282463150896142323e-01
2.832193573636886952e-01
2.389236710238219485e-01
1.341018730675960779e-01
1.725864389334408611e-01
1.832556036394552279e-01
2.335540154776782895e-01
2.252910041452012568e-01
2.574503836016857061e-01
1.534618566630513714e-01
3.430370473787191510e-01
1.211267039318731503e-02
1.277074491382816646e-01
1.211011976348810304e-01
2.987249046416800002e-01
1.499292691561606439e-01
2.553898914198344805e-01
1.553904775626590573e-01
2.795393804828983919e-01
2.536629066827652546e-01
9.492558198861229812e-02
1.340292390780355725e-01
2.341579991243501468e-01
3.345393798919651940e-01
1.266740840786952926e-01
2.105334143421302429e-01
1.919523808527772157e-01
2.881127848403632341e-01
1.263097188150662242e-01
1.730400009632961922e-01
2.441531233560166603e-01
1.327313801405845539e-01
1.241617070260052774e-01
1.006625432071923676e-01
2.717386862487360388e-01
1.680017355944481705e-01
1.593992691650009397e-01
2.642288289430173576e-01
2.411489262694934410e-01
2.084325211675821243e-01
1.558838878473711997e-01
1.425905565588342361e-01
1.427390340687944015e-01
3.102478089820242535e-01
1.979066799882786554e-01
1.371158206316202000e-01
2.345625815018333171e-01
1.954612043378298192e-01
1.461583253993179454e-01
2.134696709322970731e-01
2.990737564536311566e-01
3.125592699161978127e-01
1.562550248769326577e-01
3.304966026806914203e-01
2.119388238251175005e-01
2.350465446631901656e-01
1.249802959239825068e-01
7.282806102209619936e-02
2.182950717036617194e-01
1.355320631846068657e-01
2.521585685101772611e-01
1.974850435109038738e-01
3.184395747063187843e-01
3.030104574679799989e-01
7.741564291455955982e-02
1.506801317902239368e-01
1.123849879671778712e-01
3.356566150645016317e-02
1.481169266313628052e-01
2.046027646962106927e-01
1.457926334063492091e-01
3.384293915789698404e-01
1.141473319580447593e-01
3.326451137561693971e-01
1.520710705153320852e-01
1.709033321176574582e-01
2.756789074571177611e-01
1.683518546408873939e-01
3.484934127463114595e-01
2.621557015860514483e-01
2.926361653770756521e-01
1.516976747848164386e-01
3.330313788156846200e-01
2.261591044258517980e-01
2.422369000891285151e-01
1.725212351317348680e-01
2.089740455477676062e-01
4.670484670302519487e-02
1.472255988963333262e-01
1.597328988294740848e-01
2.821603466815409966e-01
1.643201017338424552e-01
3.162732204113890555e-01
4.942716632577520003e-02
1.426386901645425309e-01
1.968448647647508265e-01
2.579332782741870500e-01
1.506724049592840786e-01
1.734968096110371949e-01
2.920187374386010726e-01
1.081965934879420138e-01
1.410466049224837204e-01
3.037006332563766953e-01
1.533701459348666141e-01
1.166024438067027047e-01
2.973708747656776952e-01
1.987291117271302865e-01
2.818569749936464253e-01
8.254530186633149413e-02
1.421979715028739710e-01
2.710597222705309894e-01
2.024174641519124827e-03
9.840689203141617103e-02
1.831625211488572824e-01
1.845809220853345534e-01
1.288934751125513645e-01
2.836983797981701416e-01
1.338814688385758234e-01
2.445834123636867752e-01
2.166072797357170843e-01
2.493564871596627708e-01
1.228073774809788771e-01
1.774041309824427315e-01
2.577747869363712918e-01
9.974256474389356364e-02
1.455470904006089528e-01
3.337016853433240615e-01
1.147235415646399581e-01
1.604231840653067009e-01
1.346805002436272103e-01
2.037474109697714197e-01
1.597031055174260028e-01
9.173251429376988453e-02
1.316459974536094146e-01
2.304026806201248390e-01
1.828611608584473913e-01
1.814338493237240835e-01
2.375219735266935750e-01
3.442111039424275987e-01
2.510271688780674748e-01
2.629232808355564388e-01
3.119395255642810616e-01
1.288142140930085000e-01
2.244659226974280997e-01
3.325378558760328507e-01
1.451958221255198467e-01
2.726915865425271202e-01
2.291476380567323279e-01
2.751200060680346615e-01
1.380991549410763575e-01
1.563292996409736402e-01
1.200681020098981200e-01
1.584605051195747683e-01
2.749663213419688557e-01
2.085431667563742431e-01
1.015478820003615640e-01
2.599044507574194141e-01
1.759516050290569622e-01
2.192372527692287576e-01
1.340943407762247019e-01
1.202011441159526184e-01
1.778983842352780675e-01
2.550329571028224773e-01
1.373397169833019682e-01
1.312893561716148016e-01
1.506604075406328958e-01
2.304652326518377425e-01
1.323984022176847297e-01
2.977123224671496260e-01
7.435413118911261832e-02
1.362914404588657646e-01
2.058173898229988530e-01
3.406609377877917733e-01
2.835741709236896946e-01
1.513644309609213645e-01
1.150307706162399524e-01
2.109061049890080253e-01
2.315926541128681959e-01
2.466292671912873324e-01
8.991853671724092667e-02
1.398735129133048261e-01
2.148383325986470138e-01
2.720030728195616532e-01
2.203953818523589070e-01
2.503815550009143021e-01
3.903410830844418391e-03
1.314245384747282086e-01
2.347707941663840503e-01
3.505612153683730914e-01
2.707959402627270751e-01
2.868176942315381894e-01
3.399118459778595613e-01
1.453441933614438297e-01
1.039281985787296053e-01
1.239317904428790806e-01
2.112206481700950877e-01
1.253715687426026626e-01
3.168494152276222220e-01
1.452158066505277456e-01
3.070512367715950153e-01
2.043028713870570501e-01
1.730883630830519770e-01
1.083642498091033773e-01
1.407892494601659106e-01
2.096295567549200933e-01
2.226005253713316534e-01
1.659188672567891432e-01
1.751605164224800670e-01
8.476136125787094022e-02
2.676354143030740262e-01
1.069598926922595838e-01
1.592750619609097362e-01
3.215346386939106349e-01
3.270793426253029157e-01
2.737746746716426816e-01
1.604096714676320756e-01
6.632730849225790259e-02
2.411124150265960830e-01
1.128108121038167294e-01
2.185544103245384839e-01
2.879809226733793803e-01
2.103084866642813966e-01
1.189042053621651163e-01
3.277952941212193827e-01
1.720164409774420922e-01
2.842286806701052604e-01
3.424111592753592004e-01
2.280173362988648367e-01
1.949704395564337833e-01
1.187301755439701956e-01
3.357613505265705789e-01
1.196316671635486856e-01
1.376574914861781185e-01
2.997567402404620607e-01
1.594324945578825814e-01
1.745414302417130081e-01
2.583106438500147317e-01
2.411873519079334866e-02
1.156631647861307427e-01
1.412561024543804722e-01
2.347425450735717012e-01
2.994691956833709368e-01
1.182619307612804843e-01
2.767259720254970912e-01
2.462420658581503941e-01
2.608517998724914633e-01
1.393622432053478744e-01
1.046773890413351116e-01
2.321853914295251287e-01
3.050865005364365445e-01
2.108585019070924604e-01
1.476370737813234857e-01
1.569846346312216423e-01
2.669025805660540374e-01
2.328826798459577574e-01
2.230611898891484701e-01
2.064035275223619903e-01
2.720779031986970686e-01
2.190568488272760794e-01
2.861866907051556774e-01
3.175098752889313758e-01
2.450413484139730633e-02
3.024095478582977115e-01
1.546634020741197435e-01
1.047055341361590869e-01
3.454910462132166904e-01
2.141845478372713663e-01
3.197822642797029657e-01
2.434564237091432770e-01
1.279120374780067793e-01
3.144274725036149132e-01
2.853325158057530841e-01
2.388476223761696604e-01
2.709533784966214331e-01
2.500620923411461249e-01
2.728309278632700119e-01
2.752751002795411073e-01
1.990602348423612666e-01
2.659200620672710902e-01
3.386118864883450597e-01
2.571014035896189154e-01
3.224887212348503396e-01
2.434586904260406248e-01
2.362567508830532570e-01
1.993864398091972634e-01
2.360289060629435498e-01
2.334037958513641986e-01
1.854906725305780490e-01
2.153475161438664631e-01
2.283980497523025177e-01
2.227741443859439507e-01
1.371502596178246214e-01
3.246947416636460360e-01
1.778528709813232134e-01
2.555076761444454170e-01
3.099607293067050962e-01
1.240887461857835827e-01
1.637546755767553264e-01
9.996390011980628432e-02
1.471161315724804630e-01
1.856750821407749663e-01
2.492488871552560881e-01
2.659003394552953425e-01
3.313727098328332898e-01
1.694722683795374385e-01
1.346948184274566473e-01
2.684934595644662969e-01
2.365199304150523985e-01
2.459621114067367942e-01
2.832546467358576514e-01
1.270550101801425635e-01
3.330325891524006376e-01
1.829154160873206758e-01
2.989330035312712242e-01
9.866718906949822898e-02
2.854417916595621829e-01
1.259403080158494059e-01
1.762045111238745021e-01
1.174286754954572271e-01
1.971005721630187113e-01
2.972306388450164927e-01
1.549022211146280636e-01
1.052997750012078654e-01
1.404879712937604497e-01
9.487642841909549318e-02
1.465235293925755133e-01
2.259576242871688956e-01
1.489793442606237583e-01
2.029725344237681695e-01
1.810822367289218193e-01
1.414222792832597053e-01
3.476863263015923522e-01
2.983214398853226701e-01
3.058737505388891553e-01
2.141661246086014048e-01
3.225279019972225880e-01
1.677811565774518232e-01
1.384562104615336131e-01
1.863102828137887801e-01
1.367392024475883316e-01
2.491589689344442249e-01
2.657392089104968491e-01
2.714391338569319134e-01
1.217977801141863631e-01
1.418855606642006051e-01
1.400782924492278703e-01
2.283547996870619046e-01
2.308437074377522324e-01
8.100906359505713125e-03
1.865374936559770491e-01
1.841320189234076921e-01
2.789031461014993551e-01
1.657875503149548735e-01
2.458136358765138640e-01
2.835672156756898765e-01
1.675900775010231714e-01
2.050247179206162174e-01
1.951285185892431273e-01
3.215001681940429235e-01
3.225654043639727964e-01
2.229962891270341196e-01
2.576094182289079271e-01
1.906898727070196753e-01
1.050891264003316061e-01
2.757665419687281849e-01
2.766916604361607246e-01
1.068066820418437646e-01
1.454461981984027652e-01
3.405548534683388029e-01
2.319139854694151071e-01
3.478519823141418277e-01
3.011180897745534546e-01
1.673561382148721355e-01
2.792010643835730055e-01
1.959193258013559591e-01
2.241380510260542469e-01
2.870161950530761286e-01
3.238857268377403620e-01
2.028914258990648645e-01
1.208836878020736888e-01
1.843666573255285102e-01
2.586733896420547185e-01
1.976338072255397760e-01
2.071363778214972418e-01
8.197331881468648829e-02
2.320825861073573804e-01
1.379365165426645889e-01
3.115930302270204511e-01
2.863134775028487455e-01
2.764237761035940322e-01
2.490036287164816287e-01
1.397446313583411426e-01
9.075004531609173752e-02
3.418667801773010995e-01
8.855303273765703642e-02
3.089056690718659515e-01
1.812682470086878217e-01
3.117620925208810512e-01
2.796579147678638910e-01
1.237625742245489213e-01
1.999924526393544177e-01
3.239937640722678203e-01
2.090816423517199985e-01
3.309716353330278693e-01
2.084807838509231681e-01
2.514103491145627256e-01
2.551898274813233503e-01
1.875900286908411263e-01
3.199858282780593255e-01
2.678831398816597376e-01
2.561998859987924537e-01
2.595304168902341502e-01
1.704845810632964476e-01
8.231574199468584541e-02
1.600931597444948951e-01
3.002350268986012649e-01
3.395317867789374167e-01
1.419957573572880605e-01
1.270484451586501584e-01
1.291579325329859085e-01
1.732629055300832777e-01
3.116620117245762489e-01
1.070221275224560453e-01
1.781426864734871607e-01
2.706772720221924389e-01
1.538743416644010598e-01
3.481713382798385936e-01
2.318233976348664516e-01
1.461933603598801756e-01
3.181992608318086613e-01
3.206793406728662976e-01
2.944184443766510451e-01
1.974891314997850866e-01
2.372037373482001610e-01
2.033961281824924194e-01
1.639591406339711011e-01
3.503070348775672582e-01
9.773185053899857699e-02
2.776020975386966350e-01
3.497479628033690613e-01
2.423435983751490719e-01
1.412188504519839294e-01
8.984625293278801494e-02
1.492155571420896165e-01
1.521313609495615893e-01
3.184750649533664713e-01
1.208966559605277741e-01
2.351893633184386490e-01
1.414347289216409675e-01
1.568923522992412833e-01
1.185488016133880440e-01
1.549536269975933800e-01
2.777287218017941428e-01
3.105696381428285080e-01
3.310124035226268968e-01
2.165865669300766627e-01
3.057250029256703971e-01
2.788463480867645061e-01
1.246646167083807488e-01
1.372927762930751527e-01
2.364838448529960613e-01
1.914425206672395186e-01
2.650033351023902695e-01
1.889442239809105140e-01
1.191631022375684579e-01
1.396106460023503471e-01
1.274951950328359063e-01
1.888038255603252391e-01
2.323479409568092457e-01
2.415179612154460531e-01
1.333382374620468158e-01
2.973375046558075496e-01
1.872054924853384372e-01
1.374444535106398857e-01
2.414244843868579016e-01
2.712751511406703009e-01
2.718545352802853032e-01
1.554156615742079139e-01
2.030657907237206072e-01
1.104591448864780112e-01
2.201530106108629814e-01
2.886155428994550687e-01
1.028588563352715451e-01
2.935240059687895253e-01
3.222429943944930542e-01
2.716229215133672548e-01
3.123535348876336215e-01
1.050808734338182227e-01
1.981778861875346243e-01
3.328404662828747806e-01
2.640456666982956557e-01
1.590959176957469634e-01
2.568194931827957883e-01
2.418466626554587051e-01
2.771076007623926585e-01
2.841387145280027671e-01
1.220677107444232551e-01
2.777512921214314590e-01
1.877978077647304012e-01
2.538810999966567006e-01
1.937788881527169049e-01
2.713722786792158170e-01
2.353748679052855008e-01
1.316224956830940040e-01
1.297228207591145099e-01
2.441031283945923613e-01
1.640100868087404906e-01
2.522826150922566346e-01
2.872377306965373522e-01
3.375211822876456602e-01
1.025659313381395155e-01
2.367812650512411687e-01
1.696747268040394163e-01
1.667791727673145208e-01
1.669472073824757041e-01
3.322941180963888685e-01
2.961210875497607975e-01
1.499774772823223301e-01
2.980311457982032786e-01
2.524383145677218665e-01
3.207271987692771886e-01
1.290686956756849080e-01
3.072814329966498947e-01
1.374056599311123394e-01
1.392682789675327715e-01
2.592435223721347159e-01
3.228665960476069796e-01
2.166851306601966787e-01
2.780474354848573304e-01
1.986954276942421993e-01
2.333653780682928280e-01
9.005731036971324766e-02
1.677088027388358438e-01
3.272848384543059486e-01
1.215228573679734275e-01
1.668817412348265750e-01
2.039596854526129766e-01
1.918534372857383097e-01
2.048748673062747161e-01
2.320769588255860993e-01
1.511594949177701985e-01
1.912140161542705830e-01
1.492138961397518060e-01
1.788185282994686487e-01
2.280921161504855244e-01
8.421668221005354504e-02
1.769735320012019719e-01
1.998402021023500674e-01
1.164132984715723629e-01
2.126291589169589935e-01
2.596854025480527794e-01
2.183340868773112620e-01
1.932276429105344862e-01
3.088861534840942058e-01
1.450721109125799879e-01
1.994802442651657792e-01
2.543696041264292829e-01
2.962678994313809877e-01
1.716008751091179785e-01
2.128009714782414519e-01
2.055948116466790321e-01
1.893526839731936862e-01
1.407381706793074394e-01
2.044810494678190593e-01
1.125814780284679351e-01
1.811765402839823069e-01
2.654549555613442968e-01
1.128270159461613048e-01
3.156689454689509677e-01
3.196693814780136589e-01
2.211771947238410641e-01
1.194113464528779867e-01
1.466828254524331632e-01
1.604357006984718503e-01
3.154125658583122327e-01
1.432662106005030966e-01
1.422049466089910230e-01
2.750805995485574029e-01
2.776561911089438506e-01
1.636478770435012275e-01
1.862615969241944724e-01
2.190848709594273580e-01
1.502115174849858736e-01
1.095673854899245625e-01
1.572084841098873864e-01
1.903501134062227651e-01
1.762207723425405215e-01
2.471711802341559350e-01
2.519390298995768385e-01
1.646125194503081923e-01
1.658384861289682599e-01
1.718203599357801259e-01
1.463271804031152645e-01
2.916097345831941134e-01
5.212563574477075204e-03
2.033223421289646615e-01
1.889269869189226791e-01
2.525080485130415942e-01
8.125561940415669537e-02
1.743007881376364976e-01
1.420098660619415198e-01
3.040257686075465982e-01
2.590705728911585348e-01
1.554234674727955900e-01
1.358667662699797885e-01
1.194934201961479481e-01
2.536105931540965086e-01
1.261570523140483902e-01
1.456867369852738181e-01
3.354879590788218957e-01
1.998881353728167165e-01
3.201666021898515457e-01
2.251770256202565990e-01
2.631753557607442451e-01
3.316561139419201276e-01
8.686466505569021002e-02
1.133159288684598698e-01
1.000984941820343421e-01
2.419448343676738611e-01
2.165630306193847554e-01
