1.325077928466408990e-02
1.831222430466376283e-01
2.199869944697590285e-01
6.601954802928075572e-02
6.551167659120413211e-02
1.044774158236137437e-02
3.098890267713219071e-01
2.795499084085142361e-01
9.132078054918886523e-02
1.922712682100393214e-02
1.228018311016416605e-02
3.106414743895905550e-01
1.143050353766644767e-01
4.617964015281523366e-02
2.600664331977795563e-01
4.104166519493076398e-02
2.033499365908685019e-02
3.791587157914051709e-02
1.803861732478852231e-01
2.371972996449543333e-02
4.595828901486356810e-02
2.855942873953980499e-01
1.242205761145833282e-01
2.533773540378277400e-01
8.424110486610743298e-02
4.743506945140219672e-02
1.567894488812084652e-01
2.354479277757614564e-01
8.533586725613656609e-02
7.715912369219328493e-02
5.306640500434055795e-03
2.859329138520663172e-01
9.873676113117033082e-02
1.030109406545416523e-01
8.373514755580815927e-02
1.361285507366479797e-01
6.779982750358519612e-03
1.555305759461936277e-01
2.299268470743794646e-01
1.172208802059539895e-01
1.335605366250849912e-01
2.105818441232641669e-01
6.259257654096138379e-02
3.423623428173486888e-02
3.941513300065900734e-03
1.985569356947277861e-02
1.308332977752839354e-01
1.123388532782247096e-01
3.962893996082902243e-02
1.729313294253890243e-01
2.649396474862834167e-02
1.796770020331986684e-01
1.356231635401279056e-01
6.634065719503690062e-02
2.292927235491518390e-01
1.783464343379672357e-01
2.465047422755530238e-01
4.663209034465364694e-02
6.201226940095638795e-02
1.678427862806798898e-01
2.464302571689389043e-02
4.957392512672216534e-02
1.697561346346848077e-01
5.082513141258752920e-02
3.127908049709223204e-01
7.945427416211982979e-03
1.510934917476711853e-02
1.540564708584958586e-01
1.502863440115767731e-02
3.679123209111814785e-02
3.043645527725162211e-02
3.068167591132794358e-01
2.345256173537428254e-02
1.009451010444058772e-01
1.404278397499661435e-01
1.124996463718003770e-01
2.338415536008474349e-01
2.733333365822386285e-01
3.071157962596960944e-01
3.002873849954608709e-01
3.219203189028067152e-02
1.007437675662132964e-01
1.914250666680257229e-01
3.654910514912739633e-02
1.659742062096769555e-01
2.361414638984785930e-01
3.146613538642009655e-01
3.527397462014120882e-02
1.332578094165224325e-01
1.455513895490426757e-01
1.783301806677290158e-01
9.560869800948080047e-03
1.610244496512368978e-02
6.350746326284595344e-02
7.186394552141613275e-03
1.828608303823578973e-01
2.258855115269528813e-01
3.060273794678894932e-01
1.833157476809936515e-01
8.466366393372894497e-03
3.308471590779418336e-03
1.867035820395401835e-01
2.746396931977995171e-01
1.952518517589513225e-01
4.588277205310913737e-02
1.176367981667292700e-01
1.378719025179643287e-01
1.021388370926569200e-01
2.093711493433627613e-01
1.709235870896798071e-01
1.972946115950321433e-01
2.393307554237324719e-01
9.971563930620384875e-02
3.043945159768289034e-03
9.585777056399405471e-02
1.268128040046258287e-01
4.222360853625792276e-02
1.115701669982938071e-02
9.498201571365175178e-03
1.681169661559584749e-01
1.844436395860238982e-03
1.509092569063717922e-02
4.468572366987810796e-02
6.357041735409041383e-02
2.857847700076571740e-01
9.853853836850749726e-02
1.375998571009297844e-01
1.789957813029565692e-01
7.313824356895645695e-02
3.094460439621807835e-01
2.537964944301906445e-01
2.985589053882429719e-02
2.166305845244919093e-01
5.811517723517640316e-02
3.973991831991297713e-02
2.907526525826496511e-01
2.832646855060769742e-01
2.424059105783163137e-01
5.690761314189932835e-02
4.568937938319206360e-02
1.011184598450328986e-01
1.145691363582226480e-01
3.598590278639680201e-02
2.988905132907089257e-01
9.288974888712260569e-02
3.099510864677876842e-01
2.776612641045926311e-01
1.512370504627678566e-02
2.411678677571750806e-01
1.449592425394929107e-01
2.287978083052473743e-01
1.421644296779350503e-01
2.172988022799306196e-01
1.718105136886808049e-01
2.000974031677943132e-01
1.226343257522539698e-01
1.002432228729173286e-01
1.562448821962876266e-01
1.266810925350604633e-01
3.550206508313749620e-02
1.045060532013169091e-01
2.002506324018112627e-01
6.374519637856414234e-02
4.281529177994921470e-02
1.739503056131965486e-01
2.355732314995929721e-01
1.074832062344294008e-02
7.696947327695348277e-03
1.865717200557183153e-01
8.749368977082977450e-02
1.228753721371379087e-01
3.556026936030010077e-02
1.026612134911931117e-02
7.422414535763359467e-02
2.088816475774324388e-01
5.394994932837062634e-02
2.395773225423542541e-01
7.570252339314183232e-02
2.946240143953511859e-01
4.858924820207984746e-02
2.463901363555148216e-01
5.597678151402945418e-02
2.642203970321350681e-01
3.156675969437169188e-02
2.921311966480248379e-01
3.722811109618470466e-03
6.368655160100000767e-02
3.085339488738338964e-01
8.923513222708263914e-02
2.981115128437347717e-01
3.643879391176126081e-02
1.512748256127993962e-01
1.204817889009962284e-01
1.096525296155191065e-01
3.368345578927969125e-02
2.309156068404809581e-01
1.409879081746604479e-01
6.166441209252773031e-02
1.024121743891978492e-01
2.697558208632190313e-01
1.251880924607800261e-01
4.079808529683840584e-02
3.033999383305698849e-01
1.599456080025654092e-01
1.971603737314645693e-02
2.383623313250183007e-01
3.607704423599123605e-02
9.625835144059355711e-03
1.834468989829439178e-01
3.062362828905364209e-02
2.792236970637285709e-01
1.569709776116428035e-01
5.919263066634683490e-02
3.218254947806107880e-01
1.395599953085458478e-01
1.001926507540325112e-01
2.221367257798257180e-02
8.483157821194058090e-02
1.783936319345155452e-01
6.604041103061374270e-03
2.276973943484342511e-01
2.643411138390675680e-02
1.808251422200019389e-03
8.702548941060564425e-02
2.760770986526007165e-01
2.760813496685001756e-01
2.769393303780454119e-01
2.946832633506596966e-01
2.570611506921518519e-01
3.823124714300940585e-02
3.946603010618202068e-02
1.115256795491233535e-02
1.614554414904489366e-01
1.067366684195978077e-01
1.367436954892901346e-01
1.542251228268756436e-01
1.697070752647148739e-01
2.272075404757811778e-01
3.538316194517447666e-02
1.641114658807243665e-01
2.200161296296976599e-01
7.189669691525273076e-02
1.419964467713591139e-01
1.546198551942163692e-02
3.064278698015629465e-01
2.908751248669883549e-01
1.236807548209883090e-01
6.792822738777595792e-02
1.333404164230486133e-01
1.800350968500923077e-01
1.930278664175537062e-01
4.392113723378295032e-02
3.975628491914928730e-02
2.453682654845945887e-01
6.399627242744571065e-02
3.764102004722005845e-02
1.009962614140618060e-02
1.270366629332131056e-02
1.098969091664339787e-01
2.728678063787977059e-01
2.651473052633018801e-01
1.508451020623352914e-02
2.930200519656528946e-01
1.939309746627430053e-01
3.317651765823169396e-02
2.087706280331236286e-01
1.774114688286834163e-01
2.346120293838159510e-01
4.007479064275492470e-02
1.578462232314436359e-02
2.870745092584392477e-01
2.855441391806246010e-01
1.563519266651451356e-01
3.142157780597416017e-01
1.779026105862011597e-01
4.000230818052138287e-02
3.115172153609160333e-01
2.623192798641820200e-01
1.966491111265816216e-01
2.719317630103246231e-01
1.898932473284981048e-01
7.187686901799843209e-02
1.129650706062420296e-01
1.032055693486580716e-01
1.020829937273838930e-02
3.069084924694466809e-01
1.746055838201836796e-01
1.204135519650850888e-01
3.697187775089461059e-02
4.153692577299370609e-02
2.421577214125802680e-01
2.886660462442603992e-01
1.165970257167303070e-01
6.741563539317334264e-02
1.892378953926377172e-01
1.234493301252003600e-01
3.457129857030154935e-02
3.218604542645979172e-01
2.703767614392041038e-02
1.624060504202908678e-02
5.974302121027785795e-02
1.255326327019874177e-01
3.201791988843123715e-02
5.360830616370419049e-02
8.691452790793547517e-03
7.669494958030030618e-02
1.015155524838608492e-01
2.265760756136130094e-01
3.022187870433182266e-01
2.380501048260146857e-01
2.575508672433533472e-02
3.042612580975786463e-01
8.703462187471117106e-02
5.366175981608480722e-02
2.978450487743832843e-03
5.150389365400760006e-02
1.292811423764063210e-02
2.524878237684208826e-01
3.168788931780364138e-01
2.406372676305493785e-01
1.223592374997657141e-02
3.005253494919958301e-01
2.110175043851704457e-01
2.244817222344904772e-01
3.215686639021816395e-01
2.691120601974866106e-02
2.001121967485916808e-01
2.551446500480733515e-01
2.324261845021710904e-01
2.010062364385126754e-01
1.020625276749472371e-01
2.232479568900510025e-01
1.517781161626855779e-01
2.294772574264399290e-01
3.011367757075814403e-02
2.206959810081796924e-01
4.547558866990134008e-02
3.665975353048021856e-02
4.507580822751001970e-02
3.477269024551529752e-02
1.381086649691109780e-01
8.665942201691534397e-02
2.083460682339702830e-01
1.773549294376267765e-02
7.452330582701655048e-02
3.443781755484729562e-02
9.666825852470325650e-03
3.597759798024888211e-02
2.954301510182398283e-01
3.767416625844510758e-02
2.575728564281773436e-01
1.669207601295790988e-01
2.779624264636718078e-01
8.949596658149248929e-02
8.217554310280916763e-02
1.544029868596490940e-01
1.958830937470854711e-02
3.897351776151017355e-02
5.091432681162554735e-02
2.236017342399650443e-01
2.099428049443739439e-02
6.121706112025752933e-02
2.088880894890610407e-01
1.148493582810383856e-01
6.050564602937411746e-02
1.821228952802397549e-01
1.936935363390038523e-01
6.166377539403613411e-02
1.350631361768992178e-01
3.206272970504925324e-01
2.679991022939351430e-01
2.675792795211926964e-02
2.590724456414581489e-01
7.059272569788334339e-02
1.045329799687387679e-01
1.045595689662505573e-01
1.670160550130571353e-01
3.054116145110195024e-01
1.521080419609388834e-01
1.192530017169937534e-01
2.111056730332414311e-01
2.915402400404758579e-02
8.075558371710207795e-02
9.144819121992361910e-02
2.053345524966492530e-01
2.040144199402772196e-01
1.999049956822372409e-01
3.331706625702268026e-02
1.253805582646808914e-01
2.034284523130528710e-01
1.915261809512303348e-01
1.348475148803872092e-01
2.224412084951678803e-01
1.291341845391151821e-01
5.877764325192780942e-02
2.441209615791960566e-02
1.529750644156326611e-01
1.144898324036459081e-01
4.037368091699692491e-02
2.693168207131123593e-01
1.113399666634598550e-01
6.670876656483830380e-02
2.345704209926031680e-01
1.307131220387054704e-01
1.981295500259943054e-01
1.110613069103958406e-01
2.622403128491602176e-01
3.903872223743887204e-02
2.581727140659680897e-01
1.244794892580788070e-01
1.958762083820675404e-02
5.968618329062252981e-02
1.071425878004375887e-01
1.708746931368841926e-01
1.843014925323417097e-01
2.260346247380456142e-01
1.763331914132079681e-01
2.524127988967680425e-01
5.032791725437233549e-02
8.004218286794213821e-02
2.803222011555107085e-01
1.529536575424590705e-01
3.134874802564320828e-01
4.058365493034767936e-03
1.279538215004878965e-01
1.629142163413075106e-01
9.864386937706040581e-02
2.107195568605902125e-01
7.142460003626352472e-02
1.113901387676719534e-01
1.907620075050844299e-01
6.723412019523372640e-02
2.782578887351264130e-02
2.016748385260177245e-01
1.604319074595937991e-02
1.925678361830840679e-01
3.724396004295659618e-02
7.867368364183555118e-02
1.643276001883861304e-01
2.958425134083748076e-01
1.723954306179698373e-02
1.623492614480959162e-01
1.865541906357024993e-01
9.414895568015365160e-03
1.736107697687069296e-01
2.504844968338001965e-01
8.198978823441395447e-02
1.986060123759411378e-01
3.166761321173438559e-01
8.681877769568654700e-06
3.472213079367680172e-02
2.684575227279414333e-01
2.479694073721730174e-01
2.933672711532762656e-01
3.015773047304918797e-01
2.412424601087728715e-01
1.212212048796873221e-01
1.411248240724843062e-01
1.457905319687465562e-01
2.587808434205312036e-01
1.669262299902779800e-01
1.257629694392353725e-01
2.729674242980151266e-01
9.923829866006808609e-02
1.551291604979752881e-01
2.027886786814056888e-02
7.929173572450470830e-02
2.099156703295553539e-01
8.857891041013993272e-02
3.750017287482674405e-02
2.575395267609351113e-01
5.598404821237223938e-02
2.010445309947263004e-01
1.358649493360139793e-01
1.266772553535455703e-01
3.025274521241327341e-01
4.170031330438715017e-02
9.531156426892073430e-02
2.304375001523463473e-01
1.835412919651132346e-01
2.119702975539467793e-01
6.626523957490640382e-02
1.355774627959046852e-01
3.662973553108918312e-02
1.655978543008096437e-01
2.231469213454295719e-02
1.961482635397890084e-01
1.054018815249061353e-01
2.864906126874505743e-01
2.403380495754219026e-02
5.444267546003214026e-03
3.318884020848333893e-02
2.763922566191595598e-01
1.594586292090924978e-02
3.229202370398235461e-02
2.066901030984279186e-01
1.351758024291931266e-02
2.720052746380299813e-01
1.988335630354809425e-01
3.142630551585904874e-01
1.543165457703781773e-01
1.585977993585382939e-01
2.748676729566185695e-01
1.805813250827661420e-01
4.190407913104524096e-02
2.418322273385765109e-01
1.407949894447168421e-02
3.617889379858740817e-02
2.832853051779307685e-01
2.215758027503885452e-01
1.464500989954161114e-01
1.057786860314930827e-01
2.206422031912762260e-01
2.216969947076372349e-01
3.148685132416389337e-02
1.456032830147862833e-01
2.196525058025998456e-01
1.066418352102443262e-01
2.943138726783612324e-01
2.722227097211400992e-01
1.412168906883162767e-01
2.364421462778827643e-01
2.666503964514285174e-01
2.024293590614635596e-01
2.569793285163768717e-02
5.191757910684169364e-02
9.344301438148078232e-02
2.781357146003304512e-02
2.010974416500557749e-01
3.113584294008871489e-01
1.234134463642058525e-02
2.611047885761875187e-01
1.885861610527220789e-01
5.623342383514051690e-02
2.767857161199851687e-02
7.532473158804199424e-03
2.886504576108697151e-01
4.016267744750583180e-02
3.562349903315494698e-02
2.780462293096528856e-02
1.260360521804170658e-02
2.263824146786007074e-01
2.250678755325889457e-01
1.088825958468649241e-01
1.227281043443226478e-02
1.957607522233639485e-01
1.000801257844485120e-01
3.467806666695007201e-02
2.686598122205047789e-01
1.851061351172790265e-03
5.846776088182826375e-02
6.651855500060577936e-03
6.310565510530816158e-03
5.331704852959131408e-02
2.841138500392563770e-01
8.212810359606731447e-02
1.219231485490163691e-01
1.370509987922758355e-01
2.614450994959656091e-02
1.737605171235155968e-02
1.542343473947813959e-01
3.092291743225035749e-01
2.663923987159338980e-01
9.683435348729521608e-02
2.000439426486320671e-01
1.980752864885881315e-01
1.360796696980370035e-01
2.548713680540009019e-01
2.981444404595557929e-01
1.484612393876885428e-01
2.321580210175912262e-01
1.632494103871127977e-01
1.591710473862137654e-01
6.092428814843189877e-02
2.259497152175626022e-01
1.042292690169679126e-01
1.344321020187534410e-01
2.804396191928122950e-01
3.146999774521221926e-01
2.805379674317994843e-01
2.069245888702133523e-02
1.132521322432843321e-02
1.894604760701592561e-01
1.704744684368701413e-01
3.062220645835326271e-01
2.633155314689241133e-01
6.645236302475655832e-02
2.673295553097089217e-01
2.814388300749088856e-01
2.567115545729162923e-02
1.087405733958007881e-02
2.098685814776475311e-01
2.178398297768160616e-02
5.105883769404926525e-02
3.557277779393151762e-02
3.058637257838149326e-01
2.324210015607403035e-01
3.209756142664806355e-01
3.182070094686042516e-01
1.641681211609931357e-02
8.581113231068959735e-02
2.266550852331544463e-01
2.833459393960034989e-01
1.975862596694827611e-01
1.961898395963238284e-01
1.288230388313788832e-01
2.752225592984307023e-01
4.771654082966879373e-02
3.856500804599915372e-02
4.174626650006309225e-02
8.693045024913276242e-03
6.284361825605025431e-02
2.675449682256180600e-02
3.010516615256320083e-01
3.181104757261502686e-02
5.431049919522959457e-02
1.945373211609146679e-03
1.466458493612746716e-01
7.595441783563812443e-02
1.121359927520683558e-01
5.591746363338735010e-02
1.515244601306139083e-01
6.019706593909245756e-02
2.105699349106263663e-01
3.927639713353107964e-02
1.118696922567606888e-01
2.463824631523193198e-01
6.705078447585016699e-02
1.475331840544814310e-01
2.493043758856937908e-01
3.780738118578939877e-02
2.385269492057974505e-01
1.524869900697492231e-01
1.257768542710507587e-01
1.441090650789300376e-01
1.337043434639734185e-01
1.387820454514989976e-01
1.273506100605860392e-01
1.147966868679591024e-01
5.276201317748162312e-02
1.046522455176912697e-01
2.173699325327089482e-01
3.039889307030916310e-01
2.319434044401791351e-01
1.747078814667048230e-01
9.394330924717654574e-02
1.677990870570258419e-01
2.105510421687872558e-01
3.183697579965479862e-01
2.651261823929595973e-01
1.868959418756524493e-02
5.043377392071014820e-02
1.108850024251017835e-01
3.176327103171514565e-01
2.049175120100581726e-01
1.771498242372962773e-01
7.313250128315104681e-02
3.268835472597051567e-02
1.534798303407660519e-02
2.190389565869928223e-02
7.095913466297592252e-03
2.865742754228552958e-01
2.247793846851922628e-01
1.335346218196477308e-01
1.501386952906050842e-01
3.864793333138637904e-02
3.543033107467262466e-02
1.294282934059335331e-02
7.857065923908604366e-02
3.006364784192058215e-01
1.062223457594451415e-01
2.670025616952958480e-01
6.896748177783004752e-02
1.559484713141619794e-01
4.486569461360879335e-02
2.210504837000252035e-02
2.951878899380963595e-01
2.103656930433809857e-01
3.368356332305989798e-02
3.801566673920796918e-02
2.325689545680931503e-01
2.579833687254928787e-01
9.363590742663237265e-02
2.482075549759594768e-01
3.194352625272394719e-01
1.325305987108093830e-01
2.813295211508514693e-01
1.521864183634910050e-01
1.046867174341345047e-01
5.755480686484583386e-02
2.872665212067142537e-01
2.471595789064842952e-01
2.567118346179561583e-02
5.126262937246860163e-02
2.716613377524935147e-01
2.010661205542770003e-02
9.506005071996145861e-02
2.088120539366760675e-01
6.229228267216966285e-03
1.069829758452591484e-01
1.022189633329549652e-01
1.096163381723460478e-01
3.216526430654422231e-01
1.045103866377103674e-01
7.647155861251368758e-02
2.185753373822362233e-01
6.321240949185469304e-02
1.438871810065354695e-01
5.300894786698705924e-02
1.149403683869211490e-01
1.076557975976662716e-02
1.076009935581118682e-01
4.684604779378669093e-02
3.176182505167585712e-01
1.971616396542215932e-01
2.796872950090721899e-01
8.794751956909051260e-02
1.552734105981734281e-01
1.949231751565180457e-02
1.157998904683954222e-01
1.368528282040858413e-01
4.235646583598636460e-03
8.713888908365344244e-02
2.565706167534088644e-01
8.522617979686947232e-02
2.639038435709684660e-01
2.958398224327704051e-01
1.088771926271349111e-01
3.068489327219001139e-01
3.012803959053005354e-01
1.323481871845374157e-03
4.970851771258744112e-02
6.823650681310271249e-02
1.321083010674110013e-02
7.379445996490138771e-02
3.128040057551198516e-01
2.467396740878178085e-05
3.371593281112571922e-02
2.408469125588501847e-01
3.104614652292108645e-01
4.919828564982264146e-02
1.107272739233007980e-01
4.010837985624972866e-03
1.766883854972141343e-02
9.922382640288093802e-03
2.451185720333541318e-01
3.966620544594667841e-02
2.083419378349506967e-01
2.960431345657406621e-01
2.909771588915358587e-01
6.257486295055449295e-03
7.491191801197240839e-03
1.167168927589403993e-01
2.925542735414736750e-01
1.753813980235671699e-01
2.339320211027068608e-01
2.112750521621405420e-01
2.642697116898008458e-01
7.038917544900391565e-02
2.541795723058963841e-01
2.005650835004080257e-01
2.876686874946678962e-01
2.968691792920647443e-01
4.730502131160866514e-02
1.851760625393180648e-01
2.849940316917187189e-01
3.011766080534212797e-01
8.213173985707301894e-02
1.468180487197383866e-01
2.496437361155926515e-01
9.002701191012636717e-02
5.471491630324210736e-02
4.455022193970299346e-03
2.885310894236529089e-01
4.649119968593806024e-02
2.811681226493200833e-02
1.776108514238766423e-01
2.561136879849474357e-01
4.896480449731436049e-03
8.593768677740928896e-02
4.844310266224585715e-02
1.351722920927120493e-02
1.965565671345390897e-01
7.754827954311122040e-02
8.850815966056499451e-02
8.182251047259454790e-02
7.372781283977471178e-02
2.773126387439409646e-01
2.684521906348243392e-01
1.848175260656343410e-01
3.029725810845808054e-01
1.596148700900244521e-01
2.951649283488346209e-01
1.099545757947368863e-01
3.057085541815307006e-01
1.362321081450874327e-01
2.093425139619247144e-01
3.956824050250669356e-02
2.905704482835730906e-01
1.918634065897959207e-01
2.749265691441636350e-01
6.879087085052745798e-02
1.962128456453558420e-02
1.259051103729608712e-01
1.162498482402734429e-01
1.751511224103243225e-01
5.491453814670706896e-02
2.503810691966474877e-01
2.873158266923745985e-01
3.453497389776249982e-02
3.208222508918937010e-02
6.625619362648473010e-02
4.727781237553138616e-02
2.900825197347539075e-01
2.089735387780142228e-01
1.477736402169934904e-01
8.243045384890694896e-03
4.689612349377497540e-03
2.150340327286986153e-01
4.157879327791183521e-02
2.318927691750295450e-01
1.682667797508165808e-01
1.686732263122802389e-01
1.754035647857141722e-01
2.654393627454980087e-01
1.106807867492271835e-01
1.640992603246504700e-01
1.468859646128477248e-01
2.628843116986975120e-02
7.480966895196358712e-02
5.077456822669504377e-02
1.281546483193776176e-01
3.174772952008867999e-01
1.082477241701868959e-01
1.529721378116110919e-01
3.210440337435470637e-01
7.391363862060454371e-02
3.145433054610696222e-01
1.702103023539081605e-01
1.129584409224824726e-01
3.320477675935926826e-02
2.497533782518270573e-01
2.927842518664764415e-01
2.492717470701237559e-01
9.990259648022611905e-02
5.782710255138387434e-02
5.828554285175924221e-02
1.061828311208877079e-01
5.856864206312445420e-02
3.175828250241413686e-01
2.818364953068658307e-01
2.441776859562196644e-01
2.678378897664041580e-01
1.389397226400477039e-02
2.432312959909143923e-01
2.111985781871921763e-01
4.979809404524711963e-02
1.871625197584754208e-01
3.523293968370105889e-02
1.230948046314058186e-01
1.678669716513293830e-02
2.677647680047484657e-01
1.156639136618655278e-01
1.924431236074632956e-01
1.480734932082148625e-01
3.094312504269184361e-01
2.715099596511555413e-01
2.896716289129367405e-01
2.920814887905988089e-01
8.197783136105427429e-03
1.855264247291609769e-01
1.485623138137830146e-01
3.116286648756417740e-02
8.312817784894412088e-02
1.144285133100839819e-01
4.321267407909459846e-02
2.036955212855058039e-01
8.249189544690326004e-02
8.187159347082466343e-02
5.160868965911535877e-02
4.750997908259076835e-02
2.613247947806813798e-01
1.257047674099653622e-01
3.618449677244871959e-02
2.396532860139432008e-01
1.907028953579479810e-02
7.785108411576605048e-02
1.450911106637973458e-01
2.877237147569315368e-01
1.276195724152808519e-01
3.484393594335026545e-02
2.181313579786842982e-01
6.452093872895169058e-02
2.052243505243124544e-01
5.985982371942812769e-02
1.220799434724818000e-01
3.041507527408757183e-02
2.232250114992316292e-01
7.557222836965835078e-02
5.142117984573386230e-02
1.587799194101782371e-02
2.206252237167363392e-02
1.397074873405914665e-02
4.664318300784559002e-02
9.790522489591210742e-02
3.562860034257230024e-02
2.064800443257170867e-02
2.819194732482510068e-01
7.515807932629814392e-02
4.403239662310420854e-02
1.000850717959652324e-02
2.124732467513465103e-02
9.615071885039744304e-02
1.721520432947264839e-02
3.260102658011622152e-03
2.600974617213440143e-01
3.044982524186923278e-01
1.228475314212729430e-01
3.152027962334598143e-01
2.340026677561563018e-01
1.186958957443403351e-01
1.943752193361318603e-02
2.892054589295968148e-01
1.080229180250670967e-01
1.194548259158969596e-02
8.905457583878660655e-02
2.414708832869827404e-01
2.987712860207666216e-02
1.656053742246754723e-01
1.422397511946707493e-01
1.570742476356046802e-01
3.906523571054074107e-02
3.176805083172485333e-01
8.658619730692926342e-02
2.310627996095364345e-01
3.036615248092331895e-02
2.585383916311685404e-01
5.813554557825903468e-02
1.643420812163251532e-01
3.114201035203523760e-01
3.040932274975741492e-03
1.639851174568500158e-01
7.198285855759735397e-02
2.071627784638487013e-01
2.439567382046697319e-01
9.685787284046656898e-02
1.365810666027064968e-01
1.510890509440164509e-01
1.639489133374345264e-01
2.367839232578391739e-01
5.669172025908775225e-02
4.361032473971036827e-02
2.736709126804387493e-01
1.779748435721432154e-01
2.776615854217454396e-02
1.462377322639030475e-01
8.665457698365340924e-03
1.576279743982444970e-01
9.437457866788175054e-02
1.324446896066257262e-01
2.069975754162156900e-01
1.036408566305931610e-02
4.587046115424392445e-02
5.499900256070056753e-02
8.158315912848003448e-02
7.025346751366738640e-02
3.354908908154820231e-05
1.234489469118791177e-01
3.589046236563664394e-02
1.253104235485411055e-01
1.436729608112101986e-01
4.809040603225794852e-02
1.938100643226803033e-01
4.397872452388126158e-02
1.718322607026737947e-01
4.674634710757094580e-02
2.940831805260228360e-01
7.288291557867351833e-02
2.601399475254522198e-01
2.021606852474250038e-01
2.350847905868932303e-02
6.056212693645274953e-02
7.075252909535394152e-02
5.614891478533596408e-02
2.665146278576391303e-01
1.271046291073913564e-02
2.769237116638953999e-01
2.410065970357814502e-01
3.078325859998251590e-01
6.019623620010181725e-02
4.075949333914222900e-02
7.447417394941123481e-02
4.942476691482010354e-02
8.454317314157860919e-02
2.878632836422190810e-01
3.693906703309696171e-02
1.196863979743521683e-01
3.090015692035463779e-01
4.808322423751741626e-02
4.342669199672074404e-02
