2.842866274177580643e-01
2.809242864946567275e-01
2.114065534414951153e-01
3.367480890302561036e-01
1.569133920353076583e-01
2.016247715308981392e-01
2.145490791589707291e-01
2.763343285677963279e-01
1.774558601847609496e-01
1.585606012834150924e-01
2.768671798500433323e-01
2.045043941569545110e-01
1.240955699234526366e-01
1.540799157494959493e-01
1.099927507222889095e-01
3.206322729556116413e-01
3.300303341401958912e-01
2.463907840042324493e-01
3.251761622894875359e-01
2.564406983377608973e-01
2.399544954576192102e-01
3.030640528331993155e-01
2.326176618501041016e-01
1.388780983790827983e-01
2.565184030379524249e-01
4.085887235124086025e-02
1.158869894890965715e-02
3.243527969936690347e-01
1.605534407800912333e-01
1.172204534946604676e-01
1.687187588356309498e-01
1.149873036940861487e-01
3.138184862660781116e-01
1.541954919238593125e-01
3.017672106826121414e-01
2.081083466273507543e-01
2.509641024977151691e-01
2.684889028627601704e-01
2.164080065084970639e-01
1.496006198382480168e-01
1.423743711878977525e-01
2.360006333466915796e-01
2.293476256468180985e-01
3.444657224870114609e-01
2.498395297109318458e-01
1.703886206144965831e-01
1.996042153390459040e-01
2.539107874146189214e-01
1.219987785179895284e-01
1.334755276808438085e-01
1.540298888215094752e-01
2.053247401549020690e-01
1.974961054003682437e-01
1.428059608827010052e-01
1.733514179253499432e-01
1.450552243964778887e-01
3.047200378823410882e-01
2.088771519509066976e-01
1.807354037492628906e-01
2.194316493728993012e-01
3.297691318360730373e-01
1.616917391320266961e-01
2.811319899354291496e-01
1.069949951316106901e-01
2.840341438505963323e-01
2.433331782671633026e-01
8.268100891511841188e-02
1.588498963143155918e-01
1.553338183071238110e-01
3.525254027337298979e-01
2.151356667801868350e-01
1.404421588172923563e-01
2.679489670215692287e-01
3.303792455319305987e-01
2.320468085934120628e-01
2.684690226959225434e-01
1.652854142525805592e-01
3.132404018791353217e-01
1.109354756140671222e-01
1.740181561052327880e-02
4.163329500350412132e-02
9.068096021008716090e-02
1.361826203997695273e-01
1.404795229750717134e-01
1.122434339945602572e-01
2.562956083946493213e-01
1.286814969772647199e-01
3.406382017620536717e-01
2.977509749680677942e-01
1.915486987902456362e-01
2.013292544714818111e-01
1.186205948296027157e-01
2.056423185919574459e-01
2.974651105823643560e-01
2.331867387650200518e-01
1.461081248580006209e-01
1.989697026764363774e-01
2.220368928207931414e-01
3.401642303880763607e-01
2.789492096068381666e-01
2.384738005339400446e-01
2.219610545133210433e-01
3.130835212480124197e-01
1.404980862087297500e-01
1.861262434447469583e-01
3.190225939362281021e-02
1.385168134166148424e-01
1.398467512462691353e-01
1.311805881222564141e-01
2.631467206992680885e-01
1.510690895325258187e-01
1.483223667356932118e-01
3.464588246066147015e-01
1.269623392900832703e-01
2.203101350068062958e-01
1.981367111409347015e-01
2.051597980720623604e-01
3.522547028363669508e-01
3.031072273812007722e-01
2.788065709959155480e-01
3.222963467843922292e-01
9.390369968745063134e-02
2.840313426105544603e-01
1.492801660423004606e-01
2.266412043238420770e-01
3.236209584910021975e-01
1.490877991586860574e-01
1.392902776600619674e-01
1.344277306122812210e-01
3.193359761905599781e-01
3.218280352723477677e-01
2.000001605721913600e-01
1.057817683038059786e-01
1.845669063540647525e-01
1.616601754287250170e-01
2.641788534959625956e-01
2.540773658587525130e-01
1.460535942059192349e-01
1.207319843045913388e-01
1.397947752031866442e-01
1.352069781222839662e-01
2.669969907230593797e-01
2.220725958441824299e-01
1.659834962357924493e-01
6.048207142378584505e-02
9.600203531402505541e-02
3.410058190447223803e-01
2.859237407999806746e-01
3.425090947464993207e-01
2.667055380224047090e-01
1.846445389118325786e-01
9.000870658071431774e-02
1.653639799092374019e-01
2.796522477473304402e-01
1.548503735633235609e-02
1.953217110364746656e-01
3.049126807109035497e-01
2.465761548534217418e-01
2.437493763637204880e-01
1.455299904975279612e-01
2.057060042351299967e-01
2.547277067476824697e-01
2.926712885321181568e-01
1.382677879065622173e-01
2.640421783267369316e-01
2.783145246073635559e-01
2.597329052779609460e-01
1.067932687070545505e-01
1.511659207903905955e-01
1.179987457117002980e-01
1.649065262204119642e-01
2.806364426283084468e-01
2.671589706382517249e-01
2.024385680745278693e-01
2.871896027027723286e-01
2.581873529599536532e-01
2.350190148813616209e-01
3.237173618411969267e-01
2.798911811764834279e-01
1.533399219138750214e-01
2.095996608138255279e-01
2.184731972837188618e-01
3.017137178200707814e-01
1.893137772825075060e-01
2.666773352599637326e-01
1.256923834307826782e-01
3.052726779744668328e-01
1.947578942985095929e-01
1.978433478274969903e-01
2.416488641308972840e-01
1.265424630842626463e-01
1.823134518491062450e-01
2.886409847059887568e-01
2.878777415365597059e-01
3.141123008053290366e-01
2.925025652946751653e-01
1.535107178836026820e-01
1.070734678515630756e-01
1.935569273762849929e-01
2.297894885462851422e-01
1.271910097620448099e-01
3.252323554465920696e-01
3.191248673507683931e-01
3.055301450901408700e-01
2.553838607476024425e-01
2.847442537375960425e-01
3.033753837276816356e-01
3.033169766257517441e-01
1.754802079416121208e-01
9.050931948301089991e-02
2.862672710801127396e-01
1.024152235059740679e-01
3.339250607575441898e-01
2.292997017274930605e-01
1.813354483272996420e-01
1.603848524968041478e-01
2.980135619589414087e-01
2.872994354963119279e-01
2.979311740514479223e-01
1.078685704793142242e-01
2.038695119746935236e-01
1.744578974448522113e-01
1.217517746309663002e-01
3.403018871643543330e-01
3.253335857088707206e-01
1.593579781345587643e-01
4.205921760442431732e-03
1.974734010576333076e-01
3.334276081857688312e-01
1.536845512024181404e-01
1.503248703864547842e-01
1.789898111298330874e-01
1.654168205622771060e-01
1.842215042659776925e-01
2.249180815910804265e-01
2.150070977485380452e-01
2.678087691930371439e-01
1.162285954492683349e-01
1.809637744758273714e-01
2.017907664785987820e-01
7.108457499512020605e-02
2.670929104513121155e-01
2.747966078540109991e-01
1.405618246373845637e-01
2.436736902747979883e-01
2.642306902254017431e-01
1.137951407076869936e-03
1.067954927695894118e-01
2.888285854431866251e-01
8.703117396437100306e-02
1.389054171932410098e-01
3.215120848746416127e-01
3.281714927435950835e-01
1.071433510485011176e-01
2.796221621103133770e-01
8.065880153428212074e-02
1.082367972710090304e-01
1.141780327663538402e-01
1.912967034740273020e-01
3.389401257535635259e-01
3.237013879143823547e-01
1.832339344111646728e-01
2.210271737027932337e-01
1.301032510482545979e-01
3.020139908980103982e-01
2.555321793716007761e-01
1.602019670026116061e-01
1.806727559783280201e-01
1.475533480081428206e-01
1.572666310390214151e-01
1.040878435282816955e-01
2.631243395436332899e-01
1.443874913588011066e-01
1.429434184732945590e-01
1.195417014748142853e-01
1.794219981926563623e-01
1.219880158752949667e-01
2.500105236594590830e-01
2.846461837986435928e-01
3.494250958545372376e-01
1.036867562962271727e-01
1.506627615732744618e-01
1.431118879134919142e-01
2.615210116665223072e-01
1.582001765986614517e-01
2.867908566230151224e-01
2.563257000407536124e-01
8.049220533250006637e-02
2.391822787857133537e-01
1.691920138283133923e-01
2.220376822009462459e-01
1.831990849328049287e-01
1.652231949312734371e-01
1.473483709292401633e-01
1.097522554112851240e-01
2.869547231895835382e-01
1.657355633165185360e-01
3.209669827070310566e-01
1.114828614339790358e-01
1.405039756571801468e-01
3.411314564540881555e-01
2.119972058298005835e-01
6.960302060104037181e-02
2.958637613844457004e-01
2.949541834025734000e-01
3.444811912232748075e-01
1.759897340449256553e-01
2.986075624646586379e-01
1.100103118266269886e-01
2.886098482873734605e-01
2.963476893989350214e-01
2.556145719928764048e-01
2.732910970590862743e-01
1.462585726781796547e-01
1.446775977923894507e-01
2.254119351200852273e-01
2.226018553935528721e-01
3.220676280272988801e-01
9.913696637740046502e-02
2.082009798938979361e-01
2.348885268389574732e-01
1.496209793755175210e-01
1.354862258813159248e-01
3.209332167051491824e-01
1.090506877747040582e-01
2.652792894673766666e-01
2.789785552254911982e-01
1.305534941746029909e-01
1.294300098975156854e-01
2.132819239951987134e-01
2.038612671451697500e-01
2.010458993021642660e-01
2.134363666411039362e-01
1.582747547695693979e-01
2.411100530819826337e-01
3.023870996729301486e-01
3.465065694463694834e-01
1.814070127727587523e-01
1.551689613814127011e-01
2.378650893254579124e-01
1.134906575109108223e-01
2.123473009478633045e-01
1.681186526464322206e-01
2.814286790063313948e-01
1.730635650619689048e-01
1.624908868635102643e-01
3.392630609299833178e-01
2.202289787626091344e-01
2.686669110845675834e-01
2.341732352979372100e-01
2.140994358603691139e-01
1.518828280009096587e-01
1.401475823930858899e-01
1.756239170348617706e-01
3.289073347603168607e-01
2.394978567771084699e-01
2.201167016905904994e-01
1.512470091435158259e-01
2.438082997271743269e-01
1.566832567470234638e-01
3.089232127466260414e-01
3.497468197070118801e-01
2.820961664078166509e-01
1.406081078273826168e-01
2.387787024474377628e-01
2.357290920404407630e-01
2.576493470608235969e-01
2.362713968477084814e-01
3.468503193630013137e-01
1.076278406711069918e-01
2.610764344789726632e-01
2.898482683710911223e-01
1.293147201199182084e-01
3.448991184372919294e-01
1.687390772696650276e-01
2.571563332571586424e-01
1.363558979436977070e-01
2.090032479705205559e-01
1.985582165248969966e-01
1.932322911451309355e-01
2.698385596870650494e-01
1.892414287144210394e-01
1.816216788249077063e-01
3.157035231797631902e-01
3.221558168400285305e-01
1.501568478403468299e-01
2.962600939104694242e-01
2.568229692642979289e-01
1.440056432114285578e-01
1.823254884500620510e-01
2.593641382679734986e-01
4.072921378755482713e-02
1.491731972458197608e-01
3.260660838727149624e-01
1.319068887087486708e-01
2.155893160344641568e-01
1.646241155526973754e-01
2.622320468327771770e-01
8.030645522148423254e-02
2.416992358090905013e-01
1.878822325304941310e-01
2.972038886089155563e-01
2.960278320193944143e-02
1.259999428889155282e-01
1.452517899394565604e-01
2.491960372026363890e-01
1.625125749341994330e-01
2.776536419301238734e-01
3.463435381211511510e-01
2.808839893187609627e-01
1.375301359672524704e-01
9.921325998210032970e-02
2.501724271558388168e-01
1.453596346943588635e-01
1.291284271194312883e-01
2.126845690046339499e-01
9.127810490567918322e-02
2.563349723942873748e-01
2.671543506637198417e-01
1.232822710466920935e-01
2.190316624621504449e-01
1.691001827113159939e-01
2.854361841748442874e-01
2.095609755820178333e-01
2.566201966279753055e-01
1.593588066575147844e-01
1.743882467970787054e-01
2.807362845223302372e-01
2.195881585251534818e-01
3.422004620834553368e-01
1.225765986185742840e-01
1.231926727495464002e-01
8.668105180450141889e-02
2.009214761182868680e-01
3.236413513204419168e-01
2.453180109040329904e-01
2.524718812760000652e-01
1.817756808708188287e-01
1.487800091183063556e-01
1.971546516106982561e-01
2.233339793314924326e-01
2.375690691932786647e-01
1.145934644830177984e-01
1.480420167493601280e-01
1.461317746131362005e-01
3.018868473588346424e-01
9.651261649188504210e-02
1.555082006479197865e-01
2.282118405998449784e-01
2.318772432281390738e-01
1.188304492959466607e-01
3.250659393679262710e-01
2.817341459884907806e-01
2.249883806672082764e-01
1.389074939557553845e-01
2.291458614039274533e-01
1.008155282222288479e-01
1.395339052903514232e-01
9.126593188121114031e-02
2.130074071603445252e-01
8.657046580733974983e-02
3.314082227132356118e-01
9.170930562496114324e-02
7.596153811406623768e-02
1.233448457968337186e-01
2.827021278559466722e-01
2.646997354912786760e-01
3.481649057034632566e-01
1.552671083566777854e-01
3.351223015012392281e-01
2.201144084186345551e-01
1.290962696694450129e-01
3.297532757043507012e-01
1.486780483974201039e-01
1.971207597598926553e-01
3.233888389375789152e-01
2.785310095727789315e-01
2.699542589695836936e-01
1.191001419862678379e-01
2.331774362908244080e-01
1.283487663414255853e-01
1.428886476717684817e-01
1.971177693980132040e-01
2.844194849861190200e-01
3.359348043623660018e-01
2.668882781959427963e-01
2.775962263262877761e-01
1.056995410314626460e-01
1.320287056422711214e-01
2.739536625225937883e-01
1.776068010438977551e-01
2.035691447985753799e-01
3.152848190068612833e-01
2.585229367452744897e-01
3.183656202411614955e-01
8.006098654895195052e-03
1.390725627528200115e-01
2.617837623577710104e-01
1.228963522839632144e-01
7.616431679806348609e-02
1.611109579226976118e-01
1.377670841391850642e-01
1.689166071696718563e-01
1.427063380424801742e-01
2.274347377384690894e-01
2.244333618938266217e-01
1.234336225265802167e-01
1.351345863652285983e-01
1.278457683970370962e-01
1.711589479908401101e-01
1.728026927558174164e-01
3.041094861337980682e-01
2.047115797171342455e-01
4.363728329735225286e-02
2.742678571373292074e-01
3.235164222051494787e-01
1.023814247721413773e-01
1.161677308552083593e-01
3.109366219540074527e-01
3.349116726271615385e-01
1.260136993054498666e-01
1.700881392358143812e-02
2.700173736945484237e-01
2.876660800598598855e-01
2.948215693317581820e-01
8.946286443129614074e-02
1.740356608036037478e-01
2.316452125663824024e-01
2.229090042962054430e-01
2.517908314826355909e-01
3.390288709592779726e-01
3.107019069297984326e-01
3.411294282686959112e-01
3.201775724584418059e-01
1.592050379776373814e-01
3.283420305469491041e-01
5.769976225513014957e-03
1.237538090802680207e-01
1.517411390592301734e-01
2.220009910282120247e-01
2.472349718513184302e-01
1.323627348732138165e-01
2.016407949153277979e-01
1.103173157184995229e-01
2.128497990299766385e-01
1.568521941743526993e-01
3.453438560467473328e-01
2.247285841275938612e-01
3.509586305446156795e-01
1.287303502864458604e-01
2.024601954308323792e-01
1.649560178384383569e-01
3.149634246113329761e-01
1.247705555272806272e-01
1.353728830035004216e-01
2.237896918633906496e-01
1.031208560136700619e-01
1.580527193392242402e-01
1.566843616224147528e-01
2.108170673016998842e-01
2.679147652079018616e-01
1.373994480818875596e-01
1.476688978276891884e-01
1.689235961576372458e-01
3.501126742554144800e-01
1.636770354553665763e-01
1.201142365544168172e-01
3.204907977930880336e-01
2.874838658574242478e-01
2.467101226005923298e-01
2.195765190396788691e-01
3.016234707270246118e-01
2.246449479755764644e-01
2.245909162561145200e-01
1.899183725373494169e-01
3.058408708192041359e-01
1.171142170613798661e-01
2.868320100561075336e-01
1.420593381867191196e-01
3.143878267171192342e-01
3.145430639354946933e-01
2.816837402695078763e-01
1.827427235759926105e-01
2.334198029948663378e-01
2.991919530492602175e-01
2.099800492873006574e-01
2.359320561997497734e-01
2.006917372727671234e-01
1.204177233335451402e-01
1.022127728901858768e-02
2.185285780302640979e-01
2.559611562426893361e-01
2.040002409155379781e-01
1.732069949941471565e-01
2.391100328586771850e-01
2.156217088397338055e-01
1.579379250237790133e-01
1.163800194225107221e-01
1.653120435702064295e-01
2.678926088443103759e-01
2.439543024592010778e-01
1.028773352457298396e-01
8.408150060340346954e-02
1.018224012331907097e-01
1.440264164470938246e-01
2.691323689591739177e-01
8.865036158986977499e-02
1.584702197907936205e-01
1.215332057695310136e-01
1.677133138887217101e-01
1.518699572758690497e-01
2.930565303918147291e-01
2.544074847924302496e-01
2.023814035598405225e-01
1.432806641340321485e-01
2.838988306621501034e-01
2.271285587214882662e-01
1.167971362155269116e-01
1.429919761901842223e-01
9.752608846010336896e-02
3.370695298866610012e-01
1.761468958860154532e-01
2.500806284822338910e-01
9.428678379786241404e-02
1.390082991862036099e-01
1.491879866895665652e-01
2.345057982671244490e-01
4.024843732639264010e-02
2.065427415330116645e-01
2.314448852337261386e-01
8.154471481141598033e-02
1.464697048919981759e-01
2.536693122516807120e-01
1.764519110974240024e-01
1.336611902336386493e-01
1.488327409101077581e-01
2.670251494497106193e-01
6.236014522554146622e-02
3.165313381352238276e-01
2.640190528736402475e-01
2.512343919932114034e-01
3.588749384142951582e-02
2.207922015673698390e-01
1.182499223794809123e-01
1.346711432145869525e-01
3.460263004889572169e-01
7.985516240435236446e-02
1.324020935358822260e-01
3.007442718146212668e-01
1.929607747696142628e-01
2.227684365804569466e-01
1.463401469701532120e-01
1.894573565847378627e-01
1.353863774673237305e-03
1.244373493963576854e-01
2.912942376760600527e-01
1.132654857308207502e-01
1.959594584549993468e-01
1.634170578571558508e-01
2.388828750439665194e-01
3.391216272211014515e-01
1.144701023440246462e-01
3.227921777494692224e-01
1.237965288124900226e-01
2.464044335324871160e-01
2.554009065125040778e-01
1.727139490632982610e-01
3.221547870745842812e-01
2.539189712321378023e-01
1.072593309921036769e-01
1.909473149489148147e-01
2.668652691301310886e-01
2.639246916842515889e-01
3.059398760455174782e-01
1.761138257030400445e-01
2.579631137209405511e-01
1.414463115285297112e-01
1.643197223676265417e-01
2.371918753666839574e-01
1.806941251140696814e-01
2.997933931096520843e-01
1.580642453919127721e-01
3.165854684329681978e-01
2.443246312755921745e-01
1.663303181523420327e-01
3.152024736717468634e-01
2.258112425955331459e-01
3.291893152010516577e-01
1.010462481606836244e-01
2.020774761278799625e-01
3.087004485310323454e-01
3.246939070225747237e-01
1.381133612874922423e-01
1.064717250371683410e-01
2.733989325328284314e-01
1.347593389528879138e-01
8.378462465935040959e-02
1.953470426825699990e-01
6.942107047298702810e-04
2.441549683425845163e-01
3.101303423814526505e-01
2.815974822153328172e-01
1.695996464301781359e-01
3.205398107836662236e-01
1.810339026089117787e-01
2.610706683480416568e-01
2.681673477779746295e-01
5.878915796836860349e-04
2.079277540466157037e-01
2.342116578056512022e-01
1.610660112974459657e-01
3.421868384301896548e-01
1.768552306651769435e-01
2.591863592496087554e-01
1.855801753930983178e-01
2.056561033269186656e-01
2.340408920526315106e-01
2.272274214904648204e-01
2.254459994979810811e-01
3.393511038041105432e-01
2.116988055842177752e-01
2.201770009875050893e-01
1.754303840226531519e-01
2.734752175681061104e-01
1.286476920417748970e-01
1.829167164133007617e-01
2.812743283371815783e-01
2.975365583540382497e-01
1.842236298215474966e-01
2.246749694207481607e-01
2.997848750173398025e-01
1.723054344501226687e-01
5.933046958327457083e-04
1.487288943625151016e-01
2.264336083954605616e-01
1.314973828809059553e-01
1.520476152079637544e-01
2.198233039662850219e-01
2.690188170069602314e-01
9.789424373861070616e-02
2.056956585869348930e-01
1.868067770541196326e-01
2.337460048507859767e-01
2.086723191240953401e-01
3.193829046111900660e-01
2.509809571852463228e-01
2.780128437582752438e-02
3.184639847007746383e-01
3.413676106127870313e-01
2.118085893210434889e-01
1.881067895308552451e-01
1.476937388482356395e-01
1.342029805025080624e-01
1.558667760358332655e-01
2.324121588505178304e-01
3.149271252634821550e-01
1.280193091586175336e-01
1.852417500668303019e-01
7.388229431236896516e-02
1.029766339065625175e-01
1.375972570726827771e-01
1.417792359859160745e-01
2.133820029987390787e-01
2.529367392225268518e-01
2.080510196614183405e-01
2.006805257517497443e-01
9.475837508411058541e-02
1.219707355131244980e-01
1.157303082445017561e-01
2.102223450603021571e-01
1.844971123996586027e-01
1.313381420037067759e-01
1.788713866069557290e-01
1.503309565133565950e-01
3.077308363208229314e-01
1.968462733510508988e-01
1.743471884003790218e-01
2.248864029841181333e-01
2.435363429360706267e-01
2.876050470562646066e-01
1.805719745552365196e-01
3.367272214284186549e-01
2.442989691499962701e-01
2.174375596241596709e-01
3.031540183980186431e-01
1.584044350956527458e-01
1.846325051437141818e-01
1.927417313483609507e-01
1.994617423976929038e-01
1.445714541043253698e-01
1.941957257691885597e-01
1.172346107797998804e-01
2.070812074548818715e-01
1.624897740809098656e-01
2.759548691664161502e-01
3.774470926636359913e-02
1.757090717283740500e-01
1.183305597394986863e-01
2.635342703751045179e-01
2.931006664304798837e-01
1.683436976212908942e-01
2.565296085066614551e-01
3.381662532228728035e-01
1.902573186600281796e-01
1.605105484615881595e-01
3.314165598674383428e-01
3.149248178657034769e-01
2.976314312552774122e-01
2.276982859032543882e-01
3.523293898735813112e-01
1.469249665779134850e-01
2.610263211652585347e-01
1.418046792400592393e-01
3.225265316016137085e-01
2.075538237890046100e-01
1.118067144772390692e-01
1.997797031954531843e-01
3.449610251747001199e-01
2.212721874768546759e-01
1.689666056454621756e-01
1.024459692507259517e-01
2.483688960324812733e-01
1.438149063624632185e-01
2.711459642135103931e-01
1.644531595036633487e-01
1.997340226899947946e-01
2.403849455251326761e-01
1.691705444648453072e-01
2.833192887731847964e-01
1.622588757156529227e-01
1.796697394367740841e-01
1.601166129441780883e-01
2.851661170992821903e-01
2.932724524695878854e-01
1.171403970417851936e-01
3.022669658257781666e-01
2.268213859803324406e-01
1.343137252062710230e-01
2.698565357428577838e-01
1.384572303597058907e-01
1.972650316711395124e-01
1.507889880800209192e-01
2.275639244132451611e-01
1.579771295188425184e-01
1.805157710078040822e-01
2.818563734978624669e-01
2.398621294670284509e-01
1.783826319482327005e-01
1.395025254965684691e-01
2.761744887555342420e-01
2.653499645239557614e-01
1.292130472069450142e-01
1.567509967865357567e-01
1.307241783774311383e-01
2.651271902292287042e-01
1.392521449653416621e-01
1.266620678880524542e-01
2.809317232239940121e-01
7.448791047616883099e-02
1.830707285538026863e-01
1.330057272850327932e-01
1.587481612271982034e-01
3.078391170232261387e-01
2.918530684198845926e-03
2.231865540748725896e-01
2.510117016906259768e-01
2.369077007457148498e-01
1.301581547681140982e-01
1.435414338296994996e-01
1.033742919005787020e-01
2.131240202872122236e-01
1.954955055082193971e-01
3.173128965768025056e-01
1.193481918612380732e-01
2.548712965005514031e-01
2.448718338076760204e-01
1.374802548402550562e-01
3.513733451336714109e-01
3.108168831326181825e-01
3.039377296302515630e-01
1.675237613325065156e-01
2.630868839723968788e-01
2.366209128220940205e-01
2.820831828428376209e-01
2.187901755175822027e-01
2.797013671468664420e-01
2.999126398540702954e-01
2.539728445372779753e-01
2.632252446337176588e-01
2.231011645328618564e-01
3.176339693469781844e-01
2.888655588424925424e-01
1.311626276940935087e-01
2.476980400891669598e-01
1.076489204471049732e-01
1.325650779498352416e-01
2.512693445308895046e-01
2.355761211290413326e-01
2.927464546468585005e-01
1.321834701028923309e-01
2.813927867685463990e-01
2.592760758647941199e-01
2.525183085555982587e-01
2.150263641180917285e-01
1.412069802705216703e-01
2.517075897103696613e-01
1.739372992530780482e-01
2.939510669277039523e-01
1.393397034384526723e-01
2.675424189760249871e-01
3.380427420019594398e-01
1.520717340167119236e-01
1.219417580423198116e-01
1.639702907763840312e-01
1.217361526826419710e-01
3.221014190725814963e-01
4.197567607193526500e-03
1.550090058871092524e-01
1.388740925794703096e-01
2.014521217001817854e-01
2.485290986282505665e-01
2.696342244475606886e-01
3.247963556407545971e-01
3.488074910736443934e-01
2.590744105460991431e-01
2.330042651802939901e-01
1.341631561347675916e-01
2.437102692176549013e-01
1.978272721198600925e-01
2.261263986826679007e-01
2.542146595991930380e-01
3.081288083325534610e-01
1.435742916222925991e-01
2.046861313247067826e-01
1.675716132238924683e-01
2.300561315106809113e-01
2.270370066419909738e-01
1.457250703016954585e-01
1.908383974785000381e-01
1.697632195283702294e-01
2.170903242862169402e-01
2.096038227921020736e-01
1.175122422409484307e-01
3.003724440394437978e-01
2.917278860784482397e-01
2.845613804896234833e-01
1.045517315751757631e-01
2.561233853726455623e-01
1.101542237353416581e-01
3.104069710687019645e-01
1.295963553908006938e-01
3.121961880837428871e-01
1.943921417482379621e-01
3.146619814442693785e-01
3.415467910648066208e-01
3.316287179696176812e-01
2.944338377075740310e-01
2.205720438196702993e-01
3.182118296295656235e-01
2.010567316310791774e-01
1.669774883970422674e-01
8.659665072730439450e-02
1.725713184506246223e-01
3.062144591215391065e-01
9.748856823186528853e-02
2.135173708693969274e-01
5.568101644555984581e-02
1.337503479125974337e-01
2.784592546640067279e-01
1.493864857899611376e-01
1.585195347204662319e-01
2.000313450177272079e-01
1.793404226729445883e-01
1.561903587792081716e-01
1.341451946574286902e-01
2.060718107901531593e-01
3.321936014504237034e-01
1.175989314539460096e-01
1.486904806563950077e-01
1.441416197672810984e-01
2.177640905597511278e-01
1.256253894129250870e-01
2.840322958132139863e-01
3.020090065001913016e-01
2.051560365665705821e-01
2.247930630032059507e-01
1.810894831960223050e-01
2.497440537666532345e-01
3.409475078709477414e-01
3.011414307873052087e-01
2.055241092065181741e-01
1.475720534732909983e-01
1.874427406885368352e-01
9.848853917216165987e-02
1.693457310922649728e-01
2.547378761412930070e-01
2.217184482407540402e-01
3.363241430659707487e-01
3.236548651860050585e-01
2.454140455380371955e-01
