2.162182900605238434e-01
2.844590832546910475e-01
3.152777946050454583e-01
2.547580978269563534e-01
2.969800860621411576e-01
1.888394869572577184e-01
2.682329978784610547e-01
8.821432986195848480e-02
8.661124841418410547e-02
2.992544194025258952e-01
2.244241270495072327e-01
6.240289603004085112e-02
7.299681779296968154e-02
3.190852995068823583e-01
9.608699884816504500e-02
3.043939778440107324e-01
1.655985848798355586e-01
3.236303068794099680e-01
1.105689682510999639e-01
1.946388616082875556e-01
2.776885660756359120e-01
1.584274692202326806e-01
2.651408883573503350e-01
1.139114834880422950e-01
1.409692419372338412e-01
3.002730894331169242e-01
2.300329779182919421e-01
3.096960654535775292e-01
1.397419655656456927e-01
2.794961429067822078e-01
3.092317734717232036e-01
1.146475875567539993e-01
8.832154227210661790e-02
9.560270235449902509e-02
1.035319441372775096e-01
1.024986172779266957e-01
2.784376097667091154e-01
1.545854010637048859e-01
1.548091249717616358e-01
8.849232799559349216e-02
1.828668751827325634e-01
9.277496078526295542e-02
1.010638603903434851e-01
3.004103877681301160e-01
1.719667907858392353e-01
2.534233211519472673e-01
1.920010329120365455e-01
2.130996802631959230e-01
1.545441489591399820e-01
2.250985719243090155e-01
2.800655073614393697e-01
3.112358069626570134e-01
1.389982676213337709e-01
1.058902837267637204e-01
2.353310308494518388e-01
1.235451926312925858e-01
2.520279398276037419e-01
1.119601824500556925e-01
3.043921761671288806e-01
1.561609073034095074e-01
9.503273357642226526e-02
7.242481173853608512e-02
1.875616672815084429e-01
2.690424068425135151e-01
1.937164562807027479e-01
2.632619916932222304e-01
7.013335411878780790e-02
2.344656213660213373e-01
2.966105598527658538e-01
3.315185535507333969e-01
1.475493242119088610e-01
2.560243183876456663e-01
1.634276263381486405e-01
2.967468225632690082e-01
1.046392063859485494e-01
2.531286342261789835e-01
9.853667504957559775e-02
1.693138176798544281e-01
5.816669328600204691e-02
2.694229436656630505e-01
6.527098362239037999e-02
1.627298053934898292e-01
2.314889472166545281e-01
1.307978933786873577e-01
3.053119234014641803e-01
1.508001299381855342e-01
1.003414367601674628e-01
2.930287043312087003e-01
3.129465205825274210e-01
1.159047437744755576e-01
1.422557390136253430e-01
9.939379469876090389e-02
2.896223934944980316e-01
1.003831216605060167e-01
1.465389291629624335e-01
3.229522792245582696e-01
1.539469044710475298e-01
2.527979170330095227e-01
2.384372404706120996e-01
1.141202148673496203e-01
1.558005292861346369e-01
2.072384291689719771e-01
3.408893326383744538e-01
1.016979609368687254e-01
3.356205658336866571e-01
1.149587143382011373e-01
9.474097199642084188e-02
4.929758653536515239e-02
1.250569892111814685e-01
2.634867871193114497e-01
3.102565684929788903e-01
2.521944257260807509e-01
2.734025359846719572e-01
3.300840806704433139e-01
2.428199344881510069e-01
3.287741643048657236e-01
1.215193199163731169e-01
3.219946821071330012e-01
1.691375301745552118e-01
1.612793492741958767e-01
7.362662054985598392e-02
2.401890210721674690e-01
2.094276302521383970e-01
1.482124097252430772e-01
3.213126018717675780e-01
1.007094843635894799e-01
2.022907943229530214e-01
3.269016333099323268e-01
1.145082099491618877e-01
1.315991188012901048e-01
1.124466104545940592e-01
8.758307230249796904e-02
9.441240837289362198e-02
8.869988838332847070e-02
1.084808522990162311e-01
3.383165115460123884e-01
2.435422138337630382e-01
3.135290293940119488e-01
2.359490333075673907e-01
2.151700709474392015e-01
2.242553286381652189e-01
1.000302956884770167e-01
1.479996922791339264e-01
2.801085552362267417e-01
1.292922078449331991e-01
1.221213571225071570e-01
2.937118661145310394e-01
2.791280635376977015e-01
1.092859291613968720e-01
1.386532553469684570e-01
2.738385417096657615e-01
3.024753195863625344e-01
1.059795572813233971e-01
8.706261256364176970e-02
2.877835925746022872e-01
2.771902713055701128e-01
7.661954987016020291e-02
2.376513688858577500e-01
2.318279197140214465e-01
3.025858663080888689e-01
8.847911933860065636e-02
2.918323577971869143e-01
2.584945636820878967e-01
3.301159294822659240e-01
1.138989266814496026e-01
2.628572868729759926e-01
4.999908010715714557e-02
1.745872140983467102e-01
2.021381226198058212e-01
2.331927707811601302e-01
2.267018779601093492e-01
1.243600373310803919e-01
2.610275867521331117e-01
1.330310131875175328e-01
1.256503572828171489e-01
3.391426911617208551e-01
7.694827021916923748e-02
2.908823069308343334e-01
2.158179518775928951e-01
2.952708026273545006e-01
1.864153214630385469e-01
1.106247875657299651e-01
2.739714282143643764e-01
2.810170944748868749e-01
1.899802686043214062e-01
2.357320511330104618e-01
3.184828924174687437e-01
2.576246627416455270e-01
3.030644127533921872e-01
1.120025631537364813e-01
8.996730774825008325e-02
2.532307047988140991e-01
1.646378016389281884e-01
2.810624000033952186e-01
1.465485432859847670e-01
2.749240090862463681e-01
1.073919247271244437e-01
1.663234182752627577e-01
9.480711863253830918e-02
3.029524394711730073e-01
1.096087270122861751e-01
1.920956706324024876e-01
8.557045109798279425e-02
2.784963392996346876e-01
2.040354799850198630e-01
2.556237284534029208e-01
2.589747759623712287e-01
1.026059793228826927e-01
1.438467147956845327e-01
2.187599895374078007e-01
1.399657649793177028e-01
1.384854125605292918e-01
2.314676424617798101e-01
1.173282058242815507e-01
1.586917507720931320e-01
1.264128105764777688e-01
2.914920356881551267e-01
2.975796532708576136e-01
1.998471464121381602e-01
2.094215352708845845e-01
3.048321004930392708e-01
1.680059068949020795e-01
2.645663464507025942e-01
2.920618926544250038e-01
2.007683129622152285e-01
2.811260744822559610e-01
2.975496821984746076e-01
2.425679725686002985e-01
9.767430723090086975e-02
8.654171393876222695e-02
9.964812419176827252e-02
1.809153988166073979e-01
2.704563139167885377e-01
2.030613624150273688e-01
3.301807733675348189e-01
1.874622714007197211e-01
2.102574842776021857e-01
6.443463183544040351e-02
3.146572161057502037e-01
1.974162834250605680e-01
2.034805785159323754e-01
3.047424550825334477e-01
1.210075848085051115e-01
8.524448244985075029e-02
2.120579912919514365e-01
1.059495256791282147e-01
3.196457207308152637e-01
4.824425094416824600e-02
1.797990282536950646e-01
1.547174857484805988e-01
2.894206680169505441e-01
2.519005951035306334e-01
7.571458418529582179e-02
2.148299026420160129e-01
2.663105511415662652e-01
2.871484511582979016e-01
3.069209894715243525e-01
2.064735290362958442e-01
2.184520361456863402e-01
1.352916020339851588e-01
1.053758362646453894e-01
3.136696498381505438e-01
3.037805601792568644e-01
3.239775841444548776e-01
1.458703732068915848e-01
2.661806730931486342e-01
2.100552792580337724e-01
2.790395131861537203e-01
2.217209365519337838e-01
2.180652988660351510e-01
2.878696219684740432e-01
2.597869242981480919e-01
9.988298564330566620e-02
2.853420397827233224e-01
3.057667314278642023e-01
3.364733258398573401e-01
1.143142061353993322e-01
2.531364799265239385e-01
2.887759359263379344e-01
3.110800482504275655e-01
8.948213838864206571e-02
1.102080743001411373e-01
9.929898653327337565e-02
2.896358360421125711e-01
1.378964058162478468e-01
2.369357114698048827e-01
2.953346596691339143e-01
2.843470078530485612e-01
3.349171483117540093e-01
1.749610385898557885e-01
3.330987748982178753e-01
1.429881807892535717e-01
2.535453550251843824e-01
1.043253206665895605e-01
2.582510373183087848e-01
9.342957187392970930e-02
7.982083226054632885e-02
3.043570530257045936e-01
2.994140095437169413e-01
8.605583195702982968e-02
2.624406918624604956e-01
1.115235535752414353e-01
7.023576989916754942e-02
2.097230296539888128e-01
1.047781748563293425e-01
2.708890480327354466e-01
1.052637719597445259e-01
2.475918369959572984e-01
8.869654071461005596e-02
1.589332839036494416e-01
1.098432603536451946e-01
1.134363672737142004e-01
1.516895833164275120e-01
1.734837977224397698e-01
7.619292291893484115e-02
1.085761218898113889e-01
1.150260921648811607e-01
2.085390306449486919e-01
2.866427174430990488e-01
2.658990986296951853e-01
3.046651394346843733e-01
2.884931530809304312e-01
3.067308963825998713e-01
1.106654683405545597e-01
1.310622185659570116e-01
2.558734946407939526e-01
9.159744532119254434e-02
1.683119806073776759e-01
2.587620149218474164e-01
9.632619752577512018e-02
2.034749222187837714e-01
9.657011780520953492e-02
1.034469487539398241e-01
9.271159763019863609e-02
2.590826594949571238e-01
8.931369157378934998e-02
1.536122727532481524e-01
2.941170360317821864e-01
3.299495591440632647e-01
1.113607927346468296e-01
1.108398050823113240e-01
3.105070846005359431e-01
3.080863085839500304e-01
2.965569568936980427e-01
1.030707749136660079e-01
3.152074038007791068e-01
1.629182864567810529e-01
2.741054945933515397e-01
2.593239862310948163e-01
2.698267513574765797e-01
3.393933997602115449e-01
2.845637807782807616e-01
5.502806586018283569e-02
9.206535914688436517e-02
1.484675451656460587e-01
1.637903458209848673e-01
3.169072610701633708e-01
2.288305775703390055e-01
3.197112428488120273e-01
1.141228325209947131e-01
2.922952389502081472e-01
2.518076670303082687e-01
3.273715729486145198e-01
1.717942350680476959e-01
2.049217415419989363e-01
1.868542904509146174e-01
2.930065707358886495e-01
2.547423232358314582e-01
2.777794289418562546e-01
2.523464026317436271e-01
2.602504975892625527e-01
8.060718840793418272e-02
1.351372630173795220e-01
8.242883500520770124e-02
1.729641573444623270e-01
1.006243487144360821e-01
6.631506383576406261e-02
2.726517014912492876e-01
2.853567161373523065e-01
1.180369993507542070e-01
2.888010061222855418e-01
1.438431323372776349e-01
2.427972231254191815e-01
2.425007202155087249e-01
1.012949949811683958e-01
1.505021962056851126e-01
7.979422029757780865e-02
1.226125442952725741e-01
6.010144149643283779e-02
1.419482823115578440e-01
1.906044161497298106e-01
3.062264618879766420e-01
2.329098683337179898e-01
1.045524314020986750e-01
1.097114194751953042e-01
5.940851869875093255e-02
1.174529635505286301e-01
2.425027843108262526e-01
2.850527130799250242e-01
8.628611263482985350e-02
1.193179557930704460e-01
2.889199070137325465e-01
2.226332152702906186e-01
1.127261162118837201e-01
1.005890428319776847e-01
1.750324371555196656e-01
2.578310875726433915e-01
1.942975963730247946e-01
3.130119447304517966e-01
1.853436497099982538e-01
3.378794308330040352e-01
1.127972287913590055e-01
1.745485279680181467e-01
1.012119625707719739e-01
2.792748823663244728e-01
1.060741304036108695e-01
3.198336839344334548e-01
2.430132020207005639e-01
3.036025211581610539e-01
1.940333602416803027e-01
8.092578457519665480e-02
9.545687274928359167e-02
1.869377524049044836e-01
3.383477327734499829e-01
5.518399781359240031e-02
2.635253871449022012e-01
1.291023125347234013e-01
1.065216966766654727e-01
2.905097890474008238e-01
3.179717490561429494e-01
1.769554532735541919e-01
1.667841351986280307e-01
1.391391630089641451e-01
2.317040995713123552e-01
8.663902422946852255e-02
3.328631145472593089e-01
8.094697267054790091e-02
2.065639490297811742e-01
1.424847171807743507e-01
7.562487251772652408e-02
3.132273295415404224e-01
2.390327708861491596e-01
6.812059872990293419e-02
8.030385354470352677e-02
2.377455387080670557e-01
1.501748655110796971e-01
2.655847210949136006e-01
1.011284301377566863e-01
7.537484049701091704e-02
3.168157945357308325e-01
1.135585626434733320e-01
1.577318777902075031e-01
1.924154675355182198e-01
2.597519433851145920e-01
3.366993157828584993e-01
2.592024843654905375e-01
3.345428509342770473e-01
2.839714693360785303e-01
1.133631627445082224e-01
2.839978612233248212e-01
2.812138527748805905e-01
1.047830583470553273e-01
1.224278906176500259e-01
1.391270095252301331e-01
3.375761457617725281e-01
3.270669824157609873e-01
2.154518771492250351e-01
1.065609301253242353e-01
7.653214652850448552e-02
2.763628205545434202e-01
9.576123285458335022e-02
1.575932304464822686e-01
2.129527266984201084e-01
2.550671375985388845e-01
7.240965506043342548e-02
1.827508618178740329e-01
1.274848418979989129e-01
2.515153517246306869e-01
9.079489616275239483e-02
2.550051187934507246e-01
3.326145756635925932e-01
1.248324343568387035e-01
1.280690791944380513e-01
1.080281128906251109e-01
1.204984300218616827e-01
1.652369893946247503e-01
2.801514451093587987e-01
1.149921224603811937e-01
3.425041196295531276e-01
3.298260992031412098e-01
2.703071738445034788e-01
2.505105318660881819e-01
1.138455685710533377e-01
2.917413531846002051e-01
3.150388500417303228e-01
2.251983391362123721e-01
1.527122940320604638e-01
6.201735710805707236e-02
2.644881339626394823e-01
2.660738966712675180e-01
2.431788301972554189e-01
3.060411853955491424e-01
2.929581828824162071e-01
1.625044477709984836e-01
2.099849146925539534e-01
3.360188225225475556e-01
3.160987576203234672e-01
2.289763742186771700e-01
1.581312657734124938e-01
1.060923970271019923e-01
6.351244750947324103e-02
2.900125065934091029e-01
2.710182440478241528e-01
2.244981551947821674e-01
2.684875615490098233e-01
3.297766070072113420e-01
9.230291395801408505e-02
3.072973580792198178e-01
1.194465308351335547e-01
2.136773445339478494e-01
3.159794991769000472e-01
1.176165218012947405e-01
2.721134856017810022e-01
1.100480247366845549e-01
2.319481537940059068e-01
3.022028137075924437e-01
5.746577858973145325e-02
2.934335203374411893e-01
2.095419081667725392e-01
9.490638438466540705e-02
2.250405204866859354e-01
1.045127874552379682e-01
1.879704197734606286e-01
1.423688563632118653e-01
2.529553675844880001e-01
1.652221147712974181e-01
1.195411178994973816e-01
2.821364291314101269e-01
1.000267024051749165e-01
8.298415488221726199e-02
1.458067203494382569e-01
2.858402147484629952e-01
5.969299979646163629e-02
1.115989247161820047e-01
5.401972312664986287e-02
1.898718330298264090e-01
9.411041107691472951e-02
1.056067824028708163e-01
3.148380422817309010e-01
6.391441348187779092e-02
5.504096797807682406e-02
2.761693155557227719e-01
1.315116688105263942e-01
1.132345672811920639e-01
2.156791429927656933e-01
2.773280971095933856e-01
8.260427315557368477e-02
1.812575675228705052e-01
1.885653557167153438e-01
3.200063643491591336e-01
6.539921798112928453e-02
1.346454569652312250e-01
2.432616171167421848e-01
2.493602982733090778e-01
7.856315582632300565e-02
9.552937371307151926e-02
2.841188310218696333e-01
2.009313439069347895e-01
3.253440871218916119e-01
8.388749929881693379e-02
1.773865910378399635e-01
2.983349797261718450e-01
2.790682732583974479e-01
2.865202285242069435e-01
1.748495948289651436e-01
1.026844844939007323e-01
2.790886368365197989e-01
5.638728777746843807e-02
2.740088796709363450e-01
9.915517551891719905e-02
3.216100165982078707e-01
1.462246002426333680e-01
2.877585980933633492e-01
1.181761680057781677e-01
1.617584715099255332e-01
3.086743269550337176e-01
1.678213952782518781e-01
1.289265754829161115e-01
8.725649807037842709e-02
7.412984162500746432e-02
1.121025091741872232e-01
1.481372604145860805e-01
2.368850741731265974e-01
2.914732738425732661e-01
2.657692343113319811e-01
3.356200699245068808e-01
1.655126943428124608e-01
3.173709380973532279e-01
9.195030851963448271e-02
1.289362194561596564e-01
2.059172895963925776e-01
1.155328743960352678e-01
2.144772242782858329e-01
2.067893906675932481e-01
1.900030491739453931e-01
2.745253135975740388e-01
1.418457547396407559e-01
3.194041596484933909e-01
6.444533693540553665e-02
6.582036090067000522e-02
7.653148844647585103e-02
5.692502409648349943e-02
1.859579255286064325e-01
2.333625758427928798e-01
3.275282061372091214e-01
7.044104932673175834e-02
6.285387229086440708e-02
3.328701947293271624e-01
3.251290700986314564e-01
3.339035841075251865e-01
3.399354033715664691e-01
2.772467962449097767e-01
2.456213328707215204e-01
2.115747613557681928e-01
1.928285395348555142e-01
1.646947408999910878e-01
2.500160846212631793e-01
1.837271473632431373e-01
2.407732214522153580e-01
6.986213568295493448e-02
1.541177256017600694e-01
3.054101225248191387e-01
1.200677370707357028e-01
1.038635453732422026e-01
2.141303230152092063e-01
1.320013839745014794e-01
1.811482511794656192e-01
1.840302686552080513e-01
2.181009218834673302e-01
1.797354410999029151e-01
3.344098642352604234e-01
7.482359738927932269e-02
1.273327442305609014e-01
1.378424772440187407e-01
1.913853497903524048e-01
2.374730561527624018e-01
3.281153942320274020e-01
1.225764082082907991e-01
1.069761498545478556e-01
3.094343121566839327e-01
3.287808298111492000e-01
2.231684322688065325e-01
1.348860011166587991e-01
2.896168708519911150e-01
3.036343864626537270e-01
9.025897116730556557e-02
9.840650881829174357e-02
1.750273580003554597e-01
3.422746557640020670e-01
9.725811717487682639e-02
1.009492097495544305e-01
3.270861067706670733e-01
3.384360307149049674e-01
3.281503415611944363e-01
2.545912013376895877e-01
3.115412921472158203e-01
2.310777083606321558e-01
1.712826216122799172e-01
3.056123832691602371e-01
1.193081876789855861e-01
3.212663649774243346e-01
3.267593921346751418e-01
2.842956752203989468e-01
2.493306802552689716e-01
2.594276168801355476e-01
2.298538938437137413e-01
7.332983362743475397e-02
1.571663712286091863e-01
3.354183516199131243e-01
8.850965043471466231e-02
2.680522863519277932e-01
1.105620723947038087e-01
1.547684753820636472e-01
1.498084728161955814e-01
2.897318294898749702e-01
2.938200358241067622e-01
2.741230528681616874e-01
2.937857929571268123e-01
1.053749867691149145e-01
1.161895524123477963e-01
9.224218567839592708e-02
2.674414099030998915e-01
2.050809511452295064e-01
1.767146763479779115e-01
1.547347262778432653e-01
1.132860989604924512e-01
3.198471027528033694e-01
1.306645777544353237e-01
2.046203032190843929e-01
8.866296530982605006e-02
3.211616243213776256e-01
2.008339463580132433e-01
1.353094057527399197e-01
2.705685877415663354e-01
6.266196521118437557e-02
2.275719989390676545e-01
1.025592127197637454e-01
2.957101271147122290e-01
2.783676281909803207e-01
1.306376069132015039e-01
1.704191292637687316e-01
2.953131920980398006e-01
2.659022194803971617e-01
5.469587261638132747e-02
2.475915384551809484e-01
7.857592755100313575e-02
1.447562471639651238e-01
1.361748750724486590e-01
1.454723966439637473e-01
1.276688375983960899e-01
8.861581090404131722e-02
1.138466531064332848e-01
1.343225840898391865e-01
3.277286830653953209e-01
2.994020708292610689e-01
1.282272860834070549e-01
1.842625354163489049e-01
9.912573317748032964e-02
1.332794409579413641e-01
2.042593553759309288e-01
2.830419684950567505e-01
1.098466573954993281e-01
3.215213517845593727e-01
6.615527087363476388e-02
3.105515469909672643e-01
2.316923216726421153e-01
1.683285404217538805e-01
2.002472274634928551e-01
5.373284193974348782e-02
3.163098695136812299e-01
3.432612103881819698e-01
9.971824278353924598e-02
3.067999904171150316e-01
1.893941936707345952e-01
1.124338261839219755e-01
2.039501589730476350e-01
3.326127542867332587e-01
2.910533882939069228e-01
6.736636107663064588e-02
2.321912342079966718e-01
3.214095975072633338e-01
1.878648772902404285e-01
2.342605661210724333e-01
3.375718550388377981e-01
1.032039174934108600e-01
1.726727705612760011e-01
8.815830332345296616e-02
3.333977150643921972e-01
2.144718016020646656e-01
2.936151136913032200e-01
2.874640259319472535e-01
1.954796589888896652e-01
2.629584806873932479e-01
2.804890859016719307e-01
2.869313653475183967e-01
2.597870493699860339e-01
9.654282109111467225e-02
3.027917603188348683e-01
3.228155277636618470e-01
3.045694862032662376e-01
2.939764569248587978e-01
2.909587060859662455e-01
2.403412662888410600e-01
2.146959553758811812e-01
2.480472760017768119e-01
1.618160415778277794e-01
2.525675454493279126e-01
9.891643408298020357e-02
5.721399314585200874e-02
3.358225818429389498e-01
3.381980950601285452e-01
6.727258838639732508e-02
3.339479611626764988e-01
1.741194093370696805e-01
2.772160619730639208e-01
2.069908243654098867e-01
2.274724831993016894e-01
2.543979865261720152e-01
1.023484740551242472e-01
3.047756110547368280e-01
1.777361335069040371e-01
9.597576112953870586e-02
2.598487978683976518e-01
1.338846640867546178e-01
3.378780369513428861e-01
3.103288492423500466e-01
2.380217851799907303e-01
1.571118387576613262e-01
8.927230144252797095e-02
2.578585325693207309e-01
1.660084660297671544e-01
1.041337955065644166e-01
1.295697782601551440e-01
3.190379211693282757e-01
2.298494834099462092e-01
1.382423144657599634e-01
2.256268084639553306e-01
9.540763728068028804e-02
2.954378588353986368e-01
3.054958809577898449e-01
1.593542471229323354e-01
1.003160138090954945e-01
1.839345180246865497e-01
1.115522534605538629e-01
2.210406243452938402e-01
5.578029905084978812e-02
1.844294222450161003e-01
2.404521139378282824e-01
2.746815706188366346e-01
2.966423132111490335e-01
7.141539257398937801e-02
5.905071991630353456e-02
1.378886643192268058e-01
1.100726534467871692e-01
1.278975181788469806e-01
5.928046663927277055e-02
5.384207276372366541e-02
2.380825609242552265e-01
1.161219520666326027e-01
2.653718361829163763e-01
3.296340047110107307e-01
2.003772399361805623e-01
2.464042949586797426e-01
1.072698116703073162e-01
1.549972651238265275e-01
1.701945284563644578e-01
3.155948225521659212e-01
1.679405356962504481e-01
2.405862567638489269e-01
1.014527408425248967e-01
1.072095622054074077e-01
1.086177753013504443e-01
3.405849743899836413e-01
2.412657057389501203e-01
1.948479933696267707e-01
2.219340170567468684e-01
6.908785095588163006e-02
1.303383728322474455e-01
2.659037383906871499e-01
1.661989706664601385e-01
2.433664206657039641e-01
3.387167704800443935e-01
2.958167201876339414e-01
1.021938454209353059e-01
3.326428680518471181e-01
2.777059735061753742e-01
6.272823734220181469e-02
2.878510623948208336e-01
3.251203086108255258e-01
3.228802231878736273e-01
1.189067808777242857e-01
2.050779133880822613e-01
1.527325979924880339e-01
1.883161035359035562e-01
1.761624916174343025e-01
1.345197395863113599e-01
2.499365949984041213e-01
2.426975552812169479e-01
1.587589824390528426e-01
2.415006554436029684e-01
9.286187023932053475e-02
3.415445373280974195e-01
1.087309707282229365e-01
2.388186551404556102e-01
1.965408447434925931e-01
2.300973534010108401e-01
2.823825625156509700e-01
1.023760492495385949e-01
1.329719157794328477e-01
1.078617382708058764e-01
1.168144151480661475e-01
9.728206322732484146e-02
1.928733279096549180e-01
2.140549023164237674e-01
3.272194792990500978e-01
9.249190076291630147e-02
2.034668892818222163e-01
1.051906484833713823e-01
9.910785473976312099e-02
3.027999140050642302e-01
1.467782586210759355e-01
1.442577037367935855e-01
3.356914081166965658e-01
1.984613901261557678e-01
2.046125349439124608e-01
3.430899407361767128e-01
1.142512088599971914e-01
1.382517525205555486e-01
7.286772444688227601e-02
2.367937734916199799e-01
2.560315237344286676e-01
1.102841234418065613e-01
2.760495860406654289e-01
3.254300890503134536e-01
2.431592553455522721e-01
2.894486278529104784e-01
1.066190356286422225e-01
1.973628497245251689e-01
9.470215697331221816e-02
1.465522295350947801e-01
2.661736886390869694e-01
2.325344244736665955e-01
9.310903207128766457e-02
1.326810571140341621e-01
3.225382355730205819e-01
3.326633209287794268e-01
1.273186041212456265e-01
8.482156373419140472e-02
1.994673039073203147e-01
2.882527807494067451e-01
2.014039560364023762e-01
2.971568657683704151e-01
2.398764919333589429e-01
1.302911154916446546e-01
2.020883303935230857e-01
1.787427505431151697e-01
8.923903910940640671e-02
1.310048108660362420e-01
2.071594595058755262e-01
1.848280547585406941e-01
1.023859191758238474e-01
1.972200248405898138e-01
2.808975778459545936e-01
2.003869806299094225e-01
2.160392142281002958e-01
1.458599817907485219e-01
9.384706305533434267e-02
1.646330034039848733e-01
1.496908563786016610e-01
3.057184754075747968e-01
2.427203079927266194e-01
1.541528196807647189e-01
1.412866012452912989e-01
2.665496876656792136e-01
3.019787021072240507e-01
1.757007224224821640e-01
3.001629076044561306e-01
3.234475953292468842e-01
3.019039317354389462e-01
3.259841027535765323e-01
3.061636016322011877e-01
1.564436265598858344e-01
9.904769505832695942e-02
3.272279701698118104e-01
1.636287270958654283e-01
2.182101484556208393e-01
1.041162898460076258e-01
2.720394032038440102e-01
2.705904138153999439e-01
8.989549544784453117e-02
1.700500662832310772e-01
1.248409777246849151e-01
1.163304901092051397e-01
1.593475815589733002e-01
1.724239688146601279e-01
1.016621038455265275e-01
1.795737630124801809e-01
1.485516181465941221e-01
7.299385157289829673e-02
1.042815430977475782e-01
1.103406779064759202e-01
2.355169425107870862e-01
3.128645647327064627e-01
1.149641342007549083e-01
8.728849001794466989e-02
9.688473973414930829e-02
3.322441236494249606e-01
9.557380423310997408e-02
1.019777066156055539e-01
1.252603368031035558e-01
2.611853439447213154e-01
4.825480627792017724e-02
1.889025073848881464e-01
1.235741602281178325e-01
6.774164258812333250e-02
2.278002309409191406e-01
1.439878658332469086e-01
3.136626834445449541e-01
1.690621997083487926e-01
2.827122759731545143e-01
2.542086878628961322e-01
2.971123193856093359e-01
1.385825314172425549e-01
1.026223905804204278e-01
2.216626183028565233e-01
1.052298915254251260e-01
2.781029116183981742e-01
7.530620143129100608e-02
1.064658803503841511e-01
2.943015448302849779e-01
