3.049844153580250072e-01
2.122619088115561548e-01
2.481461255927751020e-01
3.035726943406990563e-01
3.451127474882737522e-01
2.233184515557542771e-01
1.024399193725621937e-01
9.918062119651677166e-02
2.423422950679521015e-01
3.180044997513540861e-01
5.230825809738518656e-02
3.187870843951631228e-01
3.182607049562226620e-01
2.791060354633729812e-01
3.051591275228473510e-01
8.597162088180525241e-02
7.434745424113745060e-02
3.321978612717670920e-01
3.459807392254916070e-01
2.091569152921196606e-01
3.404784244117113334e-01
9.852421911683881262e-02
1.393320141462909001e-01
3.034328495828927941e-01
3.055100525886533247e-01
1.462941208736424636e-01
8.976919795933180346e-02
1.645720876182662773e-01
1.174578471472992047e-01
1.059898243856174233e-01
2.861714046460769323e-01
2.292643009480038185e-01
6.143453109194226686e-02
1.042970877726168977e-01
1.300162804270392769e-01
1.155603796502146507e-01
2.042110053376187673e-01
7.952247002436357848e-02
2.667697697908167909e-01
2.289376816973931195e-01
5.458639542720618992e-02
2.013017813908647424e-01
2.534140242237848395e-01
9.424310557014514700e-02
7.913813037235863102e-02
2.836192438745395172e-01
2.026325972968312239e-01
1.858828068868721706e-01
3.321918353495078580e-01
7.927721036301300928e-02
2.375196345682498156e-01
2.584715054570426718e-01
1.285976618968734386e-01
3.240155235124261290e-01
2.358748936329483625e-01
1.817076191074424030e-01
1.144366154367531807e-01
1.019653435756083526e-01
1.983174102933671079e-01
2.157256394673459643e-01
8.935565568765024835e-02
8.136938849231008242e-02
1.132946706829525418e-01
8.337738946731573786e-02
2.340664074763031954e-01
1.726585592407124947e-01
3.157643730970969842e-01
2.080327382194680497e-01
1.713314939773669665e-01
2.524689702097773214e-01
1.748537928178953704e-01
1.787039631150056929e-01
2.849575413187996342e-01
1.602961510374810994e-01
1.191593432225868110e-01
2.914842064149410494e-01
3.404107284680276124e-01
2.821375170663079635e-01
1.007286059159128722e-01
1.816932975323509725e-01
1.035171019743165166e-01
1.051954364339956066e-01
2.161930495997702040e-01
9.666607188334044864e-02
2.061047011924302952e-01
1.531573684309274763e-01
7.630671362027574567e-02
2.479582382376390726e-01
1.794376068712215111e-01
2.855207376650898965e-01
2.899872142701926392e-01
2.533777416373504954e-01
2.447983419296727858e-01
2.001506744395052662e-01
1.689167170770564941e-01
1.156087064711672219e-01
1.205832619304201547e-01
2.163155005729871794e-01
3.366600367595580789e-01
2.761402299206722200e-01
2.081090715577613715e-01
6.636842503421529205e-02
1.951082859873673747e-01
6.799035125698552062e-02
1.607890577038404989e-01
1.859711175582030029e-01
1.879864411721929307e-01
1.319898998624533804e-01
3.373072889926050921e-01
2.589267229115113644e-01
1.162134600463937822e-01
1.723933321690340192e-01
2.445523825737423440e-01
3.445518014831217557e-01
7.764537827627907007e-02
1.373418758232064774e-01
6.395648833892503271e-02
2.664006025823861257e-01
2.738699133411912068e-01
3.224846101314925995e-01
1.963516210597557599e-01
2.292667584415855053e-01
3.151716550240535319e-01
2.649238217559718445e-01
2.761570400489387067e-01
7.484231133714430717e-02
2.788693951091708589e-01
2.650090192803856159e-01
1.783543744466148107e-01
2.849140721176558477e-01
2.580977611581511955e-01
1.615389263117512353e-01
2.462413031510667649e-01
1.210016186095549395e-01
6.935087935076360288e-02
1.045517456198181150e-01
1.980131931696795522e-01
9.008339398417514188e-02
2.095179827962589669e-01
1.017283531648219413e-01
2.861444727686415779e-01
8.679935653345288715e-02
1.162699501983743972e-01
1.319612023770363185e-01
3.037205068011614162e-01
1.547121772002683915e-01
2.891914630973277944e-01
3.009308645982561869e-01
8.697976956143529947e-02
2.744854748974039915e-01
3.074778523718643686e-01
1.105101374713114426e-01
1.257392821419700824e-01
3.262603163919503557e-01
2.511550032328445647e-01
2.276053468826362003e-01
2.863276951150985350e-01
1.439120314548414103e-01
2.757137947843308901e-01
2.869936429353926455e-01
7.825660718077991074e-02
2.526175873774422209e-01
1.856072265072935823e-01
2.117756657658440289e-01
1.162378779707096826e-01
1.373421017193103555e-01
2.965107137866862530e-01
2.519799919336063176e-01
1.063843385239541806e-01
2.874231105911484452e-01
1.322193492369054257e-01
3.174740492787521684e-01
2.980722875679194805e-01
1.603265787108960616e-01
1.911139880008036751e-01
1.170972007271584570e-01
2.681862132222568862e-01
2.856538543153298582e-01
2.280472130037581591e-01
3.334437170426157171e-01
2.004526541931229700e-01
3.360270335495186833e-01
2.997177196209390715e-01
3.464772619702018996e-01
1.276450892849537722e-01
1.362706585143433347e-01
2.488972623493030112e-01
2.526711037046197039e-01
3.360403357703819482e-01
8.498638064439899276e-02
2.563876170924136999e-01
2.935944726909540670e-01
3.271737228491923277e-01
3.402993170462676464e-01
1.359493205947721606e-01
1.273404290146349649e-01
1.230878414396115728e-01
3.082273262897608501e-01
2.894179396518709035e-01
2.197098713487991573e-01
2.812232310196209895e-01
2.710627478429749604e-01
2.914930795931959251e-01
1.235779542426958671e-01
1.060827118426061616e-01
1.048602592476759604e-01
2.573516170542941572e-01
1.946573266043813699e-01
1.916762272404924361e-01
2.717060027263472066e-01
1.566995083867074867e-01
2.423944251505723846e-01
1.005055237452498335e-01
2.959923461692260394e-01
3.064824800662570015e-01
2.803808380462125549e-01
2.546457940116718666e-01
6.797914465415434704e-02
1.990937884722922269e-01
9.176384524373550067e-02
8.420494500299662011e-02
5.880092889471187634e-02
1.974623704876735109e-01
2.949255848478134490e-01
1.135188257542236595e-01
1.999907817012624156e-01
2.166535118400566007e-01
2.150065978285094492e-01
9.215204078730225568e-02
1.762222587715032152e-01
3.105986743516140347e-01
2.762630278194134203e-01
3.257126708171008689e-01
2.763120067071829222e-01
2.034806878479373526e-01
1.747204053247067568e-01
3.121291446234472633e-01
9.337834422478585861e-02
3.346801754644613824e-01
2.150964681278119128e-01
2.430659337421110788e-01
3.122593200881540465e-01
9.563972686615698771e-02
1.159248597799793640e-01
2.760609427122734938e-01
3.096771378180174783e-01
3.161003529367094611e-01
1.059727598353906175e-01
2.495805320699124863e-01
2.233651987948669926e-01
3.244149272946204587e-01
7.242998942311899835e-02
1.108836470592715201e-01
6.876240733714328313e-02
1.759098577814542097e-01
2.947312238021196906e-01
1.460000216208121593e-01
2.103253530362335921e-01
1.492538638213287416e-01
1.891149872241507102e-01
1.864409702595097862e-01
1.151575209739282013e-01
1.839965549454528893e-01
1.903815676204351770e-01
2.603304077692423779e-01
6.901828144192193037e-02
1.693199111604415941e-01
2.060987633735317515e-01
3.364130907299657247e-01
2.656439254011420115e-01
2.635104916615649273e-01
2.736473930848159486e-01
9.968290594236262070e-02
2.809379372287503784e-01
1.497260867089960090e-01
2.094811046907427421e-01
3.429773138997219140e-01
1.667626804911453708e-01
3.013284850452340735e-01
2.428613788396039586e-01
3.355865235683561099e-01
1.391277024734627887e-01
1.563163792225709392e-01
1.397901007407714169e-01
2.051903411418529444e-01
1.478672147196373465e-01
2.917685670601560810e-01
6.693968962246500676e-02
1.369986090522993805e-01
1.714946278071959318e-01
9.491152993696556905e-02
1.239346896525246183e-01
3.425671961723015246e-01
1.091035970123819254e-01
1.120312298376984345e-01
2.053516194588153876e-01
1.047237760055546030e-01
1.973696982778433140e-01
2.832972838551477412e-01
5.783795580618281140e-02
1.699637355704159969e-01
1.254797839672923132e-01
7.763403463184215259e-02
2.218000957445668830e-01
2.882209049670829693e-01
1.891639645509189949e-01
2.667967019309384069e-01
2.498925793741567924e-01
1.914529281303583297e-01
1.020938806176225483e-01
2.221712305470729121e-01
1.592645792628744617e-01
1.982027614740423382e-01
1.523926007549761541e-01
2.286421803661664032e-01
1.680863309288125051e-01
3.326614248837345689e-01
3.132480763029690252e-01
2.827171319236801983e-01
2.435549016972234637e-01
1.054880204116972336e-01
6.954080820241287375e-02
2.603424931650063501e-01
8.905372882811553314e-02
7.857873661197446735e-02
2.198136441476693514e-01
2.881148231902273538e-01
1.843183754975244171e-01
3.142282491758765506e-01
1.063750683395105479e-01
1.637115317192124608e-01
1.063057169438041683e-01
2.982900717759234821e-01
1.134254810864618879e-01
3.285223824101452528e-01
7.030508167458292268e-02
1.364460802150065100e-01
7.642942046935269351e-02
1.243702336295982314e-01
1.367212602421801482e-01
2.390976714674184489e-01
1.955294580349260514e-01
2.423681313648369251e-01
3.254104185443401076e-01
3.105895343044017265e-01
2.948516812043057156e-01
1.167379826579359736e-01
9.954929180799583499e-02
2.942184707553102685e-01
1.852684741970963278e-01
1.039894730476991491e-01
1.097729085865154358e-01
9.350572913580786072e-02
2.346811403088836234e-01
3.053477489978169146e-01
2.627698747535816559e-01
3.168280927894563392e-01
1.066022922214838603e-01
3.111985137226756515e-01
1.069055320263145314e-01
1.886414256443815773e-01
2.180399588625976659e-01
3.470851156354398115e-01
7.927313072671934857e-02
2.739906093825769107e-01
1.342357070061208635e-01
1.875625156261512549e-01
2.291060969079573295e-01
2.736896206824067646e-01
8.746458171743932974e-02
2.148551257796538216e-01
2.751497239039050746e-01
7.901365183703719375e-02
2.734056303995817672e-01
9.796266227841404772e-02
3.198810558501613555e-01
2.512374806616519129e-01
3.459057469228731252e-01
2.451436012555748833e-01
2.340874233743175381e-01
2.378769411849646354e-01
1.920216120492587442e-01
2.467498933838480346e-01
2.161975937661525515e-01
1.816345646378717538e-01
1.638058228265666383e-01
9.631249279321087153e-02
1.641664788587505197e-01
1.132297275174694584e-01
2.551157867287082159e-01
2.527628727137694042e-01
3.454303494012659903e-01
3.003308118791269132e-01
2.915675345286577458e-01
1.534973131301825833e-01
3.063297104015265671e-01
2.472439703950502776e-01
1.040494201835024807e-01
2.161988693543814566e-01
1.940288974511098496e-01
1.927568576252317589e-01
2.564212351593375683e-01
1.972397471979547845e-01
2.235365976053561299e-01
2.872706634762119959e-01
1.448140298337649290e-01
8.581408602204719516e-02
2.250663157478074716e-01
2.491704143082802692e-01
1.690510098584973031e-01
3.443133782703016732e-01
1.617323263627310492e-01
3.339400927245145811e-01
2.542927061067424277e-01
3.435396585121116009e-01
6.639265014013508159e-02
3.311075737570995936e-01
2.537792156614533390e-01
5.749092335137678811e-02
3.126021963120083069e-01
3.412728061655067591e-01
7.281361939234824721e-02
3.369198499187870399e-01
2.691404566388601594e-01
9.242831839168895447e-02
2.835713980802441192e-01
1.567269796844567575e-01
2.082512441970142958e-01
1.080687922404779816e-01
2.684140608460169330e-01
2.644728413295076019e-01
3.041028025453959560e-01
6.884848548582776784e-02
5.985863646811111216e-02
2.506929134615663579e-01
1.609754823044626804e-01
6.499415799910079894e-02
2.461792565789795162e-01
1.112785923565267343e-01
1.197405932365610548e-01
1.252833744491022583e-01
2.200095486574907555e-01
2.970428320294952185e-01
2.800901553796912857e-01
3.349071928413278054e-01
1.399436871142173411e-01
2.908882261039271167e-01
1.904631234065732592e-01
1.449226151167785637e-01
9.557025036606497936e-02
3.219601963288420965e-01
2.178908764627774941e-01
3.051684369138932817e-01
3.408602206896184650e-01
2.055617771980624287e-01
6.680556511703179823e-02
3.381682713577806587e-01
3.119513315535671905e-01
2.415780873998060185e-01
3.158956822341680848e-01
3.232002015776463955e-01
1.811901481792555502e-01
3.129064357585822354e-01
2.380418849387445079e-01
2.952056106086266563e-01
2.400918153961929813e-01
8.498760452856307657e-02
2.933521915214782894e-01
5.259883379220398752e-02
2.038937029875431683e-01
2.580652398741528075e-01
3.452271095736480500e-01
2.620304038584962414e-01
2.484510434994585404e-01
2.525456018423690163e-01
3.384531030250458872e-01
3.036498246735377382e-01
1.246328442992500757e-01
3.415801596624285508e-01
2.494345142825570849e-01
8.219767986199563725e-02
3.038831449732483092e-01
3.127851146523151771e-01
3.278089117873729808e-01
2.294937210575498931e-01
2.939900827119906190e-01
1.124591814915751331e-01
3.131264262409256816e-01
9.887065858941805618e-02
1.358859824825668361e-01
1.364420013494579142e-01
3.089055027908172990e-01
3.415798737147185959e-01
2.500024709669402823e-01
2.052583005860245113e-01
2.763466295482839841e-01
1.906299739455093456e-01
1.366723321906994359e-01
2.252011796706512858e-01
1.440783613655265138e-01
1.479811567680384965e-01
1.912924657853514732e-01
1.343933214883197003e-01
3.475191358149599119e-01
3.256388600401314837e-01
7.682713894257914289e-02
8.474047330033578074e-02
1.068173461089305665e-01
1.236135868372388313e-01
2.617868147800935241e-01
2.528476033257519018e-01
3.370546228909070408e-01
2.959124387677454782e-01
6.834975799693103482e-02
1.774197845604680579e-01
1.536466024033304179e-01
1.133387815228122097e-01
3.351626332898384741e-01
3.069556923331612230e-01
2.673991437650021230e-01
1.114594642481820802e-01
8.932080487772378619e-02
2.985979387550408148e-01
1.039555574672027111e-01
2.464789542516797327e-01
3.156436894163775486e-01
2.616527116788887608e-01
1.002236217228068410e-01
2.981133725442589033e-01
2.208478153078759776e-01
3.351510893562505977e-01
3.209961629906468716e-01
2.677178141326129746e-01
2.089034613917864491e-01
1.686596843387472844e-01
3.177153038605859958e-01
1.711286830606368048e-01
2.964666813351876651e-01
1.093257431172322686e-01
1.431909066558398336e-01
1.635211665836234507e-01
3.406054035564162752e-01
1.568483578328073447e-01
5.165924335524831046e-02
2.016128765999204708e-01
3.054963243602473733e-01
6.664376196116343631e-02
2.855431768974328599e-01
2.406711254551386625e-01
3.094607230739023773e-01
2.855345399403969586e-01
1.119050138982432829e-01
2.769833239480031795e-01
1.474591068743101030e-01
1.027298762506650004e-01
8.390010412133773465e-02
8.055754738144328686e-02
2.784551181172073009e-01
3.344223265010232149e-01
1.733443572525967535e-01
3.251347666243461498e-01
9.036877952112437606e-02
1.080895721758047962e-01
7.124431334197196819e-02
1.259675252339562679e-01
1.796808746729571804e-01
8.757036544734109196e-02
2.968167593976891450e-01
2.700058853024930317e-01
8.342680720386860815e-02
3.160149124631577155e-01
2.503495478605152202e-01
2.147233866355759135e-01
3.146492167343484248e-01
1.557873627711901521e-01
3.470742622475857520e-01
1.474365461098263996e-01
1.003945526159058382e-01
2.332865094986472654e-01
1.102519490069497482e-01
2.227959336338694862e-01
9.120489435751401308e-02
3.272971338920109829e-01
3.026676526000562362e-01
1.812040578534659385e-01
2.858028136236783756e-01
9.184542453105122572e-02
2.315946222204808003e-01
3.154785882429240185e-01
2.103485421298241231e-01
3.352541660940162038e-01
2.922066850281307970e-01
3.009457591021332257e-01
2.631843115961318702e-01
1.647426207692871958e-01
3.201313731611667990e-01
2.630867602936076688e-01
1.169992792647995689e-01
3.060390766597608225e-01
1.534360585242688646e-01
9.876188370467109401e-02
2.157228032269994655e-01
1.678679480922886658e-01
6.627044183530443611e-02
3.413737993155780415e-01
2.890064062302288295e-01
2.374947804023754827e-01
1.373415607390004733e-01
3.294536133640200148e-01
2.890878611101144191e-01
9.650122732349360188e-02
1.160898101476975086e-01
3.408452496014796052e-01
1.110114352060672660e-01
2.593163182379617515e-01
1.037280731617756385e-01
9.222024860038569027e-02
2.940723183623867309e-01
2.515766152461031413e-01
2.536762303521119533e-01
2.907581145422868940e-01
2.265978509583062850e-01
1.250129808871346671e-01
8.038231761387656937e-02
2.714943737814766167e-01
1.199318171054489512e-01
2.970762733854878102e-01
2.466065856194714079e-01
1.302445147172272832e-01
1.033782043595405098e-01
1.867909313564690421e-01
2.555539171971968337e-01
3.075636102150171025e-01
2.745193041364436537e-01
1.065700688104901372e-01
1.215063662591895494e-01
3.203390321840191568e-01
2.187008620008479287e-01
2.871348439109973616e-01
1.972549203611308755e-01
2.450818524302936785e-01
1.045316503086762133e-01
2.086133566174274701e-01
3.006597469997666638e-01
9.308607427681360458e-02
2.837296066895866331e-01
3.315611941381383376e-01
2.301524810977783331e-01
2.348831949648432782e-01
3.077337269300683964e-01
2.729247065443746734e-01
3.185340738104030511e-01
8.036990563844560731e-02
1.119084664980973809e-01
7.234385161592934987e-02
2.967806403330583986e-01
1.728424537597386401e-01
2.870184866189215978e-01
2.490680031874478451e-01
1.103061430492699169e-01
3.306888292502093152e-01
8.063081436452089468e-02
2.760728880532569152e-01
3.049378779010780138e-01
1.362665638556924963e-01
3.342927574065069352e-01
2.093991651478896987e-01
3.065562884640151142e-01
1.694039945533210023e-01
1.914996617064043394e-01
9.841644300872313955e-02
2.448038394117663663e-01
1.202692156485311997e-01
2.674156586327816609e-01
9.426910722304983337e-02
3.380865782175943024e-01
2.759091827059643731e-01
1.735550326637653462e-01
1.510699035347726760e-01
2.023244797253651861e-01
1.194933609922864126e-01
2.085283811008399046e-01
1.325290781387626349e-01
1.056959621137354699e-01
1.354946783095329621e-01
1.651926771226915891e-01
3.464296095452983337e-01
1.557179846076394425e-01
1.824206976832253579e-01
2.234667439210216433e-01
2.143534700065185261e-01
3.243893298130642866e-01
3.003608801156439911e-01
3.325223622500296239e-01
1.264684993779461308e-01
2.361716077856455820e-01
2.182882193147875349e-01
1.168253255238479449e-01
1.894986771492645217e-01
8.727781226162611983e-02
1.408434670928231935e-01
2.517038997043645754e-01
2.097547537253408312e-01
3.108768285133890474e-01
1.967174042594365402e-01
2.812220047743295148e-01
2.763059311237259230e-01
3.000355242048083904e-01
5.115209462013917824e-02
1.061042341895993557e-01
3.218327796913489358e-01
3.210781908734788859e-01
2.254123504361458807e-01
1.907226183042087242e-01
3.068266471264626816e-01
2.426971591072659973e-01
2.747370021506088111e-01
1.151402566388334270e-01
2.087842918203041964e-01
6.550402403487409764e-02
1.064199126151453706e-01
1.254656232882041256e-01
1.246838657942858225e-01
2.066121612519276063e-01
3.446053253473516098e-01
2.418816869549202386e-01
1.570913313784732257e-01
2.952110296300800019e-01
6.405845053370298747e-02
2.286200108293055810e-01
2.886827957055987381e-01
3.159410741583474902e-01
2.799512295159328756e-01
1.151110040836198917e-01
2.679045268800607782e-01
8.460424174767908201e-02
2.940495865212175985e-01
8.831463305249093176e-02
2.213328928854312594e-01
2.845048438737652896e-01
6.579355243716118740e-02
3.102548724603312880e-01
1.457077372945561888e-01
8.890171299130582294e-02
1.933503361940930310e-01
1.321174414199473568e-01
1.015991892478044917e-01
1.805969213050686029e-01
7.386542401700045557e-02
3.463933042193746425e-01
2.724761179450523874e-01
2.791441608551673004e-01
9.538963839480585349e-02
2.406893335228348085e-01
1.015292612173789161e-01
3.472628028500124309e-01
1.260912244583197450e-01
2.006558460940187916e-01
1.644639245108061587e-01
1.951832378591989992e-01
1.036753835381459127e-01
3.265819204868549153e-01
2.168421121833010723e-01
1.636262427122128216e-01
1.287648043727807889e-01
1.552210998425577748e-01
1.471935552885904885e-01
3.449941534883368965e-01
3.301084098941283740e-01
1.344435344316283754e-01
8.414580744259014811e-02
2.986323248940118136e-01
2.865664417053646051e-01
1.630502953624795859e-01
3.317341347103441307e-01
2.633327045434257774e-01
2.832802709572336819e-01
2.479466572459374796e-01
3.232117660245831803e-01
3.214303565613849112e-01
1.176538158626369707e-01
1.558099640345537440e-01
3.222875771254136157e-01
8.161366268310864258e-02
9.652820876482204326e-02
9.678230880302408912e-02
1.116316002043670069e-01
2.362421049775320081e-01
9.069014825771475052e-02
3.051833816564705759e-01
2.822920778800780406e-01
2.684630036538036557e-01
2.739306904655957609e-01
1.075880580748265897e-01
1.052937846615678991e-01
1.074594379247513637e-01
2.249919245850755534e-01
2.661729961236279918e-01
1.260491190343974166e-01
2.723976982922403645e-01
2.510375651603913294e-01
8.805389949096457947e-02
1.288309874043207237e-01
1.425106531770375384e-01
1.059379637801344809e-01
6.078886494763937470e-02
2.935071819692725570e-01
2.866916244891833943e-01
3.046876821480022368e-01
2.114611315844305006e-01
2.631260108357287852e-01
1.179545343185509632e-01
2.135473777935126549e-01
2.695523024604005169e-01
1.299494909792506814e-01
7.626079853897871352e-02
2.076347097393014263e-01
1.920197816039758698e-01
9.393330095799444501e-02
1.383660104694456050e-01
9.990213749599531623e-02
1.391595046584373496e-01
2.226366625773764929e-01
1.841023599721504922e-01
1.082268081374736790e-01
2.133337960119864318e-01
1.599347472732864650e-01
1.424612050901043203e-01
3.373330290965724232e-01
2.364881447064976494e-01
1.343406049202099106e-01
2.831616550021582301e-01
2.829657889527861792e-01
2.346008691013893865e-01
1.683810161921185378e-01
3.031323730549427831e-01
1.250670270205036794e-01
7.897323959868890464e-02
3.126689449227103013e-01
1.649512523875986680e-01
2.642065034011137903e-01
1.951066393320844139e-01
1.437672813565573915e-01
3.376607887467714675e-01
2.839510078375687141e-01
1.088024129908749249e-01
9.241679144993551753e-02
3.324854305382706210e-01
3.432617160842258985e-01
2.710816760647942747e-01
2.293945558439996479e-01
2.100341808265788479e-01
8.343095830866281704e-02
2.349185420524854961e-01
5.948190209055084776e-02
1.409648055336771566e-01
3.106550219940164004e-01
3.149982790126010790e-01
2.442532486365129041e-01
1.092532394837977122e-01
2.223852099297934370e-01
1.964104388924167166e-01
2.747405554780510961e-01
1.346751016382168875e-01
3.081839313836987060e-01
2.694778164349920790e-01
2.672444996745918511e-01
2.144261169360532626e-01
2.643591999526840874e-01
1.829559021514304551e-01
7.855406785789875723e-02
1.529352932280792499e-01
2.538249557560123271e-01
3.373713103797129631e-01
1.223440302396045509e-01
2.980560704802110439e-01
1.769691819880651884e-01
9.647959582128905198e-02
2.951404190275174755e-01
3.177370282277269253e-01
1.020522280230772294e-01
1.769354812143478228e-01
2.916417162101814231e-01
3.368030666188122080e-01
1.567992038414672551e-01
1.234321247278627048e-01
1.920290835023848175e-01
1.389391614868535074e-01
3.020466019409520642e-01
2.467357738822973379e-01
2.974965181082409593e-01
7.093271264577355462e-02
1.326764598910089299e-01
2.817452256058335380e-01
1.003291190836092805e-01
8.976003275512071944e-02
1.235561293265147603e-01
1.412932923781208550e-01
2.740259830495248017e-01
2.666125874914340166e-01
1.057142420029165003e-01
7.813626374327693747e-02
1.007580921258667273e-01
2.417863549650449140e-01
1.752566657852711041e-01
1.016042648580968016e-01
1.589717693841029011e-01
3.021538502743020826e-01
2.345862680199647665e-01
3.027555009225157967e-01
2.285622852135685001e-01
1.218926998454884641e-01
2.803720269654670916e-01
2.143989392952485862e-01
2.624417199038202031e-01
3.210820129174660198e-01
7.820403355420910141e-02
2.792149013408549707e-01
3.109785655533828241e-01
3.217475541514601689e-01
5.707182661423695902e-02
1.955263542265271715e-01
3.178081267677527744e-01
2.071108841090428254e-01
3.096864939764704117e-01
2.773764379848299155e-01
2.419574068697944447e-01
2.382192216915148542e-01
3.425440366628162425e-01
2.238186113301336988e-01
2.712517010274447249e-01
2.407515282845594518e-01
1.416832447508844239e-01
2.050282469754877990e-01
1.639321653277381885e-01
2.905240188279774594e-01
1.009941507353056822e-01
1.602663510807094405e-01
5.796816801832307270e-02
3.117911768177313858e-01
2.228420135181277961e-01
2.262868383135850092e-01
1.661510076891003218e-01
3.433395967200044696e-01
1.569478076905276853e-01
3.412474621687121568e-01
3.279200498310840817e-01
1.047939846758799837e-01
2.185827282515971637e-01
2.775199639415135699e-01
3.072497767318668749e-01
2.127540574289483455e-01
2.608424217469236805e-01
2.102861613336416413e-01
2.332646509884064023e-01
1.055931447791429445e-01
1.124308779759236460e-01
1.589857883361003588e-01
2.646495073891393379e-01
3.074287660458721039e-01
1.330790805570203905e-01
2.317619123302013806e-01
1.253849308548279640e-01
2.631199221577863456e-01
1.290864799464260526e-01
1.066759586618459960e-01
6.953112676292194649e-02
1.018849191078411986e-01
2.373585130712057567e-01
1.048491289682252497e-01
2.847211080900318159e-01
2.693580466051238576e-01
5.963253543594149858e-02
2.081310564630304283e-01
1.212266828326752782e-01
2.928218480302012261e-01
1.346310244402698642e-01
2.464337046560761690e-01
3.255969367756738619e-01
2.833597253704145946e-01
2.667052388413042596e-01
2.288790370658154438e-01
1.061722834944602012e-01
7.093060064160072731e-02
2.811837714148732181e-01
1.698406916921012533e-01
1.189556695252356328e-01
8.686294497690574823e-02
9.858148729144938782e-02
2.636031570829164283e-01
1.648607035017356504e-01
9.887863367539463655e-02
9.006118832322741741e-02
3.046832690718485614e-01
2.734985449431915905e-01
2.930183954620523834e-01
3.388671604593072595e-01
2.960727215278946556e-01
2.830235658819884592e-01
1.836027418982159598e-01
