9.033845688780260674e-02
2.638079623917917171e-01
1.652057075871728453e-01
2.785252633639383468e-01
2.595473442346802329e-01
3.195873407720420945e-01
7.062031202475260727e-02
4.710317877851635804e-02
3.177975583997061371e-02
1.115495096806597558e-01
3.199577329435636663e-01
2.066173785813270325e-01
9.610281900884139195e-02
3.266456930972633232e-01
1.932625233311064672e-01
1.891214427848003643e-01
2.144644696208413415e-01
2.074369941304829712e-01
4.547289481521221005e-02
2.204123990599100025e-01
1.670797700425100951e-01
9.013052406578510312e-02
3.037897416000665540e-01
7.158165065780301706e-02
6.605577962257691560e-02
3.236671406932080663e-01
1.559873893602281014e-01
1.341143623556438069e-01
4.819421712343895103e-02
1.559246584063749275e-01
1.969458966148374124e-01
2.654285806903899925e-02
1.524239016411285119e-01
2.329147221185356165e-01
1.115759747346518199e-01
2.346621026332293136e-01
3.060410833688828047e-01
1.601032363574062534e-01
3.384264137679839912e-01
1.490570524370503080e-01
9.079600094190781734e-02
2.019848653897114432e-01
4.450549086951013922e-02
1.013357066044907329e-01
6.325789255307413816e-02
2.182911015077907135e-01
2.125590221510939570e-01
3.037620971242948054e-01
1.682564629642312459e-01
1.883218640071922800e-01
1.189237603343006183e-01
6.839201739800096491e-02
6.984591858556153665e-02
5.991239410664425669e-02
2.986831992134405533e-01
2.303793741590585142e-01
1.416059872610112569e-01
1.581824863229075728e-01
9.902757885444446462e-02
3.335421910834944215e-01
3.744161811194893913e-02
2.693701758869026519e-01
6.838901056264988509e-02
6.431372611927904659e-02
2.600209872522066812e-01
7.518680240381608870e-02
2.072848306325794088e-01
1.449203876268226887e-01
3.182707637763574349e-01
2.388895234099184528e-01
2.443685551000295553e-01
1.635174705703383857e-01
1.117569282321121404e-01
4.559025717973613084e-02
1.548911721268944608e-01
2.732009287957746779e-01
8.594446681880067718e-02
2.042070586873348526e-01
9.228007127700509071e-02
2.260277708623035786e-01
2.798689150168519602e-01
4.192272570949993893e-02
1.842665836651362077e-01
2.160915632299394706e-01
8.223365712349733903e-02
2.889446322072654616e-01
1.365794455602465374e-01
2.935344587702631847e-01
2.136324279653777081e-01
3.647821656361141529e-02
3.259947361510174835e-01
3.029854827539457673e-01
1.293835384281669942e-01
4.426563754574883158e-02
2.926122695334084159e-02
3.046133421020015830e-01
3.331848904520006704e-01
6.263839474112588290e-02
3.317552680332868098e-01
2.754563971209028628e-01
2.243807793595287703e-01
5.988547387886334478e-02
3.178993879372868925e-01
2.155242733277146217e-02
2.731129991870183682e-01
5.359769877881544881e-02
2.991925781679933283e-01
2.284797496798147698e-01
2.444617899016442719e-01
1.711777735981967474e-01
3.178252055154404121e-02
1.074475555382545522e-01
2.852096337915382418e-01
3.052588532286611422e-01
3.123150488531100111e-01
4.773092783900712704e-02
7.339265836230350615e-02
2.558815885540261514e-01
1.562158545939553167e-01
1.389674657485426290e-01
6.946418355999701977e-02
2.447179712305481425e-01
2.925404029333037448e-01
3.275912621768507504e-01
2.914530710192799745e-01
3.226953512409393432e-01
3.546170105880774165e-02
1.074541533708495145e-01
6.632622165326755581e-02
2.113346405330012723e-01
1.583221759645074000e-01
5.200756929365965564e-02
5.511297556493226224e-02
3.134856236603589252e-01
2.007478045448982673e-01
1.173841010022187298e-01
3.228741478998888859e-01
1.564065064680514039e-01
2.630159566400608329e-01
2.013849276448558545e-01
7.646081776322193047e-02
3.283827346353842547e-01
3.256412999537682262e-01
5.306296308243427240e-02
1.857711129793319094e-01
3.162443908336174947e-01
2.234482760965014053e-02
2.811647563558241081e-01
3.253663312669443086e-01
4.828175793977721592e-02
3.172883416489375441e-01
3.105962856094400260e-01
2.676455970472696455e-01
3.814329874590686315e-02
2.850451566677942861e-01
3.210397101494427696e-01
2.582459681100441884e-01
2.292394787387266875e-01
1.894151126238277638e-01
1.146918714457466071e-01
1.907055332522908098e-01
3.027123119251237671e-01
3.278735556547606178e-01
2.272888894078718414e-01
3.231603459315136595e-01
2.101886423470227319e-02
6.501565118920057951e-02
5.941804840912287555e-02
2.173328340610858334e-01
3.307096719446052657e-01
2.211642125298893258e-01
2.578046889626057214e-01
2.135867924334780288e-01
8.884244560898436893e-02
3.159834519974881739e-01
1.708875980512300219e-01
7.666543915635361250e-02
1.744116819995501777e-01
2.899062696171730846e-01
4.758045141244193060e-02
2.239015551882302113e-01
3.327413532249312578e-01
4.545319323461700228e-02
3.365529043689043931e-01
6.479796945355802140e-02
1.291795158975969082e-01
1.671230334283015373e-01
2.622589138816788790e-01
3.358187420644933585e-01
2.806878606397963938e-01
1.491850716113233277e-01
2.708786214866808484e-01
2.710491752065010695e-01
2.747125598773612065e-01
2.463103397956218077e-01
2.037859531212843911e-01
2.883671079371687429e-01
2.917343555084537243e-01
2.682817625856575572e-01
4.916391044093323254e-02
7.852945274627638750e-02
3.318395289684836769e-01
1.779317479475867048e-01
2.716084259828554504e-01
5.353092115318237865e-02
3.871436929895832879e-02
2.063373701421097883e-01
3.275493895385357401e-01
3.346906922250246774e-01
3.300475251715030700e-02
3.107934601873687530e-01
9.057447814477907755e-02
1.924520149099714084e-01
7.977182722626020850e-02
2.282279382607926566e-01
5.330732793163606154e-02
2.140326816498920315e-01
2.373344294602638682e-01
2.741277150198750401e-01
6.381545557741945263e-02
3.152379374247282762e-01
4.296181383121730479e-02
5.505354965328870809e-02
3.377464244724120435e-01
2.677804851440739389e-02
3.160266686262001024e-01
2.917699079391685157e-01
1.337485408905352280e-01
3.011879004046811303e-01
4.198967254929548282e-02
3.339435459915935378e-01
1.424762200899767628e-01
9.286755343346191072e-02
3.253454908665024958e-01
1.279025446744210814e-01
6.637875732722273159e-02
1.435698690022691182e-01
3.316932361975983290e-01
2.487102488401077005e-01
1.757756720797995220e-01
2.762190656574898262e-01
4.756475018088712065e-02
7.886632179893335315e-02
3.036895017618066461e-01
2.141342728969825859e-01
3.192636399914562939e-01
1.208376841400771312e-01
6.551820170204236682e-02
2.922233215191030187e-01
1.747688510544902207e-01
1.870411056966907459e-01
1.856929092587100427e-01
3.047358428800605035e-01
3.264820842468720702e-02
5.465657242118286685e-02
1.549115311927563299e-01
2.300081049158526070e-01
7.018183273662380317e-02
1.174762659082429633e-01
9.260345651580351167e-02
2.000876604840769873e-02
1.440483739218394732e-01
1.121022072190225316e-01
1.871533509510738824e-01
1.721741697538420879e-01
4.235551184783349632e-02
1.285935067019368383e-01
7.733932247273712923e-02
4.497227139117401101e-02
4.171049533382586993e-02
6.233817153256780014e-02
6.668241809771129069e-02
8.022266622571172512e-02
1.649592463248247820e-01
5.430332999938702193e-02
2.500055592909710689e-01
6.983816734174637386e-02
3.288252409124752251e-01
9.148449203851770350e-02
1.448656239913928001e-01
6.981024348455240613e-02
2.490204988938702069e-01
3.180865381447131046e-01
3.251262820901706929e-02
2.933776825672617661e-01
2.711362805346959615e-01
1.385920481753292466e-01
1.886041789554885606e-01
3.360766442326318382e-01
2.374006871118061190e-01
2.457859492018404091e-01
1.627821887377481069e-01
4.141736035552389533e-02
1.027638433128817280e-01
3.274024423180196819e-01
2.627790583084409493e-01
7.735312024218872484e-02
1.821081992134104266e-01
3.048373291035227917e-01
3.143560657909508782e-01
3.254609408612158528e-01
7.001120826561214872e-02
7.508358697584222030e-02
9.401107025251005667e-02
2.029798191260310525e-01
1.551535159494873140e-01
2.545175253792361647e-01
5.222037864463101309e-02
3.323601802789133419e-01
2.046318407506501555e-02
2.724346265093628983e-01
2.722247194693361294e-01
1.987990177885865517e-01
5.475255143746505376e-02
4.314428355649517488e-02
6.379535566320840290e-02
1.093566710882191290e-01
2.608040438813581385e-01
1.061141421441357813e-01
6.066631256042318704e-02
2.668238630561806102e-01
2.065719104693286012e-01
2.340747505570348053e-01
3.285658087348532486e-01
5.213962477968877435e-02
1.939400942312957676e-01
2.425271140314324003e-01
3.280551959008459056e-02
1.010856472158191410e-01
4.518236667397577955e-02
3.083238979404138158e-01
2.988547105709342677e-01
3.208081014982266943e-01
1.087499998309214705e-01
6.056743933190508744e-02
5.849031769740044295e-02
6.519006433388571664e-02
1.057298068888942871e-01
9.285302345335873231e-02
2.521132179604180235e-01
8.045497580530756865e-02
1.681029508123587091e-01
1.386314009189889285e-01
1.296659493190228940e-01
4.720102191993735125e-02
9.405862402495175634e-02
3.380874953570260355e-01
3.366295498116293472e-01
2.114144504359694379e-02
2.151940991508376200e-01
2.228356824576680217e-01
3.165398791889934005e-01
1.031867660955327753e-01
1.429049253386070195e-01
1.884338865027923027e-01
1.455334476428271351e-01
2.207833377006228615e-01
1.227848321670546861e-01
9.265549885936974484e-02
2.853731908971309239e-01
2.401527750796230987e-01
2.584657176157086345e-01
3.390425185202415315e-01
5.645916072692674925e-02
2.879377512872439704e-01
2.155294295039843766e-01
1.174475847975386539e-01
1.009546987247841171e-01
1.764020327513519670e-01
2.239286437847639311e-01
3.305296384827765555e-01
3.106091695783048667e-01
1.238614349243395696e-01
1.647030185624484000e-01
2.575588316346258400e-01
7.128116614428905984e-02
2.607469773109549194e-01
1.768530590756526022e-01
2.181363557536386277e-01
3.066860467355556064e-02
5.958385854981165103e-02
3.362987120114953599e-01
9.482446354931554910e-02
6.796851006458971833e-02
1.170151785522186294e-01
1.975694601164887654e-01
8.190714245993409304e-02
3.310931001273406116e-01
3.438048278056297230e-02
3.215671647650895082e-01
1.221867281534821797e-01
2.862932079237842306e-02
1.244023950904078468e-01
7.037986419108797909e-02
2.658877007181278396e-01
1.253891357892808478e-01
1.059770688860994237e-01
1.812988098016439509e-01
6.048327852239376162e-02
2.860325166385675466e-01
2.230242518342101174e-02
2.832479014012649343e-01
7.900344446808268972e-02
6.100155315767306907e-02
2.030676162564015730e-01
6.117344439744421686e-02
1.292078358088396828e-01
2.230860946831526026e-01
3.143155463077792477e-01
4.175235974710154313e-02
1.234516922923207388e-01
6.889800791397379665e-02
3.286141451709787553e-01
3.211684949064305128e-01
2.416567161024449628e-01
6.422159787451715840e-02
3.023620678855095112e-01
6.260972262102031116e-02
2.142899145616525280e-01
2.462323021765896458e-01
3.305171771419494475e-01
5.893330677653176725e-02
8.359266999821461652e-02
2.908650903970636525e-01
2.997739525873648336e-01
3.514593598951753356e-02
4.061726905581736213e-02
5.424330008531298014e-02
2.297516210696537442e-01
1.024131757102907381e-01
3.133900066844524934e-01
2.449271579075485428e-01
1.113758425623012638e-01
3.182201858368840508e-01
1.324118543651640612e-01
2.376773001762003124e-01
7.598708476966702097e-02
4.153065259750916144e-02
1.723424684187178091e-01
1.221315970474685236e-01
1.799845196512648848e-01
2.323560883036598565e-02
3.076149315196527456e-01
2.033552622331317450e-01
1.647719287680594336e-01
3.952705560682895358e-02
3.376447599926181709e-01
2.102360936701978822e-01
2.055407115894723191e-01
2.329986929717505761e-01
5.863260202140425925e-02
3.744985488297844500e-02
5.401434784536897349e-02
2.696177203012520285e-02
6.128319383465848091e-02
6.263187977742243340e-02
1.139562137122425572e-01
2.868333660440058885e-01
1.055968353025138473e-01
8.187115317249377133e-02
3.318686246080751467e-02
4.098173386925407086e-02
1.601845257221281293e-01
2.093337581243851220e-01
3.567709877520765932e-02
6.349484908826047436e-02
7.848126129803668916e-02
7.818219085094484100e-02
3.234620764450135133e-01
1.463874503107678304e-01
8.723030064957201790e-02
2.443420944023347030e-01
1.605047946339519249e-01
2.361945335686148062e-01
2.814536081078363172e-01
3.281574303251345581e-01
5.600690808591633763e-02
3.283806075666153429e-02
6.527271790309885358e-02
2.714226828394777913e-01
1.821886218015333903e-01
3.164123186249847008e-01
7.326649559723240335e-02
1.266826153182501746e-01
4.458840541610360059e-02
2.735412462295364056e-01
2.270674257451906208e-01
3.202156029589015018e-01
3.176767091313867919e-01
2.807042910468922001e-02
6.270168044451934763e-02
6.265619899038425700e-02
1.116720298185210486e-01
3.337648973739444913e-01
3.095835976464077488e-01
2.333403672794371331e-01
6.379345206624237319e-02
2.175775059726886007e-01
3.046399644664692097e-02
2.972354071951021637e-01
5.960539699240047923e-02
1.160888208922198073e-01
2.518242330865077747e-02
6.643883583100322621e-02
2.242774152035694746e-01
2.704264757187189727e-01
3.384201912086585717e-01
3.695511532912305191e-02
2.231411454112096002e-02
6.365844491726076193e-02
5.350094660803607349e-02
2.377857906287806841e-02
1.147586895249451538e-01
2.164155588947062892e-01
7.493763939434947008e-02
2.334213520651195195e-01
9.450494562165447088e-02
2.463595219039657336e-01
1.140902728888006784e-01
8.411477385569340881e-02
2.558958690697016869e-01
2.824286010452011636e-02
3.363122763592023001e-01
3.221079518193184499e-01
2.193246187997098251e-01
3.170785984453108330e-01
1.413787785716177081e-01
1.003217021252912206e-01
1.728231812524923250e-01
1.684156946563834245e-01
2.790501828934621176e-01
7.218569610693553740e-02
8.638035161768549408e-02
3.317869923454336845e-01
3.056637555618899604e-01
1.963484311229674734e-02
7.077283829980958452e-02
2.561690966310793405e-01
3.352716982247063160e-01
5.087990202556506164e-02
1.203257356605624134e-01
3.768445026463505126e-02
6.494167895731271789e-02
8.483146290822103641e-02
1.007416151093565304e-01
9.941261485877948834e-02
3.793260757324964927e-02
2.935449276235099214e-01
1.232338472055212741e-01
2.335162777962132008e-01
2.537223140577493652e-01
8.818654962203997805e-02
3.305156832022064783e-01
2.965785070901907350e-01
1.449991871538885424e-01
2.916459728246206806e-01
1.896008993440393697e-01
6.929334189604274830e-02
2.011176031623220228e-01
1.128783395344444968e-01
3.114228287004903173e-01
5.374433362342159043e-02
2.908833002212294905e-01
3.345238912581712243e-01
8.023433622920658759e-02
4.285085741782673069e-02
3.362880483472346915e-01
1.506354356308981790e-01
2.811771620065780519e-01
2.982856330234616715e-01
2.238367789100982330e-01
2.532090741536308642e-01
9.605447894820047516e-02
2.187727862865828099e-01
2.303110156801295161e-01
6.524296366889585641e-02
5.278220777991565749e-02
2.944060438750888409e-01
1.065541833442188863e-01
1.459220525342235786e-01
9.161305588260724997e-02
3.589550807352866885e-02
2.450985000077890441e-02
2.761905912836898347e-01
9.102538003224323881e-02
3.227280233964216483e-01
6.451739055083369201e-02
2.550138757114712718e-01
2.771389816062109768e-01
3.297638606547586559e-01
3.017883885940572664e-01
2.810034593583684570e-01
1.375727761553308670e-01
2.398896248501189987e-01
4.799302281662605474e-02
7.529129725853594968e-02
2.945838411484635322e-01
2.703656528543683102e-01
2.244604126361485902e-02
2.318418064455382566e-02
8.776835700756785430e-02
9.045959949897007524e-02
1.130032433352229637e-01
3.176010451617700125e-01
8.833363248590987704e-02
9.044710091151761389e-02
8.993702386552168693e-02
7.114084973455887806e-02
2.287572341232208817e-01
2.986460120816840091e-01
2.956709823813957194e-01
7.988751129440462007e-02
1.644980607269410644e-01
2.469306643355769493e-01
2.247744842467598869e-01
1.855022133328326217e-01
5.470512016632928659e-02
2.337875551399628549e-01
6.771473668659870604e-02
7.037414936117071529e-02
3.050549020398158895e-01
6.300495217212526144e-02
6.402684486619562854e-02
2.192240833441477244e-01
6.807837258085618071e-02
2.958006313672469356e-01
3.307113390585699197e-01
3.265844980248103768e-01
2.839841549996570125e-01
2.752338288129354549e-01
1.215178368718543428e-01
1.295067005276834271e-01
1.580457559117689204e-01
3.281097797119235659e-01
2.866741817186693186e-01
2.788807121366799757e-01
3.085783210445063318e-01
1.582314262442638675e-01
2.066765686382265599e-01
4.821882748892548226e-02
3.204210417775882891e-01
1.758332099193114506e-01
5.815941850267967311e-02
2.864533586124094477e-01
1.640391303725151073e-01
2.887123300232889433e-01
8.128714648940958687e-02
3.351326163730548036e-01
8.506096848533796495e-02
6.545700987075256383e-02
3.082837052557272361e-01
1.045972183123462518e-01
5.358813878102889477e-02
1.285865988961046036e-01
1.955280374741946159e-01
3.102944607377030040e-01
1.632766317068632678e-01
2.974598550955477316e-01
2.706567729490139129e-01
2.458612230173485291e-01
2.298484481867379969e-01
2.359321246245143222e-01
2.887197236668994638e-01
3.388491471621826179e-01
1.880250056690367377e-01
1.529420319987821186e-01
1.382994021072057322e-01
1.727963287904291378e-01
3.039159443813305161e-01
2.265008322212260228e-01
1.780461244293191081e-01
3.222227260252416015e-01
2.108880641259607003e-01
1.665423279301029291e-01
2.635924306111830928e-01
7.004768723272480901e-02
2.366699119463350209e-02
2.937985275112097935e-02
7.809689680371251219e-02
3.126017967758077942e-01
7.956087522651508759e-02
9.026814806983060602e-02
2.435443759188433144e-01
2.290676475252566846e-01
3.979996026626636541e-02
7.338309750627165784e-02
9.339795432364265959e-02
2.600310970146395007e-01
2.988659036055982821e-01
2.454872852523517224e-01
3.277780993868215642e-01
2.544413475323335089e-02
2.485910792546038861e-01
3.250518427258270449e-01
1.303096027068660068e-01
8.499067576854711648e-02
1.913988789633929433e-01
6.664051309621142616e-02
2.924120773443483756e-01
2.154619125893603715e-01
2.097082229782209206e-01
3.326910094049596034e-01
3.373243831702002482e-01
3.884619389191268368e-02
2.517005379131170839e-01
1.227588752289258400e-01
3.646970294036461918e-02
1.182443905724602506e-01
1.160150565510955495e-01
1.798967736850861643e-01
2.244330711645327603e-01
7.420779216091592800e-02
3.104572129645777889e-01
2.152289849735591065e-01
4.803390876362229056e-02
2.606684440037014272e-01
3.061583471040272841e-01
2.532372476755097024e-01
8.373489424015712057e-02
1.392424896768765519e-01
9.774500629026015852e-02
1.165331507428180174e-01
1.532647183820190495e-01
1.986865919822483617e-01
1.127551185451369370e-01
9.167431063232917010e-02
6.980944907771240160e-02
9.894391687592506146e-02
1.365116787011234623e-01
1.203124807296709897e-01
2.610256003786172729e-01
3.035167841437150238e-01
1.727483589704097156e-01
1.252287807018507004e-01
2.214384970328409641e-01
3.325437052811663352e-01
1.009405165473846594e-01
3.043278188438594545e-01
2.825859673738202460e-01
2.336474832910170885e-01
1.149364956138115706e-01
2.016049117885105046e-01
6.265163912789629974e-02
1.658389959236369615e-01
1.514500369099275046e-01
6.646503029529743367e-02
3.300095905051316225e-01
2.203122707575256300e-01
3.251110354864527596e-01
3.353321696635886973e-01
1.740393466166362257e-01
3.124592731416238056e-01
2.239385080676787043e-01
3.255404643099462647e-01
1.998055311029147962e-01
1.049630310198605421e-01
1.781296855543224034e-01
2.980690770218979435e-01
3.368441200246219402e-02
7.897967877411814219e-02
1.581311393076856309e-01
2.540467004309176352e-02
1.608169732160500964e-01
2.360507691378589956e-01
2.788170893240402015e-01
3.184553496796664607e-02
2.342880764593981424e-01
3.179196424628278894e-01
6.931451349506770332e-02
8.912237230443642577e-02
2.556973912056464612e-02
2.907451605303349451e-01
8.114711289079890033e-02
2.876926665810164985e-01
1.510553872649209040e-01
7.814296663537392829e-02
2.503368469795314022e-02
2.827140859394636774e-01
2.815390515047365705e-01
2.088493363864799557e-01
5.963185164551521728e-02
9.913600968943619973e-02
5.887050628968829719e-02
8.562358574861372862e-02
2.120346708523427603e-01
2.609782961485661024e-01
1.794277078211363174e-01
2.675187482384382975e-01
5.405923017851051171e-02
9.838375871554055907e-02
1.392971314238586056e-01
3.393285271941297587e-01
1.382778087117182142e-01
2.292163659254079500e-01
6.866805494781924590e-02
3.265349974262030108e-01
9.409742822368311055e-02
2.571570698994524728e-01
3.177221973737063831e-01
3.544259490809483631e-02
2.967353391548640529e-01
3.166404348664323964e-01
3.209731224402516681e-01
3.318119396527894338e-01
1.563878573247003689e-01
2.155869051963595628e-01
5.485256787902753617e-02
4.071477383172521919e-02
1.272493448167829055e-01
2.425327428032200416e-01
2.292007481062616550e-02
2.559723698107446710e-01
5.097561218031550906e-02
4.627665013896437030e-02
2.543569303708076990e-01
5.029335596032308980e-02
2.567887624933583579e-01
1.422632396683239098e-01
1.342609495206745218e-01
9.719961002864126176e-02
2.004927119854464923e-01
2.930453042697817034e-01
5.684666012914971200e-02
3.190954473042483253e-01
1.330317332167205435e-01
1.814585996655843914e-01
6.369822036376099339e-02
2.337102657397870931e-01
6.522017930840162681e-02
1.513041888065970175e-01
8.240680874930156330e-02
9.254240413716682823e-02
3.084394092412233168e-01
2.598022046333159710e-02
2.273636467210969625e-02
2.937080964693967733e-01
3.135773516554984930e-01
1.030033906534608690e-01
6.216869495669483797e-02
2.135596164264018659e-01
2.717512497337361554e-01
2.116484392979882112e-01
2.608450275740935020e-01
1.728050362731064771e-01
6.635552733476371423e-02
9.867669645257877431e-02
1.830605552296422078e-01
5.146222162246753135e-02
3.277476427905463563e-01
1.640436061435807946e-01
1.760550186217173241e-01
1.075750642202578933e-01
2.299466366843939680e-01
1.608466863625345744e-01
3.367551515443039101e-01
3.138601445307012128e-01
3.000960569316139526e-01
6.488344428570770595e-02
3.006816889409474891e-01
1.259386388473989482e-01
3.201590223434495203e-02
1.829271353176586123e-01
1.438248324587234062e-01
1.149018422584540955e-01
2.225377627948461612e-01
2.373334558084505275e-01
3.176559020028685842e-01
2.710163173710465334e-01
3.235676305913774975e-01
1.631087606278313895e-01
3.110403630747655135e-01
2.223090388728952427e-01
3.329087986716570136e-01
6.727830361857245478e-02
3.368467941261236720e-01
1.772066570743994207e-01
3.424965094342992400e-02
2.414517909072188828e-01
3.301224205914188858e-01
3.385509284223913173e-01
8.098712477111111308e-02
1.876424642809439158e-01
5.375200701507657636e-02
1.039053672682987844e-01
2.130025029866559616e-01
2.769791791005210557e-01
7.908447786898084586e-02
5.929978890053939217e-02
2.376202616129083900e-01
1.431652677381692051e-01
2.193203841290438383e-01
2.152938483981765294e-01
2.728862176153546426e-01
2.123555022720014507e-01
4.221473664154708899e-02
3.985626086160432707e-02
1.930168687693121776e-01
1.368393124305528896e-01
1.932280672722566095e-01
1.671273265782808048e-01
7.367624286755124208e-02
1.379166554045454518e-01
2.084940678444482387e-01
1.640297822638722147e-01
4.955933599527154176e-02
7.833624391667377840e-02
3.359287583565253588e-01
3.196068616992554512e-01
6.261604162558147280e-02
1.427109573974988666e-01
2.879389995529371138e-01
9.834033547221424088e-02
2.992706441473091949e-01
1.661834950365659869e-01
2.068979983750389162e-01
6.321859389293592313e-02
3.223829907227159786e-01
7.963436376300568609e-02
3.347536124800487567e-01
3.135643437358214269e-01
2.369867353194649029e-01
3.081699302999600931e-01
6.998555352791439865e-02
9.247905419674429250e-02
3.393808436809508944e-01
1.418765199462773963e-01
1.087803752999709078e-01
1.234499661323096437e-01
1.274380432900680815e-01
2.374308388653000312e-01
1.020582980744984686e-01
2.450941622659372210e-01
1.642821395179243082e-01
7.781969483990798520e-02
1.879089714243317166e-01
1.740458141098411571e-01
2.605972093860661198e-01
2.467741066675751271e-01
2.646210873143943765e-01
7.336360282001765099e-02
9.463955899102470537e-02
1.982622673977511019e-01
5.091986564638281004e-02
1.205515005651002641e-01
1.648231150893200436e-01
2.647292671429088071e-02
2.478275277003666732e-01
8.541840105972561825e-02
1.005393483177292879e-01
3.095611199046447437e-01
7.132949906944791030e-02
3.292329143423035620e-01
6.790776527928729656e-02
8.034815042083941206e-02
1.404674353651399199e-01
3.276547617435753290e-01
1.006944932405879484e-01
1.115993776872754029e-01
5.576120143377744087e-02
1.878031266059535798e-01
3.186709620183367231e-02
1.316223866926488906e-01
2.655922319907224605e-01
2.771113555463525779e-01
1.947819223310269798e-01
2.112818192175438814e-01
2.472022334642755281e-01
2.583179653484406549e-02
2.351001033302302090e-01
2.830830581424738090e-01
7.663588715289099129e-02
2.351195961736033402e-01
3.058985517595944059e-01
4.163140877252740485e-02
1.787501208739618042e-01
2.886984092882622921e-01
3.016583769235401946e-01
2.847889788531207320e-02
4.234279415724566398e-02
8.898952223563592889e-02
1.895757381633684513e-01
6.003089320458051409e-02
3.006218582626496438e-01
2.715211333877385891e-01
6.220826192980230540e-02
2.874177119859094298e-01
1.502071876583265797e-01
1.758568100108431898e-01
1.815285346499427577e-01
3.196767313782653552e-01
2.479235421119564409e-01
3.390382038332278580e-01
1.518766226269637198e-01
2.692168208073769109e-01
3.222434665361746942e-01
3.571306025033368914e-02
2.946345531263109066e-02
2.626223677271270485e-01
1.279812183358040034e-01
2.432138787861376841e-02
