2.816410905137062270e-01
1.666169022304755942e-01
2.793857552752280204e-01
7.304228901055044576e-02
7.961220467471832873e-02
2.768816549901784163e-01
1.378216810079807841e-01
1.304092207126323344e-01
1.368056432565104563e-01
3.407182014505813483e-01
1.269087656430630540e-01
3.223870822131686409e-01
1.953587666437615333e-01
3.085642566524624542e-01
2.730522620710492676e-01
1.914068486984492612e-01
1.347668803231353574e-01
1.006723941427156988e-01
2.952401581763920979e-01
1.743466704383843657e-01
1.880938415052821888e-01
2.773337340466607848e-01
1.909614549388141957e-01
2.752757615840381034e-01
1.028483394126915584e-01
1.240018082088958397e-02
9.539006083434041494e-02
1.596672098964077302e-01
2.549567390892674701e-01
3.381957890769205499e-01
3.014943632774703119e-01
1.792889960758325130e-01
2.640825279187470898e-01
2.419270350753397469e-01
2.026915767701682192e-01
2.467523384995455871e-01
1.353614512529312808e-01
1.282288105833299663e-01
1.409025865987353354e-01
1.127174591210137744e-01
2.779077816938064771e-01
8.712126887289900479e-02
1.896035208787266169e-01
1.658784507090062255e-01
9.609882312210496491e-02
3.305464484630095123e-01
6.654329374329928659e-02
2.571757537578153729e-01
1.394732440775924009e-01
1.065859070277242054e-01
1.697344718912736361e-01
9.441700453127617465e-02
2.936221055279791270e-01
2.839732971015019314e-01
8.950155184141032894e-02
2.046904135694923299e-01
2.948912272049692973e-01
3.058517667394242134e-01
1.321368874191888032e-01
2.456648346095110791e-01
2.233598396884844961e-01
8.906626676800845355e-02
1.175822236163099749e-01
1.423296987667413138e-01
3.496895947343645061e-02
1.065068925380108361e-01
1.602656838899171599e-01
1.443230474697716204e-01
3.000609868830192428e-01
1.992117337451986270e-01
1.611147955596225756e-01
3.522304575161997863e-03
1.377388354487071587e-01
2.775849949661832183e-01
2.203982237658671517e-01
2.262560947906970266e-01
7.578592324600674779e-02
1.162989454641313591e-01
1.837550350992216142e-01
3.233828949048113133e-01
2.196806741281418229e-01
2.786394818528963868e-01
3.188071819626192016e-01
2.066303815057809190e-01
2.039040950500501381e-01
2.688413157367574580e-01
1.160449522493669505e-01
2.261994745536134443e-01
2.844638691921362872e-01
6.525057016889672379e-02
1.305432640066678252e-01
1.875818248650711895e-01
2.834004987742265724e-01
2.789396305990768932e-01
1.187194040824798291e-01
2.091220933810584715e-01
1.662327298093681516e-01
2.538200832614618263e-01
1.204421819174011782e-01
3.012652146399648068e-01
2.612077425312114842e-01
9.000435782348759073e-02
1.883917035282937913e-01
1.004707401000088790e-01
3.171764499518179847e-01
2.426445325999055935e-01
3.366236510076304200e-01
2.605240862982425853e-01
1.958726388394599338e-01
7.087218647599538568e-02
2.439499375101029099e-01
1.670898863699939452e-01
1.276272648881168204e-01
2.641163263595348587e-01
9.179421021474544473e-02
2.573600389364489316e-01
1.440818152264161933e-01
3.321697945055570034e-01
1.624613548612017233e-01
2.712154560490794286e-01
3.200821286731595494e-01
3.275283491374090805e-01
2.328541245854309771e-01
1.128245166180272818e-01
2.217794766311340371e-01
1.489529540507118499e-01
3.156557111916096225e-01
8.499264462170999512e-02
1.504827115910975233e-01
2.692791873687084836e-01
2.690393906259033185e-01
2.124017747567296666e-01
1.951317183719784576e-01
1.753401536565133700e-01
2.979840921536948684e-01
7.689385462872273813e-02
1.564296629133315741e-01
2.769889048931399311e-01
9.925593694902787312e-02
2.130487099068324175e-01
1.430064677285487473e-01
2.950146924485818611e-01
2.191843566209460969e-01
1.252597778222770131e-01
1.363912010092920568e-01
1.984948966201423026e-01
2.418790931464737948e-01
1.717692746639697954e-01
1.367873292009238739e-01
2.933024708048040941e-01
1.814031388426253499e-01
1.314849204118475889e-01
1.898700999650369536e-01
2.550222778910286037e-01
1.097363105017875873e-01
1.046941883112779692e-01
1.546432345283607346e-01
2.841860878161215354e-01
1.644855194201740589e-01
2.555297355411987881e-01
1.196294514909469336e-01
2.898016875334175069e-01
3.040398834919564863e-01
1.767191129897056900e-01
3.099388871004193358e-01
9.062950417117357493e-02
2.678087513630993954e-01
1.003006248269421863e-01
2.641508263086890795e-01
1.073822707184919206e-01
8.332514714089835073e-02
2.307691722937989520e-01
1.332076955184052502e-01
2.362093003382673417e-01
2.395547857270659553e-01
2.603831426013167305e-01
1.407753739792535763e-01
1.104004596024689699e-01
2.855406603301562929e-01
2.114242426559239107e-01
2.456294346516932903e-01
2.235625272308398859e-01
2.117964877587196204e-01
9.804272359796216418e-02
1.658110142838305490e-01
1.723013468138400450e-01
3.155630534731014847e-01
2.277849484583330530e-01
1.071754345284243876e-01
1.075025035163379994e-01
1.077144501384708630e-01
1.524346994382688170e-01
2.587638629358143261e-01
2.505551839102418965e-01
1.297301259303808296e-01
1.784352453289759499e-01
1.526492390237186025e-01
1.646593447219178996e-01
2.489486020367601971e-01
1.933375364796969254e-01
1.678780645471618371e-01
8.183983335850913976e-02
1.019964512322797529e-01
2.293292049066406602e-01
2.254975032644547239e-01
7.140769001230046209e-02
2.481379425771843283e-01
2.665835470404272489e-01
1.346654710379948938e-01
2.048970625485154184e-01
1.265120125429556042e-01
2.943882353962749554e-01
2.246860794866478439e-01
1.649422452165191788e-01
2.531914640324631760e-01
1.478961005229577630e-01
3.018189668565972594e-01
2.530427435452534124e-01
9.401230058000892287e-02
1.604298345816053406e-01
2.540771146995619567e-01
2.176484630327733261e-01
2.418448140322562445e-01
2.402049621311914129e-01
3.078223233604752695e-01
9.630617014253682606e-02
1.997801585831869842e-01
3.395604667516807784e-01
2.957616355827014654e-01
2.722271622069660224e-01
2.969587521743905500e-01
2.349689758557128028e-01
2.910369685571951304e-01
2.767986378532108493e-01
3.388148868364150856e-01
3.055493929196054781e-01
2.729393846023095427e-01
3.123341883526692953e-01
1.667773149320484483e-01
3.330168990063210877e-01
2.928162776462921446e-01
8.347911640123127641e-02
2.743794835327895143e-01
9.926987589324196004e-02
1.457170231880506595e-01
1.606728288338735711e-01
1.103779331529550350e-01
1.840225589029153286e-01
2.541856790339225847e-01
2.886875462581107721e-01
3.445861284115798728e-01
2.225958332486168423e-01
8.794168812009438285e-02
1.209814886021527147e-01
2.779080837558497996e-01
9.362324779832857657e-02
1.913262186845032520e-01
2.449719772966741926e-01
9.480556584157640021e-02
9.884268746141532114e-02
1.297336915300120186e-01
2.856702850224718815e-01
1.319922277843773861e-01
1.297686264280248081e-01
1.308626701819281257e-01
8.947135988685218921e-02
2.192955789079736872e-01
3.443605118346230176e-01
3.223200921187357459e-01
2.047846680111141959e-01
1.900542705494176754e-01
2.543687948778178276e-01
2.112996254745091174e-01
2.181026574254769923e-01
1.906758617871110451e-01
1.963322387717369999e-01
1.262894649066388375e-01
2.381803007997577715e-01
1.118302686473440916e-01
1.552617393283995395e-01
1.108963722935763924e-01
2.193148613293856575e-01
3.367907782585826126e-01
3.391567381204433351e-01
1.310450897344724863e-01
3.037246070715924895e-01
8.626733862285369814e-02
2.224282825191667146e-01
2.716180343342265435e-01
2.158053180312757557e-01
3.203398726456604950e-01
6.774149421380733227e-02
5.680080709828413954e-02
1.467045370505802304e-01
3.327263255388556162e-01
1.363732919338966620e-01
1.247043055391846150e-01
2.407853540646516799e-01
1.909799617660870585e-01
2.642388514087504192e-01
2.855896370747803004e-01
1.202713956152366703e-01
2.604495874641045705e-01
2.745504866422877055e-01
2.458257458276084939e-01
3.144790567525227454e-01
2.852568508640749290e-01
2.735650438432756237e-01
9.395769781063377513e-02
3.058633076528333716e-01
1.331247714501377355e-01
3.390022453224436627e-01
3.385920171072369644e-01
2.388989911531469446e-01
1.923927519690274424e-01
1.342202451660419460e-01
3.389461605226601892e-01
1.421954048928606718e-01
1.602809262319742634e-01
1.629145588345784490e-01
1.168088212785318020e-01
1.207776528591827658e-01
1.509336315552922136e-01
2.185907827417950811e-01
1.256349689145520865e-01
1.970286240331212968e-01
3.144600268368523688e-01
1.885903542110544950e-01
1.549353404217087005e-01
1.372787062627098820e-01
8.940067887169338146e-02
8.791078868426355220e-02
3.368124104336361890e-01
1.589987756786040707e-01
1.704298668263804495e-01
1.389355736660949081e-01
1.281908922648839766e-01
2.091848981000510588e-01
1.863093252782966058e-01
3.343412772552697421e-01
9.632068136006251280e-02
1.349428020422820951e-01
3.363695234281250390e-01
3.152088549573751064e-01
2.231264972498187005e-01
2.198983345313372251e-01
1.102088248399311354e-01
3.146785950506041929e-01
3.185860577733632959e-01
2.300635784423032959e-01
2.956194247888370707e-01
1.576778849763634527e-01
3.279974942755112810e-01
2.152297677617669158e-01
1.658929180986115082e-01
1.442206005998214469e-01
2.453106536947402272e-01
1.988511585930302916e-01
1.968970060997533578e-01
1.291417869814110442e-01
9.199134688263639614e-02
9.201946492855800352e-02
1.861793833865811876e-01
2.872939472011928896e-01
2.290668592659888814e-01
2.997716985666324940e-01
2.756178088774680623e-01
1.285920885268743430e-01
1.604218026712758705e-01
1.856473903758688593e-01
1.807001200870131941e-01
1.590758902277207010e-01
9.343881756449247400e-02
2.795780363721393491e-01
3.219521976251820128e-01
2.227093915287470804e-01
2.104623309610072768e-01
1.305061599482668921e-01
2.026701648686393409e-01
2.724686588605257920e-01
2.524495820605517360e-01
1.490768066388974966e-01
1.198519645778553383e-01
2.406956669815150107e-01
1.327298221027269909e-01
1.482251701956101564e-01
3.054728788114796090e-01
2.566299949073331255e-01
2.143704125118690851e-01
2.337452331021613039e-01
1.968552964310878450e-01
2.621628989012729227e-01
1.271482373087685913e-01
2.228857514108827653e-01
2.563916531182253711e-01
2.620439608694383193e-01
1.258524855279397892e-01
2.068523177375719557e-01
2.754410875788870228e-01
3.157634296447384692e-01
1.559415020587189560e-01
2.392439260309903726e-01
9.986450114039868708e-02
3.091862339992288988e-01
2.165231570783107684e-01
2.735996841402578705e-01
2.925546427944771266e-01
3.236155217309684140e-01
1.224478535707221732e-01
2.277334513847639186e-01
1.969520507806057086e-01
3.072874743096498107e-01
2.086891422639761129e-01
2.418948998915728121e-01
1.295489450651628183e-01
2.972603327857267219e-01
1.024735103525360597e-01
2.785753404741305173e-01
2.210989952800230529e-01
8.445955949182576417e-02
2.430118623519882115e-01
2.259749269474810307e-01
1.019948679771209843e-01
1.516124230877029522e-01
1.696238784631315666e-01
7.249803823135994585e-02
1.831975171888172715e-01
2.697757731770848433e-01
1.181647358296604167e-01
3.443440966635730183e-01
1.263347896204638776e-01
1.120730293795780680e-01
2.881631513423920654e-01
1.597937324949995075e-01
2.819126941793310692e-01
1.244114962810306119e-01
1.242797518647137389e-01
2.339519878147715837e-01
2.567984815042392843e-01
2.426877402527601590e-01
1.788602262570953561e-01
3.289547344608911850e-01
1.225767594269106947e-01
1.658433554800798071e-01
1.100440071898069472e-01
2.233560217008516702e-01
3.176476884264098910e-01
2.418097182777819432e-01
9.035485734968348726e-02
2.371581958431935033e-01
3.222623662008284873e-01
1.377782454473306384e-01
1.928077256996354738e-01
1.209225451854124556e-01
1.220956114627925748e-01
1.854741306612016360e-01
1.720648000915785125e-01
2.774749534283834085e-01
3.027056187104443241e-01
3.430069344039177737e-01
2.613020139225554206e-01
1.567838546054617643e-01
3.315346116345261329e-01
1.806650168561764122e-02
3.061486501895465673e-01
2.536762655480446771e-01
2.251494804326417687e-01
2.904584789990427574e-01
3.199547662150271643e-01
2.872144780853119195e-01
2.486819382447198190e-01
2.497748130191304039e-01
1.468453927814395987e-01
2.531145149907644276e-01
2.855421217102831477e-01
1.783366391076168789e-01
3.250330637300926084e-01
1.140218649687805147e-01
1.062882709167117107e-01
2.702841772451371471e-01
1.933765336597600137e-01
2.447378062062448567e-01
1.531800822252606387e-01
1.128649350974715304e-01
2.094353323551731150e-01
2.199182593696756838e-01
1.102432613273922057e-01
1.115739336128009351e-01
2.304859959113196022e-01
1.061561085769030660e-01
3.434270405966584061e-01
1.389734557797473735e-01
3.412700454132213679e-01
1.787710434883982014e-01
2.333766667088440772e-01
9.807084895837228644e-02
3.127686434743802146e-01
1.583879358735227894e-01
3.299834110372864560e-01
1.440252075859196068e-01
3.264771712335323706e-01
2.214668571905362149e-01
2.186800085105911617e-01
2.331225520502999693e-01
9.553461645518707135e-02
1.063507475747459269e-01
3.323174606475649551e-01
7.455476015479280127e-02
1.104801129228439732e-01
1.376720615031880035e-01
2.299185623264418943e-01
1.919476889693739474e-01
1.334666855032561328e-01
1.174810223351253069e-01
1.970477682281062681e-01
2.822000201810032638e-01
1.315989575379912513e-01
2.936326066601421814e-01
1.434497595997066832e-01
1.473951355444620692e-01
2.107729135237509654e-01
9.737909778535965011e-02
1.089043671155550536e-01
1.718169936621996297e-01
2.692312214958866856e-01
3.317200094444088809e-01
1.787324301289658357e-01
3.305519201158702014e-01
1.063574493568043566e-01
2.549068517784665033e-01
2.989523263601199243e-01
2.720550557977479689e-01
8.201148947692049607e-02
2.436347252900824545e-01
3.248181034182736626e-01
2.803126275378813870e-01
2.236187422205553332e-01
2.884464622680620316e-01
1.357163832652272528e-01
1.687234127756793156e-01
8.072013057699534144e-02
2.775792436382150674e-01
2.416343453702413657e-01
1.421562408590823501e-01
1.504523428242894867e-01
1.215952266732712589e-01
1.823363587175956535e-01
1.517393684406908583e-01
2.247805134863038456e-01
1.529725695847687361e-01
2.732678203259005234e-01
1.981689239906994637e-01
2.006478825076011829e-01
1.480129943395414316e-01
1.324954822919170438e-01
3.421190811575449131e-01
3.239472317703754878e-01
3.342066612316429430e-01
3.363196454389759671e-01
2.150687531833218036e-01
2.043679380804881152e-01
1.341906717921635128e-01
2.457363691864611621e-01
1.458576295638610298e-01
1.528597437677482185e-01
2.349105587740948353e-01
3.253969313998658075e-01
3.399333490590935036e-01
9.162737428090586556e-02
1.817361307743861343e-01
2.334303450243865596e-01
2.131380304790355951e-01
3.462952325977121104e-01
2.347697382235443275e-01
1.203726526637335509e-01
1.024408418249195263e-01
2.713148553355688719e-01
1.037945468359177392e-01
2.383863272591202620e-01
2.287949019516756222e-01
3.332992676132303655e-01
2.010122536528541337e-01
2.454819850656196345e-01
1.522564398130636376e-01
1.385904508019322467e-01
1.889553983168950901e-01
1.804205217868574962e-01
2.937614457064028906e-01
1.300594961518266868e-01
3.140836700240964285e-01
3.181361738583872723e-01
1.202638572538814316e-01
3.122551315170189468e-01
1.176389182489949864e-01
1.203697482558444831e-01
2.848468517143752377e-01
2.458404728297066966e-01
2.528889970728754322e-01
1.204694753055232798e-01
3.101537301195493868e-01
2.109290728215355015e-01
1.927171234802075306e-01
2.136679045392419207e-01
3.089331091120598449e-01
2.622977462493446543e-01
2.067517798757805558e-01
2.863141962438872090e-01
1.460869440560088606e-01
9.013595142704945717e-02
8.653531439720074658e-02
2.239010624400293026e-01
2.017925698576465143e-01
3.224222735924960337e-01
3.059159776416656706e-01
8.738632477864922976e-02
2.466497757905398713e-01
1.949213324467204134e-01
1.007875040665942024e-01
2.850286424257506002e-01
1.064461663396363833e-01
9.775629022846854532e-02
1.140285289691352760e-01
2.001584875982741207e-01
2.485470031543474401e-01
2.529966467078167969e-01
1.490658963752840849e-01
2.433690024802014351e-01
1.694691590744582532e-01
3.018137850622301110e-01
7.318161654281775397e-02
1.451807826783813038e-01
1.426261359290610931e-01
2.101730243734240833e-01
1.257492898697305517e-01
1.398177937689824013e-01
3.037403981676851661e-01
1.819244770506915077e-01
1.487882314204506673e-01
1.779386015335203963e-01
3.103192694323223533e-01
1.754558101361408939e-01
2.619131889721991735e-01
1.889343795261301806e-01
3.159354317858287242e-01
2.066097642570406678e-01
9.609766998995138143e-02
3.101752621583295788e-01
9.210403964114551034e-02
3.376427816352950417e-01
1.469834927489709342e-01
2.928908517504472120e-01
1.540430360927731723e-01
9.789468438942845741e-02
1.303273828562345749e-01
1.668283767552791175e-01
2.572032282289717919e-01
9.087252612581110667e-02
1.814873688518598427e-01
2.806549987529268209e-01
2.593158637855229598e-01
2.325014482880211897e-01
3.137895925757497873e-01
2.924679108747962886e-01
2.605981256199451090e-01
1.386836064032695437e-01
1.205051215482738775e-01
2.057481291503656939e-01
2.113365144183818045e-01
2.749513577229392713e-01
1.623420164083310691e-01
8.584021841867206515e-02
2.992665982331079721e-01
3.179425818696009487e-01
1.044826647745749487e-01
1.320035392610094394e-01
2.879779132647079520e-01
1.881618132539482346e-01
1.350117911257464887e-01
1.217811759877740901e-01
1.491611376582577808e-01
4.399386035689024574e-03
1.332012497081630498e-01
2.070089582039006393e-01
1.715530304921661087e-01
3.345949532406068960e-01
1.294121277758392141e-01
1.171248076764026952e-01
9.265039445968184517e-02
3.074900640238611982e-01
2.734365986206959143e-01
2.417614110118130044e-01
3.296473902105672149e-01
3.423539359582162267e-01
2.970166256614141242e-01
2.249767883901632459e-01
3.436849568868046156e-01
1.794242686814985777e-01
3.315989940952140946e-01
1.189027452112446509e-01
2.588552927699314110e-01
1.596136414108671187e-01
7.271406589723435065e-02
1.285744049526143795e-01
1.843476108313527873e-01
3.175513394749587270e-01
2.273154385844562420e-01
2.815810099688738077e-01
1.239381016280049624e-01
9.981320634147526627e-02
3.174074557325369250e-01
1.504747408495418944e-02
1.111423223736962007e-01
2.918172799414580632e-01
1.201022460590191882e-01
2.650657781573949046e-01
2.580687803253197687e-01
2.049911289706267126e-01
1.480539570030892926e-01
3.253486382007741429e-01
2.752148257979901147e-01
1.341333771775930495e-01
1.154463115497047637e-01
1.576060543142279169e-01
2.179682341968387504e-01
7.737787182971551936e-02
1.782265039176937904e-01
2.363011227763153754e-01
1.555491830772043060e-01
1.293637115225464151e-01
2.836662217936957719e-01
2.877052939726895131e-01
3.231678496790081900e-01
1.552765647891339862e-01
2.202606672383494446e-01
1.236330358244496913e-01
1.350867888033762398e-01
1.273190246529590786e-01
1.563661841814225628e-01
1.077548152085865546e-01
8.532004949979908603e-02
1.051927360379289883e-01
2.406711779230826520e-01
2.530839176074642927e-01
2.959875282232173888e-01
1.800947091002296496e-01
1.310401811682147810e-01
1.282493608291121745e-01
2.812383859098863681e-01
2.611584983432962970e-01
1.788723935457369740e-01
2.105258783751330354e-01
1.485839022536165899e-01
2.584234292046007631e-01
2.014494726567920280e-01
1.292477471195523642e-01
1.593311428251313333e-01
3.189101967240854374e-01
1.933446532688589126e-01
1.098482183924831268e-01
1.214477438103113149e-01
1.490888343999411114e-01
2.932564296435500317e-01
2.365793331359377083e-01
2.322315807385128272e-01
1.695309361430183404e-01
2.921559233471242578e-01
2.419951917575086930e-01
1.658707659381231103e-01
1.944957436117426552e-01
1.421301182865689905e-01
1.205624747983059936e-01
2.235269649970589856e-01
2.038256504667959323e-01
2.617700737521267418e-01
2.395323492754726502e-01
2.853970116748065222e-01
1.889596165383766457e-01
2.681295417868184150e-01
2.152976729563886860e-01
2.539863773739066133e-01
3.073662677710747304e-01
2.166057846782518392e-01
3.243878803525215848e-01
2.070237758270089823e-01
2.277830690631558741e-01
7.326395035905017283e-02
3.102384807178288351e-01
3.294711810891911563e-01
7.864937608619013143e-02
1.128526657115078435e-01
1.145156507059742340e-01
1.236715582587888246e-01
3.048280974290210055e-01
2.051393421397636752e-01
2.144539277700866775e-01
2.011961853543872969e-01
2.337261220626044300e-01
1.189779762255968321e-01
2.153585116366216745e-01
1.300668043141977315e-01
1.265427422076481345e-01
1.051596598221035406e-01
2.938269093224199491e-01
2.933207211616444265e-01
2.211300993682450144e-01
1.422173927746354372e-01
1.622415085591136230e-01
2.752207461785827758e-01
2.413801468713205889e-01
1.287992969668748933e-01
2.269989826057504656e-01
2.009594971892481041e-01
1.820234079162054708e-01
1.736008599649127848e-01
1.349671386595447109e-01
1.305147615529220484e-01
2.505006708538471405e-01
1.497570701160650386e-01
8.353107263463098453e-02
2.690880501231194821e-01
1.940551569275445198e-01
2.345287245096578654e-01
2.474239029816036606e-01
2.563198912681339814e-01
3.113622155849982698e-01
2.548769926444242051e-01
9.153504893291590505e-02
3.261142261099403972e-01
2.300729945376633889e-01
2.875275134214902439e-01
2.934173461457537657e-01
1.271309589934160045e-01
1.251763063256347008e-01
2.136516298914675205e-01
2.377400400825155913e-01
1.656613892046077952e-01
1.051409962088574179e-01
1.585421752557167052e-01
6.768965075576235946e-02
1.540960153989928416e-01
3.421103044786156233e-01
1.505925848279488222e-01
1.404962384786801466e-01
2.217691968245298351e-01
3.215202263920837744e-01
1.668125828665088517e-01
1.674743000738065091e-01
2.860647036475529315e-01
1.335988957832156265e-01
1.352137935459516715e-01
3.053136333635749211e-01
3.149156693918354066e-01
1.405846062487355608e-01
2.653298857465186678e-01
1.307590143148294748e-01
1.817395202063962212e-01
1.316934540038409984e-01
2.897430636711713636e-01
2.377825301542773606e-01
2.399686066765003845e-01
1.573970154639588725e-01
1.272162101060935746e-01
2.503736323569115130e-01
1.322155378231822942e-01
1.431527150959605865e-01
3.449952878571770354e-01
2.648100138440677154e-01
2.091658497560684726e-01
3.145128408543652609e-01
3.354539933093633741e-01
1.289217811807655822e-01
1.414295076229243886e-01
1.929752171389000626e-01
2.118322808481234443e-01
2.385883341956457349e-01
2.140191033468510917e-01
2.504565620534908721e-01
2.628352968824398395e-01
1.999581568870483217e-01
1.747636889539565808e-01
2.089968416037294718e-01
1.607524514738317423e-01
1.307919937591186521e-01
9.834644801142850001e-02
1.581045239707280226e-01
2.386296226571053003e-01
2.259771583620849567e-01
1.303734480946632524e-01
1.198766702947834661e-01
3.243286814012229513e-01
1.724853625700635551e-01
2.846339384630081071e-01
1.148233534798456246e-01
1.481367648839371776e-01
2.772045368988718117e-01
2.725050911312779656e-01
2.846545584227300751e-01
3.453015757835362631e-01
1.732169749901091571e-01
2.510671404448349131e-01
7.737162207222633703e-02
2.394363903759897938e-01
2.867939136275738377e-01
3.454023291368955584e-01
3.142523680844059308e-01
2.853677083040050411e-01
3.041424879360301037e-01
1.032229601249516349e-01
1.644964412791801167e-01
2.073064225199924282e-01
1.989784208547205335e-01
1.363159280592007305e-01
1.528410899060863304e-01
1.423012282957787367e-01
3.038967338364382820e-01
3.145215528932288618e-01
2.854778160655773722e-01
2.545379440711422747e-01
2.268262486142434697e-01
2.247312455404367748e-01
1.149408447593554400e-01
2.042137643135196745e-01
3.042223881183573342e-01
1.649839242554974328e-01
2.665474573191713437e-01
2.984013249243618326e-01
2.190896034782792434e-01
2.136155891102100857e-01
1.377349548420866154e-01
1.312480808368926000e-01
2.609500500907276921e-01
3.100049439085658665e-01
3.442005956981222248e-01
9.245755495510864230e-02
1.765556788728700754e-01
2.604562563727862989e-01
2.100292350141207964e-01
1.738172621102518078e-01
2.036044711945224073e-01
1.837546873814800419e-01
2.779636199373704541e-01
1.445139117585222677e-01
3.263424000362502020e-01
2.866057777223932068e-01
8.113599802965448804e-02
8.878835535762728826e-02
1.974138446815913162e-01
2.894626235564607408e-01
1.963245155841213119e-01
2.935792924202841325e-01
2.103377111020141577e-01
1.691594677185491447e-01
3.408430441771707065e-01
1.549757853130144802e-01
2.976270703000839513e-01
1.805612251971031035e-01
1.991239683303751562e-01
2.983235377077992356e-01
3.078902829623406667e-01
2.751243794876461757e-01
2.604224481413369152e-01
2.385061730484301645e-01
2.726417321158181584e-01
1.269181163473862284e-01
1.568268974503037316e-01
2.700540749968423082e-01
1.048500677284722460e-01
2.538874252765234707e-01
2.854316669064350664e-01
7.957183449653856822e-02
1.600132990547677714e-01
1.396429506737202064e-01
2.593873931055821203e-01
1.227649165335186060e-01
1.982179418454310671e-01
2.942579738754794172e-01
2.397013138168981872e-01
3.242245885159641960e-01
2.005424877785173254e-01
1.710850400016880601e-01
1.919864476630961936e-01
3.177083855270743107e-01
3.396213530156217408e-01
2.893848424674973496e-01
2.886998141365735848e-01
1.246372087233861142e-01
1.245737362219131450e-01
3.360106520911160799e-01
7.019440403940679918e-02
1.947296663563416463e-01
1.303013816105595413e-01
3.430556570471784417e-01
2.190492956517601508e-01
2.161567415385968194e-01
3.431990426550874385e-01
3.075448451154057516e-01
3.140546435518057344e-01
2.165991131636936795e-01
2.113474985519321059e-01
1.145108723203784734e-01
