1.187260929982130314e-01
2.622638387833102214e-01
5.708929115235066021e-03
7.094947701183895988e-04
2.679731979604884073e-01
1.104190634865141046e-01
1.875157479614663614e-01
2.722432009378148443e-01
2.170330360967717420e-01
1.429983902519934014e-01
3.178878607852532179e-01
3.015384938641013091e-01
2.108844300212905642e-01
2.827335627835084186e-01
1.504511799401680727e-01
1.218257172567195901e-01
1.548209897777615418e-01
2.804777261047167736e-01
2.229739019175413506e-01
1.019805139131105265e-02
1.187831838228029374e-01
2.861968666549785101e-01
2.583110317939619760e-01
1.329626453070638370e-01
1.669237108698115313e-01
2.262411808434972305e-01
2.839070097137131876e-01
1.193026389092281397e-01
1.263984996281327378e-01
2.350416890093780797e-01
2.670555428132790898e-01
1.118515888376524492e-01
1.540727017542418698e-01
2.055972614968567536e-01
1.065018822735657039e-01
2.453406527541618642e-01
2.068255586376890609e-01
2.061929496884175594e-01
1.305757758466163931e-01
1.511166698585081625e-01
2.388720806942779828e-01
2.006416326252174753e-01
1.771790636659599238e-01
1.622063553668784130e-01
2.079971532905692810e-01
1.635711419085935925e-01
2.272772512666162981e-01
2.444111359294051100e-01
3.281273361933756405e-01
3.192499866824716204e-01
1.232685335642067087e-01
3.154969720168094294e-01
1.142936598377473634e-01
2.721941207184954137e-01
2.842288839341515772e-01
1.405770169828837457e-01
1.756502792953806846e-01
8.391964903602132375e-02
3.204933449995301387e-01
1.808364939929707482e-01
2.992685914411031267e-01
2.449672450402616553e-01
1.834280527160432328e-01
1.750455408400213020e-01
2.145221901889822758e-01
2.627465133633890004e-01
2.410476069631290255e-02
1.310155522907298642e-01
3.491998277319137700e-01
2.997883469627590225e-01
2.006464803766897786e-01
1.165043988247821960e-01
2.574028896167153690e-01
1.994054014282120035e-01
1.026690900223680009e-01
1.404961381506914242e-01
1.461460218950198231e-01
1.512827262954851981e-01
3.127002446209929398e-01
3.080203004308083581e-01
3.504283077863596940e-01
2.840468081148562196e-01
3.105902838321352166e-01
3.292751726311004545e-01
2.681391164993072729e-01
1.183903510442538692e-01
2.338026550075938681e-01
3.452947553944903381e-01
2.082537643093700097e-01
3.397559555662273412e-01
1.679625177701944139e-01
3.159709852636208294e-01
2.599413399139142711e-01
1.919241308433689008e-01
2.796958961741277117e-01
2.095490010131031700e-01
1.832469504392977011e-01
2.805586445123107731e-01
1.601848750599923488e-01
1.647290804315440504e-01
1.933421221554364466e-01
2.364527133778729917e-01
2.488830479502314452e-01
1.256582520023005467e-01
2.576903785503509292e-01
9.065261580015067377e-02
1.693906633663464778e-01
2.723633410264506560e-01
2.263346340288749925e-01
1.032741271011657497e-01
1.413540921842439957e-01
1.901122815171151503e-01
2.452747720701148604e-01
1.393640175596037589e-01
1.236412367200364487e-01
2.515916487339006080e-01
2.244737273552603052e-01
1.395623564375523817e-01
1.172377045983078042e-01
3.185447218617863951e-01
1.628567417783821358e-01
1.414364795044086298e-01
2.279247602994665389e-01
2.625144902100373656e-01
9.390149938536118679e-02
3.001704898366679974e-01
2.727308147161041640e-01
2.860376776569736879e-01
1.417082881476238176e-01
1.740479848023970832e-04
1.550723184001279731e-01
2.075583966980548978e-01
1.134069972307548135e-01
1.710801764210184428e-01
1.772316495156012750e-01
1.307729229964481044e-01
3.007135253885224735e-01
2.894220867435756128e-01
3.438364453047792341e-02
1.661245890818954796e-01
7.744747249143633938e-02
1.337584408333842290e-01
2.957593285347135947e-01
3.162281578130369253e-01
1.989043340895127188e-01
3.224767346849550798e-01
2.256040225612783723e-01
2.369334656594537514e-01
1.421560388928287400e-01
2.562963338129289337e-01
1.390385460112789351e-01
1.960920062653969675e-01
2.741972060316107407e-01
3.282348941115503793e-01
3.186265280454557702e-01
2.463477507588574533e-01
1.075184645103779424e-01
1.426100685010798785e-01
1.250878171054335963e-01
2.632778812136997715e-01
1.088832527358974955e-01
2.613476546122728839e-01
3.144431870656105854e-01
1.029593165136993421e-01
3.089042755095710024e-01
2.870674132379406052e-01
2.245180082815269595e-01
2.339123626262916422e-01
3.325844879927402076e-01
9.418722808771748389e-02
1.375821002162676554e-01
3.110660513936309712e-01
9.800546629125408971e-02
2.529429981512683612e-01
3.489166598994409285e-01
1.371673420595961312e-01
1.230633911960873350e-01
1.296584164176392828e-01
1.795422131997071458e-01
2.024303888920747363e-01
1.619347784505106302e-01
2.675988328054930698e-01
2.655336384248015436e-01
3.167721437543219443e-01
2.213517623255655542e-01
3.336094535059241362e-01
2.389924458687347764e-01
2.491382265005943619e-01
2.386709837776935794e-01
2.188445394803428257e-01
1.328167464674619436e-01
2.502850178428746020e-01
3.372829013976168522e-01
2.293104820464818006e-01
2.839894753773959946e-01
2.721493869892158135e-01
1.703682604396212774e-01
2.898510859090550063e-01
1.558293723749136217e-01
3.353841432825450664e-01
1.497212537865573456e-01
1.451623689519631333e-01
2.708792998316185696e-01
1.536822048437980481e-01
2.168588443672106458e-01
2.699342717612548959e-01
1.878290509563992350e-01
3.356101932045162939e-01
2.894061036483496219e-01
2.606802812421679660e-01
2.164143152586797125e-01
1.473453944118776060e-01
1.429971385071408807e-01
2.749611428399777457e-01
2.524871156015909279e-01
2.476511680556100214e-01
1.835186296416291274e-01
2.446082889373974167e-01
3.371937792660970601e-01
2.785590018228412679e-01
3.186422441519773940e-01
1.468688910421775407e-01
2.295640910558071068e-01
2.411792822495269772e-01
2.073389391877576426e-01
1.643788833169556041e-01
1.452035778003162025e-01
3.103242669896475459e-01
1.443645987610253367e-01
2.990700548801284442e-01
2.520570162927688873e-01
3.212094514050748417e-01
1.673435454594592309e-01
7.111090046944941456e-02
2.561055579402982466e-02
2.114621997246213525e-01
1.578752720411635835e-01
9.530705308100327622e-02
3.420507314945469557e-01
2.403012417773545684e-01
2.614977510045104481e-01
8.632176562643895101e-02
2.866955352041203331e-01
2.954164718028560732e-01
1.750971265681568190e-01
1.925261409305739080e-01
2.270026145221994973e-01
3.219907359536812175e-01
1.417743648945078705e-01
1.077960091368443812e-01
1.952774533995183248e-01
2.425919917920513202e-01
7.005861320946231430e-02
2.051877728075890417e-01
3.337460811261934723e-01
3.098211965691962666e-01
2.769068869946091360e-01
2.919526156185211496e-01
3.377900263198125308e-01
1.109521615718815218e-01
3.342772076393293323e-01
2.871047041255102017e-01
3.235414778005081260e-01
3.169223592622407715e-01
1.322008849477412373e-01
3.481687084983188241e-01
3.141067284197317511e-01
1.183767182632872034e-01
2.564362685839842171e-01
1.916330899180988256e-01
1.790157464665743936e-01
2.207967187520528118e-01
1.964107941013463199e-01
8.230766791952910666e-02
2.044898106791468995e-01
3.169180550053096179e-01
2.108017094179894246e-01
1.326672152452446352e-01
8.047079241302000641e-02
1.020565546399591905e-01
2.651219506891269728e-01
1.696772859667477484e-01
2.200136843875371284e-01
2.890270652329460233e-01
2.316334617346301195e-01
1.427197061448298998e-01
2.333596236549060621e-01
2.562564374548740864e-01
2.949137149276478409e-01
7.661298683528726394e-02
1.293269645050993677e-01
1.503295037664708067e-01
1.463305212535183364e-01
2.536071429917729492e-01
2.470579548324446373e-01
3.058327828643631618e-01
2.064989710241676435e-01
1.286338210143761207e-01
2.670659149798126908e-01
6.935015368214345055e-02
2.693752326318244461e-01
3.443302072391847823e-01
1.086670310114138116e-01
2.937128851286682218e-01
3.470050563053702630e-01
2.358377956530954278e-01
2.659866912997674304e-01
3.356919777651837244e-01
2.949804583990933704e-01
1.848210812697531624e-01
2.385301265021717576e-01
2.596793186617747384e-01
1.385333934488392205e-01
2.337392401195132197e-01
1.519842236334454089e-01
1.175557304910423290e-01
3.237668918273742258e-01
2.413643359014358003e-01
2.168758422925211593e-01
3.370619860686165370e-01
2.186834792739798250e-01
1.134448314168588628e-01
2.369775721930016954e-01
2.662240588604907199e-01
1.477623917169812728e-01
1.785169372146546141e-01
1.386104350055725742e-01
1.276213577934410537e-01
2.282316048324378732e-01
8.879410991911555751e-02
2.004291828320280688e-01
1.824124190693120207e-01
2.041369616005501153e-01
1.893894507090177481e-01
3.519540802381049271e-01
2.938786703467354267e-01
2.827853541869999598e-01
1.356825590961588945e-01
1.841370297137583933e-01
1.269170925489482293e-01
1.470525282286558044e-01
2.373528037191818540e-01
3.520226446487059180e-01
1.003148435586843912e-01
1.143772567663839251e-01
9.586159474171972866e-03
1.550064338902098493e-01
2.031625862598260279e-01
1.613949913877263942e-01
3.398794972694455518e-01
2.816386572172232539e-01
2.784141345936755885e-01
6.472088357358959237e-03
2.351545089159135238e-01
1.866690071586541433e-01
2.665384406251321003e-01
3.320151431502844641e-01
1.873696120887114180e-01
3.129555185435349274e-01
9.159112319420326109e-02
3.311367057631088850e-01
3.365273995256836126e-01
2.124895214742605343e-01
1.216386816140390958e-01
2.593112110523804192e-01
1.495402490563576825e-01
2.842354619635967250e-01
2.770840016020844065e-01
1.274724583276859169e-01
2.086746767884054277e-01
1.181009441881875205e-01
1.718942017735375916e-01
1.138607527673117098e-01
1.457423762586894656e-01
2.201481686070911603e-01
2.983812372139241775e-01
2.117205264798076580e-01
2.250295413964607527e-01
9.504903355178190294e-02
2.079999619912367981e-01
1.981251125395324664e-01
8.846476728909472009e-02
2.916529010910868247e-01
1.622408473348643798e-01
3.433226822916716769e-01
2.123808778591611823e-01
1.356934782393727223e-01
3.487392078834919418e-01
1.455542628571728780e-01
1.451894345274659937e-01
2.292929549995854077e-01
1.649148772979533439e-01
1.826833462637640348e-01
1.227690471699008634e-01
1.356079465169267584e-01
2.968272407749667496e-01
1.907081934114834010e-01
2.694149447265693498e-01
2.186085762555295964e-01
2.364924054952508847e-01
7.785671186834752788e-02
1.078833044556025134e-01
3.221401306048291002e-01
2.784711758946307736e-01
3.326390175762812818e-01
3.279608796859054265e-01
2.825852559506383255e-01
3.025339790382677863e-01
3.093797739942667491e-01
2.737070388703417012e-01
1.373829487971526542e-01
2.683874943383874334e-01
1.908319823594980535e-01
3.184798912842630725e-01
2.204388721025984654e-01
3.402464023140781002e-01
1.256342715957782241e-01
2.689713508328971936e-01
3.110388384174690990e-01
2.083309439925010997e-01
2.778662699599063757e-01
3.500911814309329295e-02
2.965679690716305217e-01
1.109727692723053855e-01
1.581873730412327872e-01
1.194836868809656810e-01
2.409222843337335551e-01
1.565981098381359626e-01
2.527453711165746908e-01
2.305986480007758688e-01
1.860706520041504608e-01
1.490250454140198411e-01
1.951814480440565991e-01
1.496142598714036986e-01
2.671372446785366117e-01
1.290784037119151739e-01
1.552615044142212353e-01
7.322563106150828394e-02
2.076925907511880387e-01
1.320425766381626842e-01
3.231962383084115986e-01
2.409877745843960195e-01
1.421572224936965279e-01
1.171166676753256503e-01
3.012987633819911304e-01
2.465793350741802836e-01
2.186494029744567857e-01
3.497106946227241941e-01
2.433705866073760660e-01
1.362459423583527729e-01
2.878944164823161178e-01
1.834063061834439734e-01
3.227765566335322744e-01
2.026976973039959218e-01
3.365281727846243798e-01
1.316863929862740479e-01
6.264739120896292181e-03
3.335854939070805325e-01
3.345613411595080855e-01
3.226387256404969484e-01
3.805930004442325751e-03
2.368910221161337204e-01
1.811858904446534413e-01
1.920416769227605291e-01
2.552796928271739429e-01
2.385990807728870927e-02
2.001934335987040625e-01
1.244063869475677542e-01
1.191536048765685224e-01
2.146603781880666029e-01
1.604747426298473723e-01
1.646682281369580836e-01
1.761823735191995755e-01
2.981227867084724759e-01
2.657280421540633708e-01
3.229846632337872170e-01
1.802651673014286915e-01
3.867415349979490963e-02
9.582315882919549554e-02
1.162882272646220128e-01
3.225766347359392827e-01
2.735587718778990096e-01
1.772653439107090556e-01
3.038997102636412095e-01
8.807978017835403628e-02
1.877116541924955251e-01
1.026666976450707480e-01
3.459846622638454994e-01
2.553772802750092774e-01
1.554554945794431597e-01
2.489763613536522535e-01
3.016341067436483225e-01
1.068400375612680864e-01
1.942668579056881784e-01
2.619855802791635213e-01
1.939824687865867869e-01
3.046151622491218292e-01
3.430413194981752345e-01
2.847397929084670154e-01
3.125759446166428979e-01
1.664643616745838661e-01
2.558572909940295959e-01
2.619998837124561386e-01
2.631366926046251886e-01
2.473574084823666752e-01
2.464018564893442065e-01
2.775922219057104234e-01
1.245327986652661756e-01
1.796404916078152003e-01
8.877642935520091427e-02
4.297850335035081036e-03
2.091784177052497251e-01
3.239162178473281029e-01
2.859752128881845601e-01
2.242082230220248384e-01
1.345731955423354609e-01
2.047578040688612933e-01
3.006072400693614033e-01
1.548977077109982836e-01
2.311628578148351432e-01
2.415430014771950962e-01
3.301604168022806984e-01
3.317701066089406292e-01
1.569379982087319436e-01
2.770858416795982104e-01
3.383226309534996812e-01
1.389102513395693572e-01
1.751492469294237686e-01
1.293848117286982569e-01
1.939988078366434165e-01
1.038484940319012312e-01
3.288825118148661075e-01
1.620696938373460405e-01
2.368899056999351216e-01
1.512682808772344567e-01
1.201268904257590669e-01
2.629093006067302341e-01
1.213652017525047450e-01
1.625823581323678213e-01
1.390354312781445778e-01
8.359611983103788779e-02
2.631820816140940100e-01
2.822719568599384998e-01
1.779567581996520098e-01
2.436260390090541350e-01
1.318913593479095758e-01
2.960173038831723225e-01
1.056044260520773992e-01
8.776050742865970644e-02
3.259807695234133162e-01
2.215798683633961597e-01
2.765265222250961052e-01
3.132735410214220750e-01
3.086455776974485546e-02
1.571120763961493805e-01
8.305788436648804673e-02
8.185825823952987135e-02
1.459905041512064572e-01
1.597564891998441705e-01
2.097120008568646443e-01
1.574617464353266494e-01
2.333122332484127148e-01
2.139425047332332297e-01
1.493343334627482699e-01
1.426687193669914366e-01
1.015371731625438201e-01
1.933359409009693664e-01
2.630009767737429005e-01
1.247507755438484051e-01
3.023027227469818334e-01
2.576683735763951599e-01
1.534875644517659232e-01
1.773191953546363053e-01
1.465733831776688534e-01
2.518769546583056740e-01
3.283280644862954789e-01
3.118490321802911969e-01
1.265593533377743218e-01
2.341808900275623995e-01
8.691590968197301925e-02
1.692181550078165619e-01
3.014210805118786030e-01
2.621745533900959879e-01
1.153633712847143555e-01
1.519259846254442936e-01
1.298705096082617139e-01
2.302132739675360196e-01
1.182485764788698407e-01
1.298253482037197704e-01
9.315579504035388647e-02
2.247206664837530232e-01
2.573039249996910693e-01
2.068602652287769572e-01
3.320165701543689174e-01
1.340065118747790218e-01
2.413015625453968638e-01
2.553125102301406768e-01
1.535823680932735524e-01
1.701298149697446360e-01
2.576155282801924629e-01
1.922823285589539410e-01
2.310987962818368546e-01
2.986127671760280267e-01
2.943314868503700832e-01
3.112026893976624908e-01
1.372013213836341672e-01
2.643705201671269212e-01
9.629955748116431069e-02
2.264240766202689770e-01
1.103255473720708979e-01
1.783706107407445340e-01
2.750085703862593101e-01
2.186311430148913937e-01
1.910789166712172638e-01
2.880429963887357614e-01
1.595103921639732247e-01
1.128995592238677126e-01
2.874643784715776307e-01
1.725107407266268378e-01
2.099884498130083210e-01
2.223768343116394874e-01
2.023747302694455796e-01
1.658911906029280348e-01
2.961994066267730763e-01
1.683970218686464404e-01
3.433377914480027493e-01
1.380733139554709277e-01
1.226463113115328907e-01
1.288733461357186860e-01
3.412670787235509984e-01
1.606763522000012878e-01
1.476695308568367337e-01
1.207622253155978542e-01
1.318297385702773827e-01
1.115077283493194626e-01
1.282352229012433398e-01
2.398976978405321092e-01
2.453473892890592201e-01
1.306056493680837760e-01
9.214942655135746619e-02
2.451702361737092550e-01
1.497664072050300665e-01
2.071191758267658944e-01
3.067740144780787825e-01
3.264178815604460993e-01
2.370410090742705034e-01
2.182286872355287399e-01
1.088680356404477523e-01
2.849344433178799263e-01
1.427444090016751765e-01
1.364966019226729610e-01
1.403792148998539990e-01
3.305560812890188660e-01
1.325958816107669080e-01
2.841265110049838727e-01
7.686823090382567669e-02
2.111433472323204497e-01
2.029166236840836413e-01
2.499856146956032643e-01
2.189983347136022773e-01
2.542348914131235538e-01
1.573837105145151904e-01
2.490945534018415564e-01
1.138666122506927503e-01
3.161481062589025504e-01
1.641323685369530105e-01
3.498340195859445667e-01
3.068649070215812014e-01
1.816034474431398593e-01
2.132598227653874357e-01
9.864252907147405547e-02
2.721022172060266198e-01
1.546051825778992084e-01
1.402004125372543208e-01
3.069568704297623851e-01
2.233060991200005452e-01
2.289193890704869228e-01
2.856809463053829323e-01
3.222003233730020288e-01
2.310250052249673558e-01
9.845075536658679308e-03
1.200899002721181330e-01
1.430403986903129310e-01
2.263700545833235711e-01
2.658901373084953113e-01
2.486667784664161884e-01
2.268533500963053617e-01
2.931709748771710311e-01
2.741982099488345925e-01
1.823442371372598902e-01
9.097185513761280040e-02
8.452455834772501508e-02
1.329417317482363414e-01
1.648203254722021005e-01
3.086073916428599961e-01
1.957151875192308932e-01
1.784226063881769186e-01
2.300742760184077418e-01
1.854124821886167229e-01
9.910997076345423595e-02
3.494684555622005750e-01
3.063690377791203900e-01
1.296621888029694525e-01
3.489263293444630487e-01
2.103086792818104345e-01
1.523029429005519353e-01
1.564890456515982686e-01
2.307479565052079906e-01
1.684867954852763972e-01
1.036012723391549484e-01
3.081237603538976577e-01
1.412488399304933084e-01
1.706982070685315878e-01
1.320757219051867382e-01
2.251248914633264264e-01
2.726781859136820918e-01
3.222845796003818708e-01
2.187578467809090377e-01
2.185579937060823652e-01
2.349585239298682404e-01
2.656186108161103232e-01
1.857573054533523671e-01
1.576548565027127702e-01
3.261554133282581480e-01
1.652544894013410204e-01
1.406408131523669003e-01
1.479344589023303957e-01
2.898313789800010531e-01
1.803353405981731883e-01
1.158390565511184245e-01
3.052833620234782219e-01
6.639423980747280463e-02
2.001969781204583076e-01
2.161419658003135846e-01
1.216837276040425991e-01
9.097825630929638752e-02
1.250193297502114609e-01
3.294560601187056514e-01
1.647957869358618321e-01
7.900650734907477268e-02
1.439113287016765830e-01
1.401092826652333145e-01
1.739377664547706870e-01
2.032733372689286833e-01
2.460438729185619733e-01
1.585211248540646101e-01
7.776881824736371629e-02
2.356419020998670455e-01
2.982482475113372167e-01
3.066383379784211050e-01
2.832212228420786237e-01
3.212446591001138496e-01
1.428431996627991252e-01
1.254243195686506329e-01
1.847169082875057822e-01
1.845013125953312572e-01
1.833988720124171690e-01
1.735643575458331311e-01
1.198731090720176196e-01
3.011790762893101769e-01
1.313954351510540353e-01
3.021534237568679337e-01
1.412049199978304692e-01
1.950413114415910365e-01
1.903905979752492650e-01
2.645683242807716495e-01
2.534229287441836509e-01
1.993530483735624914e-01
1.750116895529882644e-01
2.663902922632956360e-01
1.196895573410304142e-01
2.963770575931026774e-01
2.142534644362904458e-02
2.280028638210562231e-01
1.432198306367804819e-01
1.396758894975787535e-01
2.677377156046545914e-01
3.384666810488778932e-01
1.386649415708884336e-01
1.908757869699689025e-01
1.988945982912889154e-01
2.417543713251209536e-01
2.229099896512229950e-01
1.871860271997829450e-01
1.407928832950518516e-01
2.160258573772264046e-01
1.206972741091285051e-01
1.779800568764261515e-01
2.595335849003254647e-01
8.606265351906219885e-02
2.028142625668206411e-01
2.226951102616758216e-01
2.106934665202484791e-01
1.400146226220370382e-01
1.651968107835672939e-01
1.037379249809240733e-01
2.220699911043878816e-01
1.185114029883626990e-01
2.495968001308614403e-01
1.393827044205043775e-01
3.331588316721965648e-01
9.962785855077138653e-02
2.700848545053771144e-01
1.253095705843018937e-01
3.151888307882017015e-01
1.308166280689161687e-01
2.556780107867611673e-01
2.060813866715209275e-01
1.294072401968479336e-01
1.154260141406431295e-01
1.585400569045488095e-01
1.232405421618634894e-01
2.178634698181719509e-01
1.683539440048526237e-01
2.004053740397194472e-01
1.402157078453034889e-01
2.276027672764653620e-01
1.599769672018270805e-01
2.717377787262584832e-01
1.387092508728693108e-01
2.855334866635105828e-01
1.107168270977058611e-01
3.125953262464806759e-01
1.818581752656333317e-01
1.033932186390935232e-01
2.705834678050165198e-01
5.712213097413985224e-02
1.472106612054512875e-01
1.592188771326827068e-01
1.603001818745407592e-01
1.070412139199294205e-01
2.834871850011894123e-01
2.475654041189187526e-01
3.302507544797014805e-01
1.961340877225606627e-01
2.723877268239567329e-01
1.213021704602162409e-01
2.154639498756693305e-01
2.797581506108763882e-01
1.431452127515784600e-01
2.352023123329645971e-01
3.271782777993552660e-01
1.388618579673344677e-01
1.859215727828664733e-01
2.988290630655246471e-01
2.964467827755716267e-01
3.389475615371111972e-01
3.251607029362722501e-01
1.719271615697484379e-01
2.712330435419235131e-01
3.335221672371356805e-01
2.625199706003916722e-01
3.179530398317442219e-01
2.670411939476920460e-01
2.516748998421840522e-01
2.066989939067972459e-01
1.818449499393982871e-01
3.505051380393950922e-01
1.885574542689393562e-01
1.925653218392276156e-01
1.139626966294738919e-01
8.896277093724508367e-02
1.169318650471347781e-01
1.802090779110393504e-01
1.286534905862449785e-01
2.277604954433886941e-01
1.505306804821564259e-01
2.733911676444917838e-01
2.636049045496633991e-01
2.937496781074011576e-01
1.371245684415771937e-01
2.322244579081247651e-01
2.867260951010606740e-01
1.295166437730385089e-01
1.819122807114863516e-01
4.117025117151173336e-02
2.625741374377101311e-01
1.197552592704332758e-01
3.423340488965685435e-01
2.537237589274434213e-01
1.826459855274328026e-01
1.590827895531129188e-01
3.110267555153758412e-01
2.609336768459053491e-01
1.366952165227100779e-01
3.033413767276919026e-01
2.062999291954478454e-01
1.238313858050367061e-01
2.317214339619585728e-01
2.962357652952962161e-01
1.336131272306156637e-01
1.610235100742311576e-01
1.386369789350342940e-01
1.384305821102074438e-02
3.080093465177060064e-01
2.318514638691439866e-01
2.007685904208695027e-01
1.452409112291202786e-01
2.699744946819541136e-01
1.724011206858172829e-01
2.707569597880942758e-01
1.140450690076548895e-01
3.178280832552647928e-01
1.112355241865643773e-01
1.269048455518465846e-01
2.069781155321197275e-01
3.273248919235131060e-01
1.657009810542610651e-01
1.602550986024781632e-01
2.490339272795042466e-03
1.755602149475499196e-01
2.862954759775055980e-01
2.649209051126139580e-01
2.591439011682333815e-01
1.346915601199825674e-01
1.547124547989276733e-01
1.451548407756991510e-01
3.257958966695211900e-01
1.379368446597263320e-01
1.355977602009409977e-01
1.622069037620520737e-01
2.554258395695784278e-01
2.094069240470892990e-01
3.065836951249882314e-01
3.441302421200527761e-01
1.946831232552116708e-01
1.251627487771765634e-01
2.420614812449140840e-01
3.069435417106431419e-01
1.067451537372916398e-01
1.677533638397873672e-01
2.042444264244185070e-01
3.004881161227946906e-01
1.371124898904188816e-01
3.237285370085121738e-01
1.836936420597946318e-01
2.339320424866571380e-01
2.474652157196089719e-01
2.727565062985369826e-01
2.636749723925257971e-01
2.772640295116324261e-01
3.137753631199575732e-01
2.679983812471029569e-01
2.317914015525262272e-01
2.249623912947672777e-01
2.337462955286621902e-01
1.570205278887759626e-01
2.503663726757474062e-01
2.879822677150215005e-01
3.516562423925588821e-01
3.026003132748119606e-01
2.146715394498396878e-01
1.853646565160460835e-01
2.851041736945693073e-01
2.220824544784454069e-01
2.177467330298806791e-01
1.004372084851910818e-01
1.430912836958665169e-01
1.514404857901494317e-01
1.118656143299639055e-01
2.145939588408405929e-01
1.125468149297445819e-01
1.366377927521816860e-01
1.894815451625441738e-01
3.403175003894111650e-01
1.631740328919465688e-01
1.829238421598472775e-01
1.632253752974059946e-01
2.396792114364405257e-01
3.195143449429062033e-01
7.877547351263236575e-02
1.267874578984500566e-01
1.357317727532397766e-01
2.168046879725752940e-01
2.001927601975212467e-01
2.383914474416863605e-01
1.593960903127829010e-01
1.295029028295901496e-01
2.312273988685795145e-01
3.410010824890674086e-01
4.227703089280805161e-03
2.066015573295719963e-03
2.458558695135083516e-01
1.895691000870693976e-01
2.741826797686159889e-01
1.730215699389624218e-01
1.485454116675017366e-01
1.351220306512608826e-01
1.083036987420249869e-01
1.536250260295825287e-01
2.541961202036818190e-01
2.539031834942317434e-01
2.527206742091624853e-03
2.398121057345278251e-01
1.667207939269776673e-01
2.895328201473910679e-01
2.415161398734888831e-01
2.057784746187941438e-01
2.052615098121604031e-01
2.608378069407035760e-01
