2.346960856773177007e-01
3.013021949873625482e-01
2.095628786434554081e-01
2.510201146565359531e-01
3.205004613206724473e-01
1.618747261595739895e-01
2.082021161788288333e-01
8.151470684083729490e-02
1.285003859701930318e-01
2.522354144379753693e-01
6.511911234113598734e-02
1.822474978034072657e-01
2.745721308426096741e-01
6.170260249503833200e-02
2.346442752451049704e-02
3.787584382687998047e-02
7.481606301096513367e-02
7.247879950942996696e-02
2.365652635930193537e-01
3.128579428989254896e-01
3.242543711039941878e-01
1.151225378813540839e-01
2.203117051339020804e-01
3.203683655846351619e-01
2.104560642205277887e-01
7.455186946469588571e-02
6.764518347634500273e-02
2.086446517719855176e-01
9.784813690249108409e-02
1.675401709707801112e-01
2.712137763910666965e-01
2.278203235460838361e-01
2.001534633389162599e-01
2.225922436458815101e-01
1.895838467858148857e-01
8.669033529069060384e-02
1.004509153208778677e-01
1.214259894693547198e-01
3.159402058831073945e-01
1.857531258211231329e-01
1.160732594266820905e-01
2.290923753082761138e-01
4.783656145152043182e-02
5.815550811800847264e-02
2.277798302664423014e-01
2.245731700113292595e-01
2.382633898908618764e-01
1.446157713152669000e-01
1.661163411602577522e-01
2.918900912825614924e-01
2.428559580286137470e-02
5.747227896626953825e-02
3.089389232332225288e-01
1.789430139862016322e-01
1.276921288825789702e-01
3.080473213878198724e-01
1.322125373964612716e-01
3.210561108632370431e-01
2.000325307775489558e-01
1.087286477172453719e-01
1.657413073228625189e-01
2.429984463684213211e-02
1.201199007644061373e-01
1.684464077055777276e-01
1.335260476338356317e-01
2.776907020540152204e-02
5.267396364041285195e-02
7.506313367069858411e-02
1.314611861953213223e-01
9.949220232427438693e-02
8.044901942088514279e-02
7.461798817763820590e-02
9.979727674184853126e-02
1.699557983155547403e-01
5.955283295824451845e-02
2.209054007389079088e-01
2.975997243812344428e-01
1.947803775688363437e-01
8.208133964123742743e-02
2.509065534478604337e-02
2.732356170986124932e-01
1.964418594686669628e-01
2.627145903917657010e-01
2.484170899965731372e-01
2.522290020550588263e-01
6.084926315942620900e-02
4.103740776247970234e-02
9.142851763695163114e-02
2.129392483923068513e-01
2.865557079306043087e-01
1.442435286727940802e-01
2.243049698760793964e-01
2.745316857431420732e-01
8.214798923632975203e-02
1.746092695478595469e-01
9.290683263360904887e-02
2.975616837445031471e-01
2.820081201528439885e-01
2.022217416471220608e-01
2.835096440039640564e-01
2.960336519264547550e-01
4.454792759366621446e-02
1.786887091396725802e-01
7.420397615819959714e-02
8.219674246143654495e-02
2.270588854544388635e-01
1.581271659564206511e-01
3.191827568585873243e-01
6.812771460871505647e-02
2.561282080231172542e-01
2.135487968247455626e-01
2.061318191098870101e-01
2.704399279404718359e-01
2.128277892005953631e-01
2.120722915911882056e-01
7.976286653333719556e-02
6.198591736700550386e-02
2.433074043213271087e-01
1.632077468023498956e-01
1.446769380941670402e-01
4.226293395675877890e-02
4.437490247851915565e-02
1.800601607033210094e-01
6.044724826049738264e-02
5.033933928179858130e-02
9.972635201279789197e-02
2.881781977488654389e-01
6.590290859804792678e-02
2.236511053220797962e-01
1.185402862188077722e-01
1.597903046441929154e-01
1.096057563055939793e-01
7.217681584558821584e-02
8.193453540451241246e-02
9.624099589585152770e-02
1.951723262346936327e-01
2.133524567696102603e-01
7.941589083436058349e-02
1.064921185621402894e-01
1.387666412201822852e-01
6.876778699514708715e-02
4.888045177620546633e-02
2.711808098458314276e-01
2.354431319451243954e-01
5.749364378966603101e-02
2.806170511443270565e-01
2.624417257009546978e-01
3.051651772170718702e-01
3.065579835573520873e-01
1.304513239247808432e-01
2.372464503839478434e-01
2.631083759612899975e-01
4.082029151569366299e-02
2.300239870324650715e-01
3.098548213180740696e-01
1.782363181435180355e-01
8.043823573302842644e-02
2.987868367060791952e-01
2.593918573137556360e-01
1.840197190944004579e-01
3.142041403604590721e-01
2.174470609599097326e-01
2.392020259805599236e-01
2.745994931434695419e-01
1.656204483649807435e-01
3.252555881257183645e-01
1.717717922098044858e-01
2.656236438085914364e-01
5.424670969957089139e-02
1.829200664231044882e-01
8.406774837675712320e-02
4.796862069562198017e-02
9.146463684873371025e-02
5.455508235396135802e-02
5.763093906375636732e-02
1.957130019707288837e-01
1.857778155886457561e-01
2.986784539859694276e-01
2.161551097190994933e-02
2.442859824055303164e-01
1.833139242326708163e-01
8.406690750092742082e-02
2.940978644004426656e-01
3.185681352019721357e-01
5.876933180026823467e-02
3.245378413496319281e-01
1.844792974482586112e-01
7.554086428231476802e-02
1.870663680992417921e-01
6.538733620889917997e-02
6.859909874208901248e-02
1.558615296379317616e-01
4.298450773705215361e-02
2.713607673569407575e-01
3.231460765241858102e-01
9.908428318746960450e-02
1.136702549969134807e-01
1.074911718490687701e-01
4.383975742110261115e-02
2.161175441721253643e-01
3.547459953901183766e-02
5.672885788511196348e-02
1.441756790612234995e-01
2.998394817093485432e-01
8.598709370733557955e-02
3.447460071633887124e-02
4.374414408605983157e-02
1.256768905026994787e-01
3.021344723447677016e-01
2.771276286227938312e-01
1.331543534890316516e-01
8.538618242006959513e-02
2.323450424301885808e-01
7.123524170846638748e-02
3.143789772634102420e-01
2.423170735363339712e-01
2.196472202603151902e-01
7.571215735008347825e-02
1.357154683927359329e-01
1.929366370222472815e-01
2.681217465331904304e-01
2.662761253850399745e-01
7.214352641486096451e-02
1.702385266545764497e-01
2.683689786664533727e-01
6.801864013530108111e-02
2.322292780316804750e-01
2.071063655137351245e-01
7.093058979974359302e-02
1.215961047136319140e-01
5.326873950733811841e-02
2.371490197569805225e-01
1.110690188048083227e-01
7.962101891184461544e-02
1.688001499384031989e-01
1.236113407129517672e-01
2.434108746163210490e-01
7.108737987336836983e-02
2.640575887342027084e-01
1.278140493686706070e-01
4.970298845663237430e-02
7.434142923350142707e-02
1.743349598424263069e-01
2.141156933101818760e-01
2.550053972820884862e-01
4.462017867930524739e-02
1.895709853542492940e-01
2.825153203102977462e-01
1.444771880725335411e-01
1.870706824990407968e-01
3.085476177608155179e-01
2.485500051509705044e-01
1.090976816381509645e-01
1.251520372324223529e-01
3.228167935938485722e-01
9.170126574707911093e-02
2.847228925980995959e-02
1.548809350476790803e-01
5.998188786869143585e-02
7.084883027733251959e-02
1.451696503889463863e-01
2.827524225649941103e-02
9.479567994759141580e-02
1.602980597483220637e-01
1.222417431303842034e-01
2.489351782665958079e-01
2.489623206073059147e-02
3.146863206255640644e-01
2.976548233268280774e-01
6.527541878221240768e-02
3.220119916447289898e-01
2.495847967427561043e-01
1.946612671202416767e-01
6.759343369725248629e-02
3.048704600628205363e-01
2.686331882533205540e-01
8.669201588733882469e-02
9.492511237136697089e-02
7.509014116926851501e-02
2.304136005669562837e-01
2.234443672900373601e-01
2.073748432963693766e-01
2.974881529763502286e-01
1.208393757366648669e-01
1.364665024279932970e-01
1.462046421607103297e-01
2.563757659316182047e-01
4.154110282531223858e-02
6.756077508160129863e-02
2.564792106686281103e-01
1.548244966750854379e-01
2.467878340921856872e-01
2.182132711170559902e-01
1.920224869856462513e-01
2.570285644007334613e-01
6.920909884476300622e-02
1.037081412094392335e-01
7.389773912750258189e-02
1.222850827802365592e-01
1.634454577806014053e-01
2.228839075604648057e-01
1.571355325028899741e-01
2.657593646556586919e-01
3.248170882615672439e-01
1.933576055249012493e-01
1.770675476776067681e-01
2.583464979318171317e-01
2.759901150512094059e-01
9.283439324580329555e-02
2.426390693774016505e-01
2.933392607000045310e-02
8.237802516178945045e-02
9.219091935702899976e-02
1.789308131830928336e-02
2.187995905969242483e-01
1.069738766216184606e-01
5.921308498247879887e-02
2.499037928081151994e-01
1.920736182988607155e-01
2.755381162348839452e-01
3.178040721515029698e-01
8.892325357491075166e-02
8.568554281638332548e-02
7.950598926628384133e-02
2.965007123218711960e-01
1.108454433605747802e-01
2.639455206237355522e-01
2.953674008557872765e-01
2.649878787945848524e-01
2.501319602455108204e-01
7.040706524469773908e-02
1.259815819425203764e-01
7.330883452728967353e-02
6.054009924331105880e-02
5.515343260705787148e-02
3.133981301434347055e-01
1.168532041749612838e-01
3.240796456919797786e-02
2.895872685679379971e-02
2.635830647555488238e-01
9.887194649909705757e-02
2.089590531351388780e-01
3.225428808889816423e-01
7.988060920628263506e-02
1.516465145128862435e-01
3.754473314197456779e-02
6.709624266276663362e-02
2.916256766204586293e-01
2.514908198622956559e-01
3.726215443805201005e-02
3.189178499929004595e-01
1.052956278524627143e-01
2.825908491029756053e-01
2.126381495359527807e-01
3.066833252292096024e-01
2.090331452954448110e-01
8.119305864592438193e-02
4.531741103365931334e-02
2.458874887479777782e-01
8.925605222900813429e-02
9.819862582986634003e-02
3.009334726622632863e-02
2.330812394211226046e-01
3.152877513216381100e-01
3.062449787145829494e-01
3.439281424934025055e-02
2.568660129689003813e-01
2.580274815156455848e-01
1.598604386162583435e-01
2.601658798674336137e-01
3.090658313466240203e-01
1.813708671834749209e-01
2.510365880502936076e-01
2.360847873818477938e-01
5.707490454754422099e-02
3.223280387429126037e-01
2.954565533787382736e-01
2.500221162211761494e-01
2.736409530145916813e-01
2.161838382032292560e-01
2.403640028987007460e-01
2.051289725052652668e-01
4.406275095494916610e-02
1.816754918737868013e-02
2.509054306755228447e-01
2.191642473293062832e-01
2.780866224929222641e-01
2.035197482322257112e-01
2.447130635013967936e-01
4.819772797716605911e-02
1.607620830746727403e-01
2.644122484263299322e-01
1.632450429866960095e-01
2.136199311554043412e-01
7.245310661382460549e-02
7.347833817694972292e-02
1.245456089383139009e-01
1.417339318023927153e-01
7.804992316384450068e-02
1.247722815582714695e-01
1.650703199538679222e-01
2.803597036830804967e-01
3.030955751678525711e-01
3.215445166471791322e-02
7.618433526837492531e-02
5.061814417098203789e-02
7.065126697733195571e-02
2.586981631715409846e-01
2.261438258452260486e-01
3.159669618830514004e-01
1.093718741924151888e-01
2.051027670238558531e-01
2.253637003425411692e-02
1.408205455848132726e-01
5.643609479708922017e-02
2.869789963188162929e-02
1.729718143631714389e-01
1.056927518936127131e-01
1.529613612372835163e-01
1.029873169951304596e-01
1.587894941926224213e-01
2.830195892830429383e-01
2.947265843356481133e-02
1.854522798525181648e-01
1.848738961877230413e-01
2.620967481506399424e-02
3.258422413966917119e-01
1.569053162287677994e-01
1.081366917668069305e-01
1.240058821249877818e-01
1.478314404942437932e-01
2.483500735799493431e-01
7.575700024114512265e-02
4.300792042962606199e-02
1.924225180975656646e-01
4.787322509063082765e-02
2.820119358045993230e-01
3.251571753587065294e-02
2.717340134837324395e-01
1.481898217096577208e-01
6.159720702327146219e-02
1.131629407733960591e-01
1.130289065384816882e-01
1.587853707842703521e-01
5.707659287859156994e-02
8.672794765897501312e-02
1.476380625839765481e-01
8.467292515119399787e-02
3.231580293719913399e-01
1.055150297420637540e-01
3.000852989706188079e-01
2.812802127984317252e-02
1.253526525691307236e-01
7.964725397236586957e-02
6.783659052906808318e-02
2.056483135522381711e-01
2.472122598643109737e-01
2.804701544754788500e-01
2.561674226048812342e-01
3.259854415559695906e-01
3.072735504182173005e-01
6.048475698246846832e-02
7.846205463920791212e-02
3.110725199941051511e-02
1.336308094813972586e-02
2.670986635767760853e-01
7.029812326549376988e-02
2.259218015595821083e-01
1.753994057369619441e-01
2.936059710087651209e-01
2.884250189315594182e-01
3.155217605912618017e-01
1.009530002368794477e-01
2.969691207779661113e-01
2.356998496986872360e-01
2.895308522046591629e-02
9.239355078690029976e-02
2.273363859958460742e-01
6.416678484127867621e-02
9.371171288329754878e-02
9.033449680218033628e-02
2.637183363809124659e-01
3.203118995475037201e-01
6.283054461027280657e-02
3.399906655451445658e-02
1.817194788586060927e-01
2.181083240604529960e-01
2.810122485142295123e-01
1.501186118412772275e-01
3.681420565438166259e-02
8.837283015566155253e-02
8.449849707092228768e-02
1.775516334788312944e-01
2.188002410942391507e-01
2.275128554602493525e-01
1.145722110145803718e-01
3.891644999411317946e-02
1.476813882504089959e-01
2.911010051782830788e-01
1.814398097901340490e-01
1.154726189789693075e-01
7.111675916210218051e-02
1.523383397917093748e-02
1.002714990283137403e-01
1.238928879175759390e-01
2.361804463907131446e-01
6.601732539779014974e-02
2.864430689350014880e-01
9.222487352826884421e-02
2.495597933319428363e-01
6.262878922235728951e-02
3.002085601647209723e-01
3.165436369380084658e-01
2.267119191769623177e-01
2.974024731460097049e-01
1.067157566982566280e-01
1.805516817526487960e-01
9.870088829127282581e-02
5.772546022378841762e-02
2.222293562407261502e-01
4.846329320697531640e-02
3.053832013955211644e-01
7.288224477319121819e-02
2.931194278245697338e-01
1.583048416638453415e-01
2.065589648524286115e-01
2.130192305803618735e-01
8.805224112959195160e-02
1.289222582009435791e-01
2.916995704514599441e-01
2.278671074456741219e-01
2.293694893257462730e-01
5.053858473714830518e-02
1.741166139970930227e-01
2.233661874747832066e-01
2.212883708522664084e-01
1.399434578095647974e-01
1.024715941406939418e-01
1.137629625088461133e-01
9.361950799898816067e-02
2.322071572726995825e-01
1.817196942619931643e-01
2.858494842719394580e-01
1.817279715976639343e-01
1.977926220560343729e-01
7.788353037996072203e-02
1.441630586602943576e-01
1.930484703407350788e-01
9.993552462628725597e-02
7.177393407418106164e-02
2.089029032301274735e-01
1.068731511618468688e-01
2.536220279571392289e-01
6.694693950044960928e-02
3.072623839313357030e-01
3.152641400870248578e-01
1.052790059672469719e-01
3.080474154279299048e-01
2.763101350749703200e-01
1.686278633219598089e-01
1.310222935819838896e-01
2.287587490664928225e-01
2.294008363476185142e-01
1.100685411085658427e-01
1.067026460080812006e-01
2.892916568999913673e-01
1.143932806161275934e-01
1.327878691332341765e-01
1.541259465411735086e-01
2.348591979763088311e-01
2.194905498990702003e-02
9.105046936908207933e-02
6.341711065518319812e-02
6.750495944774762003e-02
1.471067427294856789e-01
1.991030158664565397e-02
4.405032413780818334e-02
1.190257402174332985e-01
3.260457294326534750e-01
1.834721507276561026e-01
1.928134832252976494e-01
2.960364306469864260e-01
3.207751056534330902e-01
2.862228397302102670e-02
2.280741763981243286e-01
2.916060847661606226e-01
4.152285172015641318e-02
1.666425803304711073e-01
2.051299870441457007e-01
2.187233042795940496e-01
6.807354695197537220e-02
3.108635664721680070e-01
1.461344755497801795e-01
6.751603868906916328e-02
6.968634435862712528e-02
2.998058491214992682e-01
3.112942611919233271e-01
1.336844329011842303e-01
2.890930202293424123e-01
3.903718619482480362e-02
1.178997059457255331e-01
6.218621733595060264e-02
2.026043552203893316e-01
1.006601650568341305e-01
2.765974005309324579e-01
1.057422008751636305e-01
3.543203499018907771e-02
3.015948128747550916e-01
2.869085323729177461e-01
9.287024944373481472e-02
1.694292236853660871e-01
1.939351451311083913e-02
8.908860150989962590e-02
2.897167931934338525e-01
1.570994693540779252e-01
1.527938462230212513e-01
2.319127875780913062e-01
5.526441388567911867e-02
3.099093035789545758e-01
3.162712419804198927e-01
6.813362015737300936e-02
2.476549345287906156e-01
3.097419365276245506e-01
2.323531343994998388e-01
2.436531194219851426e-01
2.327458342718318474e-01
3.059709356405321823e-01
4.153181736156280612e-02
8.545872581788832578e-02
4.821652578938417921e-02
5.294298723104493704e-02
6.976165055630344225e-02
3.217044893611098466e-01
9.419737745378108096e-02
6.016128104895297757e-02
2.209033849543080297e-01
9.577349093161781346e-02
8.949671942227421795e-02
3.115053395941192460e-01
1.109842015441007551e-01
1.978226128577179888e-01
2.384951616744601099e-01
6.880270894960485717e-02
1.502695493838997753e-01
2.063695441914087103e-01
4.628778606190891293e-02
6.069377844525022242e-02
6.787637317380626478e-02
8.852965192780883064e-02
4.760143513764351908e-02
2.053219037562078741e-01
6.789352494482024658e-02
2.057877502072485709e-01
7.581434455224481117e-02
2.431711048406954567e-01
8.117441974853051301e-02
2.355645380277019696e-01
1.072142333804651931e-01
1.122028368815754240e-01
1.462585106746674690e-01
2.871185493116946708e-01
1.800104331225170495e-01
2.267883723057032008e-01
3.009376198014611092e-01
9.426668932304693715e-02
1.679236068472569621e-01
4.300288067429973438e-02
2.646859957257968188e-01
1.025953343432598752e-01
2.235732004929163463e-01
9.802675597724476442e-02
1.405496017238676842e-01
1.239178700123290955e-01
4.164649109048921410e-02
2.968193555330363442e-01
2.642385707028334640e-01
6.488427324834487864e-02
7.874494677646193264e-02
9.694259038428239272e-02
7.350447797720911780e-02
2.333448735015148656e-01
6.237678185365588129e-02
5.011396249555431781e-02
5.595769665738886678e-02
5.287093186991301957e-02
2.999316236883765030e-01
7.525492441417754030e-02
5.748416092512997205e-02
2.137889680017363847e-01
1.945999018490344179e-01
2.164808227717538933e-02
3.031302749415989983e-01
2.561017375365550741e-01
2.862448544122833671e-01
5.990473486363208366e-02
5.365013173672071589e-02
9.946892151215547262e-02
3.098121302157158530e-01
1.434222781886178577e-01
8.189894662179940388e-02
2.058018212170300287e-01
7.039080771046905827e-02
3.182721777834862653e-01
2.927807036111803596e-01
3.241776739356082015e-01
7.331809262275465477e-02
3.128437016682950600e-01
1.622224351908479467e-01
2.373241809828702253e-01
5.589001008954203736e-02
2.159492961589691562e-01
2.488462042983995981e-01
2.843489559711263603e-01
4.659170256824803763e-02
6.921836826134028509e-02
6.919863015885417690e-02
1.469667873369716049e-01
4.006439512954740323e-02
2.753037642813960795e-01
9.293201309001093702e-02
3.136649008104632208e-01
8.053424471371575799e-02
6.509739893534684241e-02
1.543538008333660561e-01
8.878242822758009023e-02
4.526653822159650703e-02
9.026536281976937914e-02
1.936862746766781773e-01
3.119144799504300347e-01
1.211944700214069859e-01
2.218308464847930928e-01
2.493253222829085181e-01
3.256807916622369570e-01
1.142434924653662892e-01
2.765473721456176426e-01
9.727634361064685375e-02
1.819734997862644255e-01
3.215419611826150215e-01
2.888763067052361189e-01
3.797154089007985511e-02
1.939608461322922528e-01
1.072901548786623777e-01
2.618106047592245189e-01
7.190289205661533345e-02
9.552319288466022684e-02
2.591231763109397290e-01
1.469558788613569700e-01
4.225021125889399237e-02
1.687481373240480309e-01
9.030834417880559406e-02
9.822450258622202057e-02
6.703963228902876104e-02
6.245729516328676900e-02
9.461702280324844894e-02
3.551125274561420936e-02
2.210713148451597665e-01
2.090830338353921458e-01
2.796157294278521499e-02
1.397788910934551487e-01
1.648835887913214782e-01
2.676413639999760674e-01
3.257590963360790792e-01
3.815718484634685048e-02
2.287469169456136375e-01
1.889949708568805786e-01
2.200910235698811668e-01
3.704088834156844118e-02
2.112671367490586150e-01
3.233455479151171041e-01
6.368566202548765764e-02
3.126480188116441128e-01
9.124663134401597708e-02
7.841982115724260849e-02
7.191477625421392739e-02
1.014106747861536206e-01
3.028325024537359966e-01
2.845176360351189260e-01
6.599187815353824149e-02
2.543485519264903072e-01
3.006087749604722387e-02
2.231212414854872872e-01
3.157678410766946997e-01
2.665857630142007828e-01
7.244363166023599920e-02
8.350011928890908874e-02
1.699527450592739075e-01
1.934988034274470192e-01
3.000638733889496867e-01
1.468254617594740852e-01
1.584986215906331319e-01
8.142693823735339120e-02
8.497874993340903682e-02
2.949181032898690602e-01
2.287609789179200215e-01
1.911593899892785331e-01
1.280650189942696138e-01
2.544931402600677378e-02
2.344555026136149745e-01
3.209333316824373172e-01
1.078213585262804974e-01
2.255618689720008396e-01
2.778153230484778358e-01
9.190641387761298853e-02
7.414427747009275094e-02
8.041292965236730705e-02
3.092509210164849920e-01
2.826652786671641215e-01
3.083560563647307420e-02
9.462625352913492383e-02
5.701096758444426649e-02
3.014436290592895640e-01
8.598777146717061226e-02
3.391759836442721776e-02
3.170349135707619115e-01
7.318887291159514863e-02
1.634745478200117785e-01
3.228329072375037412e-01
3.210873673870036638e-01
2.365510536969028799e-01
3.029341749830460340e-01
9.864345453926272322e-02
3.106962339101195791e-01
8.993833240786353045e-02
2.961344561296821998e-01
3.928352380526217713e-02
5.398916808088119468e-02
1.578859094133980845e-01
1.219197228731351418e-01
7.439212796698124741e-02
3.055955901720589507e-01
6.385429787457744255e-02
2.174025152798292060e-01
1.937272805918270613e-01
1.188031603583975665e-01
2.098022673613732583e-02
1.688881936112281990e-01
2.588973717400573360e-01
2.409894129262033224e-01
1.401652597637339515e-01
3.054033968628200313e-01
3.220590320094086911e-02
2.531909441450494458e-01
2.663483599323937523e-01
1.633284797950717293e-01
2.040823139394786767e-01
3.199744032422182638e-01
2.900312545120554142e-01
2.467309653414310466e-01
9.080389450261830420e-02
8.105109898670809221e-02
4.702145728234391475e-02
1.662489891167354961e-01
2.293076646148482500e-01
1.727297220444932169e-01
1.568637172541112734e-01
3.211020220668168723e-01
3.917956823051391146e-02
2.048620545384192693e-01
3.174227491874462986e-02
1.110472989805274119e-01
6.988033851833720667e-02
9.677646286413973953e-02
6.301153778322141075e-02
1.842568962553702561e-01
5.058479675648090701e-02
1.621122117086004066e-01
4.931959059292408132e-02
2.177193114541186095e-02
8.619384425273271533e-02
5.949997331929948730e-02
3.165999639392197418e-01
3.165100934861973525e-01
2.634514181284550172e-02
2.669670161687732191e-01
1.238221205902987204e-01
3.225746167034658773e-01
3.103563970891389800e-01
9.449517648358697619e-02
1.509356359193186337e-01
5.308544856839850223e-02
3.230590900223510031e-01
1.147269580902976899e-01
3.403151926856010784e-02
1.135616110326801986e-01
1.282637556423694147e-01
6.423808936475830511e-02
2.690077357564740757e-01
4.980153881894140711e-02
1.633545284276717857e-01
1.095043539724842863e-01
4.880411701532518659e-02
2.188934724007589594e-01
1.859553039854396905e-01
7.768148042645545148e-02
4.002964497137056349e-02
1.821494883847207535e-01
1.180453594534734141e-01
2.359486080955205678e-01
1.258505547296178417e-01
6.343887044723310609e-02
2.346277759224073278e-01
7.876486925158919516e-02
3.114809189435018832e-01
3.214604670776938233e-01
2.707593972112317116e-01
6.804933397949140816e-02
2.012438093257889471e-01
2.977550902095691399e-01
6.666243742544809836e-02
1.213913750367107691e-01
2.233650565967886803e-01
1.565643798617058213e-01
1.969483851783964956e-01
2.970566685411745733e-01
4.956706656570407377e-02
8.891596579135292722e-02
7.895365412853903864e-02
4.258551714991741510e-02
3.121933930368465115e-01
7.238666503296611876e-02
1.935371590377756301e-01
2.368446203956819374e-01
3.110792528054688311e-01
1.438836909682781051e-01
1.125307038711564483e-01
1.958640434533375774e-01
6.179218443382335918e-02
2.396986104194254175e-01
8.437392785558311958e-02
2.690952933560592508e-01
1.769596015270399614e-01
2.440091879333723124e-01
3.127210298380314613e-01
8.682358587585775611e-02
3.111151565937482766e-01
3.204074675840497960e-02
6.381444224269582077e-02
2.123015681744138683e-01
1.112456093182896677e-01
1.855791078438276676e-01
1.459127463640001732e-01
5.673043782494369136e-02
2.062312066045408343e-01
1.163856660590663616e-01
2.738728052540316260e-01
1.061980541333028549e-01
2.743311950378140573e-01
1.989469182030480232e-01
2.670317354775104679e-01
8.478894760205830938e-02
1.399642356565823642e-01
3.253741183928588465e-01
2.540723627495664605e-01
1.151730054139425002e-01
2.099122820430423253e-01
3.061678066696180700e-01
2.103944155303161256e-01
1.509747094203099937e-01
2.897335094089933255e-02
1.967455167484611356e-01
1.921220234273529059e-01
7.828030742236441464e-02
2.155603903638743934e-01
3.695183630289906873e-02
9.577227314120329016e-02
2.908282439714773848e-01
3.070655642045550526e-01
7.598277950323718832e-02
2.743291286681098784e-01
2.921895003249521672e-01
3.134902348820437501e-01
1.179542016546339528e-01
3.958104477613359762e-02
2.215872088510313642e-02
7.995722231679903980e-02
2.618910872607618789e-01
1.528206594319865552e-01
4.936973757545781716e-02
2.846947050519085809e-01
1.198024402482778666e-01
1.062176709048573836e-01
1.086428955424108972e-01
2.709257804546412740e-01
1.684339375202203171e-01
1.407367920284590401e-01
3.029452613557975238e-01
4.863769325335713656e-02
2.574454094876811872e-01
1.656995591984208038e-01
2.494529208919702978e-01
3.117174458467292242e-01
3.248298896781866563e-01
6.920486486182747532e-02
1.173770195983482589e-01
5.625385349020523701e-02
2.962849281722870209e-01
3.656411047268273012e-02
3.244791379418515143e-01
2.781345445766101876e-01
1.829272310269977886e-01
