2.575307396774055291e-01
2.439802076665417707e-01
4.788316904129854418e-02
2.364704166850040840e-02
5.452411183837879705e-02
1.511389422458512266e-01
7.069418319479726931e-02
1.664722153874297339e-01
2.300491569350542609e-01
7.890802444581555830e-02
2.762372225632903633e-01
3.175562941125962269e-01
1.524745940364203578e-01
6.505995574145546911e-02
1.408454563925325698e-01
2.664563034153954665e-02
1.272420238035122386e-01
1.653448204838629254e-01
2.310599785408750384e-01
4.684813928894225599e-02
2.042367109404452097e-01
7.713180868443811344e-02
3.038776678460287650e-01
7.610342804281609863e-02
1.665480808572160354e-01
2.041648773875923140e-01
2.175176039636430303e-01
2.010271054608558650e-01
5.331995872436577633e-02
1.794940455731403040e-01
2.417207969667860001e-01
2.915099389864852508e-01
2.846229574460538148e-01
1.837774944631932750e-02
6.010306957939998834e-02
2.500960951828096746e-01
2.514507753809418489e-01
2.829299360161466881e-01
5.686080583372676162e-02
2.526545672868095171e-01
2.648407310881055743e-01
3.184799105618995596e-01
1.507363705945159726e-01
2.827605938933960283e-01
9.546912220643247182e-02
1.506717333915856827e-01
1.015868914315433552e-01
8.470180037322488920e-02
1.014228139730635747e-01
1.636709851292004470e-01
2.730045151782900525e-01
2.929102845490081930e-01
2.813315408467919609e-01
6.199091425325336385e-02
2.647396408046177041e-01
2.609695448834895015e-01
1.681223242573952337e-01
5.866888458258870398e-02
2.497587201038670990e-01
2.413502553411856766e-01
2.993463227017829631e-01
1.057094560146912970e-01
1.457321695042962037e-02
2.570977216937330168e-01
2.571531495273862711e-01
3.313184157196651380e-01
2.136875604105641091e-01
2.896875778456449169e-01
1.464302672024909990e-01
2.264342194457929225e-01
7.270780518384355184e-02
3.197584389707928132e-01
1.564750051566882183e-02
3.219645168513261546e-01
2.987712139276886281e-01
3.291833823803951287e-01
2.482168660697741114e-01
1.020787179496110419e-01
6.207443593535202225e-02
2.391920347648875400e-01
3.636535071566167343e-02
1.194906029658975889e-02
1.625582915482614021e-01
1.961489808244873401e-01
2.670925175235179527e-02
3.116698126850927508e-01
6.379709883064257903e-02
1.395194521385746123e-01
1.106573131104667818e-01
8.365644716413099535e-02
2.884694579777937751e-01
2.042902878374801001e-01
2.685814778691379967e-01
2.006239248430589650e-01
1.171084513141253669e-01
8.292009783507126031e-02
3.429473673264341049e-02
7.086416351289895332e-02
8.822132167956646398e-02
3.272997645750663764e-01
3.205805310956384990e-01
7.107479640783923025e-02
8.054421634844727285e-02
2.791939161095388644e-01
2.209826876485727898e-01
1.985660461860259615e-02
5.497615503566091050e-02
9.109311251318100155e-02
2.763175635575788047e-01
2.992461588400018857e-01
1.178785756816804337e-01
5.230089900450465845e-02
5.955877462516238896e-02
2.488165364421265208e-02
2.807225944217086600e-01
4.146582037038925445e-02
6.995950392632747927e-02
1.381364565232342557e-02
3.982113722196316957e-02
5.187224481663540304e-02
2.950344715300855236e-02
3.095236023201912712e-01
2.031838209470198942e-01
4.396936980522127975e-02
2.878253207627373134e-01
2.591308010567764386e-01
2.755892590947975340e-01
2.307151950250840161e-02
2.327229387121503013e-01
8.224254141041004162e-02
3.286014081098203032e-01
5.228508741749023775e-02
1.927431104780304508e-02
2.327335211731225706e-01
2.332003219549402262e-01
3.281038913873526308e-01
5.180766043035854584e-02
1.094846633607767933e-01
1.080345247994950464e-01
1.011821184446858174e-01
9.484754598411862525e-02
5.701487458812982273e-02
9.010068214306272971e-02
5.407006327819371266e-02
3.174851996358531991e-01
2.048645134875266838e-01
2.407410135192392941e-01
1.679134671446705918e-01
1.182259726020522782e-02
3.018121158530060466e-01
2.323703137453038969e-01
1.228847637892558492e-01
1.147096435063409969e-01
2.723400221787889430e-01
3.565448964872841575e-02
2.070271652045941047e-01
3.263810011593720195e-01
2.970772942847483833e-01
1.493171687132430481e-01
1.156762527087376174e-01
2.828337688435866304e-01
1.852677798771901196e-01
2.321294536491713967e-01
6.214443805470717258e-02
2.653470239838385258e-01
1.623231209539346409e-01
1.581789732826186790e-01
2.465632570548269842e-01
2.533076983363970469e-01
1.634516144130591375e-01
6.253772370237106748e-02
3.029032349120600598e-01
2.034003690334751924e-01
4.862319950714991817e-02
2.989757521687222974e-01
8.945677010687315411e-02
2.444724750984970940e-01
1.191672323426575669e-01
2.355936269803039496e-01
8.653565056114696785e-02
3.312513027680650812e-01
3.271014586368382049e-01
2.158052875848179564e-01
2.608669326365963270e-01
1.087342665956797655e-01
2.417753652816233556e-01
2.524291772810132589e-02
7.693628284726555799e-02
2.114597751031485617e-01
1.472424540759661449e-01
7.526131522349538416e-02
3.444393958360165292e-02
2.772037860269629603e-02
2.708866836680818291e-01
6.131970375018400143e-02
1.253735841056763112e-01
4.833027388210914266e-02
3.523590168520921578e-02
2.838466852990993439e-01
1.372052064604886434e-01
3.072108166008823416e-01
3.170025041763321894e-02
3.209955810218503292e-01
2.452244465495329595e-01
1.609089064704780914e-01
1.565721431346464576e-01
3.097629718009566879e-01
3.206435765875170207e-01
7.213520549083134170e-02
2.830330685551229325e-02
2.162172101421944992e-01
2.829733741694760440e-01
7.075887282161040515e-02
1.648242679957725998e-02
1.619769047154776334e-02
4.016628435255153312e-02
1.394659958987720660e-02
2.201681915487798888e-02
2.623698445407938659e-02
2.562783826999843195e-01
2.257524338631249072e-01
3.265304033136179895e-01
3.258971000301967291e-01
2.298992497138251379e-01
1.789228073809856767e-01
2.202607946835623276e-01
6.658937506284734464e-02
6.420159778103817771e-02
7.498633585914613042e-02
2.463569683079289974e-01
2.320559911306089573e-01
1.211953683649677205e-01
2.478365167552558646e-01
7.714612832946193821e-02
2.266640911835619832e-01
1.510544988026430238e-02
5.442510755126393068e-02
3.566543325836953049e-02
2.085141657793553038e-01
1.774137210479127813e-01
3.303427012474912106e-01
3.253722425208439573e-01
1.673901086024432439e-01
1.909722895329832582e-01
8.298936835712089621e-02
2.811318800122916128e-01
3.127504909423544643e-01
6.055611249647319810e-02
1.580200817649502765e-01
2.527007050842093316e-01
1.082543380804654037e-01
2.831780610349788341e-01
2.817381694035929751e-01
3.244791798095687102e-02
1.230812018087972110e-01
2.637785650213084199e-01
9.477444638696640167e-02
7.609483933108600329e-02
2.661616489024691834e-01
6.245044113173942729e-02
2.303797452490838060e-01
5.551535866225979637e-02
8.883584535873560728e-02
2.430070025635313324e-01
7.178639067264301621e-02
1.853106656823014231e-01
9.427167848653815463e-02
4.204726330109534449e-02
4.591837545709869656e-02
5.154132970030476935e-02
1.955969879976776904e-01
2.690702281514719685e-01
1.363097177628607160e-01
2.482058458916675814e-01
2.267033351653666706e-01
9.033684568089368760e-02
3.080604130089105164e-01
1.281479762218666052e-01
2.035128635024623447e-02
1.824287441853380404e-02
2.187297061508169660e-01
2.277975419925176992e-01
2.779383817892492892e-01
2.082331619915684107e-01
2.611819016982662167e-01
4.930320785091011487e-02
2.077635698491612226e-01
3.524485550068320872e-02
2.835397191479964163e-01
2.196175902471883892e-02
4.552358233192267678e-02
3.085906682398862830e-02
1.174143508863952357e-01
1.448663586419652871e-01
2.149743551288733900e-01
1.507022556780308331e-01
2.035921291108980513e-01
2.527855743733214977e-01
6.282658398565882374e-02
5.445337945282518327e-02
1.547723927686986134e-01
2.928755618135180927e-01
2.768043582411016112e-01
1.780470735794001669e-01
2.529902526338259072e-01
7.892428281359531450e-02
2.258564718784811243e-01
8.597727617996463179e-02
8.220922554996934473e-02
3.187600623487042983e-01
4.507408292458053162e-02
1.309998939437001519e-01
2.761522529658925751e-01
1.014972304279413706e-01
2.331652813665048840e-01
6.021657017966826342e-02
3.304306380362526663e-01
1.780278609825934055e-01
6.910761244392808755e-02
8.364223640866867704e-02
1.492578147445726977e-01
2.767977103909213255e-01
5.614542515848938709e-02
1.638283460334437683e-02
3.865459771832224778e-02
1.296543231298731037e-02
9.599574764347225397e-02
9.154208469788113756e-02
2.599399623215030153e-01
2.155015170628880594e-01
2.379339689973936356e-01
3.057682842987680671e-01
3.209911480615942336e-01
3.579735203592020881e-02
1.255815092945339329e-01
9.354860244270898906e-02
5.568759420169588220e-02
8.525422851780618816e-02
3.066535673354517377e-01
3.307492564580211125e-01
1.144172715539586299e-01
2.075603318744625725e-01
2.436584991287285284e-01
1.109706279361983780e-02
7.367552046984716940e-02
1.010678127332391985e-01
2.985119542230575962e-01
5.214759629083202952e-02
1.177633702629280327e-01
2.808322601467213089e-02
1.115721144860609866e-02
2.602619119358582922e-01
5.433208626572559596e-02
2.177074696117961561e-01
2.794746134298504714e-01
2.052918983701561562e-01
1.591102075333178101e-01
2.572135022247304947e-01
3.032035510583810378e-01
3.196293796255119113e-01
2.179905075403415840e-02
2.210682130887388908e-01
2.924237266410365521e-01
5.973618200938593525e-02
1.121088171656013932e-01
2.703203581816225332e-01
2.981018313307912809e-02
2.787922108669029786e-01
1.990796971665774184e-01
2.296937535089177418e-01
9.723190735891139302e-02
3.022760929028167065e-01
3.661242238236486757e-02
3.095782456764361590e-01
1.860238850473429628e-01
8.208050327541242808e-02
2.613153837860023865e-01
2.414022376447391982e-01
2.794625790256945463e-01
2.356526103652768211e-01
1.918397474876320230e-01
2.478949272503702672e-01
2.330826886994763480e-01
3.149989556105314281e-01
1.441378405779645822e-01
3.120176753601046002e-02
1.932772163111946828e-01
6.453500500472526824e-02
1.137795126776909860e-01
1.747393893516224206e-01
2.026971825620938195e-01
2.937481369860974745e-01
4.717247995073863692e-02
2.035182024371839371e-01
2.255426075591011326e-01
6.190621962001387896e-02
1.741826556847173857e-01
2.343383838020344223e-01
3.180493249836463532e-01
2.439286533200847595e-01
3.313602517690418248e-01
2.687850715517969835e-01
1.216396320243958440e-01
3.287746188953452608e-01
2.319022501020870930e-01
6.717140018476183694e-02
3.768813618452079850e-02
2.875652542153811497e-01
2.213383045331494825e-02
1.352316152086338319e-01
2.499116904277439988e-01
2.371865870037035418e-01
1.620614183107341871e-02
1.964267932560655738e-01
3.148629571609931066e-01
4.609295191475242665e-02
2.711098929787888467e-01
2.409925044016263812e-02
1.008302237226645082e-01
1.324165205483376906e-01
2.564113349255980889e-01
1.880995464822487195e-01
5.175183962621365819e-02
2.577214325591209998e-01
3.077400317077171321e-01
1.884164462953547003e-01
9.787303322964589769e-02
6.706149040438115494e-02
2.897845114238870035e-01
1.041722631457860371e-01
3.006595666031344760e-01
2.758921240031852462e-01
2.985559418609980420e-01
1.742610419269313357e-02
1.734254935936576161e-02
3.217435626601253817e-01
4.905228742453604518e-02
1.280993186777565351e-01
7.462422882898755994e-02
3.241701732246033973e-01
1.955123985715358226e-01
3.315495301424974395e-01
3.080033541385350238e-01
2.989123347732309810e-01
2.082473666453998895e-02
1.584641191114149195e-01
9.134086866395080273e-02
5.925485843933349372e-02
2.982706486008340208e-01
1.172420532118008396e-01
1.037743011197973519e-01
2.513135348102907840e-01
1.029289029709067882e-01
2.066155313842501229e-01
1.701422220797333407e-01
3.301332998633416671e-01
3.074364053602945956e-01
3.074253346579569612e-02
2.875151224237229020e-01
3.273604181254834433e-01
7.635498014511593601e-02
2.160345336812285189e-01
1.016965728765125559e-01
4.139668102701590108e-02
3.272920626825394641e-01
4.799099163094952547e-02
7.130527141678277836e-02
8.401560814675732014e-02
7.277403581985260328e-02
7.949510367569520564e-02
2.883220917116719462e-01
4.373771209089487300e-02
3.019460262334817680e-01
2.563859125447978671e-01
1.808515117536372840e-01
2.136604821899071860e-01
4.705655364801036161e-02
5.450542049236276748e-02
2.983852544897501805e-02
9.633836620460300981e-02
1.789743320026974394e-01
7.472788043940922775e-02
2.580854278369685284e-01
2.282199280214083914e-01
5.377828366269182120e-02
1.454598237302094366e-01
3.008767325413432350e-02
1.861789206354113047e-01
1.145952007627584895e-01
3.226417931041262177e-01
2.615712686812255994e-01
1.929762663493966857e-01
3.310382800990793739e-01
3.215335537166911228e-01
2.880586571485569403e-01
1.835691400579077537e-01
3.303160732743409822e-01
7.074962754151045696e-02
9.038906454505307719e-02
1.760816145868976668e-01
5.809585391924457914e-02
1.836732085001455128e-01
3.281461354935143460e-01
5.643345199780853277e-02
2.048543454931826824e-01
1.742394750589859320e-01
2.679131392195417405e-01
7.080509164193940497e-02
1.241281134188535334e-01
5.726187200111040182e-02
1.942281306913305472e-01
5.905706068918179646e-02
6.908193474169524451e-02
1.809278530045691641e-02
2.358281863484401886e-01
8.017753586698805890e-02
5.488962283014369586e-02
9.836185461900512350e-02
2.172523854545774583e-02
1.109895908370584494e-01
1.015787602653711874e-01
2.852716237329785964e-01
4.396678368901136419e-02
2.496848177714351413e-01
1.405003724325390724e-01
2.068431831653717301e-01
1.350930547971680717e-01
2.897738503149980271e-01
2.917318801142118057e-01
2.198329911842887285e-01
2.081692272957656464e-01
1.813682212838849950e-01
1.337265283249341741e-01
5.640444421015249760e-02
1.247447367579752608e-01
9.093294811343913264e-02
2.376880875234341495e-01
5.540900805823861797e-02
7.387893746150840657e-02
3.232326709067270820e-01
1.224802094161575594e-01
6.183104807652422402e-02
2.419847823843647994e-01
1.831408054882128766e-01
2.664314828373070057e-02
2.338429067889161439e-01
1.972735678938199733e-01
2.926759395745153758e-01
1.357857643680452087e-01
1.781484662257892537e-01
5.033454370544783452e-02
3.189110271033077648e-01
1.180551359940586742e-01
3.170357137257856506e-01
1.958517382283392061e-01
2.170934475740846914e-01
8.217831509876263874e-02
7.327730100152389514e-02
1.939956753584473892e-01
8.925393940129988657e-02
2.933856619391343457e-01
2.147591922006336362e-01
1.553910551474396440e-01
2.618314442514138932e-02
3.300060343722021616e-01
2.408621134081554704e-01
2.982311284142166175e-01
4.886367293624847147e-02
3.313851925479325833e-01
1.630849425680328327e-02
7.493458429577905255e-02
2.207324036575911141e-01
4.613830641624790813e-02
8.692393361396365259e-02
1.015818877106555579e-01
5.814901090947897921e-02
3.262067773999800524e-01
4.139776084858284855e-02
1.634641747755636032e-01
6.954948962057967699e-02
5.517742209638003270e-02
1.002033207096194034e-01
2.749754120608072228e-01
1.273472437804398227e-01
1.353673736399420846e-01
3.065734578136244393e-01
3.498056548941470834e-02
3.084031129097166146e-01
9.702160750614749474e-02
2.233444188974015310e-02
5.574983826832014683e-02
1.730577847651796897e-01
2.594844199757479486e-01
1.062410488109387235e-01
1.553063742477270581e-01
5.819998348562109569e-02
1.279215718747033492e-01
8.627804493395387075e-02
3.637305428962908649e-02
1.024492675603136671e-01
8.710751352944960668e-02
3.824124638464058978e-02
2.819999372538511406e-01
2.459818737705183472e-02
5.954539154632697978e-02
1.220729490408658524e-01
2.338846819159426660e-01
2.771302050686577090e-01
8.535411697801774389e-02
2.911578149726494757e-01
2.341117129251990003e-01
5.069023542225416235e-02
1.384488556159896577e-01
1.506098306351537353e-01
4.023030115931415518e-02
2.340252056652547194e-02
1.831189316631512132e-01
4.488810911390628960e-02
3.275516498154074641e-01
2.121037736532007945e-01
5.724589031227775293e-02
5.890281278257337993e-02
9.193212715452471484e-02
1.420665743947001625e-01
1.906176490785431443e-02
7.591489922304545113e-02
2.397250273140944660e-02
3.181737637586682377e-01
5.384542958465009937e-02
2.505148690156368541e-01
2.261782485850972191e-01
1.627108285417189770e-01
6.913466090781732187e-02
2.028593675240576988e-01
2.742135727354712560e-01
2.760973358479705542e-02
2.981790136948491710e-01
1.571764375396637881e-01
4.231624849955395451e-02
5.763325307132836223e-02
1.771613322597976881e-01
6.064445037458744692e-02
1.496168394047674710e-01
1.668626138798759706e-01
5.989758683122554245e-02
3.126592497151932659e-01
2.949463568026817195e-01
9.057199639676066782e-02
2.717189940652595670e-01
2.723898939569914801e-01
1.037402529506739196e-01
1.983728431871536191e-01
9.626610460257420399e-02
3.215534962266849428e-01
6.629158476838191427e-02
2.243865095552153022e-01
2.163722725831084825e-01
3.165622101644479519e-02
6.186220287129183537e-02
2.617071996944456691e-01
6.035040020423800000e-02
2.493821919863582481e-01
2.691306073095052764e-01
6.111736261325279029e-02
1.749638291678855817e-01
5.715543058699511930e-02
1.848248814808596541e-01
3.724045284265877637e-02
2.258146086687458642e-01
1.643229652354867010e-01
7.222818370878945904e-02
3.283849833018727682e-01
3.254743091519375908e-01
3.099883118249354141e-01
5.739184428030940505e-02
1.602713690020185489e-01
1.892654303599698162e-01
3.314351314305075125e-01
3.734743936098593869e-02
2.388608014803047797e-01
6.798124913705663741e-02
9.396284167726878800e-02
2.414148607178325315e-02
3.055766828482480713e-01
1.465487458692598666e-01
3.292308784765859420e-01
2.900480041310059265e-02
1.686803678168275755e-01
3.368668249925341196e-02
8.723518770290401847e-02
2.687918400912987504e-01
8.128692570248297056e-02
2.353051210856776654e-01
3.307697073725009429e-01
2.687287145366321628e-01
2.584891076645407307e-02
2.992892919377816430e-01
1.845046767229284179e-01
1.002870884896814169e-01
9.980393125450692793e-02
1.229721716394235470e-01
1.496552029243974624e-01
1.001862857388836486e-01
2.565532019327523283e-01
2.848424925531482521e-01
2.464833145158613348e-01
6.763319441268506038e-02
8.830719255496480291e-02
2.601434795636348163e-01
2.019151864990477094e-02
5.447024198363024927e-02
3.160847145250434559e-02
2.564777426482570677e-01
3.053809195105562924e-01
3.515568404556446841e-02
4.902513031994814446e-02
1.922945920991052035e-02
6.231974774203521278e-02
2.527345847675623383e-02
1.675288372686991600e-01
2.149785533225339329e-01
3.282525193707132027e-01
2.650388468913854045e-01
7.537763238524870790e-02
1.447323991733918958e-01
1.906199547847166331e-01
1.063948085201830984e-01
6.820727409962497323e-02
8.880551313245710343e-02
1.849315053672968834e-01
2.946070005309386897e-01
2.319117835231791769e-01
1.990594222506758271e-01
2.717270747502631423e-01
1.383176854977359593e-01
8.440095745064762900e-02
2.187845805522500853e-01
3.068958153841496173e-01
8.318727055124970626e-02
9.100182056070879599e-02
7.932554615890358152e-02
2.006521633920061443e-01
3.069911109141778005e-01
1.483145885176040124e-01
2.074118032873458750e-01
3.237581843491765810e-01
2.952709958636851595e-01
8.272670008818253096e-02
1.067988269698736184e-02
2.114389962273042489e-01
2.054736334542839327e-01
2.236814754060703347e-01
3.158098228073689673e-01
2.249051722436131440e-01
3.282522902183775404e-01
3.282594430545235920e-01
2.010110845968607618e-01
7.913480841842776559e-02
9.923543282853089509e-02
2.996932961920467098e-01
2.258476881417053050e-01
1.986306303368929049e-01
1.808812544047395665e-01
6.299342618493078416e-02
1.463522713059216829e-01
1.414124150892584128e-02
1.748062554752776165e-01
3.164330190740372584e-01
7.439912514226998397e-02
1.607079068952858014e-01
1.402228068542376305e-01
6.014143591820605983e-02
2.188386032106175161e-01
3.521041405639121352e-02
2.538648824546343441e-01
4.591041905243380128e-02
2.821084946912283398e-01
1.186590071937038138e-01
2.439164739574325655e-02
3.199688383354737931e-01
2.451052717633699432e-02
5.579019534905405725e-02
1.549376540038038264e-01
1.148893662497745272e-01
1.097818386958373527e-01
1.063634324117124497e-01
1.108476458713477386e-01
2.504551345397609471e-02
1.089428938951253617e-01
1.961677733039012828e-01
1.161047159543600465e-01
2.350751181766522480e-01
2.979367487805799630e-01
2.329116347843897261e-01
3.237370405265204698e-01
1.989162529421582282e-01
2.992192225392895644e-01
7.047841861183923307e-02
1.029922575900421994e-01
5.400434450167986705e-02
8.389427867848882336e-02
5.572573293024979391e-02
3.118927732823244536e-01
3.313989989873061814e-01
5.251698872639891380e-02
2.754420251139814146e-01
4.091230739467994343e-02
6.782120452417246537e-02
2.848105065352457554e-01
2.395487025683302670e-02
1.335340821069682660e-01
1.250428700875423627e-01
1.279281952793665522e-01
1.721665473767399201e-01
1.793913411322976825e-01
5.143645068158341632e-02
1.855425128978200888e-01
2.758791977588982425e-01
2.320027029493683390e-02
3.991553253972453946e-02
7.789323186243493624e-02
6.339464545224252068e-02
4.570722261449403079e-02
3.071739915336360593e-01
2.951181799553032406e-02
3.168926011219638794e-01
1.048646614477998784e-01
7.081088959938310057e-02
3.894220854051499286e-02
6.446770341218226175e-02
2.456697700241734506e-01
1.099496442572448079e-01
5.749346127062772427e-02
2.135643103933900222e-01
5.839233855444703192e-02
3.310552739777514186e-01
6.413125731579714939e-02
4.126115299968084044e-02
2.177765686646351007e-01
2.038437020711377223e-01
2.951877348028663084e-01
5.600837259696384018e-02
2.434236386969076960e-01
2.527084852079395372e-01
9.012773382442997028e-02
3.205496496848970756e-01
7.832689494392586216e-02
5.520735964708236437e-02
3.213925034361963529e-01
3.261142647654037829e-01
2.514697338725492837e-01
1.943598299455178979e-01
1.917876390399741726e-01
1.385736747570661398e-01
3.280841824667873330e-01
3.113202457066925888e-01
2.846370338750662254e-01
1.428795427429113973e-01
1.835634151539327075e-01
2.655214501835097551e-01
2.576230562459461138e-01
1.608482586102909784e-01
2.490772763659210021e-01
1.526264422545763055e-01
2.606430160483925174e-01
2.769085739101846966e-01
2.142941296018905650e-01
2.238663020806646586e-01
2.465257988488982477e-01
2.873617289274910808e-02
5.586928389047812055e-02
2.741676810528462238e-01
4.816293712749652317e-02
2.196457831203977307e-01
2.993214875080522572e-02
2.020864268556872567e-01
2.504216986239450951e-02
6.182872346058203988e-02
2.068228768586858890e-01
2.356362123408186349e-01
5.240609921469131099e-02
2.574797997128701055e-01
4.422436688421213513e-02
3.134210808797393555e-01
5.500507178538215081e-02
1.176952470595232225e-01
2.988885563266387435e-01
1.741226901807289007e-01
1.920715807588612156e-01
3.122427666277955982e-01
3.256446758607235009e-02
1.185356608278808760e-01
8.121477039107874440e-02
1.856090553648084007e-01
1.736335020675954521e-01
3.183991466909645851e-01
3.387058400494859928e-02
1.488771310892166855e-01
2.499226405148735064e-01
2.797054153563496848e-01
1.491990539547176642e-01
3.003508459462939095e-01
2.889794179357132453e-01
2.777993300250939934e-01
1.434391556940556485e-02
3.274641693632768941e-02
3.733806463466847470e-02
7.559627760133517949e-02
5.670502047778416821e-02
9.607968415407998342e-02
3.186663390279821650e-02
5.639108632150804934e-02
6.294130512843848502e-02
2.803101128849742607e-01
8.938070845262247044e-02
8.560668458248961443e-02
5.713918737063609921e-02
1.879493354571435682e-01
6.583313684922806330e-02
6.692813248776258161e-02
3.046894869096103964e-01
2.253929932676354830e-01
4.464879883665713589e-02
1.640644395119798260e-01
4.499190951376513814e-02
1.098406714206579121e-01
4.628000998724944581e-02
1.861444100779220678e-01
6.720849519044808096e-02
2.839831454814096268e-01
2.007566934025440952e-01
3.453932236683016771e-02
1.935025339188072846e-01
2.493009497354178594e-01
1.952394475355629100e-01
4.962205181910581131e-02
1.481136996524854699e-01
2.508235958074598801e-02
1.143857531622041734e-01
1.924940312581402066e-02
3.012573708440878864e-02
3.193890578163265936e-01
1.757297636288795706e-01
1.851775621481454581e-01
1.380590320624775769e-01
5.489684322474956690e-02
7.143618297086443136e-02
1.044484324548039800e-01
5.739271840749001624e-02
2.032625745847047027e-01
2.548158388212883874e-01
2.515502091843065946e-01
3.989278914390545494e-02
5.305401992740370332e-02
2.632026024407117526e-01
3.059857954261209767e-01
2.659565948754721298e-01
7.232329072533126568e-02
8.986593372518261735e-02
7.937656108818992584e-02
2.346941367862415695e-01
1.150669610179436697e-01
1.301554698445644698e-01
2.458326896661696681e-01
2.248511595394613038e-02
2.492897691100019464e-01
8.802915745148640059e-02
1.722873957457715099e-01
2.190537999690634618e-01
2.892924848590588960e-01
1.124332322445161098e-01
2.564206310147900125e-01
1.203715923060267728e-01
4.714242052791953186e-02
4.998943875735098463e-02
1.920658418107820398e-01
3.824011634183778485e-02
2.419757072640434103e-01
9.883574978778808529e-02
8.235260449586746800e-02
3.005871457505471800e-01
4.692770432043935624e-02
4.764350746760529637e-02
1.207044259799700259e-01
1.145054218146217689e-01
1.623028427231635804e-02
1.287071868452120682e-01
1.411147752590203308e-01
2.809383536695480577e-01
1.736853451121208591e-01
5.977439496816892850e-02
2.696534691965979946e-01
4.486686135838390682e-02
1.295622272452856272e-01
1.943887118053039820e-01
3.210604121463930816e-01
1.887121285520253558e-02
2.116919522687771837e-01
2.934359334071298120e-01
3.316935129236795593e-02
