1.973434442775045816e-01
2.386468012247322523e-01
1.767674883802664854e-01
2.864072503232843458e-01
2.134177962599839440e-01
1.635891181910664738e-01
1.064028336739226560e-01
1.627336431173097842e-01
1.216325050516808004e-01
2.763355645011094860e-02
1.737997601971162931e-01
2.725391355098468749e-01
1.938904347559016750e-01
2.397813230662852735e-01
1.881778165262748825e-01
2.383770103630533099e-01
1.700624667062880235e-01
1.779523560506411084e-01
1.505698733638641540e-01
1.736391292060207314e-01
2.635420128069348999e-01
1.183298485575270259e-01
1.864317331409723055e-01
2.190431653048695582e-01
3.387649968507867038e-01
2.766257722755975923e-01
3.520208526945295957e-01
4.390143301109582577e-03
1.959450334067552035e-01
2.147767627315976813e-01
2.237770551194813717e-01
3.010550635196478364e-01
1.871987340335265759e-01
1.947925952410188011e-01
2.805598563629425196e-02
3.085143291910247276e-01
1.702245597851764491e-01
2.324952636698299491e-01
1.606139437750426502e-01
2.811882358095293410e-01
1.425120600061443310e-01
2.243422430550943980e-01
2.304781475221673870e-01
1.913047949853290408e-01
2.438763218001793187e-01
3.162933571645181186e-01
2.015159936154491960e-01
2.695683682799274727e-01
1.566992213675677537e-02
2.703112628417810859e-01
1.921146437869707679e-01
1.121980445668620957e-01
2.279380996498081569e-01
1.452033499261396188e-01
2.294680362558764453e-01
2.056981503522478938e-01
2.188796758221482619e-01
1.045104562542326920e-01
1.514724754287437025e-01
6.345734340293808333e-05
3.238204847421297661e-01
7.471108078722242529e-02
2.380576339070130110e-01
2.092245281794289369e-01
2.255175768426437299e-01
1.538237808083577907e-01
1.322228483420833517e-02
1.109237964675371946e-01
2.019977062449336280e-01
2.834691501365397270e-01
8.799951011079247196e-03
3.394766165269421654e-01
3.389867943554710217e-01
1.953815216156045420e-01
2.461491598312631479e-01
5.019642690620240016e-02
3.369869932906204846e-01
2.711547478678706380e-01
1.752668816418545272e-01
2.081174663542086911e-01
2.123738069442707432e-01
2.258544132869050314e-01
3.456743335971176334e-01
1.920790352300258685e-01
2.220296082920699965e-01
1.665632616619131673e-02
2.822318805544881126e-01
1.355629672613350989e-01
2.205004298527160067e-01
1.651979581221532378e-01
5.659028792416417181e-03
1.838652448292357189e-01
8.938014385443537879e-02
2.191992511872853100e-01
1.912605168905794351e-01
1.903987269818328276e-01
1.815471455995582573e-01
4.494827889134964290e-03
1.716531955627618178e-01
2.011111077020235061e-01
2.296863676346174443e-01
1.734248755035249501e-01
1.350851644830527998e-01
2.228732853809621550e-01
3.455397711458931820e-01
2.002202620372552921e-01
3.160669568986458622e-02
2.543611517755054938e-02
1.748271556956647599e-01
1.967832840887681345e-01
2.346942978286870041e-01
1.591252415853122160e-01
2.432368287735329482e-01
1.274984541061450760e-01
3.394575804048315382e-01
2.398406929666217213e-01
2.642153672861317394e-03
2.927138939700623110e-01
2.080998775264315259e-01
1.949230388455681917e-01
1.350592426028670578e-01
2.319000540516664710e-01
1.625432997216584574e-01
2.167322598610956774e-01
2.672402003407953752e-01
1.123819161805284794e-01
2.016182998850736541e-01
6.566688827676415985e-02
2.770297541851590023e-02
2.983028356896803013e-01
8.481582957454471272e-02
2.428495946321130861e-01
2.195684856601360646e-01
2.039871052936259310e-01
3.667250826190594087e-02
1.897832782008271046e-01
1.930751553683970612e-01
1.217615426629643643e-01
9.594028081192015889e-02
2.711440951571070235e-01
2.159475936967353571e-01
2.080354066716805783e-01
1.380217848406851688e-01
2.503075321757214367e-01
3.182632529423992662e-01
1.428247238968758520e-02
2.180001775673120479e-01
1.893954053016097538e-02
1.932068891687860890e-01
1.811524767516560774e-01
2.938770884257531080e-01
2.870383828815195604e-01
3.169649856736722060e-01
2.195704223098751129e-01
1.620653416280837256e-01
2.816163420615380719e-01
2.180198110077730816e-02
2.007227385546637155e-01
9.061798859071828029e-04
1.809872888885034614e-01
1.869528832630692194e-01
1.999195939986429249e-01
1.936803358975172362e-01
2.217397737115635314e-01
2.789206567035131812e-01
2.379510765522600546e-01
5.433736564114684947e-02
2.852750510337100365e-01
2.094934253890784470e-01
2.018628986536006031e-01
3.050166544610551367e-01
2.048241710808528515e-01
1.872657088161628347e-01
2.629060229196514831e-01
2.178699795566522712e-01
1.391650738949417633e-03
3.335380940999195520e-02
8.733204972152047718e-02
2.140160851382240936e-01
8.698900190819458533e-02
1.947498505580473882e-01
2.086606965681164494e-01
1.201157472474007198e-01
3.342965176747853540e-01
2.206693071256929095e-01
1.605603150855862971e-01
2.162011110226254307e-01
1.106483775617443238e-01
8.819417490210353094e-02
8.056550290317177065e-02
2.000968525273907894e-01
2.048299757863984161e-01
3.272762852005446921e-01
1.439592064313313657e-01
1.005884781211814211e-01
3.944380042366371630e-02
1.709412864425708389e-01
2.944862636633890363e-01
2.665430692168694327e-01
2.831785308577094984e-01
1.992161785409164165e-01
3.388091279830058866e-01
4.661075918898750781e-02
2.047195120931253332e-01
3.509916669101882936e-01
2.737870374393861495e-01
1.331898418618036872e-01
2.727968096501914852e-02
2.097261745126140220e-01
1.911565057610209728e-01
1.586881577112026764e-01
3.340607243042465480e-01
2.315667685200403225e-01
3.293225873443747986e-04
1.563665553696303445e-01
2.714670449840538846e-01
1.724925640048447228e-01
1.839628084685974441e-01
1.133181212442921221e-01
2.150239639487514787e-01
1.389181981189997472e-01
1.922474673357361108e-01
4.282500968835024208e-02
2.648993484264988707e-01
2.338425485491993916e-01
3.368958662462821496e-01
7.161966530200058849e-03
1.450862949300996130e-01
1.923463584517771108e-01
2.541218212798977971e-01
2.872484925660728772e-01
2.468370771191635282e-01
2.663926455072234203e-02
2.180650565016635511e-01
1.906151402764710567e-01
3.337138993464812686e-01
1.296704156135056740e-01
1.634568761463606745e-01
1.152337189298081183e-02
2.329245173863801199e-01
2.487405045690677385e-01
1.565568870960445946e-01
2.770502193195574780e-01
2.285969804370992786e-01
1.496007063135674220e-01
1.473549687456829349e-01
2.447573367685302315e-01
2.143558200034669792e-01
2.950224653560605814e-01
1.258597605898324756e-01
3.011916255205526749e-01
1.712744032533147220e-01
1.870436264116556724e-01
1.209738368770745670e-01
1.856606346677226460e-01
1.821817581260473384e-01
1.953176135317197248e-01
1.884822288243798161e-01
3.211216242488119099e-01
1.633336668763806787e-01
3.514512634168339145e-01
1.369400019278773362e-01
1.376517775194359416e-01
5.468440566462816343e-02
1.207788858260577941e-01
1.702733531521590199e-04
3.106075968691398015e-01
1.916837631206918802e-01
2.525852862563442436e-01
1.979700624739608450e-01
2.993427157465493593e-01
2.103542784171085478e-01
1.928163286976065094e-01
2.560042308057999816e-01
2.943084970890199725e-03
2.216272719863817964e-01
1.262071236152086384e-01
1.887136404655206656e-01
2.130346337177628502e-01
1.749851646098967428e-01
2.192051523016612657e-01
1.703026554515749413e-01
2.341224480614777503e-01
2.841334076560929345e-02
5.353707174474003211e-02
1.107293730365323386e-01
2.767424093108362126e-01
1.496196451045312126e-01
1.205881108915144440e-01
1.889928349087418857e-01
3.206538927599931754e-01
2.887300602025845708e-01
1.216018453896779011e-01
1.842663073016765074e-01
1.828034549428593503e-01
3.465493960907011783e-01
2.170073574283639672e-01
1.493448627668724771e-01
1.540143682949334514e-01
1.220843473904461296e-01
3.070149587538217317e-01
4.226918931355253678e-02
2.960746071704231652e-01
2.692586871085163036e-01
8.861677997835486209e-02
2.622317636622967241e-01
1.813216004338832898e-01
2.578278791962583805e-01
2.216795854227452678e-01
1.567926737697938333e-01
1.122666847651914296e-01
1.820403357199219530e-01
7.252057786005471074e-02
1.612181604381426880e-01
2.003237946459673346e-01
3.329694448133020956e-01
1.733330559932380055e-01
3.354488268894784686e-01
6.204707876047703408e-02
2.134847904171394140e-01
1.918614694726761827e-01
3.313182076323451519e-01
1.863960611534286604e-01
1.948524192313422221e-01
2.140815989319513335e-01
2.860630489593009584e-01
2.386273166201855200e-01
7.880971930840131173e-03
2.372187738779314159e-01
3.164854507982382131e-02
2.040302886454153364e-01
1.907948774693806193e-01
1.190868712887444836e-01
2.382496351235335041e-01
1.335342115486058689e-01
1.233355904756022886e-01
1.995476482853445477e-01
2.814755341446494863e-01
2.024291518437847381e-01
2.628910893673265248e-01
1.407388220890317884e-02
1.931108630888624111e-01
1.304973280054852469e-01
3.223355664926534359e-01
2.126453656394006742e-01
2.214912089878641466e-01
1.944747449373721571e-01
1.542000135858375420e-01
1.643494050826543040e-01
1.614743878394289955e-01
2.256912655696006742e-01
6.553670567834858629e-02
1.670932044391530980e-01
3.154601184126759050e-01
2.213306481452569641e-01
3.704901617200605929e-02
2.027464484172722681e-01
2.763073913070300813e-01
1.793980666122871881e-01
3.421680851727123551e-01
1.653762293300063413e-01
2.507460627422700150e-01
2.203776092844495493e-01
1.358898012879704853e-01
2.295154799224513043e-01
6.399379756772018493e-03
1.552777003124808930e-01
1.329444247644135657e-01
2.461390790247401095e-01
2.538036929454384749e-01
1.952214062253410376e-01
1.967520623621547282e-01
2.381356120256017048e-02
1.741789479076532882e-03
1.443327939858176923e-01
2.011986033969782595e-01
2.968385624111790633e-01
3.230139240294905845e-01
2.036601858723185998e-01
1.836702918441984744e-01
2.418707653697012849e-01
1.495439453579897604e-01
2.004340660996716261e-01
3.284432466572638765e-01
1.807875167991923049e-01
2.459480578048506560e-01
2.080274250553320117e-02
3.406780101565921592e-01
2.338462019074774856e-01
1.686374895570114940e-01
1.795161571138030876e-01
2.515496471062557138e-01
1.719053556759642665e-01
1.139453576148968632e-02
3.083842138430227184e-02
2.610785403269255123e-01
6.846969037567482430e-02
2.357953579015195644e-01
4.531247066973567716e-02
1.464219543119321121e-01
2.096737523359289493e-03
2.451405755207477777e-01
1.904473350515656083e-01
2.864395438936407912e-01
2.472999268877488221e-01
2.788446066864540551e-01
1.545212234470423884e-01
2.416888880024959108e-01
1.812869261827899092e-01
8.677506080183707005e-02
3.039444900983482301e-01
1.497315004977007591e-01
3.057940967376425179e-01
1.661565844410078374e-01
2.885418556129851764e-01
5.550219171405518931e-02
1.816510109895232705e-01
2.546177082236230071e-01
3.278552621824346036e-01
2.448343861494742535e-01
1.835979652366024339e-01
2.661328372134393327e-01
1.574272223135194104e-01
7.115276213456292811e-03
2.095714238003109353e-01
2.341935621485458363e-01
2.278825627448435587e-01
1.592748435838778620e-01
2.097132968344481707e-01
1.063467012296087227e-01
1.280273255351173645e-01
1.835687792160088927e-01
2.919633196568702238e-01
2.941854217842179153e-01
3.519093763768347261e-01
2.503050191579251349e-01
1.477209197781004235e-01
2.588202775472414618e-01
3.069945410814761133e-01
1.709718844976176599e-01
2.613793560203803851e-02
1.947485763912693568e-01
2.202580469562920029e-01
2.218062095687011737e-01
1.485141312530342816e-01
3.136838610124680349e-01
1.602031178300877823e-01
3.152508100452808986e-04
3.651818304978211860e-02
1.419088899171073170e-01
2.485405115063086812e-01
1.646059004998559616e-01
2.612629372148667639e-01
3.120752079861119311e-04
1.771311598788018193e-01
2.142065264582427436e-02
1.828688585778107945e-01
1.894457160791427064e-01
2.076859176817903024e-02
1.972845222469362947e-01
2.423417589670691097e-01
2.118903222735032954e-01
2.461838187135594602e-01
1.871170220098228865e-01
2.038293927278002349e-01
2.802171709637104047e-01
3.241210881529266175e-01
1.425333674495321001e-01
2.352911584506608110e-03
1.923283113362019847e-01
2.299056604947551374e-01
2.862051607350733495e-01
2.194092717531846704e-01
3.016621734663294530e-01
2.864041695577381752e-01
1.843825244201988955e-01
1.780854591221506245e-01
1.428400468929556799e-01
8.749479920346052084e-03
1.429785244861232762e-01
2.381881766743955964e-01
1.431065631148893680e-01
1.917599189750885669e-01
2.955982541718095158e-01
1.033469044641943807e-01
2.215042361696711037e-01
2.062088807602072138e-01
3.252114720311036211e-01
2.372088037800236804e-01
2.605966677989769997e-01
3.257575564436264171e-01
2.657294920755947643e-01
5.249487220411470229e-02
2.228333004795971239e-01
1.993154836108425032e-01
3.347035655109497632e-01
2.643990658380641623e-01
1.566921528336273350e-01
2.074520668750650942e-01
1.828365993290836100e-01
1.460134282598105349e-01
3.149614717442245082e-01
1.639507652802159599e-01
3.180460743439211257e-01
1.995248212057298687e-01
3.307248633039482910e-01
2.600075656195856011e-01
1.381993822317342246e-01
1.638960402685920026e-01
3.517413824225961161e-01
1.940660133449554348e-01
6.750947564345371847e-04
3.053669410546106522e-01
2.056937017546985602e-01
1.977681562145624239e-01
2.584226732219896960e-01
3.140010982369473291e-01
3.009354047952207400e-01
1.100537170527922520e-01
1.454482667054979861e-01
5.483890779638661561e-02
3.040422281027614360e-01
4.663620290805068486e-02
3.735350260667923833e-02
1.822545125816057640e-02
2.985119700764833350e-01
1.202664295221288204e-01
2.776878749183387951e-01
3.763643181429795885e-04
3.197794529209910808e-01
1.745694390101239224e-02
2.526761333218722205e-01
9.369355680081836724e-02
9.203309015002132665e-02
1.778134571266469510e-01
3.108831920942533023e-01
2.429329415182809315e-01
1.372126514071097536e-01
2.127014741894449942e-03
1.652340157761065242e-01
2.055879056127166704e-01
1.460188176249753167e-01
1.733743255922882975e-01
1.868842219106658653e-01
1.203483118707373289e-01
1.763477827220972516e-01
1.654984727579241199e-01
2.701994035511456893e-01
2.027676341761122381e-01
3.341697555592032520e-01
1.170405855025418671e-04
2.297373262227231649e-01
2.008541118330136599e-01
2.905104273418890326e-01
1.552329259161025210e-01
2.704760406291116803e-01
1.979484920852457308e-01
2.691131576834819294e-01
1.972736895857845063e-01
3.504280559571952280e-01
2.379517165052801309e-01
1.943449285292855044e-01
1.050871717467649902e-01
3.989504262205186003e-03
1.189781635903857382e-01
3.176273439403994731e-02
3.532515211120354492e-01
3.245371044665096294e-01
2.698390905689452834e-01
1.868610574294776727e-02
2.393246595594980819e-01
2.157150646080902567e-01
2.463579520923769028e-01
1.704592643810177721e-01
1.909361143524399840e-01
1.835235423117508868e-01
3.387416793187132957e-01
1.700063635379849558e-01
2.355576353455479666e-01
2.110652149902488561e-01
3.015854633095809700e-01
1.228804072748135162e-01
2.819414162294636705e-01
1.280388636814905508e-02
1.277529830545789391e-01
3.066391608592732854e-01
9.353981470996962366e-02
2.259978686782598556e-01
2.679900483554843449e-01
2.426948174284663529e-01
2.685767147083417128e-01
3.027847092098708837e-01
6.679502351363444772e-03
2.164968498405472064e-01
1.767052678898358431e-01
2.982746167358540368e-01
2.029960285036105372e-01
2.594766127803883604e-01
1.258283028571947904e-01
2.792352499200432825e-01
1.738401078230344676e-01
9.740334028945438205e-02
9.289577051337549740e-02
6.564860398003026509e-02
1.891781555692035321e-01
4.579847807515845248e-02
4.573618689279186633e-02
1.875734081733070879e-01
2.020991281237304038e-01
2.467798878488572378e-01
3.501091302192907428e-01
2.619898052721501558e-01
1.217851494009477564e-01
8.612952517360784876e-02
1.140870940286079025e-03
1.900291552357130931e-01
1.858815079298728745e-01
2.650934824465862594e-01
1.556376690372794358e-01
4.255894150624714434e-02
2.773614001619600922e-01
2.884031041862964440e-01
1.938321586808293695e-01
2.517396193296193574e-01
2.886947731624405211e-01
2.361873451678630775e-01
2.534552420593583211e-01
1.215115304363675458e-01
1.605474455765306951e-01
2.502804050000124736e-01
1.239806355867030252e-01
1.982793554424338578e-01
2.371709112548882892e-01
1.334743094727612323e-01
2.994163414316857175e-01
1.825344265570136293e-01
1.664686081506202009e-01
2.065791189727189947e-01
3.007478905482979248e-01
2.924863837398291588e-01
1.273547244105648069e-01
1.131059335769390578e-01
1.618549275810013399e-01
5.772666710862428899e-04
2.778523815770009842e-01
1.945935980673919596e-01
2.192148035538470652e-01
3.199518228510153661e-01
5.713732274372783186e-03
5.656689649366964528e-02
3.462719321627724112e-01
2.077569876490854839e-01
2.026522806894555107e-01
2.904702078288251554e-01
3.074284182886170003e-01
3.048263810548368924e-01
1.745848535302245430e-01
1.408029487428692772e-01
2.665127761390914674e-01
1.662148649863615657e-01
6.650067113603523594e-02
1.020880666355069577e-01
1.950839373506790264e-01
5.557286122528619365e-02
3.230505751744572329e-01
1.845077853514914545e-01
1.766282862400659626e-01
2.199207752762195878e-01
1.847303896424819236e-01
2.041975614314947840e-01
1.768157630598292951e-01
1.186311101431025555e-01
2.109610352730828808e-01
3.133637618690151422e-02
2.494712786992840103e-01
1.772065964653639636e-01
2.208818266580276635e-01
2.314136313596856231e-01
3.441660177336865467e-01
1.308323781377854766e-01
1.251670399635299025e-01
1.503159046514430941e-01
2.780639060995406253e-01
9.246852509260526654e-02
1.663069712159376823e-01
2.801938907863320023e-03
2.223796939898937397e-01
2.196438260594203717e-01
2.260960192316980866e-01
2.354870750504570176e-01
3.433602688793079838e-01
2.478783246844249721e-01
1.720816604001839389e-01
1.805544500783366479e-01
2.084575537455892191e-01
2.133202744529494044e-01
2.623323257593977997e-01
2.019784268950817752e-01
1.571504786646550911e-01
2.507084967362577244e-01
1.974590555687331939e-01
2.151576820465512518e-01
2.087932569893783397e-01
2.362392668926837844e-02
2.237543253160810541e-01
2.082159621638748070e-01
2.659932576914527669e-01
9.907395320129314120e-02
1.267250656874115422e-01
1.635657716087682567e-01
3.100861904315903028e-01
2.484975002561557456e-01
2.262062370137912504e-01
2.579224375114393397e-01
2.220372983812368139e-01
1.095590907650267620e-01
4.557152971623964349e-02
1.626416416277616794e-01
4.207605927493943826e-02
2.135297619937971125e-01
2.276099482603311241e-01
2.978649021718828283e-01
3.215480071994492595e-01
2.096317196299132268e-01
1.840191419133852813e-01
3.248436648019263351e-01
2.191456348168467905e-01
2.233108094100818009e-01
4.709231817882120891e-02
1.531776893097192560e-01
1.892208498592612975e-01
1.877577128397032447e-01
2.574743505493723994e-01
6.512126268446222221e-02
1.537654976164176679e-01
6.199980292387380354e-02
3.722403281407189735e-02
2.050401853903183469e-01
2.223487828414878464e-01
2.127701184745258156e-01
3.100920993450093088e-01
2.384750069282149387e-01
1.963645658061641264e-01
2.727529747972067820e-01
2.958912698621622428e-01
2.669573266163774994e-01
9.595834441427264667e-04
1.472112053558127243e-01
9.370815227928863678e-02
1.437185606028494045e-01
3.468410676707979201e-01
3.189216961344999435e-01
5.531918264027743670e-02
1.925868523622002448e-01
2.444480687385369999e-01
1.618427037935916135e-01
1.752028580175519767e-01
1.866589786704614048e-02
1.582703213403922615e-01
3.300629402333469797e-01
1.862094078443778389e-01
2.892669702384811914e-01
2.077316447984364767e-01
2.546422370282353520e-01
1.635474869691702360e-01
1.453019310663664077e-01
1.565126493992934631e-01
2.542501852823315575e-02
3.223138912091795816e-01
1.701860223365815605e-01
2.415737932030830870e-01
2.587197813088986109e-01
2.318702690097403096e-01
3.094853566391321253e-01
2.316638802500730343e-01
2.837971188587162796e-01
1.662615323919242605e-01
3.448289714900668046e-01
3.489432940665078697e-01
2.601305549241342274e-01
2.131062622506054716e-01
1.921122093069395353e-01
2.533235558144123489e-01
9.818430686820348030e-02
5.689433430117574186e-03
7.894766620569879101e-02
1.246737884231297194e-01
1.660719939210971718e-01
1.523434797079043224e-01
1.039563046377778716e-01
2.663105661826185022e-01
3.235111614109739686e-01
2.628890842899724301e-01
1.892320595954496976e-01
1.315811787683848488e-01
2.069438146021318203e-01
1.260330350268580035e-01
1.941910519188337347e-01
2.731677468953514487e-01
2.273389055983618678e-01
2.439464888651632357e-01
2.550285174536920385e-01
1.595665109005265647e-01
2.456960534539018026e-01
2.736816976390932243e-01
2.380355133832099401e-01
2.116488559261913982e-01
1.823946646899681778e-01
3.503914202982257309e-01
2.042450956672697271e-01
1.192864313404554122e-01
1.211771963556332321e-01
1.231989411313236110e-01
6.009246035383336224e-03
2.917502445051324833e-01
7.482699914305286637e-02
1.812714378442710772e-01
4.302424798779492209e-03
1.438903011022907019e-01
3.394313120859883126e-01
2.958567472944920174e-01
2.700984538978886684e-01
3.210803013949436145e-03
1.856445438059356745e-01
1.559692285183352511e-01
8.265216534474750798e-02
1.918157898701656761e-01
3.431676649048780448e-01
1.850343336951639495e-01
2.496637547301522875e-01
2.484172520592828337e-01
2.179777277794429646e-01
1.893559829629279934e-01
3.298464329294004682e-01
3.194968284378568724e-01
2.233783242145125636e-01
1.967412392392897669e-01
2.801877337962946912e-01
1.298209881899361484e-01
1.768615799398660926e-01
1.172086084032548103e-01
2.266542398574983852e-01
2.987821377941607959e-01
1.726581530835614997e-01
2.138161202993157928e-01
1.426242931169607597e-01
1.835373030244528622e-04
1.966066552842160586e-01
1.942590937435203224e-01
3.430773121363932532e-01
7.151907383151029363e-02
2.309882441383621920e-01
1.361134678848569257e-01
1.527760820865329550e-01
2.797239181814243358e-01
2.816829481684179348e-01
1.148814754802183896e-01
2.159707877390994735e-01
2.663689957343958747e-01
1.940290728355747248e-04
1.903468226763291304e-01
1.179004950484455888e-01
1.615501214116895068e-01
2.914839175498271651e-01
1.248772092680743989e-01
2.936331999528266623e-01
2.739578253360325788e-01
3.075198906178398528e-01
1.930339375370647426e-01
2.097742637277860422e-01
1.468389254875078487e-01
1.828185310830425236e-01
1.274028671834853410e-01
2.149444730147788765e-02
1.378996440565818070e-02
2.047429965955940845e-01
2.704817052354106521e-01
2.645852221090005396e-01
1.650981817882331976e-02
1.059009777100292371e-01
1.576837888495251083e-01
2.629185243741726796e-01
1.551020463361886016e-02
2.225281625613277636e-01
1.591541900112714014e-01
2.858148428658712770e-01
2.782886128766692488e-02
2.039796429818858392e-01
2.536713952376409287e-01
3.498593084303372458e-01
2.765484688698376936e-01
2.425250426683616400e-01
2.935824977645220546e-01
2.305118432543115936e-01
1.220001820779407359e-02
2.726260663468941248e-01
2.831097973221750608e-01
1.770549782500811520e-01
1.848815044624085024e-01
2.049727289460552548e-01
1.610391672155402076e-01
2.754148740625746994e-01
3.083744429928526182e-04
2.361582095307411255e-01
2.142191372138737004e-01
1.960046496203642352e-01
3.254544836023462451e-01
1.543633701387861212e-01
2.282296903074590988e-01
3.496320599544902596e-01
2.382425702937936984e-01
2.016720213314316112e-01
2.028972932808442153e-01
1.748866869205814578e-01
2.448926697079842063e-01
2.083190915870100912e-01
1.629602200095888465e-01
1.943525331819783986e-01
1.327160818335624271e-01
3.032283144185702883e-01
1.916254820867655528e-01
2.796657048504317955e-01
5.755638670306270546e-04
1.846533640281774469e-01
3.187089609050898220e-01
2.814365641142042573e-01
1.666878118412696563e-01
1.761202829312965012e-01
2.441171058957514461e-01
2.090721219670404751e-01
8.836440828360418720e-02
2.279676350929936979e-01
2.514135320038056176e-01
1.692327741716589673e-01
2.112793180502636203e-01
3.203516427164698199e-01
1.430172545083605862e-01
1.632306247700385238e-01
2.641392287337706590e-01
2.489344057542389743e-01
2.145481869417885101e-01
2.450068775059662807e-01
1.971278808662018170e-02
3.177463969415126321e-01
2.181529563009253214e-01
1.513912151410344298e-01
6.664038166939413588e-02
3.479656259349131822e-03
2.738361568055361350e-01
1.320910671752624456e-03
2.298448333747463990e-01
3.337803642405406945e-01
2.232976113287965803e-01
1.318476133414673845e-01
1.385461752867855022e-03
3.371918195100659377e-01
2.170893539926452009e-01
3.125880321590392974e-01
2.017977390931190718e-01
4.493883683887808528e-04
1.241661525894730521e-02
1.961160427982443777e-01
2.026063095946281922e-01
1.376068643889644116e-02
3.060771428319501997e-01
1.781159438170312193e-01
4.066149755802953014e-02
1.269850698603631478e-01
2.098365393754557939e-01
6.047546247972907180e-04
1.978064088849577351e-01
3.673239061436581882e-02
1.694828336053435802e-01
2.771866384165102559e-01
1.291912615348369264e-01
2.546209774673819370e-01
3.292245655819637240e-01
1.715788984899127567e-01
2.317623165987152956e-01
2.016287938989262674e-01
2.193717086204118871e-01
2.241574885420776486e-01
4.439382164047447031e-03
2.447997239920452761e-01
2.074793368808838523e-01
2.050830491776025888e-01
1.301586405800013724e-01
2.174168895699373771e-01
2.720754881099926581e-01
2.805140142693400285e-01
2.792594106110777852e-01
1.321700155697830004e-01
2.459078987868967281e-01
1.323064686976526128e-01
2.941643788770384460e-01
1.883670884557556158e-01
3.656067732621582256e-04
2.035614716398485569e-01
1.681523136357406245e-01
5.875058571322814421e-02
