2.592912613101343577e-01
2.498653966085782330e-01
1.861591485497467169e-01
5.667568914301859134e-02
2.775444249803729058e-01
2.294790116287057091e-01
3.209475418106536582e-01
4.034021726907812549e-02
1.056464685293613398e-01
2.379606200480354761e-01
2.386138798841278691e-02
5.462319910113997562e-02
3.237639934487190341e-01
2.665603484468577200e-01
2.005137698872054008e-01
3.286981623069068492e-01
1.145466733165273754e-01
1.003988957429957224e-01
2.913265805305071954e-01
2.913285992128777369e-01
1.419382021175241149e-01
2.750184093371068061e-01
3.241350083576144403e-01
5.014255190593430722e-02
2.591693313617721706e-01
1.207747620727301907e-01
9.966717594501203759e-02
1.858614436722021424e-01
1.568348338002353293e-01
2.620094362971959190e-01
2.518225078667033281e-02
3.089048144895278347e-01
2.032948916702129460e-01
4.503649888003585094e-02
3.336839951554327471e-02
1.798606984848766799e-01
3.281576971498690876e-01
3.682272092145671277e-02
1.237656890565877049e-01
2.321718221529912585e-01
3.964207533585983184e-02
3.198341304358655601e-01
2.030313849363523659e-01
1.466862418129568635e-01
2.340989369303239295e-02
3.091892205674483529e-01
3.271870934610195125e-02
1.438980442568578988e-01
1.907060967239706251e-01
1.504133289350035318e-01
3.062793435836104750e-01
2.258578967512756552e-01
2.294064661443030173e-01
5.203406528591274227e-02
5.163035172236595666e-02
2.771584060931731597e-01
3.347645431812371064e-01
3.098049507928312130e-01
1.060734351684626542e-01
1.437860770410844258e-01
9.470057976069991279e-02
1.091863290992836910e-01
1.113769438863900924e-01
4.116486372409929040e-02
2.708899186015826244e-01
7.206554220182787018e-02
3.889630696365933143e-02
2.801388830126380625e-01
1.481921692790707235e-01
1.367150803141894411e-01
1.323393421984015578e-02
8.728983062838061024e-02
1.120822375609905053e-01
5.698902150726998378e-02
2.890829383364612593e-01
3.011955282059141092e-01
5.439407341146358654e-02
1.754440343182288031e-01
2.350598217850081995e-01
2.052310513029894090e-01
3.094714996600103629e-01
3.283697774843226114e-01
4.605649888891488741e-02
2.597757008230950349e-01
1.629850996461487678e-01
2.839566961255067176e-02
7.474257733019507022e-02
1.912925667094642346e-01
4.731192836362359266e-02
3.336090265657750131e-01
2.703845138376160251e-01
6.094105828090110033e-02
9.205663825704178682e-02
2.075865636187114449e-02
2.872284542747824410e-01
2.131042515242400626e-01
2.102755724277868832e-01
2.317000859763784781e-01
1.754960255664824997e-01
1.453983155455179643e-01
2.727425758834675640e-01
1.042417480914480665e-01
2.154359549658573514e-01
2.215808481980793485e-02
1.253184272161248780e-01
1.991923791433953747e-02
7.983959693273483260e-02
2.601929095022458838e-01
1.286673827497718803e-01
1.157602090479239176e-01
2.152887506438343201e-01
5.862531171439976097e-02
1.954350920311861972e-01
1.683392733240456351e-01
2.656162527751941282e-01
3.455348706414780591e-02
9.768094968288204560e-02
2.215696883380879056e-01
1.159744386660408189e-01
3.008425489948133857e-01
1.479581470542445931e-01
2.694298325321835552e-01
6.707603587815243185e-02
1.582308749715896634e-02
2.190676118859278265e-01
3.133996186398462780e-01
5.633930876343057337e-02
4.476247778057391297e-02
1.956527631929411148e-01
2.330753601203432446e-01
1.854457900110988156e-01
3.342233912784834948e-01
2.416989623131967149e-02
1.211104352824914354e-01
1.267013263680152046e-01
2.853974892750262837e-01
3.257988402880359069e-01
7.965869001434836005e-02
3.350907375070816263e-01
2.473081525528646185e-01
1.995623073878598774e-01
6.069979962051998135e-02
1.554013493541402668e-01
1.947276536234848476e-01
3.145975136801833494e-01
2.374609059699290536e-01
5.803722708376139738e-02
1.273409126719811102e-01
1.464390661816518113e-01
9.834047900812060983e-02
1.317946064377469306e-01
3.897692225150811707e-02
3.807662888743986590e-02
2.115817558837169154e-01
1.961071558468959752e-01
2.343601223753693230e-01
9.783275194434873367e-02
7.407039586264700659e-02
2.708711676992368034e-01
6.431758397062052601e-02
6.596653192927648401e-02
2.135972127359328510e-01
1.836322738823917278e-01
8.383054100676910758e-02
3.093616264698028639e-01
5.098637322777029024e-02
2.838639202312817078e-01
2.364244874793147155e-01
1.851108473446303193e-01
3.241996497445748804e-01
2.741630536718713262e-01
2.999020008836911777e-01
3.299929709595421090e-01
1.456712530635591862e-01
6.562018629537756664e-02
1.382449753094626976e-01
2.149311672595393963e-01
1.892958406767515298e-02
1.307486536550490075e-01
3.330777928452650638e-01
1.395049804622393030e-01
2.694403388565966839e-01
5.722619599167176607e-02
1.933761398585562008e-01
1.047157674080142070e-01
7.868701682230513916e-02
7.991389775118241945e-02
2.661146813747626294e-01
1.857284096529888129e-01
1.221997935419713438e-01
2.798606683261948072e-02
2.350096964166359936e-01
8.429021280048511200e-02
3.325005738116044718e-01
3.111889359739962724e-01
2.775387843493248852e-01
5.354385247115835827e-02
2.745602125794504578e-01
9.368351793387390269e-02
1.538477565213456320e-02
3.329077128707999544e-02
2.135912986073261743e-01
9.071434794062184503e-02
2.438479740521033445e-01
1.299866475219500495e-01
1.098898153713615822e-01
1.397407030035734410e-01
1.239029739963055099e-01
2.150568650563111361e-01
2.777608369404671596e-01
8.861366806045041511e-02
1.648336923335894377e-01
1.721693434608329576e-01
3.334098645533687955e-01
4.160776858001792589e-02
1.447130782142989625e-01
2.268050407298492777e-01
1.850960266617174554e-01
7.439591041001686333e-02
7.384760656105697485e-02
3.319748707700486690e-01
1.830290739582618731e-01
2.778636845805948496e-01
6.982769101438460191e-02
2.591906243564037760e-01
5.115211236276757945e-02
1.518649314698571617e-01
2.379309828598882015e-01
9.391042371044498738e-02
8.473311113297220254e-02
2.110838585936538822e-02
3.267330640235130979e-01
8.176323880180845494e-02
1.272796145955685798e-01
2.820340709180304065e-02
3.342183304117297693e-01
4.779613005466199632e-02
2.756980408780363573e-02
1.508505075899746750e-01
4.974525561041692051e-02
9.277960979712160383e-02
2.119645922984016717e-01
3.104020914158478472e-01
5.066577202525440055e-02
1.646035478149711073e-01
2.396069254371195889e-01
1.922731394376776259e-01
3.108327942760034657e-01
5.446524445519811825e-02
6.009038000718869982e-02
3.159398050076596132e-01
1.345505179760394798e-01
1.550106265468322031e-01
3.001995587274921551e-01
2.944398894833420433e-01
9.481235035125179511e-02
3.507209449142662666e-02
2.993560816064989027e-01
3.129127530331392015e-01
3.245347160802820180e-02
1.548685796977120888e-01
1.197402699599641324e-01
8.869971647215930954e-02
9.013443703428641873e-02
1.182157949804499286e-01
1.778133049965157503e-02
2.240939115154847172e-01
1.809978710797679746e-01
3.223644507308766061e-01
2.779148112852014574e-01
3.135717112795564643e-01
1.036315078106480464e-01
1.490893040120032098e-01
3.174983486239039698e-01
2.278098217265828174e-02
5.869203882238891584e-02
1.595941143145981900e-02
2.226894283790297954e-02
2.615194067086961116e-01
5.887385148050092165e-02
2.878967142232726761e-01
1.649268031614966878e-01
1.425384234839290054e-01
2.516863610393083733e-02
3.677213161153813220e-02
7.339984164488577711e-02
2.106233657100630222e-02
1.141717722003592339e-01
1.462696201100455173e-01
3.305669251414167786e-01
3.347671564604372541e-01
1.547615499914994364e-01
1.748214496154532338e-01
5.156751837774288527e-02
2.770486823633947493e-01
2.944827301750064796e-01
6.099661218460785544e-02
2.845304488195272707e-01
1.888468625980541660e-01
2.945014210056998705e-01
3.276873170441101935e-01
1.342590814390438592e-01
3.332126634671230825e-01
1.302343629352613885e-01
2.551785311502632880e-01
1.991399289087245339e-01
2.391745512706489885e-01
5.644090200164294385e-02
1.498316577841597441e-01
1.816546125002518053e-01
2.691416430842561922e-02
1.663520589161913976e-01
7.275743226549127862e-02
2.438775431607732025e-01
5.378606742828355436e-02
2.016071752327650846e-01
1.712955390223905305e-01
3.593278740730440624e-02
2.991817441515507991e-01
1.619260193508149370e-01
2.994652233063610502e-02
1.337936774326290226e-02
1.409531970332426540e-02
3.140373830676222999e-01
1.387056735708400157e-01
3.534895236544527419e-02
9.819837208397995398e-02
2.523902133117313928e-01
2.261187728007095776e-01
8.103772197105980901e-02
2.834008014600433722e-02
7.409186470862169638e-02
2.402438137839551235e-01
7.667969382251917099e-02
3.202662475594878488e-01
1.155594618827201214e-01
2.112016883715909232e-01
2.174092441314477153e-01
6.118504035645161432e-02
2.266413861049811906e-01
4.689414704152629343e-02
2.448913843317649108e-01
9.625613286846988748e-02
2.302673171669500640e-01
2.737677628111431782e-01
8.757440428230167662e-02
2.623112003622499744e-01
2.973823944459754731e-01
2.535666868397874474e-01
1.975564352688924732e-02
1.819726416555879009e-02
1.647310755027313056e-01
8.207994488633364727e-02
9.154050441314351416e-02
4.128580625831691081e-02
9.091545390647977343e-02
7.249801891344608007e-02
3.110950804598952568e-01
1.591165827336707972e-01
9.318500732755910509e-02
1.844514760353218319e-01
1.179029641492807257e-01
3.166385798987332856e-01
1.227453935663387341e-01
4.015522180427741339e-02
7.171181097323707510e-02
3.342214762442195508e-01
1.578175725788207029e-01
7.741439429690967489e-02
2.469836955121673949e-01
1.705864424344034624e-01
2.340392231940081613e-01
1.473985784282165479e-01
5.704935438084001581e-02
2.707236113481680251e-01
3.225203793967348354e-01
2.482451185071953836e-01
3.279645206081865383e-01
1.774969593828136516e-01
3.116102157011937934e-01
7.667673204661117070e-02
2.347859777655209590e-01
9.769955348982972687e-02
2.574005720707267519e-01
3.239298439800391560e-01
2.444604120182256590e-01
1.352868377261197963e-01
3.137660381102483909e-01
2.471830517400251115e-01
1.586232419832293017e-01
6.259040712995003752e-02
2.407775234763951666e-01
3.142833797910831728e-01
1.323339389405424685e-02
2.080184248145866555e-01
1.866696196302530808e-01
2.131917540500427311e-01
6.986909665021447113e-02
4.352484208026610735e-02
2.824749967776507553e-01
2.685163806187094646e-02
3.173574876231864961e-01
5.886170476530173945e-02
1.520008810915209341e-01
1.694458989959047313e-01
1.105412989717877992e-01
7.207964833104725522e-02
2.026024336800998360e-01
1.457788064932944161e-01
2.154083419153763612e-01
1.567228079011240560e-01
1.767324474471727580e-01
3.002435385264510814e-01
8.609936285172425929e-02
1.324004960002638231e-01
1.190976823124910572e-01
1.265563115585321696e-01
6.010741384618145666e-02
1.779960070349478202e-02
3.337524564835058216e-01
2.877097445770755990e-01
5.315423234687605136e-02
2.726239362085992046e-01
2.290973717828148071e-01
7.891766222202951930e-02
2.020670365532418467e-01
3.285029375850582189e-01
3.257251412212884556e-02
9.819572240153334741e-02
2.422266717358296378e-02
1.728823559562070178e-01
1.996826166324132956e-01
1.261616774449056122e-01
1.875685930368897747e-01
1.310442416105773999e-01
2.647616645327660057e-01
2.024936316234660430e-02
4.237090403702827718e-02
8.405326490242266690e-02
1.016163970457379939e-01
3.078689128160411737e-01
1.397966823070367071e-01
6.722420131399360621e-02
3.127530510088679105e-01
3.333616325273360825e-01
3.296559008541831703e-01
5.418415755281251467e-02
3.121630919214730127e-01
2.748924077947909050e-01
2.731925833374400647e-01
5.515970710115733477e-02
3.240185135181681830e-01
3.235256066106393519e-02
5.281504408873144429e-02
1.666990807426756982e-01
1.944120763367098437e-01
3.361983744157115983e-01
1.007504121144799231e-01
3.029037770820626752e-01
2.097549752188923866e-01
3.324449525442043640e-01
8.043727864995878218e-02
3.035525200518126576e-01
3.874110810782849940e-02
9.120864685623265855e-02
6.889427636805893485e-02
5.600817842464408947e-02
2.892576247407389056e-01
6.360319519555453216e-02
1.003724511684476461e-01
1.614059663657329835e-01
1.263889634551376151e-01
3.202781845724466669e-01
2.939479669823669150e-01
1.615565256568965088e-02
3.138683400604150853e-01
1.713493766646691785e-01
1.261323228765789950e-01
5.241063049947669583e-02
1.730051546711738053e-01
1.997111460023862639e-01
4.562185436744253114e-02
2.723323470222385745e-01
2.541461951325457713e-01
1.507533725682989323e-01
1.010923494304141607e-01
5.613381245995276159e-02
3.043549350853212432e-01
6.831524328621840780e-02
1.785967044924790803e-01
1.931046788983235007e-01
3.336259305049144586e-01
8.823355542652717987e-02
2.173646415277251942e-01
2.149239592735197879e-01
3.274894993715418701e-01
2.287027087366507172e-01
1.096320282873176066e-01
6.801317873933680758e-02
1.711706624719616099e-01
9.664976578377555694e-02
1.350027588975837023e-02
1.495052489618589053e-01
5.565626601181190847e-02
3.056893705130011019e-01
1.615155064102590521e-01
2.336620265675534158e-01
1.338202467959209163e-01
2.834014369218021967e-01
5.211516611021069917e-02
4.692561924528738243e-02
1.457986852002276790e-01
2.496667736199717214e-01
1.114841930519991364e-01
2.358289020019211368e-01
2.170193180504712549e-01
4.915958316386211113e-02
2.607805060287697874e-01
5.334834562684357545e-02
2.666673477889960342e-01
3.326961908770900145e-01
1.427352024990195534e-01
5.161155733831767484e-02
9.432887663679520585e-02
7.725811620797860824e-02
2.047223718375029353e-02
5.386353421457579921e-02
1.003521544755735379e-01
3.317535912800658737e-01
6.091893286508838490e-02
1.894933439455805946e-01
3.345168742764603048e-02
3.202566323874748155e-01
7.001449613468711808e-02
3.968013478020202683e-02
2.706562313652715601e-01
4.501685215210273622e-02
1.377102547134028965e-01
2.154225489075215286e-02
3.024883554438289601e-01
1.096469907619686684e-01
4.773896277403485988e-02
1.091413861235505101e-01
3.314962759584668545e-02
5.335671568421161692e-02
2.234142279066077541e-01
2.081903529820963022e-02
2.944099298076844895e-01
2.419404252106527875e-01
5.699256694740893747e-02
2.453223715701161045e-01
2.788055250268599572e-01
2.678478169067111114e-02
1.102151740887207382e-01
2.646333034000514228e-01
1.822485506567476932e-01
3.034902239715481231e-01
3.340277032293983983e-01
5.338625208965946944e-02
3.053985017139032032e-01
2.297320480105626006e-02
3.202819417851268113e-01
9.312559738328786418e-02
3.926929891791871435e-02
1.511441851812868054e-01
7.065506167879395671e-02
9.538885326908305706e-02
3.320370356756224273e-01
2.106653086348304893e-01
5.362635186610389265e-02
2.595339161565716757e-01
3.192491207649333917e-01
4.886592345414673272e-02
3.241242601803974166e-01
6.453147943073922477e-02
3.359950655369737249e-01
9.486026789470380916e-02
3.230886672636838486e-01
1.811708576798912451e-01
3.167796430497253346e-01
1.394786637489578429e-02
5.824500832318855320e-02
2.373963515363946564e-01
8.862497107634739746e-02
1.051663650246536519e-01
4.652070935385437672e-02
2.298708310117286713e-01
2.979236094738444973e-01
1.792886687750643027e-01
7.372341963232477424e-02
6.482918665206377495e-02
3.366837043597172008e-02
1.042936102165089723e-01
1.385158047315099838e-01
2.948942649277072614e-01
2.577672460164838752e-01
8.699588967080029711e-02
2.488414468993860665e-02
6.163918032252861667e-02
2.912211554513841616e-01
1.538047973990188666e-01
7.800565128041155039e-02
2.080188200740772375e-01
1.371552715397465483e-01
1.118760874891610996e-01
1.248489911164979843e-01
8.419552625211894348e-02
1.251989092439228513e-01
1.753836289347747435e-02
2.191862863297663888e-01
3.098984183056210373e-01
6.402004501440504425e-02
3.261073540558347972e-01
3.003023665716178514e-01
1.622573234790194441e-01
1.648336886730933648e-01
3.105990879842331770e-02
2.821758718217175221e-02
2.816654620033465783e-01
3.253411049743613059e-01
2.492180708532099331e-01
1.343548215441909555e-01
6.659921178649802487e-02
1.230601476698595098e-01
1.210381193157404334e-01
2.216670200904201637e-01
1.616783261435432162e-01
6.386234972556202594e-02
5.328749956791520304e-02
1.891438683965121215e-01
5.973361350346391430e-02
3.255386471977952251e-02
1.382647105124214792e-01
5.535492087435160691e-02
2.834738160960619813e-01
2.945529764634616798e-01
2.865352065498526501e-01
1.521889189140599452e-01
9.668827381019569345e-02
3.184019458287113968e-01
3.071270658439122503e-01
3.780346357878181657e-02
1.636469331640942604e-01
1.767638963227546045e-01
6.319800491339679083e-02
5.085910801990210783e-02
1.084666946203880350e-01
1.005413205500964441e-01
1.162322210068437306e-02
5.916448365642094920e-02
3.823780657524252641e-02
6.682922797709540952e-02
3.195692321253232882e-01
3.300738713914489475e-01
1.800618085683650949e-01
1.758931562253431349e-02
3.297581239559218558e-01
2.253110386728586767e-01
1.689983119031846989e-02
3.080901845207622558e-01
1.129299674266900644e-01
2.018365349090545657e-01
5.472778912255096134e-02
2.888814345754276425e-01
2.692060690119087996e-01
3.261820706964042582e-01
2.467536933447023462e-01
1.933795485701056971e-01
1.106889023931040134e-01
3.005166632037917229e-01
7.610051399204922906e-02
3.247606062753259359e-01
2.861995097331403448e-01
3.655447627369844132e-02
1.048869767402391129e-01
1.650948523693477887e-01
1.078794660267861083e-01
2.393871706521188136e-01
8.856019589092674338e-02
2.531593912595495044e-01
4.021642837308698343e-02
3.081635915204236076e-01
2.564429656686999515e-01
1.970720532208239673e-01
2.157253475129061737e-01
5.784411308968723242e-02
2.519778540728535021e-01
7.054387486734346735e-02
3.308999736226905797e-01
3.854353268776418429e-02
1.099565531731677703e-01
2.608721063358357406e-01
1.015604008545269860e-01
3.107763079381600235e-01
5.186988491703868609e-02
3.297935535339979740e-01
2.246674833623146517e-01
1.795646311933531483e-02
1.061440253034839770e-01
1.394244141740276222e-01
1.678030068620938176e-01
3.325754846885183857e-01
2.969900005554513833e-01
3.347314044668720512e-01
2.964066341652532022e-01
2.325973359237323290e-01
5.201854791242811749e-02
2.125795432878179736e-01
4.964317619907359508e-02
3.258762071739491617e-01
1.381413690808472317e-01
2.587509192490382581e-01
1.253068562841965772e-01
9.127740217559164593e-02
1.952450606555704293e-02
2.681527355820345071e-01
5.325531288936345697e-02
7.561985395227710516e-02
6.847173911155372827e-02
3.768094993017057082e-02
3.021337024094828960e-01
2.194111167492205361e-01
3.242707672442602385e-01
1.518740711486323697e-02
1.120075333605910356e-01
2.424745001486238172e-01
9.697528985901705811e-02
1.988721730859615289e-01
3.159251042257824049e-01
1.388071079904025784e-01
1.197726981862059642e-01
4.027332977727378360e-02
2.777189335991518959e-01
2.662125939755602411e-02
1.498454675114223589e-01
2.783405477629876112e-01
3.647328178428135836e-02
2.929740558723560317e-01
3.139766212669190537e-01
2.315816745159422763e-01
1.246619665628939250e-01
1.529320917046040340e-01
3.120794319088281421e-01
4.843786481012436751e-02
1.493366684641246056e-01
9.030037413051729411e-02
2.150495675374079069e-02
1.622765557703265138e-01
3.362422213712838448e-01
5.211824747620729531e-02
1.776276399622251922e-01
1.796024910807595132e-01
1.326637384503755457e-01
9.643277141012224218e-02
1.227195079988430831e-01
1.095363990560047213e-01
3.070988264183682204e-01
8.764559968958210434e-02
3.358405622590933670e-01
3.189414603447877639e-01
1.307131289153746767e-01
1.857816347624133835e-01
1.540287004019935124e-01
2.961453460780152924e-01
2.121971835886711233e-01
6.287262669297599693e-02
2.975533326303852477e-01
8.503917346383632614e-02
1.827748591251250887e-01
2.700914079929451692e-02
3.268121559539310939e-01
1.447923060159947151e-01
1.012118124931235125e-01
7.714308453463654403e-02
3.108520564029469968e-01
1.489958985024214255e-01
5.351566260616409665e-02
1.904796324424663512e-01
5.262351580778379390e-02
6.168158534059221126e-02
3.054059725641957226e-02
3.303704109847124815e-01
2.443277653692448870e-01
2.385208788962809578e-01
1.993087975116285548e-01
2.721850655482501713e-01
2.690090153246751936e-01
1.208617787822565820e-01
3.715654340703550274e-02
2.241009643427568088e-01
3.405816166454209842e-02
1.053779184870607677e-01
2.120212508759015124e-01
2.636038548153771810e-01
6.747748462892828869e-02
6.664084334901963780e-02
8.677196394939981627e-02
1.585892268916131720e-01
7.304568054979067304e-02
2.380625622071127767e-01
3.138425886428121148e-01
3.342414342575057706e-02
8.183600664889838228e-02
2.956369801702257716e-01
2.179742488034572823e-01
2.524006077750716726e-01
2.765420295229092384e-01
2.984517876542504000e-01
8.890107393363251564e-02
1.802025996064869351e-01
1.747166477883384250e-01
2.675003295542429105e-01
1.771456794335259932e-01
5.096559768304075033e-02
9.670316338811220380e-02
2.701414310604045577e-01
2.421682956547739629e-02
1.659082409312140072e-01
2.019678400207230301e-02
8.361544295334229215e-02
4.355646264712093735e-02
5.396306285245874856e-02
1.769623180892181680e-01
3.015758265530270044e-01
8.710124215788518642e-02
1.754577346623867329e-01
9.803351278487208720e-02
3.474132481761707525e-02
5.414773413839683858e-02
1.422120191891714791e-01
3.314233568265312901e-01
3.162024966442077423e-01
6.648127285554601695e-02
4.180097550977290854e-02
7.453818738130604804e-02
5.508872909575263099e-02
1.340598258093996520e-01
8.076894595767096507e-02
6.139090297170415184e-02
2.896155678962847313e-01
1.268000605846532347e-01
1.543198018210406031e-01
5.949497625907915893e-02
1.941085891995575630e-01
1.603727716376123213e-01
7.295995795340054491e-02
2.199563432903421656e-01
9.557937664718912929e-02
2.370709967518699890e-01
2.182296002138703894e-01
6.784546706979008301e-02
3.112668325065150524e-02
3.199617007314692896e-01
2.438303251892608436e-01
9.582558217861353311e-02
1.103850696116008973e-01
5.597152820899453651e-02
1.131228682730861662e-01
1.335831398538028791e-01
6.365406474870793918e-02
2.043477616654600926e-01
3.120882546923972600e-01
2.950210247337531899e-01
3.228705609098626028e-01
2.657857750239894790e-01
3.063382701834750921e-01
2.914116386534219560e-01
9.053139732545278928e-02
2.590392344661280877e-01
2.320352212942104753e-01
2.583895816987470395e-01
3.179653831515736884e-01
3.242238949240883739e-01
1.198351586393674728e-01
4.533500766759271383e-02
5.199183100041625955e-02
1.587585448844272829e-01
3.200024470538048726e-01
1.205643054901826827e-01
2.240442989933841278e-01
6.070914668482919191e-02
5.014387153271340075e-02
1.650211916675657642e-02
2.744901817023319701e-01
3.061533638593629814e-01
4.510303737937640389e-02
3.341308127357386915e-01
2.326793971172781694e-02
1.203614729949102208e-01
2.028435016521454581e-01
3.062124027823977523e-01
2.945254771681339867e-01
2.906464393430694404e-01
2.034697549700495087e-02
3.285177779737206288e-02
3.270639672576398649e-01
1.118753009266677118e-02
2.515120105350553414e-01
2.288482987042769409e-02
5.635638058900433595e-02
6.686623536196399653e-02
4.630832349007577703e-02
1.715308148026124524e-01
3.129110167182131419e-01
9.124454345689667067e-02
1.281485569189836360e-01
6.972532605398817918e-02
1.633807171301129291e-01
3.167074039150203912e-01
1.135743079734715250e-01
5.127510811799070034e-02
5.038501727220909276e-02
1.138382869713647633e-01
4.433773841223099393e-02
2.819373911770777785e-01
5.388737308447155011e-02
3.266292181004485373e-01
2.403824640504561017e-01
6.549532195761705033e-02
2.060757639406416708e-01
2.779160372992770522e-01
2.818574259797062415e-02
7.988551242168670519e-02
1.973804141533889722e-01
7.424471358694251233e-02
4.630359367085975369e-02
2.308469455126659908e-01
3.330895466042140818e-01
1.269479401520668127e-01
1.176377656539124572e-01
1.045405227733295084e-01
1.487506867111705877e-01
3.353055285603369073e-01
2.431958065157259763e-01
2.670352986936370687e-01
6.735324863198544065e-02
4.567022761670186393e-02
1.636828914777965494e-01
2.117860905085804379e-01
3.328547623046647086e-01
2.564135451917904374e-01
4.775723500458335657e-02
2.936378757843755016e-01
1.802784536483731381e-01
1.838011863457690923e-02
1.140094161346278667e-01
5.212025517800367852e-02
7.720624883462207100e-02
1.884180105213588974e-01
3.730733027322575418e-02
1.541407185482718545e-01
2.807594213623069712e-01
2.259746870513561767e-01
2.509254883963265015e-01
1.275952439325688526e-01
4.134005042207457292e-02
1.669703754527204209e-01
2.085043067244116421e-01
3.270843311093384748e-02
3.336406355561479242e-01
3.756655811427081493e-02
2.654812588783424521e-01
3.398725194666758070e-02
8.635746053099026265e-02
3.886895268494681976e-02
7.705530973068784595e-02
1.520831839633233484e-01
1.943341792237678334e-01
2.261096800221523706e-01
9.638713257213663010e-02
3.190443747448545864e-01
2.904596353841328304e-01
1.959578608270770850e-01
7.574060714266508954e-02
3.368436670607699579e-02
1.386230050452494887e-02
1.534573983424980803e-01
3.360952619319823031e-01
2.811122078518550893e-01
3.341880420922379025e-01
5.391630926715357264e-02
1.130228006439169125e-01
1.279978265079672606e-01
2.275974619863954662e-02
1.313781505117639914e-01
2.103153670450815527e-01
1.941889700573961042e-01
2.976030298334527147e-01
3.299702876606966928e-01
4.391087868622173956e-02
1.834151178156990247e-01
6.210849049306321756e-02
2.290504214895213164e-01
3.205411593033228312e-01
6.323288489986646221e-02
2.353522630201991261e-01
3.259982071355320143e-01
2.842663937418919429e-01
1.424754145014753559e-01
2.467934859975480788e-01
