1.231248566678839612e-01
1.662839136149778796e-01
2.572320101316559193e-01
1.609583617907044475e-02
2.691098212261561207e-01
2.268075757168930007e-01
1.758392897175153069e-01
2.823340905827385616e-01
5.409784054550131199e-02
5.119405481908802409e-03
1.840493192267338429e-01
2.208229440293907053e-01
2.690125384229316574e-01
2.062953635280553588e-01
9.276420807701246446e-04
1.524205270994864470e-01
3.232708810368203345e-01
1.456879512866283699e-01
3.113684829535216525e-01
3.382002607584699283e-01
3.374569957688814403e-01
2.732866921438023011e-01
1.589549792962287045e-01
3.077267731242072646e-01
1.009803609449387435e-01
7.419220158316287839e-02
5.373833893471541973e-02
2.865063009440521613e-01
5.066175671320533730e-02
1.242780905941583275e-01
2.782023156655621943e-01
1.467011656700947242e-01
3.022826516221295279e-01
2.197452385256572771e-01
1.044549042698649788e-01
2.174404424217839527e-01
2.395255831460730844e-01
1.819091442513594559e-01
1.413056838604386245e-01
1.688926721871480408e-01
2.086680497259477685e-01
2.413322920320613472e-04
2.046575895115834987e-01
2.659380393070018278e-01
1.458439190358405413e-01
4.513881196135122870e-02
2.487216491479740943e-01
1.666146018262866790e-01
3.242925854975284294e-01
2.291587039791493363e-01
1.837685212595200901e-01
2.249837768757612377e-01
1.543641012797747070e-01
2.752540720114710626e-01
2.078489190402137421e-01
3.198539202733354792e-01
1.882523514444450208e-01
2.528687823660716871e-01
3.032131939221123784e-01
1.710952009375433513e-01
1.400024473464647201e-01
1.276367328253586453e-01
3.207542368772681729e-01
2.286798621133865062e-01
2.070188187484765241e-01
1.973656266132821357e-01
1.214050813797763057e-01
2.011478568655876986e-01
2.801539828072804883e-01
1.758352822016160943e-01
1.952731470199764452e-01
1.497232578986461005e-01
1.600550302246019629e-01
3.460607689278763499e-01
1.488601733662682503e-02
2.560156211115722225e-01
4.435269251134450058e-02
5.809789521714728289e-02
1.312197805636819078e-02
1.687319871572247887e-01
2.475277082751562163e-01
2.052754941175344017e-01
1.321608985122955937e-01
2.836480848599261528e-01
1.783880698980281065e-01
3.497065766469997783e-01
1.690807019004637868e-01
9.563950556874263598e-02
1.175893828127885926e-01
1.926365442502082914e-01
7.781931693939733719e-02
2.676542649524025763e-01
3.166006765680799973e-01
2.239129568974427414e-02
2.991399924200360827e-01
1.814825500056117535e-01
1.773200155199929073e-01
1.494888741976087565e-01
3.251535802839254918e-01
3.362372256043384966e-01
1.454944256930580382e-01
3.369172042283933299e-01
2.214562418406577637e-01
1.475751286025648867e-01
2.614719114341762518e-01
8.666370614832893948e-02
1.925180319373857585e-01
2.095674909556524690e-01
3.402760885423633530e-01
2.301663423427201260e-01
1.264550328879253671e-01
1.875922782797697363e-01
2.608140901978519000e-01
1.925942340743155290e-01
2.768798076868617120e-01
3.428472200587244778e-01
1.747656399507175051e-01
2.069557392435681376e-01
2.482870437321665069e-01
1.226735855170846129e-01
2.514150447160291568e-01
2.212805198451487931e-01
1.547741922381694890e-01
1.272478363045806693e-01
1.739280205513057953e-01
3.174076401851744778e-01
1.644899147820836904e-01
2.453081598939063357e-01
1.204264915175333600e-01
2.445127878510582053e-01
2.529660080954909684e-01
1.153082492681426624e-02
1.734808022926758453e-01
2.145881434847755620e-01
2.957668520794762834e-01
1.671191916895213847e-01
2.490961421154062605e-01
3.370070156290618235e-01
9.024650337807582634e-02
2.095688341175980240e-01
1.734942463124939382e-01
1.823305509490488197e-01
2.180561194634619560e-01
3.069330814403800622e-01
1.720159466935911041e-01
3.379180605324161313e-01
1.277814653222477392e-01
1.829403493761845925e-03
3.351855809713856216e-01
1.896565989196670465e-01
1.538876243831026058e-01
1.435877399731698249e-02
1.526338695677618706e-01
1.607273107018564184e-01
1.648879751021723461e-01
2.450004688531854935e-01
3.692431360580530897e-02
2.724957460044918900e-01
2.176021550411265104e-01
1.244720804577326978e-01
2.442488592201774722e-01
1.442274449048536467e-01
1.895316943600490189e-01
1.324847089013906354e-01
1.181645232372486309e-01
2.186492066428824543e-01
1.450764017319359500e-01
1.843258757229190026e-01
2.063488760294457935e-01
3.318624062922156948e-01
8.811768421525235928e-02
2.535876563197465017e-01
1.677231614542409321e-01
3.294720865037439328e-01
1.252742097931954790e-01
3.456630096071948710e-01
1.486840775172620643e-01
2.267936052082014098e-01
2.237475663826311301e-01
6.185931892124350850e-02
1.926791672014968870e-01
1.869465080688305636e-01
1.697486951904009778e-01
3.501230179332208148e-01
8.908614558912790471e-02
3.427537692322331075e-01
2.049805149276937299e-01
1.793507793867951394e-01
8.726362967970356654e-02
2.862126574418000224e-01
1.640440003715803174e-01
2.104425401047358424e-01
1.681618886421751280e-01
2.951053848573387817e-01
2.925907923527275023e-01
3.376450184223903639e-01
1.926099436806947840e-01
3.362622182752251776e-01
1.250921799548954105e-01
1.461067109817742460e-01
1.650764810561504981e-01
3.350242792665800717e-01
2.538413317104470587e-02
2.052769827059576224e-01
1.849962980444784799e-01
1.937826974525548029e-01
2.310426253458324752e-01
2.238076022777825413e-01
2.094169685012115673e-02
3.236371795907151405e-01
1.277450740861209300e-01
2.803465535447165480e-01
1.591982093160012601e-01
3.417119686412485313e-01
3.020437428532817270e-01
2.481271273032063240e-01
2.254143783981575333e-01
1.823932847984823802e-01
1.521053548030199543e-01
3.087728570559974961e-01
1.701109290962420917e-01
1.845506025924495419e-01
9.888833545806410830e-02
2.981809537051078318e-01
2.468611735369083959e-01
1.105256323775113611e-02
1.879034334280196101e-03
1.847680550395950638e-01
3.449906323035227262e-01
3.014357040634784157e-01
2.993588681857703437e-01
1.448085270077389408e-01
2.111654462327266502e-01
1.256251441208209030e-01
3.038605188268888035e-01
1.625546859083191464e-01
2.502173621323657837e-01
1.881585349181058853e-01
2.468005772652765994e-01
8.325903440709930825e-02
2.426294824554662277e-01
5.090469563800726488e-02
1.872476988588665514e-01
1.508942068120336377e-01
2.854801992962625601e-01
1.356262621835018223e-01
2.534430942327001168e-01
2.191307400036512920e-01
1.945068650782559305e-01
2.841274853018582736e-01
2.710253723926601688e-01
2.440858250753879799e-01
2.556223769858197437e-01
1.858723563310348270e-01
1.272598422602256585e-01
2.741382153032765889e-01
1.864385169144496257e-01
1.189897515356109770e-01
2.904137474342244341e-01
2.780106221161259272e-01
2.128532805531795913e-01
2.946670240365226179e-01
1.769105914577148442e-01
2.630248868641521520e-01
1.994556749529352857e-01
3.304438142648067345e-01
1.815201776272055423e-01
1.648567662448594262e-01
1.787750596857438368e-01
9.285572183234111487e-02
1.535000607893861058e-01
1.851231266328104696e-01
3.251195998763821149e-01
1.326461059130676357e-01
2.399224794738169242e-01
1.266130465818615936e-01
1.591370438236089924e-01
1.624999641814278695e-01
3.426063272176554930e-01
3.199221195979619070e-01
2.409109467837386442e-01
1.727299379057172513e-01
3.532616379852337452e-01
1.442966761481490612e-01
2.548691708506878317e-01
2.319472775204543813e-01
1.231036373600899875e-01
1.621363060861404914e-01
5.049816607759910481e-03
3.090272702978018038e-01
2.863639302952112331e-01
2.706324804429721675e-01
1.613016446151901984e-01
1.573080022421422253e-01
1.062058458365772451e-01
2.615000449743044575e-01
1.280377254011018096e-01
2.808514917654174603e-01
2.339435053166212530e-01
1.165044892350626943e-01
2.943227907460805315e-01
2.001012215757090318e-01
1.654886961867106931e-01
2.724902060904475093e-02
1.629880202166060221e-01
6.172015138819428315e-02
1.098673527111928422e-01
9.635349110809154904e-02
1.921778401869395914e-01
3.190413256201319880e-01
1.773936561329403916e-01
1.983260510748078298e-01
2.042893014423265985e-01
1.388908879489904324e-01
2.089987567963652315e-01
2.055436763272810441e-01
1.905162459027048838e-01
5.493149161450705531e-02
2.700557949574899919e-01
1.514312268314130065e-02
3.402689291589996445e-01
1.443171424736882924e-01
2.732272420844145122e-01
1.369539127480172147e-01
3.393170476042177697e-01
3.507248091251428113e-01
3.081108097372140531e-01
1.539940095816932364e-01
2.702788086393550504e-01
1.513150175943915321e-01
1.329750665258223330e-01
1.624974568667543751e-01
2.309078900756933450e-01
1.295089989618886661e-01
1.835144674584105184e-01
7.205280802852484512e-02
1.677570918297689728e-01
2.345073590274400488e-01
2.242540886143800927e-01
1.965746380780769020e-01
2.164113580909460544e-01
2.204791748090033643e-01
1.593711252999731043e-01
3.280035421410281149e-01
4.966613955015171909e-04
1.989492561757641997e-01
1.157229554022954493e-01
2.307967270102897206e-01
2.922374672110532590e-01
2.422611942742304569e-02
4.719209410442660318e-02
1.218546185860404363e-02
1.588519288792585582e-01
1.865304926364826088e-01
2.772070191852165078e-01
2.923227729596527547e-01
9.192786786416891343e-02
3.456042656422395609e-01
2.422959724427881656e-01
1.951211495391813044e-01
1.404445421641002667e-01
2.871385286245563551e-01
2.953604049785028395e-03
2.980717676998686505e-01
1.873157274064117528e-01
1.654933863734533717e-01
1.441322142450082999e-01
2.798712655219314227e-01
2.876773371513199340e-01
2.619821677218597822e-01
1.739019765728815614e-01
2.888072207217924348e-01
3.383858434692032513e-01
2.691806240653458748e-01
3.516538653550164706e-01
2.989841964067470603e-01
2.509528922323212008e-01
3.110120888166411635e-01
2.289926981965314801e-01
3.199212120802359949e-01
1.546857794935512509e-01
3.068103276203330565e-01
2.127198420092296371e-01
1.323403139464266187e-01
1.807384625855390781e-01
1.939383986289984207e-01
2.414739457605257489e-01
3.032738023733133614e-01
5.260214243086778173e-03
2.853785134252323497e-01
1.461677893593897604e-01
1.663779548347495141e-01
9.909900874601412779e-02
1.827144255014621910e-01
2.396445395230260011e-01
6.096799027031679641e-02
2.276684882407085109e-01
1.901509609675904044e-01
2.039250990618142745e-01
1.320021545778702066e-01
2.981250620653862482e-01
1.584480244248633873e-01
2.049403626162990266e-01
1.976328762883876600e-01
1.141563262430373288e-01
3.373747662246933676e-01
7.315968518184530608e-04
2.165052137738695814e-01
1.694045090346458227e-01
3.126842170907250792e-05
1.516647006307066947e-01
1.088476197499822912e-01
1.308711185854501691e-01
2.256402162164017899e-01
3.264709405573519851e-01
1.716823830421284336e-01
2.100360890727778762e-01
1.721663125195255772e-01
1.364313725344360739e-01
1.532115690267794317e-01
2.403810711852375492e-01
1.991219599254080430e-01
2.434392488851730152e-01
1.073940496308023879e-01
1.020621831390136625e-01
3.117206609843820031e-01
2.226632329522576226e-01
1.544868281726524163e-02
8.196629978049527199e-02
3.215233249426519557e-01
1.179475452986838563e-01
6.343854790205637195e-02
1.586840625009346695e-01
2.349271300880426405e-01
1.783286304769613473e-01
1.765894630170986579e-01
1.419577128861308074e-02
1.955058937337777747e-01
2.889096541927880235e-01
2.497127647165967024e-01
2.904787999810348187e-01
1.688915479294131328e-01
1.536545255564403523e-01
2.886905509470512055e-01
2.950480463603118997e-01
8.932108976654751231e-02
1.991088526560177430e-01
3.190041458495854187e-01
2.552679892891486224e-01
1.801335609437643981e-01
2.481950220532888884e-01
2.297078813268684239e-01
2.948827587949550133e-01
2.957407179565230693e-01
2.925685179788871659e-01
2.571762962592551993e-01
2.721019672819370294e-01
3.415427017744376847e-01
1.826044391278002776e-01
2.513095493650284173e-01
1.927626010470134266e-01
6.640026222941322609e-02
1.797372572832956761e-01
1.400759395972487609e-01
3.405527254417568539e-01
2.967959317951398002e-01
1.856847934184513160e-01
1.902557281548123147e-01
3.058169339269796172e-01
2.681677423717354070e-01
2.355381815218959840e-01
5.197197387957552817e-02
1.112233372522409003e-01
1.382010644673208610e-01
1.635169613655597376e-01
2.756216957331654172e-01
1.733279804077784703e-01
3.231943348584804254e-01
2.811742378962960309e-01
2.070386733031500948e-01
1.327919753276032844e-01
2.237794099408847437e-01
2.118900330109634023e-01
1.982599754940155279e-01
9.943669324962623249e-03
1.187525185715226778e-01
2.239956795484023266e-01
2.730371089958487651e-01
3.267498650213306877e-01
1.243098129893513010e-01
2.730487904013458311e-01
2.378816240872930476e-01
1.916478905721761827e-01
1.676834946090525469e-01
2.244733503828651722e-01
1.783018557599725384e-01
2.057848997879756225e-01
2.149417729459726645e-01
3.328858965461455877e-01
2.381678088883193434e-01
2.176096016251256593e-01
1.911348340131079349e-01
1.225930677887089176e-01
7.097419866717036285e-02
1.640559939645270804e-01
1.534189859165362435e-01
2.158631860669068536e-01
2.500145049337685887e-01
1.423441384419490974e-01
2.161901565233410594e-01
2.628341255843354429e-01
1.828438373300628472e-01
2.998300441598607535e-01
2.360104292183342334e-01
5.039698215640920492e-02
1.666408214795183362e-01
1.796181169765307117e-01
2.745756286253301925e-01
1.708012087273990398e-01
2.634491457529795633e-01
2.482813775846416660e-01
3.185585984617787525e-01
1.545633845016614917e-02
1.300592369937502157e-01
1.689902916507265429e-01
2.566067310062397078e-01
1.409248196238758744e-01
1.687578003589411402e-01
2.506449581318175301e-01
2.982656412602200935e-01
3.413332153091234826e-03
1.695044009101306648e-01
2.859504355617740190e-01
2.882150490787152575e-01
2.428859737635976623e-01
1.493176651461699256e-01
1.629405816057701017e-01
2.822630254114695814e-01
2.215908989869627699e-01
2.940219403339062731e-01
2.149836867107557392e-01
1.161278336203329098e-01
2.448004204999315592e-01
3.442041039790172396e-01
1.950180007540466831e-01
1.811406199950620077e-01
9.519689306311236721e-02
1.721210345554272103e-01
3.006416187969891407e-01
1.687987375702546811e-01
3.428085398493300184e-01
2.884843000966751947e-01
1.963786752248307677e-01
1.834495347365924789e-01
1.628474701461359864e-01
2.822675126955337954e-01
1.726266116828333030e-01
1.280225447169533182e-01
3.335604726143152066e-01
5.073947247998859822e-02
3.295652953687038811e-01
3.426725610986803283e-01
2.949617234975399627e-01
7.300204509674902698e-02
2.308906389536427295e-01
2.570001847795065353e-01
1.530723390469326539e-01
2.708986494797241962e-01
2.195516647171541214e-01
2.462319869476118639e-01
1.876797682767142872e-01
1.214524453081288098e-02
3.523463335740315561e-01
1.812161830607733060e-01
1.757778412516136646e-01
2.991207671479921837e-01
3.247368956254022554e-01
1.844587114691670637e-01
2.976230466361888816e-01
1.093996608675967819e-01
2.575162835662599403e-01
1.409722149889768572e-01
2.570279063657803786e-01
3.133347161857046870e-01
2.291601840907249443e-01
1.996402751443330237e-01
1.389101168562919542e-01
1.897740861772661269e-01
2.322631101440832402e-01
5.038072621174783522e-02
2.005297954583950826e-01
1.356529411299478849e-01
1.566607721427445143e-01
6.457641112936765571e-02
1.048671373226648801e-01
2.283216378717816686e-01
2.321835000156008133e-01
9.402084226680933188e-02
1.843787863883411260e-01
2.603218692307721627e-01
1.338515501317213141e-01
2.169257991370948102e-01
2.967867726638481196e-01
1.593079194201526549e-01
2.615835710394406322e-01
2.565761272201222964e-01
1.768276175109659981e-02
1.387782531728616597e-01
2.015737437789141273e-01
2.112093976008543039e-01
1.564844648229136437e-01
1.759202580273473704e-01
2.255231532895832780e-01
3.463456149056512445e-01
1.257435256548885549e-01
2.658999714967447137e-01
1.192729703335421720e-01
1.614051199146110671e-01
2.737433109896230676e-01
1.554817969280162249e-01
9.596775811431619563e-02
1.770242644515650499e-01
1.987979360836948373e-01
2.481252586857592146e-01
1.301202408033988733e-01
2.503300667304508842e-01
1.837905776031023009e-01
2.453061640169064694e-01
2.195909146889768460e-01
2.603872322110676318e-01
1.822707816899578892e-01
5.524745693252804818e-02
3.189426049683393716e-01
1.155327564442635013e-01
2.470423046975837589e-01
2.921269307299684814e-01
2.761038760469990416e-01
2.520061351984089204e-01
1.866020094208838409e-01
2.667027354795779015e-01
2.975474717877982234e-01
2.506648526230473850e-01
1.070310681394712193e-01
3.843924070542796296e-03
2.471257843142001809e-01
2.430652429726926911e-01
2.144147561538655711e-01
3.014283785143681560e-01
2.017372104475319283e-01
8.351443120978412071e-02
2.386940075229867786e-01
2.567350338126317411e-01
1.255136380674103103e-01
9.674836961093415122e-02
1.238458396141376983e-01
1.755862929843005626e-01
2.184291403941730214e-01
2.132434147186250684e-01
1.499042060685089883e-01
1.601688425592812104e-01
2.213096875393218976e-01
1.548615443939792835e-01
1.624063215030427110e-01
2.633566494688029946e-01
1.706543847980477036e-01
2.265366560143765584e-01
2.955479081603445413e-01
2.572932667371803928e-01
1.790902365425024456e-01
2.126216402752739154e-01
2.369739820244018413e-01
2.007778400541309904e-01
9.913651714291446190e-03
3.091395813307503126e-01
1.747648706448260425e-01
8.541302186914276340e-02
9.826184918093935471e-04
1.983828124598885911e-01
1.600131069621870405e-01
3.016484444389067043e-01
2.110260121910532138e-01
1.983989904815045557e-01
1.388255461595597762e-01
3.005472646378404833e-01
1.543612165916852241e-01
3.048439657279550796e-01
2.416684352243747835e-01
1.536773761002653560e-01
2.033643912401508214e-01
2.353327918879736733e-02
2.691506670349976815e-01
2.259408236791299873e-01
2.048931623430909343e-01
2.982567987929537479e-01
2.029598396944790606e-01
2.825970316201252275e-01
2.349702299350353574e-01
2.760856165425474296e-01
2.694592437532954410e-01
2.177834432317068136e-01
1.777499737545093772e-01
2.548969310566004398e-01
2.143573491075206894e-01
2.059014598197010659e-01
2.735590252008233692e-01
1.708890886719085234e-01
1.336436213318368815e-01
1.216762776260725265e-01
1.298670812849248291e-01
2.881650570495437602e-01
3.693924766897957457e-02
3.100587987373794596e-01
1.347420684702398952e-01
1.458938826697033231e-01
2.659889526371109758e-01
6.389161095926425282e-02
1.778672673486219047e-01
1.543367745562263527e-01
2.170472353024577028e-01
2.142498297137232777e-01
9.829244129114042550e-02
1.841124225774551648e-01
2.637224206432048357e-01
3.046780736719837401e-01
2.605453139476240909e-01
2.807851752911178500e-01
2.133409870245075723e-01
1.316683094724699910e-01
1.681604079217685344e-01
1.355050286204198817e-01
2.641656326048196779e-01
1.324983125278883234e-01
3.210035388409469004e-01
2.759743750032489507e-01
1.703030337316061849e-01
1.740378469186579513e-01
2.971283787415343949e-02
4.893661730551716188e-02
1.492303644085065939e-01
1.776849616859402584e-02
1.985586713060377428e-01
3.431019962087553665e-01
2.815239845979902733e-01
2.571981238663898495e-01
2.125204663873485333e-01
2.268008400549312853e-01
3.116900728228849116e-01
2.300729876855817368e-01
3.503767999596987259e-01
2.827893339785906845e-01
2.617876699791172879e-01
1.096944146618588217e-01
1.369404654286367207e-01
1.536490978049807055e-01
1.689896799533165128e-01
1.949525568151697363e-01
1.879084238108337801e-01
2.379762991936082706e-01
2.131514402908475103e-01
2.959217404279202990e-01
2.560749355551421025e-01
8.968761566032638910e-02
2.408238479823994471e-01
3.477542219518917066e-02
2.846966160594560646e-01
2.042701299118993286e-01
2.177458184461671387e-01
3.365303399458029476e-01
1.088815640919650746e-01
2.175386975100266074e-01
2.692816360464466707e-01
2.707958516697297480e-01
1.618196914618238447e-01
1.780719179329583735e-01
2.380398116194362979e-01
1.750651574377825315e-01
3.742952236008673106e-02
3.498332744487192558e-01
6.191421407659593312e-02
1.288879154906762969e-01
7.592539351250937596e-02
1.447337196587592523e-01
3.163639295084084146e-01
1.455769023921768268e-01
2.378768324482465335e-01
2.354985116913664578e-01
1.419896718537569658e-01
2.409155363851420706e-01
1.648690142606306641e-01
2.323067737097679886e-01
2.362820787203241679e-01
1.070399733598511732e-01
3.042602107379419607e-01
1.594669909200089886e-01
2.042227765250305416e-01
1.791318042345272643e-01
2.319312307758654157e-01
2.695315395023274996e-01
1.047421147429717231e-01
2.647809054668347484e-01
2.198057856875921257e-01
8.020747749660789988e-03
3.119112454669926149e-01
1.867643094770124745e-01
3.449222778518207799e-01
1.505998217700806885e-01
2.370817854060188780e-03
2.219871427331614536e-02
2.523712347402961020e-01
2.715047767212417917e-01
1.864775279863289392e-01
2.152912176584908799e-01
3.303237060095878252e-01
1.665201075696318977e-01
1.579459711193853810e-01
2.444050503635480098e-01
1.840966342635474429e-01
1.357071089347361426e-01
1.329466352923474627e-02
2.623582298339405261e-01
3.429810948740005805e-02
1.291739968963519503e-01
2.266543875546058462e-01
1.838716419377651456e-01
2.220751434249169376e-01
3.015342241392202083e-01
2.947062185225116093e-01
2.008235485633646233e-01
1.910134380597164061e-01
2.267744288342407877e-01
3.308785567961875507e-01
1.340462678305383848e-01
2.343891028277715893e-01
2.304004043986429273e-01
2.976188902167298603e-03
3.507853592625996830e-01
2.781558120286575786e-01
3.284038491772778290e-01
2.671410405681822753e-01
2.674646104281125369e-01
2.364856280383022258e-01
2.294945796615790734e-01
1.399493442127644482e-01
1.244027999827373582e-01
1.676918708124501001e-01
2.322032765513381003e-01
2.703197035495739642e-01
7.829151002900783252e-02
4.552366581620645447e-02
5.615686276554295725e-02
1.695553808543299457e-01
3.211655429425301356e-01
1.443016789004590572e-01
3.263607966126952364e-01
1.003478045019434717e-01
2.161000041854241882e-01
4.988825974304404200e-03
2.324119771024948378e-01
1.670962637360562941e-01
2.107992406421925757e-01
1.518784566261509039e-01
1.618896493570247952e-01
2.231313298842261539e-01
2.774187054261434415e-01
2.413286124680185663e-01
1.252620834592561294e-01
2.061710776669255785e-01
1.739716526420334308e-01
1.366594577039855207e-01
9.295883903252855074e-02
1.367245800394852606e-01
1.230971643666481929e-01
2.447191848134389058e-01
1.630904762768686234e-01
1.357495495623502746e-01
3.521222697540566382e-01
2.646418803554582144e-01
1.349732006306280652e-01
3.288358351794195417e-02
1.787848909610980086e-01
2.158067689599884875e-01
3.237775286191614810e-01
9.750284568534643703e-02
2.297956256251273421e-01
1.302553953793336994e-01
2.179720724311774993e-01
3.280255564906131016e-01
1.665345457930906548e-01
1.954924724389979235e-03
2.634430715502942832e-01
2.805975313623160772e-01
2.368461899726130859e-01
2.025345750360628416e-01
1.428928612964636968e-01
2.487840872524705871e-01
2.193158176708355500e-01
3.234816681762690549e-01
3.447169313857867956e-01
3.151332157220120833e-01
1.682783701050878933e-01
1.131976949170666047e-01
2.268886017434268709e-01
1.523224506811872436e-01
2.205145334196166318e-01
2.656020391766161226e-01
1.277147063460750132e-01
2.887325726152681904e-01
3.072857232945029882e-01
2.599863342020058421e-01
1.484776159601873258e-01
2.632926473937090006e-01
1.980360739263602177e-01
1.757807085097888578e-01
3.315615444563841385e-01
1.510383071975524016e-01
2.245937680962643568e-01
1.479130904904191468e-01
2.063771742344289173e-01
2.904641223163954011e-01
1.578862225337863134e-01
2.480596968840864947e-01
2.730441242820073056e-01
2.853287600805771151e-01
1.654276549762843107e-01
3.305909683002047905e-01
1.901809251230244802e-01
1.915405572057913841e-01
2.062445288843228752e-01
2.072316148264336522e-01
2.515262093829585544e-01
3.084221224187180810e-01
1.852282501017388783e-01
7.446664809994966994e-02
1.349516025028262012e-01
1.952556327649060952e-01
6.086169182966909633e-03
3.334650684379161789e-01
2.333445360857988871e-01
2.088904578368994125e-01
2.309443854415986486e-01
2.558253535290018199e-01
2.389407293021469925e-01
1.268954871070499812e-01
2.069563282154733563e-01
1.562150714616122593e-01
2.148478676422002909e-01
2.565609251326137485e-01
1.668142389262560754e-01
1.510357410162697089e-01
1.462003151908433107e-01
1.679328536835514030e-01
2.845648193674725213e-01
1.809954165994961672e-01
1.733553061954081487e-01
2.388822786582922575e-01
2.640010605721632708e-01
2.112861415455560832e-01
2.293822481630398424e-01
1.723444756946486134e-01
2.391366423275426423e-01
1.935023813194733655e-01
2.307367471484928767e-01
1.715763745797855566e-01
1.436988416000563873e-01
2.166946170170201136e-01
2.128931924935077435e-01
1.722303671042824114e-01
1.568964746095615759e-01
3.469164508855490658e-01
1.747141097745323135e-03
1.336214122127075965e-01
1.915351823802748377e-01
3.487960865566597790e-01
1.957395505783846856e-01
2.612074315720968043e-01
1.103869152315866548e-01
1.435823104061731692e-01
5.276178470578112012e-02
1.895041033477073977e-01
1.477848127630678743e-01
1.833335443192432301e-01
1.314548896924689070e-01
2.067189400989329351e-01
1.944350283544707680e-01
2.706632614541463200e-01
1.853560840431034973e-01
1.596981226461188230e-01
2.686671012638207692e-02
9.664596209168523078e-02
9.510609823460375312e-02
1.196861692718099862e-01
1.151211082838633215e-01
3.364842443387119908e-01
2.249370351648514177e-01
1.982665949347639234e-01
1.624410885456391285e-01
7.863154375625766579e-02
1.519153224964827353e-01
1.625816658762683498e-01
2.402278957874355303e-01
