7.937100645966860268e-02
3.419654091291983167e-01
9.698220547110134038e-02
1.498595991236408020e-01
3.163580478461949785e-01
1.371671709487199964e-01
7.090276305424511594e-02
1.695994275586126809e-01
1.035889617331163942e-01
1.237832541942009701e-01
1.698431535218511423e-01
2.686911447400237574e-01
6.614723158611722498e-02
2.482255909226102064e-01
2.454149295298058420e-01
2.656211742512757379e-01
3.383625718510879787e-01
3.047297344679167908e-01
3.489851230565058637e-01
1.566351974194476471e-01
7.794566186068555003e-02
1.494000261122348516e-01
3.084628702453700577e-01
2.178017802453781349e-01
1.697117273417181604e-01
2.673749994432121357e-01
8.340244818128400572e-02
2.748204565270266908e-01
1.330302804946968398e-01
1.404803563798316945e-01
1.009464117448290593e-01
2.071388557095423522e-01
2.618909201593136449e-01
2.232525685133913418e-01
1.914801057674832274e-01
2.946243135790174716e-01
2.207544598174654149e-01
1.101607380581019202e-01
2.633772821773291972e-01
1.082505046059145243e-01
2.011044925683432849e-01
1.048130829470364789e-01
2.387887653916145325e-01
1.353907801597449556e-01
2.279052003602452525e-01
2.623016280424828595e-01
8.780616602639344792e-02
3.194318639301986229e-01
3.253757356448916949e-01
2.320422555368507611e-01
2.375401904329025315e-01
1.274858478074310797e-01
1.810156813447366397e-01
1.232188745697432863e-01
1.723739626255723634e-01
2.344154788465527550e-01
1.969265186376220333e-01
1.315574861074222945e-01
1.470701438199482902e-01
3.105612379514688937e-01
1.085433913032820691e-01
1.050404079044691408e-01
1.328551970600977961e-01
9.379709253139410785e-02
2.915097658357982957e-01
1.264040195104482733e-01
2.707226235214467702e-01
1.852676475407252499e-01
3.078186646928743331e-01
2.113250524880058157e-01
1.670165607194225577e-01
2.254147688839295838e-01
1.828097383649527063e-01
1.937769822483866033e-01
1.283667793830239601e-01
1.771374244884112159e-01
1.486511577471562318e-01
1.863943518002859068e-01
1.641138733563683172e-01
1.368107560968422343e-01
1.106051058008816201e-01
2.272212377482281942e-01
1.470961797611095023e-01
2.520443060413929959e-01
2.448152741630848228e-01
2.754516320242053062e-01
1.507938342323738579e-01
3.043388888467042364e-01
3.054868163195315067e-01
2.109474016349709435e-01
3.256178614315468622e-01
1.142841258814058930e-01
6.103820748285813252e-02
7.447552176799834833e-02
2.183887681708596429e-01
3.437924653864436464e-01
9.280687450514624182e-02
2.411983564134716485e-01
2.389917018282660954e-01
2.556286032293724753e-01
3.031906700945909972e-01
2.243337879824137959e-01
1.646765646685690865e-01
7.844016959919018761e-02
8.972307515778912834e-02
1.154133962951115894e-01
9.660399567996005854e-02
2.289721099538980231e-01
1.304519256505501656e-01
2.666100313543744438e-01
2.885838074711856716e-01
1.156559033482696813e-01
1.653325425755048372e-01
3.162642924980360037e-01
3.158974123726815963e-01
2.925335797048060349e-01
2.633438076914759174e-01
1.646774587663821510e-01
3.332875607893237557e-01
1.479584558426056129e-01
3.391464204640172730e-01
3.260458569225197500e-01
3.321869870559096549e-01
2.656841842541280418e-01
6.646652413029748019e-02
3.358086084021943973e-01
2.783576049055562218e-01
3.172098316384550087e-01
2.383941867534523362e-01
3.260967732077575953e-01
1.376317316253928003e-01
2.581118970391746981e-01
2.891051293399257704e-01
1.006209188208145866e-01
2.435122719681528380e-01
1.467787902233425590e-01
1.747080533929943336e-01
1.312613315584547358e-01
2.763640251990176488e-01
2.287662676176152599e-01
1.079434112557296904e-01
2.256521269657464912e-01
2.563481339625466315e-01
2.799374062889638526e-01
3.108997558774910797e-01
2.056872701704033357e-01
2.395303964236481231e-01
3.110181139144212459e-01
8.575928989951471515e-02
2.070737970652760107e-01
3.194580529544133740e-01
1.721972589969782697e-01
1.015046541033753080e-01
1.573817314029813952e-01
1.074573878963195339e-01
2.500621083999288730e-01
3.360340798780375171e-01
2.095439234218919866e-01
1.493478230752751656e-01
3.000694527872690420e-01
1.474079193531649956e-01
1.442180320392265902e-01
2.541414509352514228e-01
2.795690218048347275e-01
1.548723110478402720e-01
3.027193148926360933e-01
2.508231849592621465e-01
9.479972690781665601e-02
2.531317234450011222e-01
3.025390563104424779e-01
2.163811624060976435e-01
2.202479281088120244e-01
2.803674639591587359e-01
3.416915053597139318e-01
3.293261099436429751e-01
2.684433139736960294e-01
7.759470100678104998e-02
2.001810321197700637e-01
2.467954990058960352e-01
2.813475372091762128e-01
2.516764417214113481e-01
1.079532523907508618e-01
2.991071080241289315e-01
2.476150450079450394e-01
1.594015308669577136e-01
1.938714681726713129e-01
8.193005451135390582e-02
1.128475480556466737e-01
2.730508422386978551e-01
9.239347144007026280e-02
3.073749127282771609e-01
1.863359371253317520e-01
2.239929169852460378e-01
1.216026602572023024e-01
3.111523465375170550e-01
2.985439754650179855e-01
1.742453768243394097e-01
3.069553293008746575e-01
3.103264499214772876e-01
3.315797707323749899e-01
2.174322387296049042e-01
1.435439419310391151e-01
2.864654320502533213e-01
2.923026487144206875e-01
2.686805616808832786e-01
3.146676055013080675e-01
2.425651641762311961e-01
2.945033886975841897e-01
2.965328366516680747e-01
1.231941374930627664e-01
1.025899291260348456e-01
1.065262168016217759e-01
2.429223054069439836e-01
2.632331931592994390e-01
2.264904585207276055e-01
1.698516337420014621e-01
1.641031641748918191e-01
3.070784470942894417e-01
2.958408278062309993e-01
8.456465651572053766e-02
2.559516326228890026e-01
3.346083455819529040e-01
2.596051393302542531e-01
1.906883773060783216e-01
1.338607021912587569e-01
1.763217970014773206e-01
3.110394095924290947e-01
2.780435276221697172e-01
1.750786374964888037e-01
1.366812835283526817e-01
1.235192231224192944e-01
1.475300539015914902e-01
1.834543030280217091e-01
2.594559863418352541e-01
1.737777875094894953e-01
1.871315152050199437e-01
1.694928220798271878e-01
1.055411504042959164e-01
1.974039497826226841e-01
2.964614220733762795e-01
2.053955281785921905e-01
1.065566132854738751e-01
2.426880081581342385e-01
1.329140796419305826e-01
1.088064037034713327e-01
2.566683058436519671e-01
9.953078112898211538e-02
6.660992196674432597e-02
3.104308602412966245e-01
2.930045640126949791e-01
9.994606145664652885e-02
2.676917649789557485e-01
1.311031072910060769e-01
2.170077835329552729e-01
2.504342951758582458e-01
2.095967729874499141e-01
1.730964444409586189e-01
1.329731898644770927e-01
2.720455599195883423e-01
1.052611543221853713e-01
1.450317434050818477e-01
2.936042536711402917e-01
1.463527125225022874e-01
2.978857105018809515e-01
1.311905657540662073e-01
2.046751343717577998e-01
3.101303241237760022e-01
1.173963023145656870e-01
3.451728790492014642e-01
2.558634222362642374e-01
3.423692993048239042e-01
1.439337386342388891e-01
3.459484118364303806e-01
1.666126000044191036e-01
2.768204327166099987e-01
7.362157607907161838e-02
1.695650464124319190e-01
2.898424752477827271e-01
2.666366006762953544e-01
1.227063003485049514e-01
2.985333415769830245e-01
1.306464765003263750e-01
2.614329865598155611e-01
1.300205909975623852e-01
3.412080985050066073e-01
1.261690695915100857e-01
1.424439421908423320e-01
1.682323769114427992e-01
2.529961002218256705e-01
1.863706662340300357e-01
2.753773053535905624e-01
2.696908898483794115e-01
2.263460558096840047e-01
2.327095986655261795e-01
2.374323855388349169e-01
3.196745939308113793e-01
2.068220754103981818e-01
3.473548340194378969e-01
1.688751377302255274e-01
1.211216840790427796e-01
2.387266695215122525e-01
3.082103573433719879e-01
2.070374236002831825e-01
1.438680884219620815e-01
8.516324425101716444e-02
8.735713131367701945e-02
2.827438320937439298e-01
1.082321526682658575e-01
3.098798846940433727e-01
1.075793480887138609e-01
1.008768066807415459e-01
2.403601678844550504e-01
2.043181582797560514e-01
3.393625034713737554e-01
2.679219095208753010e-01
2.560376430925349056e-01
2.901498337961786467e-01
8.029144981662454661e-02
1.413136974809518498e-01
1.158873194487479857e-01
3.357552748655575625e-01
1.156771410442070797e-01
2.902945951311147743e-01
1.561534558988405541e-01
2.018303781214031978e-01
3.138315994503190764e-01
8.378247353137546760e-02
3.088098285566031054e-01
1.026098012506893448e-01
2.919213293726390934e-01
1.979742130657713151e-01
2.852689112600291232e-01
1.281460956636436554e-01
2.638917794714891185e-01
2.379625874877233649e-01
3.144004503041302190e-01
9.812805645614626482e-02
2.412816045913288576e-01
3.258163013468060032e-01
2.483537062803792828e-01
1.875394695054664329e-01
3.079603219523184277e-01
2.768784329590366911e-01
1.894415031274349626e-01
1.301610146583711825e-01
1.203973869861386936e-01
2.739591080261965517e-01
2.260562477405065329e-01
3.363570458126122209e-01
2.813990516016279808e-01
2.090308287581671143e-01
1.886926100468221401e-01
2.786082056482674929e-01
1.360860018949461292e-01
7.935911153899201376e-02
9.155139270690967890e-02
1.108628465570533905e-01
6.109962704000653638e-02
1.220659351685924460e-01
1.861383411241723795e-01
2.321208065016411581e-01
3.283900952937925388e-01
2.977151863806825061e-01
3.129439294521957904e-01
9.962488550639070350e-02
1.306198197512256354e-01
1.287701738576572941e-01
1.184593506762475906e-01
9.700029202527987726e-02
2.169540076086161062e-01
1.641009482739156089e-01
1.293618114248657469e-01
3.392707039945631053e-01
3.267744264078906169e-01
8.188740539049280120e-02
2.596010403549320333e-01
2.128077553471748318e-01
2.854797660443556540e-01
3.438604764131530933e-01
2.488407671416773270e-01
1.011202974200250682e-01
2.813421689676254833e-01
1.228706425317851736e-01
1.298662251081096897e-01
2.645661322426832718e-01
2.729755642567445739e-01
2.879418885425068519e-01
3.336599534902235376e-01
6.766361223843370132e-02
1.551551225818413315e-01
2.136789533027693422e-01
2.559902276035082025e-01
7.375904292502309667e-02
1.213164034112631795e-01
1.538955174878513243e-01
1.524717021908463255e-01
1.394182419097813597e-01
2.943076484767219170e-01
1.866995067899479832e-01
1.139496053563681943e-01
7.079014257494567475e-02
1.189823416396458555e-01
1.887626548344989441e-01
8.288197626288912323e-02
2.518584451543253167e-01
2.445734671977404517e-01
2.743511873813059831e-01
3.486147181515751314e-01
2.518823931575104313e-01
1.213433767993019330e-01
2.506114826182156974e-01
1.366588402447499462e-01
1.225455195864609825e-01
2.263823288019781999e-01
1.722261408420271978e-01
2.027976261551035220e-01
7.927319969928012244e-02
2.503404661346690929e-01
3.209298092583495743e-01
3.184971370226169496e-01
1.519849626235720841e-01
2.734994824404441971e-01
1.819914734974528714e-01
3.374969670899288232e-01
8.589225932196663249e-02
2.878058981483725409e-01
3.219155716070843387e-01
3.041224265808847860e-01
1.560011371682875903e-01
2.270369407471623524e-01
1.230602818980442298e-01
2.437949750669177185e-01
8.789934513550118345e-02
2.822945874347959627e-01
3.431754075970687712e-01
1.286352685677790708e-01
3.147335760185800413e-01
2.593724235458003124e-01
1.116973430314406046e-01
1.041425526300552018e-01
9.090377237696899149e-02
3.274212023133334926e-01
2.260322867786517531e-01
1.250677781671974131e-01
8.802276971489313151e-02
2.452056519636768850e-01
1.361177645097555733e-01
3.341705041586113256e-01
2.880006925671115825e-01
9.347882221253848989e-02
9.830143759707625495e-02
2.725860316337977984e-01
1.105802617694047751e-01
3.159559916413124947e-01
2.896002104482646722e-01
1.948916106335620291e-01
1.739187748486640817e-01
2.886594782813629023e-01
1.450793054698739648e-01
2.207963436880787667e-01
3.106564175301419484e-01
3.367123587020611208e-01
8.489419031251894954e-02
2.848675534067743875e-01
2.947366527588701213e-01
1.544745447122617688e-01
2.219922664599427997e-01
1.464891326485086576e-01
1.003402531915841001e-01
2.247602477419450850e-01
1.769601312694581152e-01
1.582431943392137719e-01
1.119211561869223742e-01
2.393758087247746524e-01
1.800126777739020634e-01
1.981818260455701641e-01
8.684515151390376220e-02
9.209145700214038666e-02
3.299467274781383019e-01
1.997929487164952778e-01
3.022386683945809116e-01
9.505022991095968266e-02
2.126474142162072534e-01
1.046879638154926823e-01
1.891629004922951995e-01
3.109204781038885090e-01
2.176252439237617298e-01
1.457272674518406419e-01
2.555609405098151488e-01
1.457233584874553789e-01
3.308030501655227495e-01
7.182935251588011549e-02
3.392933048576416977e-01
2.221900567889338318e-01
1.862894997024654165e-01
1.396940074752953953e-01
2.738301483177223994e-01
1.553014354999522062e-01
2.716425245572352543e-01
3.419924752725582162e-01
7.435896154150117843e-02
5.577125053192093229e-02
8.988548800085850721e-02
2.996861241252974373e-01
2.717626959159902267e-01
2.750789676041113241e-01
2.092998484043292751e-01
6.703796399265939121e-02
2.126427135506826493e-01
1.155443579193934228e-01
6.132910836146202027e-02
3.344140090895461048e-01
1.199727213658166175e-01
3.052394882470014226e-01
1.015226321722870889e-01
2.284130503394120049e-01
3.277218703502955410e-01
2.520622133021972466e-01
1.298743713573271286e-01
2.397395751170105227e-01
1.393033935475033736e-01
2.422314388798048335e-01
2.820047230257388127e-01
1.386930846150083163e-01
1.812795889177332420e-01
3.429397984978301839e-01
1.600173432741146817e-01
2.517681315980375700e-01
1.596453737562340547e-01
1.299118332319650626e-01
3.450044055733678672e-01
3.002081805075659249e-01
1.253322048414720613e-01
1.069477228240646033e-01
1.773584193990618840e-01
2.924374728568312487e-01
2.725714202521844487e-01
2.163160280313622397e-01
7.048494133708700649e-02
3.048802885971148013e-01
1.139504332190489078e-01
1.180139476709970020e-01
7.423774922018588907e-02
1.124163233216137620e-01
1.781401780980697847e-01
1.936729305616297914e-01
1.394849737283774815e-01
7.871532643284691322e-02
1.387255203664886916e-01
2.518838420104489995e-01
2.062021561946593140e-01
1.124326172169173160e-01
1.117788933701410192e-01
1.080077489483076969e-01
3.287200354848508477e-01
3.385590177078584007e-01
2.721601082212439238e-01
1.474745406602316622e-01
1.081781028612918000e-01
2.922540943731245511e-01
1.534047780562620422e-01
2.526465835618293410e-01
2.478832080824818207e-01
1.241328879117705591e-01
7.415142177397796019e-02
7.979083650495996660e-02
2.941227646296680764e-01
2.191652627658553509e-01
2.503930245580482938e-01
1.082854712021208698e-01
9.669193253608833472e-02
1.199785287294213160e-01
1.542444532834071347e-01
2.554555678023623377e-01
3.355003106446587946e-01
3.024699213807353626e-01
3.276677802295914765e-01
2.945632277068142568e-01
1.541899215614860597e-01
6.669942595156870546e-02
2.834311819495334839e-01
2.316944007757393287e-01
1.058477565568078232e-01
3.174920177566960544e-01
2.717427555738795575e-01
9.419147902036240083e-02
1.193257513889891819e-01
1.270549848955728756e-01
3.053919938499667919e-01
1.172227810401432480e-01
9.807295493176695911e-02
2.720417524773213747e-01
1.863498452711287723e-01
1.570252164547602247e-01
1.050695868291812718e-01
1.650242990548563271e-01
3.381590424731848454e-01
2.981778497785487203e-01
1.264485625643997635e-01
1.245351589583928026e-01
8.487022004123345731e-02
1.986053180621331626e-01
1.665006377312422958e-01
9.296693923653520653e-02
2.944040011458890493e-01
1.624097679021446194e-01
2.331790459912118085e-01
1.738867546705474831e-01
1.179217208333117606e-01
1.109619962469208243e-01
1.245363884504308988e-01
1.507467909420783791e-01
2.550304725841313624e-01
1.165061900906491782e-01
3.225380200022531230e-01
1.564458392381013196e-01
9.816435058065649255e-02
1.849626436434971544e-01
1.041765886675771191e-01
2.939933500551109580e-01
1.646716595880151901e-01
2.814313293502407887e-01
6.150685279819031320e-02
2.294227026497192290e-01
3.331494006522254248e-01
1.522702245707801827e-01
1.867651161762814704e-01
2.710433163891434738e-01
2.129757520003203175e-01
2.056257957336793951e-01
6.781266446140092607e-02
9.329774492634775040e-02
1.231484951256409943e-01
2.908911481550739420e-01
7.024666601608381411e-02
3.092839945819902403e-01
7.129277424215277326e-02
1.066090144748375601e-01
1.739371143576994572e-01
2.079727233102238171e-01
3.296517142799560984e-01
3.180061764815272363e-01
7.994648862789699439e-02
3.434024550807171505e-01
2.745808250843053688e-01
2.919535138826907517e-01
1.340933734005864408e-01
3.470579976626028129e-01
8.021398033179075182e-02
1.724859324790937731e-01
1.370131015998855839e-01
1.289902871597197465e-01
2.787101493200335733e-01
2.739906106138232933e-01
1.794266611437217163e-01
6.956809773290659193e-02
2.358876851900517380e-01
2.848171779811338178e-01
3.162826264090635719e-01
3.145466787889729665e-01
1.952152699700741567e-01
1.101371345046078393e-01
6.967563159992055943e-02
2.008034784231629566e-01
2.544190770643892097e-01
2.420015923283688475e-01
3.030354581983463191e-01
1.900115986115137878e-01
1.075812439059037479e-01
2.938070805489856885e-01
1.157170155157655478e-01
3.283882447246322944e-01
2.311763709502525632e-01
2.022065542935344851e-01
2.884183838319696047e-01
3.252497389784086979e-01
7.138083817144523502e-02
2.095295605587104704e-01
7.616671803458993639e-02
2.943302249493447986e-01
2.989561595890196655e-01
2.871100864965434596e-01
2.328049470085330752e-01
1.490334070215938445e-01
2.902720875042614779e-01
1.469313131954446405e-01
1.757161771535285799e-01
2.352962681542745127e-01
8.824566806597500257e-02
2.606750218748702386e-01
3.080997655589817752e-01
1.955826846019432519e-01
1.005802710588914184e-01
3.196159433408418682e-01
2.970463325693696310e-01
9.238185481593502724e-02
2.739990480067574508e-01
2.941858436069413885e-01
3.058160464114076937e-01
3.029494945842896025e-01
2.290533781820325021e-01
8.786652094701964677e-02
2.529166773837714377e-01
1.321063071293040458e-01
2.376214057850513928e-01
2.760906743297835697e-01
1.566214558136622137e-01
1.067027577130890276e-01
2.933003741842576395e-01
2.331222000818299056e-01
1.383848140144833816e-01
2.988144056774023616e-01
2.898905086604291470e-01
7.278668234715267304e-02
1.135701469229668248e-01
9.684357731450414508e-02
3.391086056584920461e-01
1.131939073003636748e-01
1.162192199614260901e-01
2.261245602291800383e-01
2.042858370982511551e-01
2.896845193366635596e-01
1.567628119769738093e-01
3.275366790685166341e-01
2.069692188264159460e-01
1.890076881008181942e-01
1.280212179530524907e-01
1.865848340989186283e-01
2.890736907038633507e-01
1.535832645134246888e-01
3.380248975505449893e-01
9.091006287212043124e-02
2.971298291358161481e-01
2.750678295341831836e-01
2.720265858629102307e-01
1.178799452640949125e-01
1.414321567099542654e-01
1.156243610239893332e-01
3.332103352402991936e-01
2.882200439593924357e-01
2.373617057343357373e-01
3.014385588289749673e-01
1.480911586621291298e-01
2.172471087005927448e-01
2.841555171744057917e-01
1.881828723248474278e-01
9.235038131127595862e-02
2.773455493659908733e-01
2.043422110598846209e-01
3.077198194714759194e-01
1.415580744532463353e-01
3.035456126692464562e-01
2.664614267254806768e-01
1.182913838688584712e-01
1.365564427996633634e-01
2.767759555546084327e-01
2.813635921656965078e-01
3.170700472153784033e-01
1.120091048283475416e-01
1.507747274727807563e-01
9.656458650521212994e-02
2.319020750810884268e-01
1.838185014695921937e-01
2.332077515832798598e-01
2.493553499155860831e-01
3.313794694156370624e-01
1.418033262246363724e-01
9.281756176729225039e-02
7.670084781732010304e-02
1.553132865594163137e-01
2.197224907480732903e-01
3.027977725408126930e-01
1.209334600991810310e-01
1.836462983531251258e-01
3.258238858825455719e-01
2.724617133435062177e-01
3.001752110323132050e-01
1.683180091414259172e-01
1.100161409530698298e-01
8.969584695408219788e-02
1.182411837975756164e-01
2.391006800455710846e-01
3.181558731514571581e-01
3.413342302852845900e-01
1.928748456266137223e-01
1.241385019814906510e-01
1.018698203465467217e-01
1.126912303785672226e-01
2.357736481745457691e-01
2.070506235741978451e-01
1.046428966258787507e-01
1.762701528115508676e-01
2.175014567701539503e-01
5.486444166363687452e-02
3.235772540964349520e-01
1.018621504243382297e-01
1.385798446592226840e-01
2.061710096373747803e-01
1.512928187159318094e-01
1.971875108204344251e-01
1.896766302537417903e-01
1.391091551020829653e-01
2.140789158625618083e-01
2.347434670196511808e-01
2.952765478760361884e-01
2.178420159476593398e-01
1.991311687511052309e-01
3.210978286544832749e-01
3.247932754056198079e-01
1.974691984652430787e-01
1.333117296370536775e-01
2.223900005739140595e-01
8.238012103615280357e-02
1.274158045820358853e-01
1.557776419080662278e-01
1.167737461062719750e-01
3.321084570471748432e-01
1.222550602375058887e-01
2.024668249950696552e-01
1.506109566238553743e-01
2.561732301855322302e-01
2.809613063782329112e-01
1.781930274377309109e-01
1.170247403523844987e-01
1.417244580266422693e-01
2.169199215127485814e-01
1.143894678347950888e-01
2.459963538457078658e-01
1.140024728088174372e-01
3.041804849367654162e-01
3.033138423093582614e-01
1.464555923911734503e-01
2.021007471660068167e-01
9.994092443682636717e-02
2.916642848550457523e-01
2.444089372646185143e-01
1.366157105033077579e-01
8.817825402761052256e-02
8.246701446214037279e-02
1.118892023960369603e-01
2.238050796956601862e-01
1.701641556048092696e-01
2.806982520593472863e-01
3.330934143970140093e-01
2.225547022701109823e-01
7.835055633983513401e-02
1.340976864729426510e-01
2.534172909529075479e-01
3.225300697616365064e-01
3.127760642206450226e-01
2.665858569223621966e-01
2.414368398018868489e-01
2.190599851690983590e-01
2.463759010976644959e-01
3.279998889303250564e-01
2.692340598107729188e-01
8.981704964539270752e-02
6.356427272526266048e-02
2.506138821880853906e-01
3.348365806557105362e-01
8.067573962326506087e-02
1.176207000987569001e-01
9.676450232947096664e-02
1.726657101803472094e-01
7.237158775835576818e-02
1.414563737911875563e-01
9.443359333677030232e-02
2.689753816021693833e-01
2.914941789749672663e-01
2.352186166786584542e-01
3.145730661223733460e-01
1.274680896986668532e-01
3.095630081100188002e-01
2.789921563884997791e-01
2.273819385427047202e-01
2.713602969085819328e-01
2.114209930676626825e-01
2.916356740219652188e-01
1.009591088643076728e-01
2.789877499480429290e-01
6.765869066764433615e-02
1.118709828786852017e-01
2.712498623128528075e-01
1.339207060180578057e-01
2.037781931140570102e-01
9.891495058756817615e-02
2.949349870208121671e-01
8.745045888588152960e-02
1.247636693627677262e-01
3.007864202821092792e-01
3.205270945529570814e-01
1.742000906798733539e-01
2.818154871291309038e-01
1.106238008984236076e-01
2.693234837951575256e-01
2.842538270963575475e-01
3.016225381002152206e-01
2.347295682379216264e-01
1.164669168991079584e-01
1.463679043461592055e-01
2.902393749537572343e-01
2.021881963367364865e-01
1.531542393640967226e-01
1.800390195484191103e-01
2.206443828545633368e-01
2.907826890378966134e-01
1.327115571366908886e-01
2.956849406876809749e-01
1.216165162083491236e-01
3.055078133279000019e-01
1.209573309179616529e-01
1.664862488507653504e-01
6.508740142841615284e-02
1.808987032560180341e-01
2.128999658116421945e-01
3.487321432469951965e-01
2.142520745115124026e-01
2.034776867343911499e-01
2.839597644072847649e-01
1.329607418667131113e-01
2.032556130637418745e-01
2.520561907503337529e-01
1.082694391106626824e-01
1.026323426632023139e-01
2.628534137202550025e-01
1.947088173594575256e-01
2.386789054042386948e-01
2.484994324391013587e-01
2.688298511507089539e-01
3.243276988629369417e-01
1.118070301764893526e-01
2.018173535123223838e-01
2.126105597147877058e-01
1.784362496463540171e-01
3.452578168396056579e-01
1.170593134482860037e-01
2.488568659308935394e-01
2.463001941821401919e-01
1.650779676238615934e-01
2.913397430711559544e-01
2.144063416005038136e-01
2.511661880133560509e-01
1.780693563752980546e-01
1.129538500380481980e-01
2.165121117453438215e-01
1.872684486373678847e-01
2.886413531849025826e-01
2.467166396643359072e-01
1.213474246142336593e-01
1.994526710859250707e-01
3.383346113901758989e-01
1.441672326410793070e-01
2.861613103056135921e-01
3.122774436853797964e-01
1.415138840405381349e-01
2.675309816591307510e-01
2.486463713105145357e-01
2.789722911975452413e-01
1.059403203833490237e-01
2.108305332883384231e-01
3.009714515944520441e-01
2.170540638790438570e-01
2.503951866878300070e-01
8.612164524264022403e-02
1.143840151015502321e-01
3.468957554061158355e-01
2.158898418626357674e-01
3.013139769819405123e-01
3.227398733838445777e-01
1.518483428423101356e-01
9.196100385953437373e-02
2.423620747067415926e-01
2.803403068750598415e-01
2.136776216563440745e-01
1.288473878648509763e-01
1.367807429972867361e-01
2.224780871744558297e-01
1.593399581037654444e-01
2.651106178826775905e-01
3.400236342870603390e-01
1.053008264086860019e-01
1.237468763325428878e-01
1.875456751905585362e-01
2.651477569793847522e-01
1.463756602977878407e-01
2.351844740677096757e-01
1.509749260999494469e-01
1.114067839004550670e-01
2.456765945504932880e-01
2.877647859726706892e-01
1.720851768784024127e-01
1.790873390355070538e-01
1.336934689388311337e-01
1.205307298003539251e-01
7.488489263649980576e-02
2.524809240621094242e-01
3.127733710660651201e-01
2.821380344538379492e-01
3.402156626985606280e-01
2.355836981230758076e-01
