7.894927900687830069e-02
2.800381811248180419e-01
1.291236500356999772e-01
2.621761972233859761e-01
2.652146703820514873e-01
5.004618311773498252e-02
6.627475966132682916e-02
2.151879672264908339e-01
2.439601929036433192e-01
2.980153150630368009e-01
1.913134325915583633e-01
1.398707380382227805e-01
2.842789908608633342e-01
1.917762978823576436e-01
3.222381697353756680e-01
7.320884039381660158e-02
8.965466676841984950e-02
1.116538919132477325e-01
1.740223955150526358e-01
2.376515109498171796e-01
7.529988260623667051e-02
4.649132327570301704e-02
2.340478324790648823e-01
1.954492608761853878e-01
1.440736610563596032e-01
2.667608255719547405e-01
2.305886497892167819e-01
2.940685610748948187e-01
3.126148546123282967e-01
1.519413930440922933e-01
1.079772193275644193e-01
2.779425700633019192e-01
3.181000142869771508e-01
2.764805558215668868e-01
9.269507908109136940e-02
1.362508929755508191e-01
1.821653782573372515e-01
2.487509588014495954e-01
2.506450704302268795e-01
3.028266392232042969e-01
7.648998134201334675e-02
7.527544031177424433e-02
1.587160345040843634e-01
1.719493000721619980e-01
1.464892945424868809e-01
7.331692280904850145e-02
2.142158493918581708e-01
5.850178234179215231e-02
2.972031955573215534e-01
3.113771639505986122e-01
2.397513043701846314e-01
1.080116672403159950e-01
2.922339429975772673e-01
4.445958855243179603e-02
3.989898082223745229e-02
3.080042647794751232e-01
6.268820741204371438e-02
8.683570727176070925e-02
3.259155041816750864e-01
6.811900878393081782e-02
5.425897759769955642e-02
1.186291124128924790e-01
3.606771343092289583e-02
3.308407682339609135e-01
1.601832345949796566e-01
9.381742663937771287e-02
3.168263172491366242e-01
1.762279736982518552e-01
6.939854189447612620e-02
2.392670561482001523e-01
8.937939731501480523e-02
3.209913298180424035e-01
3.044651093064931202e-01
3.281129913442554225e-01
3.048037074866559726e-01
4.205338383993971474e-02
4.230786116300526423e-02
2.496362401513364526e-01
1.562652143041731723e-01
2.070182715208186142e-01
3.186948254823134263e-01
1.376404708433130453e-01
9.072817769557015022e-02
1.256684364578915247e-01
1.714301541114784944e-01
4.944966063793695965e-02
2.558581706833277791e-01
6.161101647961949451e-02
1.197201096107359253e-01
5.818662757224114107e-02
3.177246446743519082e-01
2.316539020520770042e-01
2.628495458694175002e-01
2.970921206608269638e-01
2.963316939807313366e-01
6.565774965032453170e-02
1.049433246002509368e-01
1.182154136278511375e-01
8.763569002737565949e-02
1.886241313327678693e-01
8.220385922424289227e-02
2.670395024128532357e-01
1.414962956182151954e-01
3.003105928189301888e-01
4.172653558721919898e-02
2.810792502955251626e-01
1.185712512827218762e-01
1.592364945013477751e-01
1.955426911596196415e-01
1.708740205792352862e-01
7.016647581969642777e-02
1.644488149377918151e-01
1.787038417620489539e-01
9.425925238934529382e-02
5.943408129695704895e-02
2.051606785158786861e-01
2.140672634887511028e-01
1.377053895034195397e-01
2.888056007713983298e-01
9.346660115943596081e-02
3.030092234367707249e-01
1.516891723849432549e-01
2.974846302351575322e-01
3.069559751587990215e-01
2.255966761807639553e-01
2.320946802396230690e-01
1.569390211263475277e-01
3.987999688949635246e-02
5.651363689298349868e-02
3.294593675631631857e-01
1.550991310030228887e-01
4.500347453070163706e-02
2.887729349122423739e-01
3.047051259380509913e-01
1.536550000796498006e-01
2.237649548338243310e-01
2.392044618697973524e-01
2.842727135544877437e-01
1.475648047907678062e-01
8.201298762628506100e-02
1.035649405392586042e-01
9.765418421006615002e-02
2.714627911250526715e-01
2.052133531288222457e-01
2.048431978821489696e-01
1.771572816728352318e-01
8.779447848279096911e-02
2.960448492552638644e-01
2.125957516125606683e-01
2.383000859850916975e-01
1.333653086562667511e-01
9.191734823071930072e-02
9.649182920935077401e-02
5.437457025352740447e-02
1.622056406649639571e-01
7.574009367780221158e-02
7.600957790648044110e-02
1.328400488147460923e-01
1.676152278275093999e-01
2.849290048492943983e-01
1.646574642615501460e-01
1.288795096233267545e-01
6.525692297880848758e-02
2.953494933795783872e-01
3.324037327424326782e-01
1.031220983440783445e-01
7.399722020676441359e-02
3.033524593608216136e-01
1.724550448003417114e-01
1.329969401378686411e-01
7.657829957391282250e-02
1.945183602896144726e-01
1.827935400282877654e-01
2.258779182085435544e-01
1.172854656856157363e-01
1.845826944199888409e-01
2.067374010874702961e-01
1.605095964825286048e-01
1.455691833951715253e-01
2.222547678165104346e-01
2.870665907920776361e-01
8.851595828745741079e-02
3.570117605122965360e-02
2.182067712220179534e-01
8.963554921208069515e-02
2.015821543748071432e-01
2.950194734192808088e-01
9.734332956894539701e-02
2.481265947457564902e-01
9.447625949233803833e-02
2.950682396819953590e-01
3.596775977673669772e-02
9.856088352720540624e-02
1.173808219630966265e-01
2.302119870322393569e-01
1.866342531191907961e-01
1.123923758335554496e-01
2.326102689209609553e-01
2.232883996743378618e-01
3.090301635703714966e-01
2.234240600774935748e-01
2.370193835733410415e-01
3.290352470158257048e-01
6.123398255614852931e-02
7.814340450671511396e-02
2.815208230555508173e-01
7.607400338004398355e-02
2.804286357151520859e-01
2.159883223618936088e-01
1.556309144218610829e-01
2.616980301897900985e-01
1.803377186474087734e-01
8.079491000304854509e-02
2.488855244991422244e-01
2.639852824154112487e-01
3.036729457147374633e-01
2.697823138028901946e-01
2.325018392897589825e-01
3.227493652649457423e-01
1.109120495577766707e-01
2.244617075303116105e-01
1.464980258166792004e-01
5.396193629605777753e-02
1.408935849102037063e-01
3.044265265380700636e-01
9.123348795403529721e-02
2.924146700971671509e-01
2.985577328529845365e-01
3.785646854818870005e-02
1.015099632663939710e-01
1.854256993447709612e-01
1.938556621892447984e-01
2.576733251082882203e-01
6.957499157831489867e-02
1.728464873892182063e-01
3.197040190771341384e-01
4.068271681375929677e-02
6.863274432086004240e-02
2.851238218593701856e-01
2.584243478966560814e-01
2.738473389044912554e-01
1.424815875877772087e-01
7.847024161106751217e-02
1.592826388331339826e-01
1.583086328735104631e-01
4.127493895965470699e-02
3.227902920496121819e-01
3.241709597497659523e-01
9.306443865850673458e-02
1.111889011267278293e-01
2.827538680189097819e-01
8.199471814166504890e-02
6.779582695733177289e-02
3.108458405539055724e-01
3.188842702576387134e-01
3.158082958805236706e-01
2.272526415824215884e-01
9.096064554345253961e-02
3.205586525933281639e-01
3.307230869807181728e-01
2.990530204142769488e-01
2.759628738862168751e-01
1.582207103271163207e-01
2.996937470675989368e-01
9.595479896030072176e-02
2.355105670185843603e-01
1.501241821259509668e-01
1.921714759286794749e-01
1.436244618944180484e-01
9.012153384838567094e-02
1.447456703174881121e-01
3.325978232200131335e-01
6.547157936064874895e-02
1.555676262318547720e-01
1.110538132329619010e-01
1.811247133311171265e-01
8.947077596687107170e-02
1.033785207972255649e-01
6.204587984122712785e-02
1.748581303637464501e-01
1.352066038298163353e-01
1.031215115146927874e-01
1.202166602355108083e-01
3.256867972384430154e-01
9.405728247719247204e-02
2.580840483609600500e-01
7.585025929625743846e-02
9.415337479833457701e-02
2.230938708565500528e-01
3.096396466082531052e-01
1.369867225447733705e-01
3.614055302374635098e-02
9.883423784767407516e-02
3.043088037690638847e-01
2.639483706031942600e-01
3.102286747863616800e-01
1.076209626649504286e-01
2.375915085243184288e-01
2.792532140999593460e-01
1.115716437201378919e-01
1.923042956882866639e-01
2.157509941720518187e-01
2.980519431981646372e-01
3.262483198454685374e-01
1.306630906625322053e-01
1.036626187292917223e-01
1.520623754287092066e-01
2.904728783544027748e-01
3.278237301056051156e-01
1.723071000867290870e-01
9.757470383293180560e-02
8.773117879875626246e-02
1.194299699200655623e-01
3.067015427655000459e-01
2.851343155030344745e-01
3.919356718827365915e-02
8.993378961218460865e-02
1.275821610548896756e-01
2.878573601914390379e-01
2.910933201339492293e-01
9.652392294501373204e-02
8.401806146342789827e-02
3.044976770903779495e-01
1.025430051816992733e-01
3.336084016713050659e-01
3.048018640705345006e-01
8.744088566665150775e-02
2.834131509434617002e-01
8.899811146019426245e-02
8.035520715887212173e-02
1.309751967871722045e-01
1.191629648828492205e-01
3.161715627477277302e-01
2.887486687353573722e-01
2.288056440075617315e-01
8.824435334285798960e-02
2.211538398631873736e-01
2.806818670804372418e-01
1.504665133703202429e-01
6.855280050470113906e-02
1.378073906236109425e-01
2.857222515907653082e-01
1.528132669221003159e-01
6.881819214712976696e-02
7.479875282034671724e-02
3.042346407754467630e-01
5.723855915318153825e-02
1.754615009725658814e-01
2.160258962161305807e-01
8.435688151898305953e-02
1.238810379855909416e-01
1.804815566705816055e-01
1.709864014975714941e-01
8.558699680541670407e-02
2.863530946641287267e-01
1.377458442887832257e-01
2.785317365923402622e-01
5.313494035094158685e-02
1.300056898552298668e-01
2.969703412779804985e-01
3.748816249803579859e-02
3.335328720270192004e-01
1.399261828401156260e-01
1.385951690608238640e-01
9.149609016745666179e-02
2.059845712814634411e-01
2.114935583177909584e-01
1.606241624486440533e-01
1.263626963735030029e-01
1.968179746746178682e-01
3.149035685359657943e-01
1.603122840312626307e-01
2.274391391597929135e-01
1.797054676910510851e-01
3.284122590516832529e-01
7.068194073502298558e-02
1.148106402078917371e-01
7.729738139860303781e-02
2.767044673966773116e-01
2.212552944189541682e-01
2.635328753349642228e-01
9.089912008761157070e-02
1.640399705796060925e-01
1.218185923510849838e-01
3.273742853389750018e-01
1.695178578999781693e-01
2.532685643386672902e-01
2.971680584103453815e-01
1.331995613214469465e-01
1.277048738220946944e-01
5.299301892454563734e-02
1.378708230765524068e-01
1.065663780743977690e-01
6.742519512798876569e-02
2.544779730441567578e-01
2.554357991688421259e-01
6.291989180142036620e-02
3.179120370789785266e-01
1.587114048857753146e-01
3.107240038160881124e-01
6.652540026172132359e-02
7.525449286066103471e-02
2.958034020454081703e-01
1.221274439515682708e-01
8.557216135422805736e-02
1.307472555462943498e-01
9.439135886800410769e-02
8.827428231386869051e-02
3.179403789825611670e-01
1.387927578016134311e-01
2.179547820788719781e-01
3.058757368978947677e-01
3.221728900518419092e-01
1.311576118853761130e-01
2.207747853781498182e-01
2.498881463614695264e-01
2.789662139261400720e-01
6.604031974830761043e-02
9.057554032723111326e-02
5.595267350653192889e-02
1.747437796617198336e-01
2.017462468573269496e-01
2.909017094672902148e-01
2.049719880523169224e-01
1.046840712591599748e-01
2.636992720222386399e-01
4.504910190947642584e-02
2.300386423273139969e-01
2.938850511951374145e-01
3.264914115692711394e-01
1.023817773132160019e-01
3.131323177322544171e-01
1.458759780423562191e-01
2.663953295531344967e-01
2.036626765205045431e-01
1.782761765096834705e-01
1.730585800222355641e-01
6.449051107490090529e-02
2.451317234072392381e-01
6.864924406986691596e-02
2.943525967168738600e-01
1.198560210820512201e-01
1.573594142673360452e-01
4.079529383148155358e-02
2.836518643248521765e-01
8.702490833962057970e-02
1.014162151360280956e-01
7.689557957067505445e-02
3.131440990669672741e-01
1.798992009326615127e-01
1.553693337721818168e-01
8.452988356525736879e-02
2.599141655381049243e-01
2.167751522642979434e-01
1.093526393055963136e-01
3.122549308054154427e-01
1.484662036253792394e-01
3.334648205452416803e-01
2.635788997740529105e-01
7.618317313653318046e-02
9.096302652784905851e-02
8.731911975998700448e-02
5.472475112245017009e-02
1.318489200784313808e-01
2.199254682567003405e-01
2.946266234350830016e-01
1.901270989558884184e-01
1.889258863642929165e-01
8.017552369248340249e-02
2.984518171928556840e-01
1.223362220931067668e-01
7.697179342105862909e-02
3.697145328173838397e-02
1.240393997699623524e-01
9.544010090482223096e-02
5.149987510228894172e-02
3.081829064867355750e-01
1.623374693592845031e-01
7.719613058335675349e-02
1.988279326039915362e-01
5.344714615051888301e-02
1.235901724206847768e-01
1.597426787479881982e-01
2.034362637303968047e-01
3.172766099394690453e-01
2.238170065154940769e-01
2.465400840216196154e-01
1.025963767151215483e-01
2.942283846271416814e-01
8.368790148598041767e-02
2.868544655065333182e-01
2.518424325022297072e-01
1.952657988281995827e-01
1.988329348601089452e-01
9.044108392987298961e-02
3.042713231918235395e-01
9.956803750457703106e-02
2.404379617687092685e-01
2.056721175803850332e-01
2.510707845737378818e-01
2.406725159122918845e-01
2.734381412645615628e-01
7.654729829073819714e-02
3.150366283806556034e-01
4.496447559862652016e-02
2.733911264319502932e-01
5.261365060609665689e-02
1.142390195985641121e-01
1.674631900807771467e-01
2.468691832510620243e-01
1.938990311839340341e-01
1.365264340991096670e-01
3.151293062582155025e-01
2.709698501209448218e-01
1.662103859651944959e-01
3.334992975987313146e-01
2.266573492514482036e-01
1.400082859176249861e-01
2.212751968305301797e-01
2.551777662684409087e-01
1.155180361512872095e-01
4.482002600296563360e-02
8.503598726157159116e-02
8.950428780972190246e-02
2.436457615007362187e-01
2.007404878026108341e-01
4.242179401901952085e-02
1.052783052217734217e-01
2.265776192046426163e-01
1.981036568908277617e-01
3.018902977325535475e-01
2.843562579854194139e-01
2.461923310293133993e-01
3.203503413308316783e-01
9.140246297740313441e-02
1.070237807298411725e-01
3.909401035108699130e-02
1.506022284490697305e-01
4.612548498155337462e-02
2.031829207500301382e-01
1.652280207387041566e-01
1.294631752058903740e-01
7.622549215578704185e-02
2.433047420050331311e-01
2.142940734255416868e-01
1.177613471774321685e-01
3.197214210716876059e-01
8.917640630246805034e-02
1.533617156134313708e-01
1.708436900403395298e-01
2.510313136987313842e-01
2.072348294488218223e-01
1.098459013987592714e-01
3.182374399149633937e-01
3.255598549544610476e-01
3.326106249922113900e-01
9.987997161111455968e-02
8.980180340092887292e-02
5.433622649321209752e-02
2.423245205802412316e-01
1.851778199973591055e-01
8.029268736537159556e-02
1.783117306405760938e-01
2.990334171480452663e-01
1.276384256600525680e-01
2.204964803030412535e-01
1.879896995757933120e-01
1.030474298130663185e-01
3.095445114794778685e-01
5.309547382055139486e-02
1.621751782715209200e-01
1.708992302253720119e-01
1.084045083338708165e-01
3.001265729200018884e-01
2.367333419172982234e-01
2.022991349076239120e-01
2.339987480533734787e-01
1.446882863112624318e-01
5.520914710460770453e-02
7.717599285707883727e-02
2.081538590118948151e-01
2.088576310357077026e-01
1.910749784295244502e-01
3.172441145524478867e-01
9.318440780171226290e-02
1.042575654327430185e-01
3.212317936736701074e-01
2.345755699835347652e-01
3.307430047157503550e-01
3.056545879873941995e-01
1.188785607945177791e-01
2.541545738915179653e-01
1.783843924791553848e-01
6.416291522048921114e-02
1.021784918905285916e-01
2.501723468971798758e-01
1.363008682691783657e-01
3.157618798870322485e-01
3.090454816632806079e-01
2.408118729157726345e-01
1.180631387987990111e-01
5.383370945794620915e-02
1.689343684464784112e-01
3.159955675113280127e-01
2.252922431965541650e-01
6.876090883899102502e-02
1.508702976681346730e-01
3.121467656296114668e-01
1.873599554276632606e-01
3.036276513092083240e-01
1.230962600528703044e-01
1.123609690359886337e-01
6.089874033679951865e-02
1.353881136363531967e-01
9.363428212988086918e-02
3.024181672598035275e-01
3.204931158778103195e-01
2.079554637201871115e-01
4.387698767623190998e-02
2.071109361445940544e-01
9.614831047630796601e-02
1.608070656820027589e-01
1.651963568594490561e-01
7.884516965185479898e-02
4.061087892315481257e-02
2.821614964514426727e-01
1.100730509849672523e-01
9.964829631005270305e-02
7.607676690499151628e-02
8.331787129085184429e-02
6.978653079840753393e-02
2.727796683336182193e-01
2.953761261869737309e-01
6.573431505066307245e-02
2.673310683386280195e-01
2.543197240312488061e-01
2.609433459612843231e-01
3.045147940500710915e-01
2.360417985835006338e-01
8.602758209690689051e-02
2.808552693928992317e-01
4.201534668304390818e-02
7.023670615706537057e-02
2.121857165388216504e-01
7.926081367894773078e-02
1.595101620276508370e-01
5.612394742224351141e-02
2.943132595201006230e-01
3.052481999855504724e-01
2.974190937332911733e-01
2.180277026837997567e-01
2.916771545232208496e-01
1.012588656843639440e-01
2.439193252213110452e-01
7.152390274664097158e-02
1.085414974311364744e-01
7.899136040721356500e-02
3.180022033231529877e-01
3.939933579493351545e-02
2.805652299740066247e-01
8.338570617815609098e-02
1.878007109280422915e-01
1.638507709897963072e-01
1.323981761303516802e-01
1.030376812240812040e-01
1.335981061386444790e-01
1.122390716429318147e-01
8.005848873478683958e-02
1.123560462442095148e-01
2.616068621544551109e-01
2.918088356792221116e-01
4.603588837477799039e-02
7.092695303074575408e-02
7.506657724859744363e-02
9.900427296277064526e-02
1.267439719951882759e-01
1.495829752845897476e-01
1.188660526321889954e-01
3.266550775086128899e-01
1.394118789825067595e-01
3.292043355749275924e-02
2.148299060169031605e-01
6.411161337486466494e-02
7.699118417557609950e-02
3.113084046841118613e-01
2.458860977924526015e-01
7.818764681550070816e-02
1.222548765693491496e-01
1.872739817904240656e-01
1.849720148574881262e-01
2.872103620730322437e-01
1.838017829690462568e-01
1.954644201684357097e-01
2.920151035791196392e-01
2.950861153504174550e-01
2.756672523371199723e-01
2.172352794227997708e-01
1.370541549103353463e-01
9.720485704423409423e-02
1.743333890869026570e-01
7.143433311756428039e-02
3.313494975093351780e-01
6.494105568078364921e-02
1.362563226443771203e-01
2.295166888602474808e-01
1.771517363307827109e-01
1.748518580892971241e-01
1.454277029080773831e-01
6.551087799144648949e-02
2.985498106022688725e-01
8.180254545650904319e-02
3.200547186187527315e-01
3.165711876394723956e-01
7.065663164302975197e-02
2.731459446429214122e-01
2.473673982947725003e-01
9.293690261085917059e-02
7.874937897056628888e-02
1.539718869502971210e-01
1.778174223201243187e-01
2.650487976389850342e-01
2.485479575167370558e-01
1.230849747506962966e-01
1.138815305741566059e-01
5.897194975509583575e-02
2.549029681645578194e-01
8.178830450773814931e-02
3.265264060389468370e-01
1.699728701552933041e-01
2.495605596870301146e-01
2.514974430419721907e-01
3.067940207694113131e-01
3.124277034965137201e-01
2.709733406016758828e-01
3.123773593624207257e-01
2.687102537584921680e-01
1.820753806067129388e-01
1.483110975837050594e-01
2.317309945103886437e-01
2.106956165874272202e-01
2.780797370137840785e-01
4.403568316830333562e-02
1.645284473406219694e-01
1.575251897439737536e-01
8.682641449958343471e-02
2.703475765294836020e-01
1.213185501897267871e-01
1.163353488000126862e-01
6.838239517449214155e-02
3.225887755684317959e-01
7.643996574542649691e-02
2.956694579699167269e-01
1.934140231240978891e-01
5.981295734276653037e-02
1.340691306184604303e-01
2.025963494948872234e-01
2.574621477225774169e-01
1.526797511057356171e-01
7.634634406291593289e-02
9.962037042640529971e-02
1.268124401927031297e-01
5.030273918602307104e-02
3.276638352427518330e-01
1.269941027707741921e-01
3.738533898808602679e-02
6.343972453199181460e-02
2.097876236220386492e-01
4.321892594848178448e-02
1.069551196772330764e-01
1.511571367727049808e-01
7.866576712401932014e-02
5.248650878676543868e-02
8.981663254227947868e-02
1.494557723263975346e-01
8.975231905820897638e-02
2.747119087381624802e-01
8.040410537592981854e-02
3.210859854802973201e-01
3.145322154930961789e-01
1.326164332412049784e-01
2.732843207789584783e-01
2.022690907465443388e-01
2.706656828983066143e-01
3.293992755543867501e-01
3.302153272588682631e-01
1.557195433586661681e-01
2.208000062437123490e-01
1.643288275681973887e-01
8.632885061753206579e-02
7.735233932005693147e-02
2.794066598029661397e-01
2.515210343339625565e-01
8.114747166419003510e-02
3.083933472053938529e-01
8.503909936115675028e-02
7.242805499840516970e-02
9.270684992774418098e-02
1.950789591023830150e-01
3.285789459761823128e-01
2.627364094464872957e-01
2.088887209627601216e-01
2.528003096140827299e-01
2.231164690085002122e-01
2.916455502907625008e-01
4.346059889959334732e-02
2.588808817555263153e-01
2.718502308469719631e-01
3.216487601642193939e-01
8.391384522467044971e-02
2.647581307294445407e-01
3.188917481062933934e-01
6.434762633018460687e-02
2.883813839838899051e-01
2.295561067508448405e-01
1.816456492395091826e-01
3.085791115924768069e-01
2.303626693873146447e-01
1.436682010203664539e-01
1.664216080728912472e-01
2.206695615644427566e-01
7.853444766766229379e-02
1.765707502999290801e-01
1.221555468278165274e-01
1.666312339957337074e-01
1.012496813818371533e-01
1.572727003142183333e-01
1.000655945996122981e-01
2.665317018780382075e-01
1.213860571699808405e-01
3.192772318408159671e-01
1.091043153071568211e-01
4.349618844497013526e-02
1.938682988069146407e-01
9.401409816663437724e-02
3.121519061561451314e-01
2.883183259378142571e-01
4.951539976752476757e-02
1.575127233041587471e-01
3.421523010144208315e-02
3.537753390645775875e-02
2.452957495741284744e-01
3.017536326058237184e-01
1.947122781000894809e-01
7.123195061358836289e-02
2.430941060811447618e-01
3.074886689300835307e-01
2.034943025067162126e-01
1.265298410254339367e-01
3.104710913152837204e-01
9.622028109160916942e-02
2.653111938211007992e-01
6.900971797325657076e-02
1.932905491872152215e-01
1.007654171602376802e-01
1.775669225275009200e-01
1.785017108195311730e-01
1.009721311228682084e-01
2.240738882877802707e-01
2.942923631390563233e-01
3.822241781046309406e-02
9.530768180313098359e-02
3.203768528427880513e-01
2.571081050926014577e-01
2.756720166168576958e-01
8.485131403972605291e-02
3.090061827015617713e-01
8.856390609004388681e-02
2.107590560854986084e-01
3.166164000915316357e-01
3.224719804311365068e-01
8.894418658032562930e-02
1.708970716747724439e-01
9.277625328769997792e-02
5.991863077565594276e-02
1.028954182848215715e-01
7.857475467795407842e-02
1.686722441972317854e-01
1.365165960139016477e-01
1.952312959591220309e-01
3.081088673484548290e-01
1.537766859394668062e-01
3.273157412944464051e-01
1.128720608338934089e-01
2.575803621080627881e-01
3.164302283724296783e-01
1.561524113378581768e-01
3.301853061362169939e-01
2.228901602289366235e-01
1.667181903615399530e-01
2.330802603945113793e-01
1.488914384180285988e-01
9.708982497045312576e-02
2.410631713327899550e-01
2.906441298617433722e-01
2.957350945934680841e-01
9.082718971958668452e-02
2.955156148627468560e-01
1.634237274646800075e-01
6.671254816097355045e-02
2.594713787751805611e-01
6.547041300162743938e-02
2.247536132518264396e-01
5.805526788492840901e-02
8.066145550768462347e-02
1.109712715926657184e-01
2.397771898390934908e-01
2.528313348038079278e-01
4.171599095270130120e-02
5.928382768198237063e-02
8.806846558139472259e-02
1.045957620260875298e-01
2.490035214067394531e-01
2.834994916131825526e-01
2.631197961755213366e-01
2.360845463606237871e-01
2.007681721854812917e-01
7.377210395570300838e-02
2.490384841589093068e-01
5.555960870082158470e-02
3.150791246780889066e-01
1.675403606063346207e-01
8.619029997373604812e-02
3.185669311516273750e-01
6.804999011400371389e-02
3.295107553438783032e-01
3.159552949730860538e-01
2.682402276779032313e-01
1.997517638001746476e-01
1.277153381537343702e-01
1.139755887049973271e-01
1.998997846902779152e-01
3.217424061276245584e-01
1.468781100942416762e-01
7.262512379847754773e-02
1.936969251669228842e-01
1.852217413841247551e-01
1.967848256638675686e-01
2.156339136147509827e-01
8.166754908523464473e-02
8.617879706786045479e-02
3.735376694328173403e-02
3.244791622718948276e-01
3.243233791232173480e-01
2.210700798387226218e-01
1.380772796261841573e-01
1.173761652246585047e-01
9.867477031493196438e-02
2.537144306486197598e-01
2.032190227962325513e-01
2.898734796478044107e-01
4.490686039855336376e-02
1.407284154615751626e-01
8.753492373903601353e-02
3.294000928622840552e-01
1.149155332263608054e-01
8.832333864375641053e-02
8.295312995438311465e-02
8.566023453076537786e-02
4.268512144756572008e-02
5.675765915168051040e-02
1.089826152774915069e-01
2.803307274065911514e-01
1.329900742496884503e-01
3.249628206405049680e-01
2.970682407773468370e-01
1.385118191918429109e-01
3.316947142352382749e-01
3.102768443340547799e-01
9.223111025608234093e-02
7.945541215610738006e-02
1.879068438787941109e-01
2.589168863948804189e-01
9.379472429944468725e-02
1.671520297997003690e-01
2.873739565492192116e-01
1.805149087335575775e-01
7.059671718178887889e-02
6.238334004177192166e-02
3.509123559094787931e-02
7.207137760727425069e-02
1.242196758691018754e-01
1.552717879759143160e-01
1.006654951952836718e-01
1.277142149686407990e-01
2.752701874204795951e-01
2.941701661211321706e-01
2.104375176688291493e-01
5.177119019512074066e-02
8.676038442936512274e-02
7.679569023069229838e-02
2.821542732970864220e-01
3.084153952392196807e-01
2.736663055011833712e-01
1.875750447795462572e-01
7.322111692642820080e-02
1.198425421235958105e-01
2.994740050622277105e-01
1.623357239149850473e-01
1.269487266381681134e-01
3.045524728960711247e-01
