1.397731500077189493e-01
3.416131085225876385e-01
1.994442963448821438e-01
1.906568987449644148e-01
3.464544662203896674e-01
2.713422522635035583e-01
2.907922314289317911e-01
1.239564118306523965e-01
3.343454168611657562e-01
1.160103612441698712e-01
1.190809027892463928e-01
1.435520180572811832e-01
2.300660109886498439e-01
1.431558899347153690e-01
2.522324476001993609e-01
1.125620003582289558e-01
3.094792718336328297e-01
3.406790494306928263e-01
3.477207266096186133e-01
2.800397116350933358e-01
3.413101099798887539e-01
2.355247929622062419e-01
1.451682330435439539e-01
1.628214387415986009e-01
1.271933023599128298e-01
1.657865331933790765e-01
2.865287702888517085e-01
1.219548220399328947e-01
1.181229775821120015e-01
8.118580106509892813e-02
1.785275285908473897e-01
1.193250310956282118e-01
1.498569604137819644e-01
2.249631862098899204e-01
1.621124536325693200e-01
3.299232542179953986e-01
9.381792616067330393e-02
1.190684489839070742e-01
1.215067985451818849e-01
1.752943651621437782e-01
1.263149191465841592e-01
1.837993555701693260e-01
1.708405719349533336e-01
2.794413728231160410e-01
2.792355127182252761e-01
2.046307776213717733e-01
1.386873998766090799e-01
2.635953396313162611e-01
1.988564063707239926e-01
3.414503107512888436e-01
9.577707307350148691e-02
2.793467474855641508e-01
1.849668768982832556e-01
1.487657598665429459e-01
1.290107069166387677e-01
2.259766247575487608e-01
8.230099053998163328e-02
2.515425096467898691e-01
3.276856874823139698e-01
1.327490805691844966e-01
2.347304538831571641e-01
2.830872178240922965e-01
3.037646194351537599e-01
1.637533671953685377e-01
2.064096496445660400e-01
2.614934866491147591e-01
1.114928973445356297e-01
2.536165459810209022e-01
3.478912273583089076e-01
3.362085453588856132e-01
2.645999034561339336e-01
1.618628023342881805e-01
1.560273007569147885e-01
1.873465838531804817e-01
8.805896485335554247e-02
1.739991269547733477e-01
3.323664311605564747e-01
9.574526012770730177e-02
1.927760651108964551e-01
2.708372035150466428e-01
7.166223688021676475e-02
1.234364111050724883e-01
2.132395135102472250e-01
1.428133119314881627e-01
7.658920119935190562e-02
2.001348883607362850e-01
3.343654938619101680e-01
2.324189406785162337e-01
1.659931059010995302e-01
2.954222485647367558e-01
2.320397501847043242e-01
1.464632557556797832e-01
2.487911715971557469e-01
2.784994853094184819e-01
8.741955142669532997e-02
1.010324371839651375e-01
2.591386838527531822e-01
2.701683914591050950e-01
3.341148613493341024e-01
1.275896479271148853e-01
2.968085309101733404e-01
1.404089468245714178e-01
1.332453486433957668e-01
2.545718398653968317e-01
9.518011722900011906e-02
3.182805048279703786e-01
2.089246393827257353e-01
3.365026735912168276e-01
1.254185380624777690e-01
2.618012431396280482e-01
1.731641065384118827e-01
3.172126837289202528e-01
1.574964715440783647e-01
3.033184788262998643e-01
1.468674176527708930e-01
3.091242411144163871e-01
3.024119227455227543e-01
2.669032985626110244e-01
1.127148513509068084e-01
6.636813345231409866e-02
2.871732188615715442e-01
1.555678788740356422e-01
3.262897737229957240e-01
1.285887489970957420e-01
2.353969517172433967e-01
1.045088695418295299e-01
2.509487658024344703e-01
2.530383896352500495e-01
1.035535802127681565e-01
1.239357677631508087e-01
8.355157678298320845e-02
2.162873187661547847e-01
1.191290625591249208e-01
1.046642550559168383e-01
3.429895184337219405e-01
2.323168918210935519e-01
1.558870730189829967e-01
1.167708079867137982e-01
2.752726506410866913e-01
4.452486545179622918e-02
2.224158744702041390e-01
3.072050715315111091e-01
2.700944986858068719e-01
1.128322951544288577e-01
2.801535180477821574e-01
1.860037887225874931e-01
1.676650217349681671e-01
1.272078150904087379e-01
1.453636241423010012e-01
1.961840547493112208e-01
2.918537506269858750e-01
2.088060550876472965e-01
2.309864524606906888e-01
8.617347666228536429e-02
3.009281268621873395e-01
2.908713728808326460e-01
1.269082781097894408e-01
3.258761358112567952e-01
1.060259480470023691e-01
3.227182881232621425e-01
2.310461092730241306e-01
1.128494042497077271e-01
1.730065748280551485e-01
2.050727655226542989e-01
2.219981589725918414e-01
2.658456545614364397e-01
1.359912827467781027e-01
1.176142444044549762e-01
1.151629529589797557e-01
3.057701234429790471e-01
1.150019204206775697e-01
2.791693526647111012e-01
1.265659984412880745e-01
8.596295912213945678e-02
1.046312004632065223e-01
1.704642103877618553e-01
2.688350307384364535e-01
3.111354574383537464e-01
2.614031376620833402e-01
2.980610593394156793e-01
2.233736377094575620e-01
2.568829945413140803e-01
3.008254981381258131e-01
1.801173955119836356e-01
3.081800711948545768e-01
1.459048483239735461e-01
1.072459083079105591e-01
1.212857776274779559e-01
3.209489444266618308e-01
1.741409357007133174e-01
2.858373464729441205e-01
2.739263459897829933e-01
1.162175068477327294e-01
2.557823191512303973e-01
9.326593236215559302e-02
2.660280163003334586e-01
2.839670357282110813e-01
3.339278410006009112e-01
2.870095484076083392e-01
3.068417160957843670e-01
8.947378382789150653e-02
2.406639512946173454e-01
2.905192092631984635e-01
2.642432096257693597e-01
1.516818235053738473e-01
1.004506928346652200e-01
2.477680398733537737e-01
2.168095072741494378e-01
1.212470196297544267e-01
2.385839301013121805e-01
2.615750179531986519e-01
1.677798878222654666e-01
2.410868990166185055e-01
1.921871022792986383e-01
1.333000913247593955e-01
1.083950022853946704e-01
2.659106793002728453e-01
2.499228396463735735e-01
2.813262897931714246e-01
1.966444485804267617e-01
2.945766690356540485e-01
2.998742779743718279e-01
3.283117974763822278e-01
1.951836415117454704e-01
3.141726526971440614e-01
3.489720315787561700e-01
1.215255671838126328e-01
1.476260640232791022e-01
1.517823776515447309e-01
1.945251221580652223e-01
1.317355922098975007e-01
2.205385920147837631e-01
2.229465647634032432e-01
1.856017953782561070e-01
2.773697883075930681e-01
7.999532795561831167e-02
3.501797722538146918e-01
1.751104431802734396e-01
2.554901306408134398e-01
2.418368036418700462e-01
1.616433156564729412e-01
3.218320530026538839e-01
1.396406194692363101e-01
2.152137674903477904e-01
1.916318860284451364e-01
9.013227188295443171e-02
1.953572483629612278e-01
1.592393916638660256e-01
1.970724834377353407e-01
2.543786282701435142e-01
2.405439372434292344e-01
1.116104828681510897e-01
1.140228670390403126e-01
1.378048467335918625e-01
3.425166683668446344e-01
1.078907691470046282e-01
1.340942264789257155e-01
1.852629112050618310e-01
9.444402061673062843e-02
1.406448929865870279e-01
1.291230615738522547e-01
2.937647445796520707e-01
2.179383085544173704e-01
2.107865583117269348e-01
3.050972297156453461e-01
2.058501504891498135e-01
1.995219654406917287e-01
1.715188941487332530e-01
2.938215188925710208e-01
1.673872347731786281e-01
1.323838277689033949e-01
1.853004611069274110e-01
2.703044780114784995e-01
3.504734299467405223e-01
2.039880746907834774e-01
1.333055144899307487e-01
2.813950416085211348e-01
2.190195267004467761e-01
3.301083113240765310e-01
1.282548215666758085e-01
2.362451244437387965e-01
2.385620543869034493e-01
3.272225105882107243e-01
1.367719207764318545e-01
2.518911071866162810e-01
2.838080540603914459e-01
2.599799340407915604e-01
1.193867050583975326e-01
2.136672150574532858e-01
2.858651905345785393e-01
1.020179793272228685e-01
1.356516806850206758e-01
3.027144677624248881e-01
1.389968610829440399e-01
2.819655630348258946e-01
1.683468599919527020e-01
1.247725938783589006e-01
2.377710252177278605e-01
9.913428580313918270e-02
1.218530563342351547e-01
3.467785178711959571e-01
2.388659757914842197e-01
1.070110808431883331e-01
1.454679437631746231e-01
1.578797246218042738e-01
2.787515828461812895e-01
1.229096468997779856e-01
1.097347167659854239e-01
1.601461847004458927e-01
2.123631928189014806e-01
3.184505314473585758e-01
3.101506293871649222e-01
2.478050979472603277e-01
1.037082147961525397e-01
1.107929322071444650e-01
3.159288752882747353e-01
3.430664968161181716e-01
2.862329289453352521e-01
2.366999747025498868e-01
2.476725039383638194e-01
2.705481929194091806e-01
3.236533624519269958e-01
2.331544723799177932e-01
2.678017350338376401e-01
3.385048022821041669e-01
3.225222215008677340e-01
1.151149444579915859e-01
1.758812019833438933e-01
2.122992987662258579e-01
3.013750551155757740e-01
1.160063735717227762e-01
6.383099498071125033e-02
2.991923730566330986e-01
1.142406727508388509e-01
1.837642107289145232e-01
1.209530004489633437e-01
1.203270000491218489e-01
3.388247886303706879e-01
1.635783764925069217e-01
1.277370705482634150e-01
2.708382417753645854e-01
1.218492861121911880e-01
3.332817476451262473e-01
3.205297209093440070e-01
1.082060531368213424e-01
7.058688129404057376e-02
1.255062833089287677e-01
1.822618700776024447e-01
1.107914547723422571e-01
3.282537500727467084e-01
1.355733730629437028e-01
1.241225553418243976e-01
3.253818601683268197e-01
3.033050014426704744e-01
1.504491196676875087e-01
1.498375679737687649e-01
2.613281025871154739e-01
8.245280897503581841e-02
2.436182210092881772e-01
1.878493339396738460e-01
2.147040123843689807e-01
2.764927042364466736e-01
2.587344867169907858e-01
1.003492814944622474e-01
1.367574115907498611e-01
2.761106392971792722e-01
2.554982751867140855e-01
1.383878622832202254e-01
2.870039577210811155e-01
1.228024339104022422e-01
2.329805400305554608e-01
2.490127527167512456e-01
1.986237695026596972e-01
1.651718515851329783e-01
1.817941612309929567e-01
7.903252400555106638e-02
1.863832674962094538e-01
1.448256732922559020e-01
2.177577774306551639e-01
1.809208485477722950e-01
2.537500770153511831e-01
1.274315863091056711e-01
7.075828396618678851e-02
2.312894981818710005e-01
2.459785425392870262e-01
7.852109510325869235e-02
2.675077153569678790e-01
1.922177221657960511e-01
2.223408664969081794e-01
2.283887276508793640e-01
8.009230437800760050e-02
1.961197290187488840e-01
2.063356578264392560e-01
2.562812075927207722e-01
1.764217434913739613e-01
9.049688782536378928e-02
1.483727410541100800e-01
2.715506556109936187e-01
2.764153730401391340e-01
8.140086207609005531e-02
1.508814219675021773e-01
1.505205631380166498e-01
3.025354637437124294e-01
2.669401455424719183e-01
2.567061739320332658e-01
1.404143552069185563e-01
2.782749405036897272e-01
2.752256190685196113e-01
1.321887620193032686e-01
3.437768546740711528e-01
3.452980625605893694e-01
2.561428715849147220e-01
3.412913596236559211e-01
1.113604387181067884e-01
8.720354281422412757e-02
2.204730217167732431e-01
3.285043640055799186e-01
1.157425770610821941e-01
2.123085544249127266e-01
2.115751554845693438e-01
1.357516948767479859e-01
3.272761025862939710e-01
2.131715296417136529e-01
1.859435742102536482e-01
2.222957072527111666e-01
2.625416047476428760e-01
8.205759704788821718e-02
9.351091530779118144e-02
1.146288938663332507e-01
9.724071243608019277e-02
1.459363335567193387e-01
3.190157122154879121e-01
8.151168059625298057e-02
2.477707479612214769e-01
2.768999845220787570e-01
2.161471755362951164e-01
3.249521855287432204e-01
2.268642588043374708e-01
1.270922538853420103e-01
1.424101091915345452e-01
2.481290615300321134e-01
1.598293149716901451e-01
2.168078535645869553e-01
1.685097084519633914e-01
4.420299944912428614e-02
2.768898983229409194e-01
1.841468561941313198e-01
2.545695894961552130e-01
1.002959915994528356e-01
1.616989428816442975e-01
1.298653623234322929e-01
8.600417607185981139e-02
3.151803168702873581e-01
9.442530857224064322e-02
1.334701998983369997e-01
7.074870234315587536e-02
1.500948195846448230e-01
1.276619260819626123e-01
2.375961074430071318e-01
1.359830724451070172e-01
3.074200729060199699e-01
1.294861129922663390e-01
1.865891017935057683e-01
3.084373174346937696e-01
1.582766474456971661e-01
3.007165787800652468e-01
2.418408355696577694e-01
2.285174641552423502e-01
1.990253321537167330e-01
2.116724269693283367e-01
1.755876423252577812e-01
2.899838207651471156e-01
1.599539711994149016e-01
9.925696761683668046e-02
3.376235315601250897e-01
1.167492716096938388e-01
2.013595105392597673e-01
3.451107275147131115e-01
3.112325407846789904e-01
2.664299627796851144e-01
3.111430803830069203e-01
1.316540736098106845e-01
1.589984160399019186e-01
1.879179302219256553e-01
2.105809294140073007e-01
2.649786542197781203e-01
3.427858617197776514e-01
1.391869359138406259e-01
3.164137086360034878e-01
2.285572012129115371e-01
1.809160177535218128e-01
1.476617407959529005e-01
2.523367846414535931e-01
2.963660546191210776e-01
3.152696469396824575e-01
2.300404763947534181e-01
2.777423297411387160e-01
2.185199132260937094e-01
2.318239252366303960e-01
3.082143517579730152e-01
3.313614825994879998e-01
2.792171791757817045e-01
2.818340479130256870e-01
2.047895558735707000e-01
2.764431032883488126e-01
1.055095216127447250e-01
1.113290672118292940e-01
2.360708979323099255e-01
1.290315928408429791e-01
2.738230839769797975e-01
1.791451329345520038e-01
2.718582152206930336e-01
2.691515103883831972e-01
1.408146344156836760e-01
1.124101774686261657e-01
2.735775356597325847e-01
2.776771329394362997e-01
2.109920820285756116e-01
7.101485799644809138e-02
1.480904325997562387e-01
1.452591129827933147e-01
1.018867334774565814e-01
1.378319353848627138e-01
1.303902260719319306e-01
1.486167383383377172e-01
3.355328711867326397e-01
2.294346531788952481e-01
2.113903118476585796e-01
9.706780539791534657e-02
2.535284417298900861e-01
2.604472490742985591e-01
2.363590459192674853e-01
3.476926211543849288e-01
2.770309924995477679e-01
1.748225482989211876e-01
2.669943932361713013e-01
2.607766525029505678e-01
1.063590770401902363e-01
1.960359006266087500e-01
1.049169332531786764e-01
2.553937770667338292e-01
1.151699381865046862e-01
1.765787901512489710e-01
2.833340101447843762e-01
1.071134208089736806e-01
2.771311514384842134e-01
1.127363293195297461e-01
1.117402638255138442e-01
1.612309219540281613e-01
1.895984981111125123e-01
2.611459615157537550e-01
2.896449183928183069e-01
1.776619022738583631e-01
1.694212183704842944e-01
1.819183099848840912e-01
6.468962887544475737e-02
8.531896543742796546e-02
2.919762784942264155e-01
2.777691592974685375e-01
2.366197673243314314e-01
2.337826184935599960e-01
2.086791953279231449e-01
1.332709662691617392e-01
3.321919071339149987e-01
1.430859644383753460e-01
2.826741933716882538e-01
3.403471213760805858e-01
2.875852588227837958e-01
3.204989633700591756e-01
3.264561075700742609e-01
1.674288710135436453e-01
1.329149098797295925e-01
1.899234948118642408e-01
3.060863420576538929e-01
8.499230712585149894e-02
2.678923326335306276e-01
1.364870970376855785e-01
1.796402858771238842e-01
1.017416732744196584e-01
1.393267768158152342e-01
9.422274934762210619e-02
1.951726078411158416e-01
8.304700011711796176e-04
8.994790122683937739e-02
1.302211470913539892e-01
2.959589105965789724e-01
3.074639997566910310e-01
2.476709240630290132e-01
9.716916388745014399e-02
2.272139165670516714e-01
2.066961644344501026e-01
2.882629800900877171e-01
8.078637922041120856e-02
3.105945982517259174e-01
2.080333782673874921e-01
1.488067372800049026e-01
2.636194885156417089e-01
1.200641410530889353e-01
2.638263059061285998e-01
1.685472826262972845e-01
8.754759514959442601e-02
1.703544374213126211e-01
2.895699824050435578e-01
1.242468291809121633e-01
2.980112392753697104e-01
1.529837793523633471e-01
1.481748697237873225e-01
2.162739949208395684e-01
3.173883287662869757e-01
2.615361384523228749e-01
1.999332852762096269e-01
1.517334325690531116e-01
2.395694546462483754e-01
1.038219911760209779e-01
2.828082833051567269e-01
1.160885597959866039e-01
3.436381086381926631e-01
1.344370881052297795e-01
1.774733148341491873e-01
2.247343710824914811e-02
1.862494142003292552e-01
3.232506801977323985e-01
2.212755797842368977e-01
1.912900717029639985e-01
1.466260652819412202e-01
3.427327865402233775e-01
2.932162726714725998e-01
1.700145450252162072e-01
1.353898006726712011e-01
3.211862901084190369e-01
2.450951638505407815e-01
3.007113980603963177e-01
3.209432378821435172e-01
2.438369758339110627e-01
1.727343246999217541e-01
2.655427418257145233e-01
2.016172264434503425e-01
2.832730765072939416e-01
1.241240578235793812e-01
2.421131181613826455e-01
1.569198937516663728e-01
1.395683325081950310e-01
2.795616545601659619e-01
6.917124947261807377e-02
1.344217715598334806e-01
2.906009319617832154e-01
1.122985654048812565e-01
1.373480899559893775e-01
3.098548662478719518e-01
1.212566592105607799e-01
3.213486354281731017e-01
1.055377745482266039e-01
3.040832892542700838e-01
2.628990241993428567e-01
1.160729188630576780e-01
2.168287884139454558e-01
1.649372835643301560e-01
1.322638138346919900e-01
1.854561358013910588e-01
2.801308595629529163e-01
3.125880051559167816e-01
3.302875152916988077e-01
1.890608870103495376e-01
2.383907391846503132e-01
1.282685511000072331e-01
1.895115160822810896e-01
9.598472941065255837e-02
7.386257927231514031e-02
2.182294629493032601e-01
3.233587518175402020e-01
1.084767060453223769e-01
1.524962270968275579e-01
1.540125444859999082e-01
3.436639309759114136e-01
2.814254658477766680e-01
2.234307751023094091e-01
2.390243753332773891e-01
1.776345029206684578e-01
2.976075074333872639e-01
5.291667155894011487e-02
2.721465880420009809e-01
1.017501721440930013e-01
1.611510887656899538e-01
1.045023611137876479e-01
1.149155220725315840e-01
1.481312543549268834e-01
8.700176563196915236e-02
1.300643780639344216e-01
2.778718898570330387e-01
1.446342041406831480e-01
9.918516490885899428e-02
2.387391735759288314e-01
1.848358824445172632e-01
2.096312157422833555e-01
3.455381803008821251e-01
1.609190918516679447e-01
2.789063451065251775e-01
6.610490211893114976e-02
3.131759796518062688e-01
2.167979884010184377e-01
1.632906787204064791e-01
3.296515889491634099e-01
2.502172157452382528e-01
2.000260284050996151e-01
3.440795013250659284e-01
9.160398240649675339e-02
7.488031132269352963e-02
2.021675430388708283e-01
1.533857762899226984e-01
1.056908304924708830e-01
2.868828552045068481e-01
1.864606730960339520e-01
1.315588012324328260e-01
1.223879342265091624e-01
1.642028575979508076e-01
3.058676025670106768e-01
1.469940986859888943e-01
1.907501198374486895e-01
2.587701585294726603e-01
2.228620351516502340e-01
2.912311123530885171e-01
1.422675947226743620e-01
2.526437149350923006e-01
2.156626933893588394e-01
2.402143156510969935e-01
9.625680255407700892e-02
2.815578272284717798e-01
9.805300284741916284e-02
1.208431720477506910e-01
1.819188577363325399e-01
2.894506652261141233e-01
3.472110632362844229e-01
1.330530991594937873e-01
1.303767041576148478e-01
1.333010313798599911e-01
7.140838493063710046e-02
2.958717238889796985e-01
1.273721153414826834e-01
2.776071565846003897e-01
2.549673592278443035e-01
1.568858031479102022e-01
1.145661825374437864e-01
1.881197548035109246e-01
1.696579339616376136e-01
1.739048423482512928e-01
3.205061664807232202e-01
3.350271389899618368e-01
9.378143202554516111e-02
1.046589718989194839e-01
2.002514936366839027e-01
1.080226653441715701e-01
2.052210330630521162e-01
3.490015984781772995e-01
3.493258349009035757e-01
1.273351070501640148e-01
1.038684124681203552e-01
2.795015329419835437e-01
2.230670923484883994e-01
1.450786200001728532e-01
1.262680040991099872e-01
1.242558092530328673e-01
3.056145721694736861e-01
3.400015810615704126e-01
3.093209655424038473e-01
1.895959607333695951e-01
1.515811475901218952e-01
8.556194011992457327e-02
1.765345719423287163e-01
2.859051382684829612e-01
1.949906715643205390e-01
1.642159462164295425e-01
2.515121026857403685e-01
3.311557710582754277e-01
2.970781381647276675e-01
2.629523576164135568e-01
1.532185745005688882e-01
3.110332828796814053e-01
3.269969754624459379e-01
2.230706728852261400e-01
1.851946936714292946e-01
1.962457105968815618e-01
1.989165768621827812e-01
1.341199157196389657e-01
7.278944286187571944e-02
1.926055498149876755e-01
2.101038982847728276e-01
1.007268919984557892e-01
2.905714679640313824e-01
2.865631486472353107e-01
2.933147619669169703e-01
1.526324919553461723e-01
1.623415078095696296e-01
1.502919910675615811e-01
2.296882364400084919e-01
1.318926513480898899e-01
3.054040452636829217e-01
1.914562580639372902e-01
1.643029836923099452e-01
1.751145140242510168e-01
2.183801285068001086e-01
1.522500953749598429e-01
9.783896286253945807e-02
1.101926401315061199e-01
2.196896806393095203e-01
1.356871046178372286e-01
2.374725212256231788e-01
1.938765736668308370e-01
3.420584768359830052e-01
1.167945140343367855e-01
1.281853224906548683e-01
2.663122067219234612e-01
3.420441013690499465e-01
2.944125849461520783e-01
1.799315724572054243e-01
3.095777991556931674e-01
2.015505393678639068e-01
1.292045727208377404e-01
1.328542338896537556e-01
3.389695962271955798e-01
6.413167829709161272e-02
3.136316880507710736e-01
3.430107994492296863e-01
9.192917994046193031e-02
2.287910720264484943e-01
1.940910922145605011e-01
7.659391594544566473e-02
2.785662819780894139e-01
2.275189697594108273e-01
1.294462053589037487e-01
2.189276558756515778e-01
1.252485972928453206e-01
2.250204085112767205e-01
9.959176938402107548e-02
2.446671401274783941e-01
2.891539747318332965e-01
8.323674755600564412e-02
1.332115816116556384e-01
2.976195422139381597e-01
2.928954997189069931e-01
1.078861502071807588e-01
2.866068088994159768e-01
1.785541502944102132e-01
3.005768190253401140e-01
2.666739881818195324e-01
6.852757156843540531e-02
1.417878218750767971e-01
3.038148843347605044e-01
1.171094661046244850e-01
1.460740138095290019e-01
1.636435501661207825e-01
1.432220640887935381e-01
3.494631814385202873e-01
2.097149881278401184e-01
2.603562568185613380e-01
2.740754296691856329e-01
1.611758062561273186e-01
3.416328537779639296e-01
2.377266702714020685e-01
1.853125664414326523e-01
3.395552677504966033e-01
9.614950610435847589e-02
1.046233142236971947e-01
3.297035621115751436e-01
1.300578671481399107e-01
3.983701518234150640e-02
2.906620889783304018e-01
2.372911383326708201e-01
1.405240253803160810e-01
1.162576943222972115e-01
2.710489842553169271e-01
2.337117020857349681e-01
2.441945527788930703e-01
1.314055589879803421e-01
2.554412442327921307e-01
2.712529981524036682e-01
1.422255254305041516e-01
1.124304386688531054e-01
1.364562033119768869e-01
2.146578384912327386e-01
3.325840682177274021e-01
1.861652606965123746e-01
1.899281815629839110e-01
3.377857770241705637e-01
2.408321786049789637e-01
2.031900442880435476e-01
2.486005084077085592e-01
1.319357794679172080e-01
1.615917831863373233e-01
1.529352643346329754e-01
1.874565466278051151e-01
3.015313053428301804e-01
2.628943129238646148e-01
1.613499861508347899e-01
1.251431879299708949e-01
1.543767867619793843e-01
9.222285645553192357e-02
2.720946683621933149e-01
1.700860394916462182e-01
1.138740243954460413e-01
2.608638117731558737e-01
1.313229957039823703e-01
1.541741113446204181e-01
2.554905498481607196e-01
2.020691585967817339e-01
1.622164504888745362e-01
2.608564698682682148e-01
3.216537277607241507e-01
2.931178004285046046e-01
1.196561107026130194e-01
2.447297876419426144e-01
2.887336699586512401e-01
1.816912904373790549e-01
1.236816919206796123e-01
2.155719838095983831e-01
1.610738946238303715e-01
1.200401823818598585e-01
2.442763473136627117e-01
1.257376330433136458e-01
2.965916341114716581e-01
1.711039017978211174e-01
3.217142679347777534e-01
2.899397487814777130e-01
1.704913737593592160e-01
1.112664627076955237e-01
2.722040397246882626e-01
3.311948817635451681e-01
2.377061003900242664e-01
1.436589343280835485e-01
1.220015416981641287e-01
2.986877265563391837e-01
2.366801487668834247e-01
2.138506081070926101e-01
1.111140882175443295e-01
3.354246014138064780e-01
1.267261410528388865e-01
2.159702005115449741e-01
1.852767464941439124e-01
1.409006439668449295e-01
2.066843912461476251e-01
3.437591553273737222e-01
1.754366467522576745e-01
7.281338395770946270e-02
2.770291655531741393e-01
1.184144752699704678e-01
1.310653628714538166e-01
3.088753189248844011e-01
3.043529256849170084e-01
3.407516560146718887e-01
2.185979865535944144e-01
2.324655153390882689e-01
3.043577753610974268e-01
2.054900537459291854e-01
1.440797460136858110e-01
1.892539845761039841e-01
2.081036020325777725e-01
2.219612708262922174e-01
3.352831267288998163e-01
1.141221419061371478e-01
2.185090433667906396e-01
2.197479441917737364e-01
2.383780675309712382e-01
2.494738653892543956e-01
2.106551841081818477e-01
1.877843127065794981e-01
3.019732103328811035e-01
2.535349503571205365e-01
2.249909326471650761e-01
1.190288857509947534e-01
2.503282805237637132e-01
1.738164622610932630e-01
1.357710106702322839e-01
1.273791641817206277e-01
1.040779063022550244e-01
1.380389125691700580e-01
3.137251782885792095e-01
1.576549321245969693e-01
3.480942690879216261e-01
1.456002335899944378e-01
2.717170755906390123e-01
1.444069184156615004e-01
1.326620726799723482e-01
1.032033727944257073e-01
1.259239733198698752e-01
2.601709630099794945e-01
9.539709780475859324e-02
8.539464357168861930e-02
7.982195370058224604e-02
1.330522976793904466e-01
1.411926930084398957e-01
3.060464095136687934e-01
3.190141315393477672e-01
2.349403645173810395e-01
3.380874539299436599e-01
2.762639150186875225e-01
9.868938919226488693e-02
2.040610612497678056e-01
2.612701903936359149e-01
2.040219375676021185e-01
2.321181900488612504e-01
8.632329316638469308e-02
