1.936586615789140930e-01
4.455104910770895515e-02
5.501536303984799064e-02
1.221148996446589363e-01
7.120815926360557491e-02
1.050655985849773544e-01
3.346194825848980425e-01
8.878146178421428281e-02
3.181193902789763439e-01
1.038334057569000463e-01
9.137411887904327290e-02
7.450815693155934949e-02
6.901602922712676835e-02
1.186270910659954492e-01
1.379813626732022125e-01
3.031645441687626508e-01
3.036193240200369958e-01
3.168887972039736711e-01
2.584511598252107745e-01
9.823773970287889845e-02
6.689256921837388736e-02
3.315999959701005362e-01
1.084272327779730455e-01
2.024500178221192159e-01
2.482969592877860843e-01
1.372486102804893193e-01
2.371759569125195810e-01
8.725894894071362096e-02
3.204322346094747309e-01
1.012376766540840078e-01
2.444744195821478006e-01
5.367554943115669663e-02
2.635821075064359587e-01
8.013686870437961018e-02
3.227429130104338406e-01
7.880755833657536458e-02
1.046343811169685445e-01
2.860121136563716915e-01
2.206484438678402993e-01
2.513374786013901074e-01
5.890708116264080363e-02
2.973587949455674256e-02
3.053792366791286961e-01
2.617931716364640948e-01
1.618504535110654730e-01
9.923679826545254989e-02
6.683002153805131518e-02
8.203540582410516480e-02
2.266165284120046086e-01
8.914655947422943372e-02
4.476070138433316942e-02
3.077915453250752997e-01
2.185543350487739456e-01
3.374305521476089753e-01
2.399379460186058521e-01
3.063027109251366120e-01
1.868190578880128960e-01
3.219621689880857729e-01
1.100459912085241937e-01
1.997409674074041297e-01
9.392234336832736008e-02
1.914270249414212477e-01
1.716765124154648881e-01
3.354095252084780543e-01
1.184579476169047435e-01
3.329082627882545276e-01
2.604658091301915168e-01
7.311242829350926564e-02
2.988278763619555134e-01
2.740034065923754869e-01
8.095132745298584676e-02
3.332194418778377520e-01
8.614071562180576624e-02
2.708734530152769326e-01
3.036300003304311379e-01
7.145613257896646364e-02
2.509172446544811752e-01
1.937892409770754776e-01
6.428911144518488496e-02
2.485392166659627644e-01
2.153147037234167394e-01
7.658983464490266846e-02
4.487661395125639580e-02
6.256505399100263654e-02
1.273639066455626578e-01
2.604594485181785379e-01
2.892653335392837977e-01
1.180573379057393429e-01
1.206336457583992994e-01
2.870936417090608761e-01
3.189703156169561987e-02
1.132571011637103359e-01
3.148036067980380243e-02
3.256052170029218318e-01
2.209555324156608769e-01
1.038958630169618536e-01
5.439507925441337127e-02
7.139787304896635933e-02
5.693370175382112680e-02
1.469822004824650752e-01
6.338374551339900909e-02
5.719690389696750754e-02
1.307472909422545404e-01
2.444985782138551778e-01
7.029633853992718617e-02
7.494214446432989618e-02
2.024978145768903115e-01
6.845630878067524017e-02
2.328352811014757495e-01
3.144264628222385727e-01
7.913445563561462281e-02
1.584799881149192291e-01
1.913100821072036550e-01
2.541149035842582005e-01
3.212784166646637796e-01
2.880635204352804402e-01
3.349544370861870513e-02
2.020193094402903955e-01
2.511381039243949509e-01
6.973886116860303352e-02
1.322865222770114313e-01
3.002407551634247440e-01
3.318451589153718073e-01
1.785329202210106658e-01
4.135950009896324081e-02
3.285157586184435652e-01
6.927965314330609969e-02
3.153898544634111678e-01
4.945319720132721614e-02
1.940443743109703523e-01
2.227529255559438370e-01
2.915323845004619829e-01
4.282760682116669437e-02
3.314660509392324261e-01
9.472566123240960811e-02
9.488983616601713578e-02
2.200834528765290565e-01
4.932710797975056044e-02
2.053748487167947334e-01
3.218473018259744578e-02
8.324515803847970519e-02
9.744108473000717696e-02
3.060309352751098277e-01
2.314448084074466894e-01
3.023876039962514750e-01
1.125618831256386121e-01
1.516692175587410207e-01
6.489061702267102938e-02
6.838833310561674705e-02
5.967577982940378695e-02
2.087205064319358483e-01
1.293635595219549961e-01
1.767209068501052471e-01
2.496924522204383989e-01
6.126364829318172583e-02
1.507993026021417493e-01
3.181732483439210502e-02
2.381994015964170874e-01
6.873230315569914262e-02
8.747299786296414137e-02
1.093094373423980636e-01
1.744358870801342165e-01
7.876047615197082075e-02
2.407843168001810308e-01
8.829978852331937800e-02
2.959450700521270017e-01
1.096800457227473796e-01
8.859720983333715938e-02
1.988876253711379660e-01
6.180343401149732130e-02
3.139447460598591699e-01
2.603803725106844102e-01
2.616919896031684734e-01
4.711794110089982668e-02
3.356454404629372612e-01
3.230979519513608178e-01
5.554108774495972872e-02
6.452654557125873935e-02
3.074698854423347227e-01
1.521159362545254357e-01
2.683006995975409370e-02
2.793115797439306713e-01
8.298045260602023021e-02
1.433759420437318022e-01
1.826791430487120227e-01
3.113884501968370855e-01
5.869589635711402326e-02
2.209381587615863174e-01
3.111168850337920344e-01
9.119676790142765277e-02
2.376152577937570010e-01
6.208715706148356522e-02
2.355624924913440887e-02
1.692326579818387300e-01
7.695962927100540030e-02
2.141420041004122032e-01
2.278327620740058790e-01
5.767511823853704173e-02
3.385128883475901351e-01
7.734890879473962921e-02
1.644480169171618211e-01
4.087647026249120047e-02
1.514081872636654780e-01
2.323488925848626596e-01
3.227611252197022385e-01
1.388870555171109189e-01
1.445287553255581448e-01
2.824152628070679127e-01
1.887148319990724077e-01
7.346520369661659056e-02
1.908931476550504713e-01
4.129601931114890156e-02
2.430052695505175442e-01
4.802179083885293326e-02
2.185179102786744820e-01
4.596291993480904753e-02
2.373932739452337126e-01
1.638242277987847217e-01
3.280294187787932136e-01
2.632790113775851371e-02
2.855802989663526747e-01
3.246927898478794705e-01
3.293098870675517653e-01
5.856199274244639624e-02
3.457840659926075810e-02
1.709480072345478940e-01
1.942830119062455008e-01
9.351209343983706013e-02
3.086356602156222206e-01
1.126450333022961381e-01
2.661616811489532219e-01
4.640475779166042258e-02
2.877855232589003331e-01
2.437048797745836604e-01
3.396938437327067656e-02
2.539600740850148086e-01
2.852282134149963788e-01
2.415786268307063556e-01
6.175146009496457200e-02
2.811082745419076767e-01
1.620738434217180723e-01
1.987866489933116931e-01
1.116994448829016773e-01
6.395338067595526810e-02
2.387217570183623461e-01
3.321262504711052221e-01
2.538077967054097051e-01
3.815664180859885957e-02
8.887496376734300985e-02
6.868004857324608303e-02
3.106669517885961018e-01
6.644773014795739285e-02
2.176947431526392862e-01
2.372217291343300255e-02
3.161365475028565797e-01
2.033713123927407274e-01
3.967009601943154162e-02
7.296320452569697579e-02
1.040561917317291279e-01
1.219015589571519204e-01
5.670984580295296978e-02
1.930774311399005849e-01
3.035914026355037154e-01
1.320031468189810375e-01
5.611042342332974581e-02
9.983161031027613930e-02
8.430807064207750112e-02
1.619104521214091985e-01
1.123112808669040619e-01
2.847957857355021272e-01
6.551296231998614272e-02
6.485001959120755000e-02
1.150859041762507529e-01
8.398823800519363003e-02
9.634409614928045318e-02
3.221988084112041295e-01
3.337310536602075550e-01
2.906271542609277503e-02
3.368283252821109852e-01
3.245407824588725232e-01
2.114233829674010134e-01
6.876376438483246256e-02
3.184862136876307481e-01
6.823114774519827008e-02
1.334516094788399665e-01
1.014504613354609980e-01
3.234179577773936276e-01
3.052047563968774205e-02
3.668843274619778411e-02
2.700277534253354150e-01
2.740182017147101967e-01
7.123725929682030167e-02
2.280769209639701700e-01
3.021278444875774571e-01
2.015621403963518410e-01
2.988178646403027994e-01
3.241570345324240043e-01
3.261621293383955011e-01
1.480062504409015434e-01
3.071265645157351606e-02
6.918148116875937059e-02
2.611627707648999097e-01
2.924319505554816567e-01
2.468611922676835768e-01
3.363463911123552030e-01
3.266295255954014265e-01
1.247015812659118122e-01
2.148813936555410420e-01
3.108118422876361420e-01
4.571501129411870840e-02
8.070844013906039449e-02
3.234894882842597602e-02
2.358809887751768808e-01
1.001671880368828621e-01
2.575138650838907153e-02
1.335815349467930069e-01
4.374188035486051285e-02
2.178738131879005557e-01
2.768634745337160141e-01
2.938800010729741841e-01
1.154744983520475665e-01
1.011127855894773248e-01
1.932173717459931550e-01
4.016520470556617789e-02
2.982706742534288469e-01
1.298650391347203059e-01
1.730048812921256562e-01
1.875064940720463647e-01
2.400467840689817639e-02
1.966794699812917380e-01
3.231598108725261542e-01
1.027662073730847420e-01
2.590516002665751438e-01
7.924480436453681942e-02
8.740061426507211850e-02
6.102534048957571761e-02
1.892370063721026952e-01
3.245325677710616530e-01
2.034194514317586855e-01
6.854318766255344808e-02
1.679597792137824397e-01
7.350664110789509320e-02
6.727163937670006810e-02
8.917192329639692105e-02
7.061839723195274809e-02
2.454786046840007896e-01
1.671850738124893432e-01
2.760201594563992805e-02
1.439860330164374758e-01
6.410293877644028526e-02
3.224991371939255336e-01
2.712234673150243913e-01
2.117214317155911019e-01
2.465487774168797774e-01
3.149833234742775434e-01
6.662403178808912196e-02
2.000871903571725396e-01
2.355303433804227242e-01
1.632124011555098619e-01
2.762490682739026510e-02
4.462412066484422457e-02
1.544588191666798338e-01
2.732265755978067201e-01
2.299077132900089471e-01
1.859976733257709680e-01
1.194427124511686089e-01
5.412339931103794105e-02
7.550406961483355217e-02
2.981044526053858723e-01
1.617983031389917947e-01
6.703690945842533111e-02
2.477818997569475046e-01
2.128716665901160821e-01
3.286267649031649613e-02
3.282763026948552487e-01
2.200101615000915889e-01
1.367288703633307567e-01
2.068122358530857241e-01
1.298394455003351045e-01
1.723138414338592217e-01
6.495437361714563596e-02
3.308317080092695317e-01
3.185198261669313080e-01
9.154619615916982645e-02
2.848498593652901145e-01
2.742400584130582075e-01
2.624529287524247634e-01
3.193441757327240005e-01
3.062543660254024025e-01
2.818745698508410835e-01
1.013964488134661418e-01
3.885355688898560478e-02
2.769522306100347109e-01
5.715891705539707934e-02
7.856583181814676131e-02
1.836898494804110049e-01
2.717129902093941562e-01
2.912240477133909433e-01
2.260116436027288234e-01
3.260600644246567370e-01
6.606775614093182702e-02
2.593117669267012704e-01
1.877210327220211750e-01
3.060807656687221101e-01
3.029573862639812210e-01
2.525843955784624617e-01
3.377525876567152863e-01
3.021216224930397543e-01
1.066054360970374038e-01
2.863609928170126051e-01
5.895914818698303611e-02
1.527952857150484678e-01
8.197983458066079865e-02
6.061842354097675412e-02
7.080197878579855275e-02
3.212833960528451160e-01
3.078476227531981579e-01
1.765765880756875739e-01
2.792714087558326175e-02
2.906219623645666106e-01
3.990499084418473036e-02
5.444343957362236808e-02
2.630741511659503429e-01
8.200707837390584787e-02
5.322593012154833159e-02
2.807855373644092822e-02
2.310128758228442714e-01
2.620170769500845265e-01
1.951218619007326349e-01
3.361619624542536156e-01
3.144283865999177308e-01
8.443814054826230542e-02
2.246020474434585468e-01
3.240745428023321661e-01
3.163371290224968602e-02
2.378605400715678164e-01
2.437554002601608760e-01
1.257615056259067665e-01
8.902083739393817918e-02
9.679778677519935981e-02
1.865753664006029600e-01
3.215527481211263305e-01
2.054041947370028598e-01
2.319831690032943816e-01
2.109723371370163525e-01
8.684056715589590081e-02
3.342175511376887509e-01
3.177106783269675883e-02
1.073418026311951656e-01
1.106877041701016390e-01
3.317969562550840412e-01
7.191502869201227277e-02
2.050334428458377434e-01
1.285721404453590011e-01
2.255614394072352480e-01
4.387621234706127332e-02
7.888895846951297919e-02
1.959489080110545234e-01
1.257236993828977634e-01
2.337176460918027887e-01
3.169408761498482274e-01
5.357898761995881498e-02
1.963866798834911498e-01
2.491112369046280528e-01
7.722530622811243917e-02
2.466557634698227364e-01
2.664314246944615716e-01
3.196697534129163687e-01
3.114771814092820446e-01
4.797345085558159250e-02
1.484071394638498131e-01
6.570465827293936467e-02
1.447394694102748236e-01
2.775401121855127773e-01
2.942464913892451905e-01
6.931216389973184067e-02
2.718843585135135785e-02
3.272246108338832671e-01
2.527028080744133653e-01
6.374241369977778904e-02
9.812059755227561797e-02
7.530156437486687504e-02
1.660029525979523635e-01
2.928686327148819490e-01
1.335931227413657274e-01
2.779824331880543231e-01
3.300501441599875685e-01
1.170999392539903844e-01
2.433929125325746956e-02
6.110555872623920498e-02
7.020784887620344639e-02
1.694540012950605246e-01
2.441319904651701456e-01
2.918118825986160472e-02
3.183942109913772134e-01
3.366514038406975828e-01
7.305722853428864294e-02
1.482077751592221215e-01
2.643014015677944140e-01
1.211187059701476360e-01
7.754514899373296521e-02
2.214110561690885159e-01
3.088349339064780374e-01
5.019631061258476856e-02
1.068842792566872674e-01
2.390365020842232999e-02
3.246350576204696803e-01
7.174755436725679947e-02
1.603507589583220982e-01
1.788291155133604760e-01
2.466205044618618725e-01
3.150700806630440387e-01
1.122046849294646154e-01
6.198305098972748534e-02
2.191467913829039105e-01
1.496024082250992093e-01
7.722954140580891302e-02
2.053835561269539145e-01
1.876162356350590255e-01
3.330698729816378711e-01
1.302364347200323791e-01
1.742837558582132906e-01
3.563268483047373619e-02
3.295411334734280051e-01
2.914027376211832943e-01
2.024880295851471390e-01
2.470639696294940069e-01
3.031760689592918334e-01
2.648261802144701860e-01
2.733128797300214963e-01
5.337562427750251748e-02
1.684935161684258387e-01
3.019630375086345686e-01
8.746386221991576948e-02
1.603676390704602828e-01
2.765669453623006979e-01
1.572115988557679089e-01
2.916281948249214301e-02
3.143902470340054905e-02
8.577813258866789914e-02
1.272158794677092364e-01
1.165619429539278828e-01
3.062777729564504225e-01
1.707831089940201053e-01
2.829459123850067703e-01
1.209948161309351983e-01
3.226715960819503404e-01
6.741885316276952089e-02
2.594757834468449098e-01
2.378985350723819558e-01
4.285139024254197571e-02
2.603648299763774432e-01
3.258164241217100243e-01
3.152872666443545802e-01
2.309657903725684802e-01
1.629483772802232666e-01
2.232603603127992775e-01
3.370157041843315215e-01
5.850585456426325021e-02
2.674833359182555159e-01
9.854477753302645637e-02
1.076016398319209338e-01
3.295145503070135984e-01
6.921923357186224313e-02
6.758786197935111317e-02
5.242695197902546428e-02
7.029570831701979772e-02
8.458412273056617470e-02
3.033051302882272537e-01
1.787461354125176316e-01
4.268275196138126421e-02
3.056906498691000507e-01
1.076462253492714988e-01
1.701628056432321068e-01
6.348078608558392621e-02
2.237765680515201305e-01
3.075107670135468485e-01
7.128733010840711259e-02
1.316040955881878638e-01
2.975267093485206571e-01
8.240322282883666416e-02
1.663834729954552505e-01
9.519722164540916909e-02
1.208710645756823354e-01
3.030952041927017365e-02
7.053848465961005954e-02
2.831253331678519336e-01
2.375416304916894428e-01
4.883281026830527810e-02
2.457938172573031210e-01
3.945509722304475081e-02
2.794307197980752666e-01
2.458338845570278708e-01
1.248524621670758783e-01
2.125184209176967098e-01
2.861056191659258272e-02
3.311242919896035253e-01
2.269243196351944103e-01
1.334184906889811228e-01
4.748254378551691052e-02
4.275903085440770773e-02
2.457074452804220155e-01
1.216768973363991230e-01
2.879512449584719636e-01
1.352734294397730797e-01
2.641262916604783517e-01
2.534031642218984581e-01
1.709156308552678138e-01
2.328963406489266696e-01
3.218052392578955034e-01
2.865814080683197762e-01
2.403044458860428834e-01
1.122328660855984456e-01
9.055849265876032839e-02
2.120372024922226317e-01
2.445115501324986451e-01
1.811062266443292657e-01
1.775480837348568097e-01
2.633524122752788910e-01
4.081337917003778626e-02
9.040676287285573376e-02
4.468969756239461744e-02
2.103711910784155092e-01
3.233136096962348494e-01
1.713320313952997054e-01
1.642918527388508576e-01
1.046864261571428950e-01
2.223400204992498630e-01
1.590824545069638718e-01
2.156194099312860879e-01
3.378780487441142566e-01
2.592681280582375680e-01
1.068185698006384327e-01
3.082067999366835953e-01
1.064427363311206548e-01
7.311600701090360810e-02
2.880772446108478269e-01
2.223708469567687307e-01
6.006668009423567905e-02
2.077291970629287221e-01
1.234545072309256863e-01
3.194112470034856655e-01
3.510358129566583385e-02
2.304135237557434004e-02
6.929026348967286253e-02
3.371113373522146017e-01
6.405877533556056380e-02
3.098388806870340795e-01
8.134589256806165625e-02
6.725515180505474422e-02
2.138668684067866199e-01
1.883451492916367320e-01
3.286242191766141629e-01
2.660550763592092194e-01
2.769737198533572808e-01
7.289853310228408545e-02
2.630518842401584068e-01
1.222683078976539578e-01
6.242084861153916753e-02
1.133435301075714219e-01
1.151616349597662653e-01
2.919755254692931179e-01
1.446262969696215095e-01
2.702207904026615592e-01
1.515188866515837507e-01
3.372285726428755903e-02
6.990270302835521754e-02
2.631894222651502413e-01
1.730273033804431981e-01
2.591803461780259887e-01
3.173797276628746444e-01
8.227995458086073688e-02
1.963199700423905458e-01
1.043574002726931765e-01
3.289132364949013398e-01
1.715477934338243693e-01
1.067140579574212267e-01
2.643279686241068599e-02
8.957222849788719354e-02
3.036599488076706099e-01
9.525207809175488538e-02
2.968566801916199260e-01
8.603153645911938707e-02
1.064943476914411019e-01
7.112684444951128393e-02
8.155884243087843655e-02
3.321605597546195554e-01
3.649404148409719079e-02
2.413431111608128898e-01
1.396262757344653993e-01
3.211401964415554894e-02
2.428763666339288363e-01
1.324206017985577466e-01
2.738033996812672816e-02
1.859028800354941835e-01
8.877339175702310403e-02
3.055159510961323877e-01
8.916010671955362787e-02
7.868981546115298709e-02
1.129187740368204074e-01
2.295175265244994434e-01
8.802198013871469218e-02
1.673531546942234327e-01
3.254306760651527464e-01
2.805404172784350392e-01
2.713806475064219903e-01
1.601903392561679906e-01
9.895962309063270623e-02
3.380720039752028727e-01
7.632953150056080716e-02
7.401073532732665994e-02
3.184099888754506058e-02
6.298291037776533596e-02
7.011501401547785839e-02
3.601261810017712672e-02
1.981616472688866315e-01
1.686385311408742094e-01
1.572425184184919333e-01
1.134808037725113933e-01
1.393922932408417914e-01
1.752985357612491246e-01
2.996280581273507160e-01
1.070500429493427136e-01
6.357735034675639219e-02
3.179423897123972997e-01
6.967004518044646322e-02
3.484116764164926772e-02
8.663897682710777759e-02
3.274831727948800397e-01
1.631653373866782941e-01
3.213466848584860536e-01
3.283126837070542425e-01
1.435936493622727295e-01
8.555625262251011220e-02
1.224727682266057160e-01
1.378538935823213907e-01
3.131512878985557857e-01
1.823843797773184450e-01
1.660560991033031286e-01
1.910112700991790091e-01
7.219967380780327459e-02
1.931943147073164613e-01
3.357043473316905224e-01
3.002517586610904399e-01
1.375658313621445084e-01
2.249037507496120525e-01
6.541207992130834703e-02
5.130991633556994391e-02
1.261195931856024244e-01
1.153244083540961168e-01
2.893106240774490079e-01
8.687215800270585431e-02
2.328414311004416981e-01
3.368375949450652107e-01
7.271463217364564080e-02
2.752810642144868369e-01
2.055319957991496027e-01
2.920023541727978511e-01
7.188755490497224232e-02
2.688855657143060518e-01
1.051045915722695900e-01
3.847335584998156505e-02
2.714375018043867493e-01
1.878959110690337775e-01
3.300105092427768061e-01
2.214299871251289575e-01
2.557858462498795449e-01
1.776630464541060772e-01
8.790971698658453515e-02
2.011134665744578609e-01
3.230791779487178217e-01
2.347308262250356048e-01
6.790809541374055736e-02
9.601081936603510225e-02
3.100683916875659335e-02
2.673825541622279478e-01
2.896077765663342407e-01
6.134120211479746759e-02
9.930092148125099771e-02
1.546702396746802710e-01
1.973848998258377896e-01
3.347975832510773908e-01
3.974443377955814288e-02
1.792783488932112035e-01
2.039528994119237382e-01
2.383177949513598515e-01
7.599634926476127317e-02
8.637322925554909159e-02
1.508224303358759733e-01
7.339412612040935313e-02
2.864069483158978024e-01
6.361754517888809635e-02
2.266037159447926441e-01
3.177900365057113041e-01
3.379081658106396491e-01
2.534786634183955889e-01
1.518515421562955936e-01
3.280922805595389291e-01
1.346099454034831722e-01
2.670904744119442786e-01
9.280120048885025230e-02
2.579770217207623118e-01
3.212982130328548847e-01
1.518351324065215224e-01
2.661782251458855719e-01
1.416476056963514862e-01
2.430106585850669298e-01
1.310609029654382363e-01
6.129687533976523744e-02
1.103271089641184033e-01
2.917296971688024265e-01
2.412450433204458289e-01
2.814522127796758588e-01
5.658150550762944264e-02
1.441351291362685805e-01
3.370026322597384216e-01
2.810280602529875993e-01
6.497800579020142353e-02
3.112339955968336236e-01
2.034588916291047433e-01
2.834192110626607697e-01
4.437425881829309970e-02
9.935221103989724800e-02
9.160904174820701240e-02
7.693501874522203077e-02
2.623250930655658952e-01
1.270730738756516709e-01
2.191468117247711567e-01
2.495708097577153117e-01
1.031015106470666992e-01
2.102696226607664864e-01
3.140599930542723600e-02
3.068183498901821959e-01
9.194413911325961808e-02
3.013498810948397333e-01
1.237102852101224643e-01
3.356359522241961768e-01
5.738207704467136044e-02
9.395758946445070814e-02
2.257576282688830427e-01
1.785500755936365591e-01
2.924267629022566650e-01
7.284136155835466142e-02
2.343235116830638121e-01
5.074663505137714387e-02
2.301644064964988579e-01
1.889727767259641589e-01
2.085448404990438986e-01
6.137612525629786153e-02
5.454756154000212076e-02
7.107924994146616604e-02
2.353373618820515378e-01
9.865498835192618166e-02
2.777272746228879319e-01
1.300562364191593934e-01
1.216473411881030253e-01
2.470747411693655637e-01
5.150744242786658988e-02
2.970017370781855015e-01
7.798282706851220047e-02
6.222967750879210280e-02
2.335024002136059512e-02
1.411686433554256992e-01
3.283854399118348311e-01
4.863724318870724789e-02
2.934343859773106966e-01
7.682040649449392578e-02
3.481192414327261009e-02
2.251683508734734357e-02
3.009331211805402750e-01
6.714524099818192093e-02
1.552801001059296304e-01
2.552194915797887931e-01
1.309505446616382740e-01
3.133065849133159220e-01
2.389046504039289143e-01
4.768534791580722465e-02
6.944327919161494278e-02
1.137357822972562410e-01
6.900722059664515795e-02
3.214350265387331262e-01
3.118580802465836799e-01
3.185024057039946843e-01
6.726282592550900108e-02
2.170733448746722805e-01
2.885576429733177628e-01
2.215942335399238294e-01
1.303600481616176698e-01
1.026986192280062438e-01
3.016597544364867378e-01
3.010551591162314855e-01
3.170640360078685327e-01
2.331836894522505976e-01
2.853583466356258702e-01
6.046503024986307068e-02
1.549625473737327452e-01
2.034346373732050239e-01
1.064727516444813338e-01
1.573420609492982569e-01
2.668803493610583111e-01
4.556102306738337576e-02
1.056431132733008232e-01
3.236173665848390835e-01
5.053364968624798892e-02
3.338979279672835698e-01
6.749333362415971260e-02
3.002812784119990863e-01
4.213002879419022045e-02
1.650567511414103850e-01
4.977126679703541140e-02
6.486595862143020030e-02
3.325620161697008248e-01
2.168672640174531263e-01
2.985279953462781077e-01
2.280999092098442704e-01
1.805242205272875045e-01
2.294504454924335968e-01
8.324983959648324383e-02
1.363940706293077232e-01
2.955868506385066485e-01
6.055818174340318188e-02
9.855793165900772479e-02
1.267233841641410841e-01
2.832226614655735109e-01
1.915364361017513617e-01
3.914446474682842236e-02
1.103745569906799256e-01
2.133856684938667814e-01
1.097602803773890384e-01
5.420132017844830202e-02
1.117979635485688850e-01
2.899775647180609095e-01
2.488848861892335729e-01
4.525747118699775112e-02
7.576240939750578107e-02
1.253783427606706691e-01
2.162542391138816689e-01
3.274311814305197466e-01
2.100785863008742815e-01
2.701705634646069942e-01
2.411245603403901483e-01
8.190072622096447597e-02
1.851763676669585246e-01
3.215799760426857334e-01
3.100457045009415991e-01
3.134283480068651428e-01
2.447582234141660318e-01
1.090498605612821165e-01
3.191609229198773545e-01
2.733123604600298795e-01
3.228755678142857799e-01
1.421835673702244174e-01
1.039996199900539015e-01
3.203209530313518294e-01
4.535712957035650805e-02
2.859035833243754252e-02
3.826790799789905884e-02
3.528362462781860220e-02
2.199843527620213568e-01
2.421813313188465600e-01
3.690457388321301962e-02
2.778815944796119708e-01
2.382900444761582026e-01
1.842693418272246531e-01
2.821153698535433518e-01
6.946704044750148799e-02
2.931621251594510036e-02
2.176485157694595940e-01
2.171897699007115934e-01
3.200320004962309284e-01
5.646093186071975134e-02
9.613921477699162443e-02
3.194939938983296646e-01
1.165495577694510704e-01
1.840887431466287638e-01
2.992381624261640227e-01
3.193203707548871728e-01
1.952950321905978226e-01
6.523150704188447613e-02
6.461247740933061257e-02
1.119979961457283762e-01
3.303707050864234107e-01
1.339218403509084832e-01
3.203278012887684212e-01
7.126266511663562064e-02
2.061504877562330418e-01
2.631658940877749098e-01
4.072772399021402923e-02
2.505981647966648018e-01
2.482451005249129428e-01
2.021635578805690558e-01
1.464925013391986108e-01
1.532289238990371116e-01
2.437031067173386634e-01
1.544189456778066738e-01
1.952032005587317764e-01
2.157177171116591574e-01
1.611804818925272331e-01
1.326821158416796320e-01
7.047416772913850380e-02
