1.040988489778660042e-01
1.641495822010842487e-01
6.967098971019827780e-02
1.985881420088900229e-02
9.381436001603828123e-02
2.243056584802735065e-01
1.910224860481263276e-01
2.012109438304741371e-01
1.450967716583387579e-01
4.580640341497736745e-02
1.507073115720194423e-01
5.819946720388509409e-02
1.918989849801085168e-01
9.680174001332884914e-02
1.798309371352357355e-01
8.279260536818408567e-02
4.439333631072125974e-02
4.905105169581643748e-02
3.005290003202525373e-01
2.792524591221738905e-01
1.326148831235695047e-01
2.549061592446122404e-01
9.665176598868674418e-02
4.553996318548251404e-02
3.605832162476196173e-02
5.475445508356065888e-02
3.361967574213788751e-02
3.060445295336065019e-01
7.665414455750126825e-04
4.583370679184671503e-02
1.761260598505708375e-01
2.438262683007595133e-01
2.733130074112756769e-01
9.663465183836665584e-02
2.467104065699130544e-01
6.404240017521939388e-02
1.724017130555033916e-01
1.962032224871066988e-01
2.988445973253178733e-01
1.621485398047330939e-01
2.418353275106062683e-01
2.878635932558220589e-01
2.952748057197889658e-02
2.282144432097855391e-01
7.953558719896562657e-02
2.820969681807832669e-02
3.992111902547009622e-02
4.818732951727750652e-02
2.967609702449181680e-02
4.453784576355215852e-02
1.133615877786613158e-01
2.843716400431899327e-01
6.061219452406971242e-02
4.917477777863542288e-02
1.272423163948777081e-01
1.096873571813869880e-01
3.528274416440720790e-02
1.577884524534985677e-01
1.902826209956915149e-01
1.447578788800837069e-01
5.239785444075905491e-02
2.144541071961083012e-01
1.674324035512063102e-01
6.057518810210128085e-02
6.640340795951850394e-02
2.537211037717193030e-01
8.067696996042565682e-02
9.793070318200040869e-02
2.592988699832852184e-01
1.574284505844235627e-01
1.270700618793249304e-01
5.702048252550893925e-02
1.612353868817001379e-01
1.566859594521054500e-01
9.898670229773809393e-02
2.229933724721983868e-01
2.269555293310453747e-01
1.840334546507031363e-02
1.533902585889366232e-01
3.083010130332550780e-01
1.080233603146121824e-01
3.042046986775789885e-01
2.625713039982232599e-01
2.881606728178237042e-01
1.550572118889850803e-01
3.093373323523912477e-01
2.732126072698199404e-01
8.817571646517545492e-02
3.234537970585394523e-02
1.697697731646536368e-01
2.651485578121699493e-01
2.204056132931071429e-02
4.772207382945350268e-02
5.506933648633871581e-02
2.745982658198162785e-01
1.399544432803892235e-01
3.007346307586438727e-01
2.322664810648477629e-01
2.893026833295644362e-01
2.600466612299235925e-01
1.200596682193427883e-01
1.164425019298847286e-01
1.925272383263366693e-01
2.252395479224088559e-01
1.622555635855624512e-01
2.715802030134442657e-01
1.073441379704103277e-01
6.706544469319634938e-02
1.037362994426954260e-01
1.276806150033883147e-01
2.495957845184637036e-01
3.127227677999037947e-02
2.032232009140715889e-01
1.873524326163638482e-02
1.652337659587258811e-01
2.044798166107030316e-02
2.473462383445698132e-01
3.237379059064464382e-02
1.782821158965743058e-01
1.868730517410522873e-01
1.444076022291501116e-01
1.273104171393498185e-01
2.139632451841014527e-01
2.937791826910733373e-01
2.954017950040481733e-01
2.152669315157408336e-01
4.579117985640783484e-02
3.070917647730581068e-01
5.620897975810005415e-02
4.849694808078141434e-02
2.042076805247219906e-01
1.453940830181102151e-01
8.353987767913086115e-02
1.136988538097422896e-01
8.106530502001536853e-02
1.558349371199181099e-01
9.228234471009359730e-02
4.783027254030603609e-02
5.566301752561175070e-02
1.118133987534265794e-01
2.112405206751751530e-01
1.358240951065045610e-01
1.562695740075799866e-01
1.844712165635237211e-01
4.846224858165356503e-02
1.349053988599548393e-01
3.065143511062600745e-01
1.699403711414871343e-01
2.431267269459217728e-01
2.082285594513920146e-01
3.798706855509115937e-02
2.215048263356427238e-01
9.457744847436182212e-02
1.445395024695193265e-01
1.714313587872444422e-01
2.241047805779393942e-01
1.243130225190370586e-01
6.115482763948292683e-02
2.211226404289932113e-01
6.606071796081543213e-02
9.596057642360995843e-02
2.248282157345082299e-01
2.009097589337735246e-01
7.385839852713693698e-02
1.411352921630040606e-02
1.415553835445884645e-01
2.255249362724477680e-01
2.002690057268408375e-01
8.877367910363223591e-02
8.448177173096386994e-02
2.956759362354425269e-01
1.894934925334036957e-01
1.663481831253658949e-01
5.044794843400074447e-02
1.016819093043221517e-01
1.721999656038541993e-01
6.865720963480993755e-02
2.651898284762300301e-02
1.026077193095659007e-01
3.273026362931287514e-02
1.848677940312629386e-01
1.749708068715595533e-01
6.997417943987092187e-03
8.727366467037861453e-02
2.118929510069610667e-01
2.619876725548139773e-01
4.996996562503935174e-02
2.645044227675178994e-01
2.002926365619070448e-02
1.732586958919474507e-01
1.318994348077592305e-01
6.410715671681033179e-02
2.939745744504309033e-01
1.718611888149989067e-02
2.031161779072336929e-02
2.480891494208238915e-02
2.803854992893540232e-01
2.062890172396649735e-01
7.219919109138543678e-02
2.102389364673425479e-02
4.418850731063083542e-02
2.280726479415886090e-02
5.271111974640207282e-02
3.065457906347814343e-01
7.458769585741102659e-02
3.012489151997226888e-01
7.764015121105388717e-02
2.685876181823886322e-01
1.352135113124443566e-01
2.594024484153655274e-01
2.255619732066266037e-01
2.923207820398893153e-01
2.333904674017189262e-01
1.642832820243307623e-02
1.723819205793246101e-01
6.276951862813308358e-02
1.513703281333109718e-01
4.553080133853007472e-02
2.036542742229621034e-02
1.860163609980136634e-01
1.194279156970402267e-01
2.297547281715157930e-02
1.671544137454095968e-01
1.363984883564060280e-01
1.205678566786188843e-01
3.026930052025040840e-01
6.678476743670780369e-02
6.882914226749727027e-02
8.639854075249619667e-03
1.909202771771172091e-02
2.534125340676301463e-01
2.847663095075343986e-01
8.572469903130408575e-02
1.517768898467700689e-01
4.660129898026706824e-02
4.049190964981113500e-02
2.593664346507933982e-01
2.430374971602910494e-01
1.556858925921963122e-01
8.123660134502928842e-02
1.203484983003381276e-01
2.168214078793345712e-01
1.309852342851690887e-01
2.320949207905640965e-01
1.481415415270640468e-01
8.525794257048203983e-02
2.559947310960686284e-01
5.751392395497505888e-02
2.163837484849832071e-01
1.702508385964144610e-01
3.390200560455498141e-02
2.152613364260268919e-02
1.608121411475562923e-01
1.291959102546859917e-01
2.175127762483997085e-02
1.296784925629974328e-01
5.311129110242619050e-02
1.214338757501868538e-01
8.032723850528757092e-02
2.778908739358743607e-01
6.958485490556048925e-02
1.591312507162488954e-01
3.994443977655928735e-02
4.298117447888896020e-02
1.727750026425634577e-01
4.660587319659395544e-02
3.359827314550806968e-03
2.027522130827621449e-01
1.395466790636326060e-01
3.658316796703235674e-02
2.522624191315206432e-01
2.420133953012928996e-02
4.851596947046973168e-02
1.780662035934769266e-02
4.376425217320432243e-02
4.190629476378419926e-02
2.283857953688622211e-01
2.587997704046176017e-01
1.183139944278537858e-01
1.057637873622316732e-01
7.651002096289746812e-02
1.661927057517282036e-01
3.249972114237412862e-02
5.352826426649993224e-02
1.080130778688618946e-02
3.264663906010496081e-02
2.599535285099838222e-01
1.423482923044917803e-01
9.612444214741039383e-02
2.322616415943997911e-02
1.758507578822013084e-01
2.937391901329391986e-02
8.377005190446054628e-02
2.265223550035946887e-01
1.686999344464638062e-01
1.559573346750562362e-01
2.746864798221229642e-01
4.344755431355819958e-02
2.249455753460084251e-01
6.074775301180404541e-02
1.916075659865955072e-01
1.387076040446355574e-01
4.950295155959806570e-02
3.053817862189844162e-02
2.573918870335727971e-01
7.125682683107220639e-02
1.816599213344155528e-01
5.665087209382841521e-02
2.940464563808245502e-01
3.206505886958817969e-02
5.391913522946462090e-02
2.861753468852268889e-01
2.295465804588309733e-01
2.119234380445727262e-01
6.441489806413600028e-02
7.661512334097130006e-02
1.131250931066240112e-01
3.994067198279611236e-02
1.750667863254926071e-01
2.939483826172138436e-01
1.518023985830389277e-01
5.281364922813011620e-02
2.433837560706098024e-02
2.924818622038444227e-01
1.170586961987981622e-01
1.758257167377305363e-01
2.514815853961068770e-01
1.046974627748909897e-01
2.826954224464118814e-01
1.878280273864955663e-01
5.769733121167726353e-02
4.015374220573700997e-02
7.383147291889811947e-02
2.664890022090981025e-01
1.501674139474027947e-01
2.463935110122210670e-01
3.107479474959269350e-01
1.371343454088533031e-01
2.258776755161222005e-01
2.895293249672226676e-01
3.132804784334488613e-01
4.866224016665180244e-03
4.626622631476970393e-02
4.696071103761705751e-02
4.492453628025002560e-02
2.017423115359325558e-01
1.395426273949668949e-01
1.396582167476524972e-01
2.140055824682061264e-02
1.246415945837408140e-01
2.106317453066235690e-01
5.239843976999293551e-02
1.627424886066200782e-01
2.388202575353546020e-01
2.322629053360363571e-01
1.967701713272675401e-01
5.221313329227799532e-02
1.952094025870719229e-01
5.426233990851548478e-02
2.177905302542057775e-01
6.389092846051509789e-02
2.360437999992530053e-02
8.370026413484500660e-02
3.111096642651932642e-01
1.304692789144147880e-01
1.510461748218480393e-01
9.507529801079285178e-03
2.128950626191698434e-02
2.508036947304642106e-01
7.139078834547228636e-02
3.929347330624982648e-02
2.674540833416711449e-01
4.601820135285377561e-02
3.045702128330632363e-02
1.134954872828649181e-01
3.095864910977604370e-02
3.996480459891887244e-02
2.822136289879643156e-01
2.735541128406098754e-01
5.531251861740851469e-03
1.856503541039625227e-02
5.786629139675936173e-02
2.719455211694353780e-01
1.011280338198619760e-01
1.060714393191075078e-01
2.395721813829647939e-01
1.189556214575007154e-01
1.189400067272887995e-01
1.541582564605963601e-01
2.468434090128161229e-01
3.119598869722574053e-01
2.613640622179010942e-01
2.414855190054166489e-01
1.548777880364074211e-01
1.961063258807038412e-01
1.040699745939754894e-01
6.975357914935233217e-02
4.589007637388686084e-02
1.048663250340250291e-01
9.371403517489515500e-02
1.339414933895799187e-01
2.839783388774995698e-01
1.839981919315416548e-01
1.958665785317920960e-01
2.799119159551861635e-01
5.474002616974772695e-02
1.977336813123919956e-01
5.373637133940383642e-02
6.793650117638302954e-02
2.178451141488089438e-01
3.091061665538846204e-01
1.489771784640879226e-01
8.403914867684549039e-02
1.709308780343460066e-01
5.748173936089149422e-02
3.068977560318019160e-01
1.224597042287529775e-01
1.297336120708965923e-01
2.361854683147404932e-01
4.978676483472332936e-02
2.366959203097818154e-01
1.515215313915217570e-02
6.700609714737915112e-02
7.066925764836747004e-02
1.282792872287700781e-01
6.882465447670628456e-02
1.232995171897523223e-01
3.686657723558216249e-02
4.637922929187113935e-02
2.006250102981484706e-01
2.895194976205805459e-01
1.110700301601633411e-01
2.276160303707249477e-01
2.301589347503865401e-01
1.686735272108717265e-01
1.427480094407354572e-01
2.580963027234853269e-01
1.329352256678862088e-01
2.174041671995925462e-01
6.052247657320969365e-02
1.502223232281166554e-01
1.335345327777689994e-01
2.657691603191998930e-01
7.135899674163283246e-02
2.351120322194892032e-01
1.364011231284380510e-01
9.715638569643562927e-02
8.263292841006082690e-03
2.116007685501585800e-01
5.586885214686464901e-02
1.003266263237018036e-01
2.139891237918131392e-02
2.843158004299857766e-01
1.206028843661783589e-01
7.682264183257780932e-02
1.217569576847584573e-02
1.558200855257132478e-01
1.254095312299425002e-01
4.327224136113957953e-02
3.097148533341702037e-01
2.457880828356394376e-01
1.900511512493424093e-01
7.408851790276031746e-02
8.409544068808996742e-02
4.969139662260196877e-02
1.897455070456862125e-01
1.646343087893017421e-01
2.834239203006609364e-01
2.537360744745416619e-01
6.280039436572321110e-02
3.854323210171849839e-02
1.288377687723523124e-01
5.198740394252598929e-02
4.871812901370085186e-02
1.794852562841349197e-01
2.200958947204002120e-02
1.856275743619658636e-01
3.072899601222526256e-01
8.705378157817582341e-02
1.528497303545420516e-01
3.833841925640046194e-02
1.699978201088659102e-01
5.625526661577465171e-02
2.112468542048309694e-01
1.299097939505918821e-02
1.048236182322189770e-02
6.498247199791516715e-02
2.974577417067474916e-01
2.908151149045948847e-01
2.566609591394792278e-01
5.823409879684584428e-02
1.751885730202305466e-02
1.948363571665312835e-02
3.074545570338160783e-02
1.008212296188540358e-01
3.093601696821684510e-01
1.250456999713576434e-01
4.720166791246514087e-02
2.839846031100014545e-01
1.304132904348347458e-02
2.524777429839462073e-01
7.771051224519497092e-02
2.163632786680332043e-01
5.944592136360518642e-02
2.706166519558842465e-01
2.967895297959105561e-01
2.360107972908518370e-01
5.419066116309458753e-02
1.874564122411934430e-01
2.555065741208845109e-01
1.315915349465683060e-01
2.664588883646890061e-02
3.046992534476490322e-01
2.677679689285925591e-01
1.840953352580447164e-02
5.257242752709734464e-03
1.954053177087498039e-01
7.114036400041777453e-02
7.938842386074783375e-02
2.981073116247048294e-01
1.033424862040333986e-01
7.696843350057598621e-02
2.596545178233267137e-01
2.919442558147829492e-01
6.080727551407669185e-02
2.417404008012268707e-02
1.123592938323954710e-01
1.726060458139132003e-01
6.380450186184047356e-02
1.510728418263561079e-01
2.118596480278710781e-01
2.374621935328158906e-01
1.953612687129276382e-01
4.909806378446397029e-02
3.045281421594062676e-01
1.183320400674837541e-01
2.067047705851617623e-01
1.544703072040018998e-01
1.959392854287158592e-01
5.286639180383716219e-02
1.150811789533082857e-01
2.164101022100468896e-02
6.213046703816114263e-02
2.673131007742278187e-01
1.499760977316978716e-01
2.293226312803466060e-01
1.631166241557533703e-01
1.871249982756246211e-01
1.189692921348463467e-01
2.917017199986333686e-01
1.842368893606106256e-02
1.414756792973877741e-01
2.712990429381258450e-01
1.302464418456111828e-01
1.883098761796241638e-01
2.194242134810191897e-02
2.730765340907691519e-01
1.276742504852326487e-01
5.789130842959968465e-02
1.409527189539790670e-01
2.675809244848857404e-01
2.353022817967937441e-01
5.065432404055115329e-02
1.699006825475583016e-01
3.259080096480006239e-02
1.369097379857594776e-01
2.572570491805627468e-01
1.123133564855725436e-01
3.022067482848546545e-03
3.115558592426907469e-01
3.767843425607429741e-02
6.583256971509193756e-02
2.744767663186726755e-02
5.268183192616047311e-02
2.331989586266565995e-01
2.847013566525807837e-01
9.805373909447123726e-02
2.991199875244504591e-01
6.148273597564075932e-02
2.438530709004117225e-01
2.057598964916542983e-01
3.332939246372234460e-02
1.267222382956688376e-02
3.218755266009319660e-02
6.999525122781988240e-02
4.983301825689549075e-02
9.309051593951984949e-02
1.930640838248613711e-01
1.726753854414405931e-01
2.746876363920174868e-01
2.612426183256405521e-01
6.767825015892305063e-02
8.927588621946749847e-02
7.283225380614734984e-03
2.225599484047681986e-01
4.099821335329576627e-02
4.864037346698939918e-02
9.409201115029599410e-03
2.660687979430081396e-01
2.541887618179121677e-01
8.402711151338453088e-02
1.631482020056484183e-01
2.429268750651139008e-01
2.728651782651038693e-01
3.134188643593449619e-01
1.430269550089096064e-01
1.795283486934285688e-01
2.086083960426918515e-01
2.003301362666715102e-01
2.828705221474557829e-01
5.292609450467524596e-02
4.522425463306537635e-02
6.998175381283486263e-03
5.070335025512284766e-02
7.017745919512583842e-03
1.567137260665789900e-01
1.646352929548898225e-01
4.621130314550564444e-02
5.887028254221440132e-02
2.877235582933159175e-01
3.024456588922548317e-01
8.165320112662270702e-02
2.339717264117394668e-01
3.505073317676001693e-02
1.452716905254018420e-01
1.215680243231459234e-01
1.693816228081916897e-01
1.087745262787472161e-01
2.246262389099309698e-01
3.799867940874557953e-02
2.423422009846279146e-01
1.633767201865871099e-01
4.260681145297062072e-02
2.604678131103443928e-01
1.162030763734549638e-01
2.492768972942243089e-01
2.785945990438833397e-01
1.990605443680592279e-01
1.440363301775689497e-01
2.891188523775434227e-02
1.224706248804228181e-01
3.063116217101347627e-01
2.988345605543769046e-01
3.927466643592130574e-02
2.358530331165174243e-01
9.696246928472564142e-02
2.256842016451339125e-02
2.098072018223456070e-01
6.008325458348433984e-02
9.121971429844362780e-03
7.680294759647564307e-02
2.582249455222557777e-01
2.395597522652506139e-01
6.290330588765810638e-02
3.124062321657973818e-01
1.285093056706401171e-01
5.111111833599282783e-02
1.878182522353176176e-01
7.978568882671704943e-02
1.870682922567574180e-01
2.291244592605100050e-01
2.789254773340670845e-01
1.681435621539382474e-01
8.850452603781584771e-02
1.542347458287842976e-01
3.026513367732179827e-01
1.303499366320807207e-01
3.659210078664485583e-02
2.894705541470790622e-01
1.575133782137472516e-01
2.362370249219189824e-02
1.389150445715840732e-01
2.989097054155940847e-01
5.091369518948546391e-02
2.490990668645625961e-01
4.919423741769882868e-02
6.247516934501326502e-02
2.777587044395211091e-01
2.328639549663084896e-01
6.065061296789402145e-02
1.287299570506290347e-01
2.897696670613325032e-01
6.624251518532493777e-02
1.194878593527720773e-01
3.140475233473953298e-01
8.574603152224982705e-02
3.126779268456308380e-01
2.791347419564815246e-01
5.641578354144655139e-02
2.329681596282252853e-02
5.414271165865009589e-02
2.349187051645546531e-01
2.450773174250556186e-02
4.828257392388512342e-02
1.078839592778023243e-01
2.833714091672385194e-01
2.581971712706660482e-01
1.638052117919221451e-01
1.781951057396859439e-01
2.671729663747989328e-02
2.922017024583234979e-01
1.280655331944187680e-01
1.706594713468013724e-01
2.122586140686591114e-02
2.123084875285274620e-01
1.974809039216603723e-01
1.504778450196815887e-01
1.294388728552717804e-01
2.813102492641698094e-01
3.372146942911485867e-02
2.529576217525879578e-01
1.011156548811908418e-01
2.428243615166761349e-01
2.298775081291331429e-02
2.402004238753778498e-01
5.651152225701458476e-02
1.388845190115290673e-01
3.004612405977579240e-02
2.645336050525511351e-01
1.086756935061560653e-01
2.325216787993344414e-01
5.508146784814298147e-02
2.804999939092898686e-01
2.161330344889571542e-01
3.102601496830613703e-01
1.225209881608565199e-01
4.819741457747945407e-02
3.027224758086652368e-01
2.587373928561725323e-01
4.668876987368579881e-03
1.472870249243251051e-01
1.025007025168467728e-01
1.431574892786846021e-01
5.697128300772327097e-02
5.492182221171962309e-02
1.694808992350850252e-01
7.908228183979559844e-02
5.482143760055731285e-02
2.713029825207131582e-02
4.842935039720563939e-02
1.234930941544576249e-01
1.840056869745595736e-01
2.789177689235146640e-01
7.337994971583827741e-02
2.093281613548083619e-01
3.656994338185323712e-02
6.274048489204246681e-02
3.112168181193080696e-01
1.722700750289555827e-01
4.129670311942872790e-02
2.496579527912837493e-01
3.858626493179555250e-02
9.452643917669650842e-02
1.256875627309338994e-01
9.016696364901287397e-02
9.434156100099543030e-02
4.114816535266664632e-02
6.279046958025456815e-02
2.583490543389750926e-01
1.553193298392521737e-01
1.011772981374638863e-01
2.373744893304846615e-01
7.285905582725736573e-02
2.146321265512511067e-01
2.400024369937541202e-01
7.342339216638389676e-02
9.222270555673678372e-02
2.186961435112834418e-01
8.858342818291482790e-02
5.160649577326667514e-02
2.042659832108439932e-01
3.093406613411367467e-01
5.134930812974089487e-02
4.434747625033181456e-02
2.744045932819093037e-01
2.468158077077910184e-01
4.323564031606714347e-02
1.099540411686588531e-01
2.971041664931839410e-01
4.372538478479417318e-02
1.597440764684687764e-01
2.054380150902618551e-01
4.547420336388888207e-02
3.134337805143712075e-01
1.504031737841924343e-01
2.323200796113409905e-01
2.654322826342694341e-01
1.288835337725251495e-01
1.350612952754083607e-01
1.405520588123254366e-01
1.516335706262803562e-01
2.739120237100560809e-02
2.845279396188084287e-02
2.560515600219141069e-02
6.077318685438001106e-02
1.719427242735571681e-02
4.294148196853813521e-02
1.303085029493824543e-01
1.643423693782094797e-01
3.566621363865114108e-02
6.021573205491427550e-02
1.804392498563672440e-02
6.134790330563374278e-02
2.555962474631643944e-01
2.694940077344231133e-01
2.782450066725937199e-01
1.447107093054483540e-01
2.389103873557437974e-01
6.181692009416466654e-02
3.060243132413449363e-01
1.656357640499749317e-01
2.054368096147073663e-01
3.764940817670343887e-02
1.379829762927199666e-01
6.134719114834158438e-02
3.633656469454651927e-02
2.215663692258101058e-01
8.160197675572898601e-02
3.053280342460817365e-01
4.749042577063427445e-02
2.350459578936573146e-01
9.945958287887694815e-02
1.821468921398382845e-01
9.355316261143960255e-02
2.696404752406755256e-01
5.595684817565110825e-02
8.805113600820012711e-04
1.786274125139504232e-01
1.271617906805493636e-01
2.259240030417843659e-01
1.119174590730362545e-01
1.613043348141986466e-01
2.061155379863841008e-01
2.677927874903472949e-01
1.461882235644258732e-01
8.627024931442585365e-02
2.141467990185459969e-01
2.744912203620213931e-01
1.115714688369661561e-01
3.623001808841894156e-02
2.500892829155371699e-01
1.508838301757677025e-01
5.405218429741285441e-02
2.898462883818036032e-02
2.677016017817949733e-01
4.977246765119684724e-02
1.120648800542258516e-01
1.314005573537549432e-01
2.835807906664612466e-01
8.011438723834787834e-02
2.035769720440809838e-01
5.328872877580594081e-02
2.870140702690379131e-01
1.336886614661893236e-01
8.144577023983406994e-02
2.033881416479880744e-01
2.966970182278378387e-01
9.540582694654782536e-02
2.051907893846875719e-01
2.340069888844751866e-01
1.313967830816119287e-01
1.167117434987654245e-01
2.326182949874262551e-01
3.862852519199859273e-03
2.710895736504150833e-01
1.319843200342186648e-02
7.508057261986854358e-02
1.297726022272962243e-01
1.950279580827045389e-01
2.647208286711320510e-02
7.784870711540220131e-03
9.695945826194315997e-02
1.104877692306737297e-01
8.885183011638177197e-02
1.773227261742038041e-01
9.481230927998555991e-02
2.980689445528757475e-01
2.580513162943533501e-01
1.287015212174872358e-01
7.813073685228263954e-02
2.762602015615631679e-01
5.528344444846757660e-02
1.245246812456187874e-01
1.560137347836438315e-01
2.736583652276736167e-02
1.759604738353825470e-01
5.213575654496564737e-02
2.512250351702604023e-01
1.820104799833254516e-01
4.270286914901050973e-02
1.586054201667194130e-01
3.034527385378382180e-01
2.665856510527965864e-02
8.244982200366822445e-02
4.914344121520993619e-02
2.298860240212126926e-01
5.349006547840006592e-02
2.992483168939590876e-01
2.130724134722000451e-01
9.700994793870480748e-02
3.067637446187529982e-01
2.293113704791519547e-01
5.328253151963049244e-02
3.091911763187992976e-02
2.821096759738061510e-01
6.147791108790128661e-02
4.359499666804447088e-02
1.176341945540240325e-01
2.554476463505181427e-01
1.137011884778355297e-01
4.035705079950278884e-02
4.764601603006432540e-02
6.869863755856719933e-02
1.543989960485334934e-01
4.220511613368316262e-02
1.500929338129081483e-02
8.462464670304012393e-02
1.337087349788787516e-02
1.750413637378679943e-01
5.083948254176325066e-02
2.905244911982292622e-01
1.644022581683916295e-01
2.096675473409323198e-01
2.360312673667102623e-01
2.131775703454899251e-01
2.462925284561925110e-01
1.926944695675697206e-01
3.387696422898987814e-02
4.141671819948739702e-02
1.087655744204067548e-01
1.591857458607637554e-01
4.334350902833770253e-02
1.764480520420185772e-01
9.316923520392088320e-02
1.135606095931296217e-01
1.194735321379144094e-01
6.190398630667703211e-02
2.241701237131502045e-01
6.820830942894118287e-02
3.104577715271076843e-01
2.775306407530736541e-01
9.480462583590289205e-02
2.723733149232477474e-02
1.827812591075552995e-01
7.620778534265687520e-02
1.526498391554992062e-01
3.493842479878760815e-02
1.020810872120007651e-01
2.104482790659721048e-01
1.794902283618617367e-01
9.132926956830224319e-02
1.754098700295078084e-01
4.601450073196051982e-02
1.443865488718923673e-01
1.371543008683655529e-01
5.845021942942335569e-02
1.058193541491799505e-01
6.674256841460399214e-02
1.546725983994951814e-01
2.169261546044048139e-01
1.121106604158430275e-01
3.379316815527821927e-02
2.362522183599790049e-01
2.192539208630554515e-01
1.100191288572915788e-01
1.258665716378981059e-01
1.038694547464163870e-01
2.958805114399010172e-01
2.465996851808432977e-02
1.386651746414763360e-02
2.854630273538995566e-01
1.360592912519789921e-01
8.436795039376950023e-02
2.703748110419861364e-02
2.545747139149111549e-01
2.813494781781308851e-01
7.081169328497416426e-02
6.477114022610129529e-02
2.438193305023371726e-01
1.786482667523357493e-01
5.555739681091818177e-02
2.442465173834313941e-01
1.212070582812187075e-01
1.133905678514650489e-01
2.881361391943314532e-01
4.346105497014222246e-02
2.991768862888538605e-01
2.899745652991151529e-02
2.773529343684153492e-01
1.249801116094618331e-02
1.097001544666998257e-01
6.806961999129518270e-02
6.072454151591687166e-02
7.140354461856883439e-02
7.891370869604905081e-02
1.653477550434113152e-01
2.471545825642478822e-01
2.252599698007712037e-01
9.152629462799594107e-02
1.411167800589908650e-01
