3.350284306705916815e-01
1.422081991949922797e-01
1.788747826816473596e-01
9.793465549759382271e-02
2.005905162882195003e-01
2.881733483069520707e-01
2.444133259273152392e-01
5.790181688586917841e-02
3.105093192851181572e-01
1.096995137463369907e-01
2.499926186961026753e-01
2.827296520761867216e-01
3.228650071042813430e-01
2.563657935281291600e-01
1.708008195332671453e-01
1.241684984982276280e-01
1.063304588852015120e-01
1.541609825998320471e-01
1.679525388298040156e-01
2.003566707087432452e-01
1.620023532503209462e-01
4.881086847491264424e-02
3.048521593874158886e-01
3.360341500032647533e-01
9.443851653944394797e-02
3.144826459518724193e-01
6.527134038651272174e-02
3.228166515564138694e-01
2.870454107556210110e-01
2.277159873560574976e-01
2.090466282775276796e-01
5.951884013607777052e-02
2.166775279113171138e-01
1.750607665750525399e-01
3.170152054458088564e-01
3.006671274364395852e-01
1.226514548954341088e-01
1.595660576495847305e-01
1.513511617419484312e-01
6.400033371082576583e-02
3.049627624816190208e-01
1.627144372862668331e-01
1.599118419298203031e-01
3.243855415116346230e-01
2.309557959210855882e-01
3.083227350393129007e-01
1.779289914362230662e-01
3.359402987805173990e-01
1.074529920758662410e-01
1.924684631953321734e-01
3.036637757089930001e-01
8.284646212143328969e-02
8.548620569761357368e-02
1.632730087531961416e-01
3.155028420780487397e-01
4.370729618728982913e-02
8.306025692765410529e-02
9.276095900327673005e-02
9.883487705222736286e-02
2.856694818330027807e-01
2.100098561531974495e-01
2.445743933420923555e-01
8.756134913413732290e-02
1.296122882908021801e-01
2.658136061522742288e-01
3.368982008836697850e-01
2.910925501810407434e-01
5.349407099524740306e-02
1.513116261230957882e-01
1.089399415815320571e-01
7.390429821129999854e-02
1.665947691084554427e-01
1.020744625497067154e-01
2.714344440514617207e-01
3.435840900162235312e-01
3.178278324543685751e-01
2.422918699114693097e-01
1.499283623351123640e-01
8.323759323988871861e-02
1.968228520095152423e-01
2.982109767654897992e-01
2.918124155919905038e-01
1.966094326539613579e-01
1.936578061930099293e-01
2.883641694226204422e-01
5.595271544989807028e-02
2.875027010563260821e-01
1.676092384483294506e-01
3.169253988482957918e-01
2.327253430992117234e-01
1.284867824282410198e-01
2.128646924214895320e-01
2.753837422046772065e-01
1.001676649847450390e-01
9.589063271617742634e-02
1.538583882707208750e-01
2.598007471410913594e-01
4.113101253658851819e-02
3.074235780475692570e-01
3.426201278363424363e-01
1.202847550667054122e-01
2.324907671985051716e-01
1.278332947730038138e-01
2.287688738647034870e-01
2.293317454471684169e-01
1.635888868477237690e-01
1.461155185945933743e-01
2.536204867795294193e-01
8.344911075866046080e-02
1.008863545102821196e-01
1.441815058009504324e-01
2.125197707047576101e-01
4.100400826744753785e-02
4.676038851298414817e-02
1.398540672450639399e-01
1.533369545739402817e-01
2.522724973260084824e-01
2.127127143539863652e-01
3.224443949930765330e-01
1.767512837041613216e-01
3.406870174080450786e-01
1.326177386247608392e-01
1.961377957003562211e-01
3.148885117438053327e-01
3.233302039575751685e-01
3.408144137686632824e-01
1.146802960478497529e-01
1.191572924852348919e-01
1.147310329594734418e-01
1.849724218395524533e-01
1.374573204907298674e-01
2.786935945552992955e-01
1.139639366295111533e-01
2.854416954930452111e-01
3.281737995698438826e-01
1.262435376960301670e-01
1.715060242375357757e-01
7.732625249247021548e-02
9.442858606251176845e-02
2.746567752319061251e-01
3.064803324548349139e-01
5.123494237615457136e-02
2.945362897894342469e-01
7.845068151482040286e-02
1.843923679724310261e-01
3.089593313061745894e-01
1.558795170907959493e-01
2.761254804955485254e-01
2.928400020846522733e-01
2.066371537155708982e-01
4.623393368939343606e-02
7.912809969931268450e-02
1.950344170132391197e-01
5.688051906410355324e-02
2.808657324391090615e-01
2.653838454654737222e-01
3.031159528404800407e-01
3.030041856482326157e-01
1.659219265501812035e-01
2.787422319311607111e-01
3.010497667328203564e-01
1.872811856056518232e-01
3.190625634997854565e-01
2.262452352381047194e-01
2.406333248156213300e-01
1.561449121255755190e-01
3.002071790083903347e-01
3.079269123651626194e-01
3.343240469392976810e-01
1.151538871564410510e-01
1.280934751025006590e-01
2.206108188683149618e-01
1.675347277591505701e-01
1.307122367965398713e-01
2.043748655423107685e-01
3.454649114200872284e-01
2.948334315522436189e-01
1.019626273237756869e-01
2.447148863574697686e-01
2.027715343737807596e-01
1.748534327861637760e-01
2.425436137590624985e-01
1.652319217414875141e-01
1.598088648691178282e-01
1.193043602064510628e-01
3.088305885895540892e-01
3.181823401955197750e-01
2.791886031906605226e-01
7.469372992273602685e-02
3.166221831185099256e-01
2.984529825166887251e-01
9.651758949283814615e-02
1.642606198865226574e-01
8.404443775845112097e-02
3.295982219198209662e-01
8.829566959206119892e-02
2.615402271497098141e-01
1.115855636899546893e-01
1.698069208017755904e-01
3.394077037670734653e-01
2.957437377927689681e-01
5.493391327917130501e-02
3.411682244430928046e-01
2.893231540056160345e-01
3.398988106814507804e-01
8.144921796763714139e-02
1.880195794866587056e-01
8.426738933968296041e-02
2.870659037440850270e-01
8.267283400194963550e-02
1.304388570779554946e-01
2.654427479430554460e-01
8.006285905228495425e-02
2.703611764111014670e-01
1.492579956109242045e-01
1.118603532379883053e-01
2.534908720943138682e-01
1.532202172448028088e-01
3.061705715916074322e-01
7.050141091678707728e-02
2.743296237339004073e-01
3.243912357467809149e-01
8.173789883453870531e-02
1.922527613152905379e-01
3.208081701235935279e-01
1.023842488448840071e-01
6.155119135317665968e-02
5.869499023618534456e-02
1.445213282657211440e-01
9.199363633221481484e-02
3.393889114408197849e-01
2.271360694628991594e-01
1.409389363814381735e-01
2.297943693545600741e-01
1.054833312779929200e-01
2.746625740398934146e-01
1.026306987502211415e-01
2.759735062635003677e-01
1.005987130229692161e-01
1.907975398954477597e-01
3.381647722058860328e-01
2.862288082230123321e-01
9.122044256798184092e-02
2.103811123219642143e-01
2.837628864498835113e-01
7.580786443827793042e-02
2.567404264327498020e-01
2.551337323017578984e-01
1.265664007829887805e-01
1.339599545210347076e-01
9.457872005526628267e-02
9.671869476884083217e-02
6.875982611611076989e-02
3.159935601932037375e-01
3.287937881548915753e-01
3.359377135499221345e-01
3.249236503955345023e-01
3.447943518097464355e-01
2.987854398473283601e-01
1.275432844412536237e-01
3.093041274251281392e-01
1.871668136947311767e-01
2.971486578907485132e-01
1.534734352193491136e-01
2.968453331249392146e-01
9.555602774227223151e-02
9.369527255468150517e-02
2.678920801621839098e-01
2.367781129452787570e-01
2.035939875968872936e-01
9.137234529056952048e-02
1.160631558369117355e-01
3.208093616511339397e-01
2.061938827242657812e-01
3.313545667394913186e-01
3.000172929864224902e-01
3.271398930106667047e-01
2.548050772729772984e-01
2.683633881979934910e-01
1.455738726449392340e-01
2.444394999093510157e-01
9.048443095328831398e-02
1.010021420361583988e-01
2.313259996447428191e-01
2.855829358637489990e-01
2.631264650325059185e-01
2.843099745249406674e-01
5.066274310382853224e-02
1.016519803918161935e-01
9.690758353164438677e-02
1.556517903102186129e-01
1.427967228442187098e-01
2.896381399204394080e-01
3.425220669779512339e-01
5.184424611871624872e-02
2.987732700991803658e-01
2.160617048147038810e-01
3.187900174589137214e-01
2.079480933658758857e-01
8.185027258650751092e-02
1.041611335178611875e-01
8.027235728955381400e-02
2.805244233610379445e-01
2.020613962235056349e-01
3.436025210705836996e-01
3.001832661169488992e-01
9.658871101768344569e-02
2.613409014112552664e-01
6.801515671216314118e-02
3.045659460953720754e-01
3.321296936636801700e-01
1.670137262055740590e-01
6.680794235789412616e-02
3.216421083496425748e-01
1.614200860333097343e-01
9.699533012077513061e-02
6.652851230834747054e-02
2.642104111418377421e-01
3.387482223254711378e-01
3.027458039484845487e-01
2.575069319907494214e-01
9.457796121993924943e-02
2.136465996398071443e-01
1.985796950464165656e-01
1.667038356935203469e-01
1.040972179166153033e-01
2.846503967631079379e-01
9.740098697217000612e-02
9.378298106034513304e-02
2.402392916000518075e-01
3.334596855479262101e-01
1.353554095346454211e-01
1.046314562565502926e-01
3.359586310140385557e-01
3.062487054119017449e-01
2.487521306120223652e-01
1.418034707885129087e-01
1.678955095974478673e-01
3.095398380364494662e-01
3.408587890727767244e-01
1.987245760915796466e-01
1.302077725141315701e-01
1.152673845666143670e-01
1.102136547413587186e-01
2.381861753723540087e-01
1.485149820152409927e-01
3.372288485692571114e-01
2.679183888143405468e-01
7.454217014870605229e-02
1.009884583646369072e-01
1.069173657400151883e-01
1.058122758608496666e-01
2.686938261559614904e-01
1.403214412334593819e-01
2.908251054796467949e-01
3.203006251549564420e-01
2.720270959434064606e-01
2.758361154886489475e-01
2.955722178789512711e-01
3.142338256500898930e-01
7.188880199614676447e-02
9.815772385975941872e-02
2.077769586727699902e-01
3.420576334536135632e-01
2.508233189245492323e-01
6.358531996021730970e-02
1.621619938790287707e-01
2.125509789749758238e-01
6.206243793402000525e-02
1.422627078337234396e-01
2.036107694774814125e-01
1.767100546254985471e-01
1.133201940852828493e-01
3.324329333449030921e-01
2.793194215532529001e-01
2.663468088581520954e-01
1.216728239292412805e-01
2.720534338024799270e-01
2.196219630974363402e-01
9.984908780508336412e-02
1.277933646688390601e-01
8.925874792728163976e-02
6.897688148073737036e-02
2.481430358406252201e-01
8.148664456410752155e-02
2.733809015858546521e-01
1.168824057085106061e-01
1.544029971279556046e-01
3.034768826023526156e-01
5.935716457959295395e-02
9.922534237054733697e-02
2.300078060767284382e-01
2.770823740379233513e-01
3.230462434561710006e-01
2.270767381008297336e-01
1.199815663464192106e-01
2.287036048727965343e-01
6.913796243119621487e-02
1.476277282095112831e-01
3.184046979328217231e-01
1.800236600419583832e-01
1.136252707670464129e-01
1.793828315288172048e-01
8.846450276155817805e-02
2.842352513846044260e-01
2.845326792603984911e-01
8.925563819577625457e-02
6.731068628080033589e-02
1.588392349044660257e-01
2.105733632457031101e-01
2.287961306615668711e-01
3.435018663082076151e-01
3.370742907358519336e-01
3.409317956683254880e-01
1.726630428501589598e-01
6.808699732680771610e-02
1.399896466523683769e-01
2.588113729443971001e-01
1.555792872433633400e-01
3.304434684261260968e-01
1.973730020049508926e-01
2.174031216169943770e-01
1.893077978714901299e-01
3.294412704633599143e-01
1.237586177243814867e-01
2.150592014644563676e-01
9.965155025050620452e-02
2.326889796081229589e-01
2.039679215496607301e-01
1.594699979019875147e-01
2.859561368629927602e-01
3.079843057208098700e-01
1.784440253408486610e-01
2.607527924894788018e-01
2.137816946982031285e-01
5.842735100312404506e-02
2.285512545956895625e-01
3.176724216074706120e-01
2.606794860199662112e-01
2.206365897701591805e-01
3.183124499418674147e-01
2.145174310031925657e-01
9.126457387348982375e-02
2.991044911693078734e-01
3.093059376581793751e-01
2.574219931181264132e-01
4.746674246953477144e-02
3.164790242664969333e-01
1.382990651847241792e-01
1.770292719910012413e-01
3.117194334342669459e-01
3.068716113303631698e-01
1.074262279401691361e-01
1.116079691314774414e-01
2.974000045748465548e-01
3.344846941083733927e-01
2.859347174960710225e-01
6.978964844061094630e-02
7.767576535088492606e-02
2.786695654449227733e-01
8.674935932287324014e-02
2.902099150267178906e-01
6.969271569373611253e-02
1.115937388261123570e-01
9.338793403779391267e-02
1.281315776928900751e-01
9.151175104750497447e-02
3.064697390010808764e-01
3.389718222329544117e-01
1.623238646333137192e-01
1.911818608150739063e-01
2.146271805015229073e-01
3.326420878625607758e-01
2.755914232388179119e-01
1.191370700469700367e-01
3.254090237093339444e-01
9.085523756290445063e-02
3.144959065553999955e-01
1.091977985339119966e-01
1.114467842752305121e-01
2.825386032613427800e-01
3.098499097178865069e-01
6.585409934053880476e-02
2.297570930260488531e-01
3.028089809955504808e-01
1.444147133559057772e-01
1.667292808530712600e-01
3.063938610062608148e-01
6.660239049643494613e-02
3.064604864115891836e-01
2.294588319086680317e-01
3.423297534447589108e-01
2.570219831183262471e-01
1.945115147053173010e-01
2.956578579123418926e-01
2.976587747688462238e-01
1.711226451542908200e-01
3.209548969726285783e-01
2.782297691886025937e-01
9.854032663877987375e-02
3.335636983718626714e-01
1.874893400480931449e-01
1.949506544932015362e-01
9.397065290278328042e-02
3.442054753034380910e-01
1.909406501292309766e-01
5.611391679352663309e-02
1.311933122016521180e-01
2.900104642607280181e-01
1.293873998370807243e-01
2.026914503756500063e-01
3.056847920379660577e-01
1.030659196708140768e-01
1.794488748458782090e-01
3.204076645155108927e-01
1.825397801151750488e-01
1.480344829466107293e-01
5.229766189737764664e-02
1.966262337757621881e-01
2.044456768268242408e-01
2.781446659233000607e-01
8.285118702962189496e-02
1.977051006670390576e-01
3.313256602377927518e-01
3.133226541714497770e-01
3.360329652358120534e-01
7.941026436803273747e-02
1.578542059081930182e-01
2.288111448065888176e-01
3.320252009472464128e-01
2.995181426257561008e-01
9.607283240339624386e-02
9.958241417835587972e-02
6.672683311016300300e-02
8.614224636170308980e-02
1.422833836809684616e-01
2.505936303737358317e-01
1.775589430813651615e-01
2.360314628967328521e-01
1.522839264582707686e-01
1.250108156683495675e-01
2.612194268455246271e-01
2.367903131856524124e-01
2.426785897205861464e-01
8.752393955177024953e-02
2.501833773948310968e-01
1.377005905282939480e-01
3.171759683101673111e-01
1.842046816910039575e-01
2.279244314445628417e-01
2.393693247591620610e-01
9.829495405648312756e-02
2.886911591332838589e-01
8.742598414526400741e-02
2.934078266205277230e-01
8.152156323817807970e-02
3.108749740583413024e-01
1.656553078441071192e-01
2.832138544745517184e-01
2.110763915660132939e-01
3.117900618572774785e-01
8.220846595341983754e-02
8.816187064218997116e-02
2.814977897182381894e-01
7.233512490496527003e-02
3.339060886663586802e-01
3.157679500207798973e-01
3.241540728152484951e-01
2.850555739717654524e-01
2.812447090119594151e-01
2.879884961860801340e-01
1.491368708589708159e-01
3.218282321087715947e-01
1.838888404378214436e-01
2.015217356157469331e-01
3.145478055628138092e-01
1.567062999656848310e-01
6.763196131949107681e-02
2.830350165810030516e-01
1.227488577563544958e-01
2.975230582401953150e-01
9.299005688241544776e-02
1.037260543773402405e-01
2.995837000141158279e-01
2.616517136579796787e-01
9.506666756344497871e-02
1.765429788599004457e-01
2.247147591441614745e-01
9.451180130563818782e-02
2.944367849730221698e-01
2.712669717687964943e-01
1.497233144724826048e-01
2.401730824487575411e-01
7.261012265695047929e-02
3.394636059968239028e-01
2.179919790530126245e-01
2.692637878168987475e-01
6.768279499253662679e-02
1.763594901391211389e-01
3.066692005915921393e-01
1.724303725396530984e-01
1.824172645244152846e-01
2.942610845774805695e-01
1.049613806703548619e-01
2.464769054463276376e-01
3.109157164983298860e-01
1.414754737570541876e-01
6.946583702578150443e-02
3.450944239010509396e-01
8.385453337608152202e-02
1.684727439900819690e-01
1.158547738356610624e-01
1.278492394874713167e-01
3.045453760601322668e-01
2.748454122346358219e-01
3.389102589365337592e-01
6.741484179734494320e-02
3.411154716803009856e-01
7.195744521143794536e-02
2.923024897789259779e-01
1.911882167215323280e-01
9.422244289910761128e-02
2.660745202350447980e-01
2.617468373527708780e-01
2.819372710965751816e-01
3.287386786434104424e-01
7.166133463632008704e-02
3.021968580310698815e-01
1.546860493481450605e-01
1.017649788228188468e-01
7.775416357811394674e-02
2.870650394302612374e-01
2.449825873985956026e-01
9.817748855722337187e-02
9.725802786231395325e-02
3.306052720355026620e-01
9.374413713444293417e-02
3.245058040662947008e-01
1.910042753073713795e-01
3.032924452674471416e-01
1.904707865492242802e-01
2.423986877608217128e-01
1.006064951925702694e-01
3.036422438621566577e-01
9.454718405293467687e-02
1.349902628292362072e-01
1.325622566795288948e-01
1.004566390044904778e-01
3.051174224881302299e-01
2.081791477935707180e-01
9.787212388073225633e-02
3.257466019414296809e-01
2.556061359786178100e-01
1.958569409302948205e-01
2.632075469361230824e-01
2.781870221256842468e-01
1.238257459888579687e-01
7.264521253307354431e-02
3.417032558310200141e-01
1.982326573076403087e-01
2.043609404998973367e-01
2.347791970775698067e-01
8.130892706857710539e-02
2.217932675287115074e-01
2.867943243976359136e-01
2.657423004916103504e-01
1.234660151966785607e-01
1.204306593068291409e-01
2.681102468177196663e-01
1.721342251950329083e-01
3.197918613416713129e-01
3.000176192073110149e-01
1.160449579754571081e-01
2.607953810965943919e-01
9.484923718565918538e-02
9.033961071656176900e-02
9.387576600413441441e-02
9.479982858416920177e-02
3.436624889512573944e-01
1.012806229139285724e-01
7.477807486073551058e-02
2.646809668252063097e-01
9.615473632995095998e-02
2.686670014761750602e-01
7.256152216094009788e-02
2.308217062290213450e-01
3.016380056645789343e-01
1.767395901831488314e-01
1.207893646295770673e-01
1.334391601671562622e-01
1.249463157325503837e-01
2.835610626050618088e-01
3.283413489266401863e-01
2.099502963515255671e-01
1.885512059595920997e-01
1.319775521364902338e-01
3.056588145886072749e-01
5.751999432048141708e-02
8.737266516161872054e-02
1.356334691097459966e-01
2.853526930727981470e-01
1.737231538588988045e-01
2.211843963055722395e-01
9.202949961750539476e-02
1.091328052040799190e-01
2.472469273498095754e-01
1.129415075626559184e-01
3.063379386208082700e-01
3.374933101504249411e-01
4.976890084248030560e-02
1.488097932233954368e-01
8.595124620978571162e-02
3.262187056344207359e-01
9.289392400693681495e-02
1.219009216749637747e-01
9.197457100049030720e-02
2.417466446600980701e-01
2.959283366451456732e-01
1.181659772061566388e-01
7.764037033869088111e-02
8.330136000221363690e-02
5.386538350391193580e-02
2.967170574053174525e-01
3.300260280312286021e-01
2.633466325379953954e-01
3.240192406176292672e-01
2.011820761483384123e-01
5.483849960419452663e-02
7.839127345948283809e-02
3.264847757333463329e-01
1.007133324887860421e-01
1.277573845150333509e-01
1.205280696629018600e-01
2.133937987120025082e-01
3.274790897927145061e-01
9.280886239389880832e-02
1.135959417707890912e-01
8.866612567022209845e-02
3.154476897640457467e-01
8.664220909746236932e-02
3.340441014675020193e-01
5.347213687817750638e-02
2.844728712715626773e-01
1.046556088809368623e-01
9.535892686304009436e-02
2.362785099836124669e-01
6.282486849004555174e-02
2.287882520612911363e-01
6.744481594052113838e-02
2.751504356750521518e-01
9.850997052470351900e-02
3.190676978487848037e-01
2.450902949574886580e-01
3.448677703595848243e-01
1.191539498643722494e-01
9.783387587873147717e-02
1.120017082077515158e-01
6.999789058190043767e-02
4.809401455723418678e-02
2.749922717051812016e-01
6.880454146302490692e-02
1.196258664621853013e-01
3.030683475303082020e-01
2.981706770935298456e-01
2.479068795300081729e-01
2.901279634385424688e-01
1.349852887504381371e-01
1.273983775612091418e-01
9.439561781674132845e-02
9.397330733448469586e-02
3.161134591765452084e-01
3.245555038110555790e-01
1.659843253329607027e-01
2.311981913445504411e-01
2.614216965567239259e-01
1.114420505062526517e-01
3.074578542519906255e-01
2.543869708732724999e-01
2.683801938518926566e-01
1.801812134830252654e-01
1.588200605253431985e-01
3.432638712389492475e-01
1.069502251646841096e-01
1.512453498475291036e-01
2.113856663674261727e-01
1.856341708469884666e-01
1.317119124565953314e-01
1.436902759952603248e-01
1.258837263213371249e-01
3.121086225629632893e-01
2.499962025973729574e-01
2.865587802831512931e-01
1.906757935480294375e-01
3.105238342690151421e-01
2.652608778784252275e-01
1.699668309809916622e-01
3.411129403265397708e-01
5.116766317373606932e-02
2.983517627258128746e-01
3.276416905688956382e-01
2.368959164466142853e-01
1.170492491536697793e-01
7.002827134274185183e-02
2.208445603544000324e-01
1.718405993405500987e-01
1.833271318525015736e-01
1.941739617253950834e-01
1.068841857297263276e-01
2.348368503779823535e-01
1.658003475539832072e-01
3.310410693995966547e-01
2.778531967249314727e-01
3.377676577971838179e-01
3.082035085699764143e-01
3.228075267576768770e-01
3.109162342369867771e-01
1.016672444061047786e-01
8.460099753728289596e-02
6.831364842275762517e-02
2.326771315297720688e-01
2.717975519345366964e-01
1.784845042096973866e-01
2.387214928742566744e-01
2.528280777971819160e-01
2.545018064117858247e-01
2.847728488590615670e-01
8.765595018513622216e-02
2.724971490118717754e-01
2.569338613363186252e-01
5.421132034902526736e-02
2.231668233748352603e-01
2.657289113910638045e-01
7.655789160893985978e-02
3.376754975959879723e-01
1.406519615302581072e-01
1.188824345477552252e-01
2.641180753236629930e-01
3.284846065441674456e-01
3.436574621939169627e-01
1.204058600670258466e-01
1.975607579225957811e-01
2.390532600202417701e-01
1.843045934737377323e-01
2.724501406053834729e-01
1.013636994726219709e-01
3.346852352372709505e-01
3.257902700337669266e-01
9.954517444018441685e-02
1.081738886585822540e-01
1.642261951217120763e-01
6.335152026952642346e-02
1.126036933780034527e-01
1.272764959248287309e-01
8.922903342662991122e-02
1.576613372377229649e-01
9.310871859128189154e-02
2.802253609290679681e-01
1.238130842327216513e-01
8.947718463824014257e-02
3.160496887396210264e-01
2.937237570438249734e-01
6.206150172652276364e-02
2.918037798659816606e-01
1.342096260009002784e-01
7.988929571296561616e-02
1.511299937685339490e-01
6.624256841416580055e-02
6.474555590075239953e-02
1.185042740528380600e-01
9.471665081797377150e-02
3.227573734683112927e-01
2.435227863012996985e-01
7.292089820585453963e-02
2.215783598629548767e-01
1.606685820163793466e-01
5.171894025865102912e-02
1.590995585281031743e-01
3.313842911393203305e-01
2.152541011218677969e-01
1.934808632186379440e-01
3.191808779198903046e-01
4.941041622639368719e-02
3.289310659060376563e-01
9.181485740756303859e-02
2.819877511108786483e-01
1.310086187722340201e-01
2.344088733217674914e-01
8.584673795709130140e-02
2.968119132587171971e-01
3.051939465095542259e-01
2.076396469049067439e-01
1.379212022012070715e-01
1.910875021265556473e-01
1.434612350183370466e-01
8.309041512461182166e-02
3.093981132354787222e-01
7.384979651613579610e-02
5.447729730225700506e-02
7.671887077131239741e-02
1.080820997329403343e-01
1.934738396882799416e-01
3.289622560432222120e-01
2.993317228714155176e-01
1.302772198645742174e-01
3.333444147842749006e-01
5.546582030325745288e-02
1.008484718567300154e-01
2.036206784413901738e-01
1.062700908084746876e-01
1.751966366676251663e-01
2.410784328224100936e-01
1.053831344146292648e-01
1.876208402177964307e-01
1.194840645139079310e-01
1.661518685565190057e-01
2.023952615579415470e-01
2.277754394578459241e-01
5.936721867135335423e-02
1.803382213700515935e-01
9.104458561303638287e-02
2.979483220896693707e-01
3.006552316644002243e-01
2.956411974850186586e-01
2.774751253585330257e-01
1.139128724399249559e-01
1.645602411806681986e-01
2.658022808460518416e-01
2.180319249975683493e-01
1.534601744631750586e-01
2.740905542435683739e-01
2.524833103908671328e-01
3.312303920451626915e-01
3.143000460292688092e-01
2.003018331305823907e-01
2.970813120973145871e-01
3.227243360712669928e-01
1.727807839979713933e-01
2.523473592193269943e-01
1.074131271407789273e-01
1.365030372381740020e-01
1.074381511223210656e-01
2.703524139549085548e-01
1.474074877304663023e-01
3.062485125142608844e-01
3.171099124049369666e-01
3.026046363723851607e-01
1.576351789766380074e-01
1.965388159655789557e-01
3.331485964518604570e-01
6.055387289212554175e-02
8.939778406596977922e-02
2.844200339455052462e-01
1.757053069452578220e-01
1.585843585502702824e-01
9.989730188833330360e-02
1.300613121638451442e-01
1.170844083523623069e-01
1.161642111229711921e-01
3.010315591432364823e-01
9.398902633306471799e-02
3.450074542627628027e-01
2.935323137379885483e-01
8.271500377099758050e-02
2.786639320284711174e-01
2.599916628048825062e-01
3.073591295788687949e-01
1.198501943316404028e-01
2.977612620068559868e-01
9.568221602290034877e-02
1.085024903897190696e-01
8.308562777188574500e-02
2.602077140189539839e-01
8.845802165190601307e-02
3.194394027272212111e-01
1.413511198282743075e-01
3.216039806794375733e-01
9.785035664629646024e-02
1.305181060316356612e-01
2.733336539589238945e-01
9.259506114902654739e-02
1.849401907419690183e-01
7.888079289529126292e-02
1.745529477619384429e-01
2.706487282043679721e-01
9.579194404104690586e-02
2.811118362553732819e-01
1.873115333635153035e-01
5.665057927260847698e-02
5.056938196539603053e-02
3.277959405217952260e-01
1.611483882540808432e-01
9.139128038668219156e-02
3.275939019292405940e-01
2.620923219141741978e-01
2.143483490910564893e-01
1.611761621440686298e-01
1.345546051359098327e-01
2.129928002534882681e-01
9.363132174941254937e-02
1.838176759624031154e-01
