1.253735357659165051e-01
1.721147792949872524e-01
1.311637432455254881e-01
3.107491527077962390e-01
2.857433279115081590e-02
3.208774882493442560e-01
1.942384048613800818e-01
2.571213695915226527e-01
2.161583406405501728e-01
3.215179712740953155e-01
2.192330377836359534e-01
1.446271134347474341e-01
1.885089057514154065e-01
1.454586400802281299e-01
2.266797868459818899e-01
3.050582868050760177e-01
2.560276637254654819e-01
1.713217651387365092e-01
3.031856263091161630e-01
2.446364260656450906e-01
2.945996749791571223e-01
1.415764216286458377e-01
2.404606256798695330e-01
2.351156247116941433e-01
1.325867080015384336e-01
2.299659932057979417e-01
2.292159125425895783e-01
3.216258484295984599e-01
1.000051466101860853e-01
3.371499382138603562e-01
2.746026979102091092e-02
3.222481878253332654e-01
1.304933924520478294e-01
1.652836942609947346e-01
1.550802424154293091e-01
1.753551089532285057e-01
2.689117634270462576e-01
2.395469367687268758e-01
2.496661389554173383e-01
1.651473218109175967e-01
2.514049375367614636e-01
1.407627414014423761e-01
1.463097911257621730e-01
1.632617084329484602e-01
1.867563626563917834e-01
1.308044055191291410e-01
3.405638907524853320e-01
3.488759113462270300e-01
2.569405320337238008e-01
1.585471250657312925e-01
2.291721903085513212e-01
3.228812350021278421e-01
7.112202974751459517e-02
1.871301115940763038e-01
2.853692601210217061e-01
4.412180258175149583e-02
1.199311568136388478e-01
3.286840102284642184e-01
6.076657483356726758e-02
2.644777524877400809e-01
2.671552145120131283e-01
9.086898527356584987e-02
2.065524803401945775e-01
5.461641279583419328e-02
2.322476749724987077e-01
1.236795872496645049e-01
3.345206884961814398e-01
2.229861027152019726e-01
1.618803215621985037e-01
1.549173839553169563e-01
1.810919161273313871e-01
2.632215208327872147e-01
1.763476468103429562e-01
1.258485168011538868e-01
2.835164682525930790e-01
2.150620046426309218e-01
1.781891828596490757e-01
2.039063684514402508e-01
1.419174231326987834e-01
1.323161700043266886e-01
1.781970815602979819e-01
3.335100695931302872e-01
2.616876638682305023e-01
1.581273457224703916e-01
3.455222839233750842e-01
1.834329108567687994e-01
2.732893371622185374e-01
1.999291438237172369e-01
2.496565973774523828e-01
1.691971223771639443e-01
3.133377599494187593e-01
1.885673354102908594e-01
2.683272809296279870e-01
1.922297407386834023e-01
2.998122570693926292e-01
1.059575966764442351e-01
1.578683906746534693e-01
1.971946473715405490e-01
1.698237805312416970e-01
1.141266632766355232e-01
3.452010105871380352e-01
2.433431127914925940e-01
1.603276357299428245e-01
1.054086168880596364e-01
2.619266560566912427e-01
2.576266630784500578e-01
2.558059498484214767e-01
1.384043754205776244e-01
1.939674760971794032e-01
2.406225080190842747e-01
2.973514650712047458e-01
3.190038874390803691e-01
1.533267953543503148e-01
1.838957606697120273e-01
9.328101471048041993e-02
3.027691226742483810e-01
3.132296343228341273e-01
1.802781073548189172e-01
2.696724447028478466e-01
1.308564021628896290e-01
3.464048691290849691e-01
1.672240459561796233e-01
1.853852223093686857e-01
2.479426965008556805e-01
3.222279555201120749e-01
2.698450767681911389e-01
9.447707596446881795e-02
2.808784637398613615e-01
1.353116808158246198e-01
1.682751394899237862e-01
2.073034879627202731e-01
3.185374804051079867e-01
1.535446183119604513e-01
2.198868610471597373e-01
3.125800449904206357e-01
3.160239524917449194e-01
3.177414228411005181e-01
1.550449685258048216e-01
1.992192177564606204e-01
2.489021701241826978e-01
5.872871530555440200e-02
1.972331890972136847e-01
2.596730439552435432e-01
2.178075117836978380e-01
2.281642983504423294e-01
3.413778356754622600e-01
2.119798991615712280e-01
1.630249116640585805e-01
1.229174795699183725e-01
1.804287980912597511e-01
2.337672445171487534e-01
1.560620123416786853e-01
2.452266568811342362e-01
3.308156747343352633e-01
3.464317122769722257e-01
1.611647252251180717e-01
2.415763097983925634e-01
1.017987494340448079e-01
1.072839066029562527e-01
1.246310885939255764e-01
2.196547715180905136e-01
1.824033155730266642e-01
1.284607716016973877e-01
1.597639057560711617e-01
1.529352579926034073e-01
3.038023713470467402e-01
1.385710299271467327e-01
1.866134567212483220e-01
1.504361620612250650e-01
1.733807809018172164e-01
9.958710943501017376e-02
2.720427039052371043e-01
1.864138621757667202e-01
8.183475350637066381e-02
3.239641455349194787e-01
1.770916412334791468e-01
1.645244754077814231e-01
2.062697857650876987e-01
2.031115979563662965e-01
3.181064206350788792e-01
1.977339950620101428e-01
1.386307936581477052e-01
3.237390598985676604e-01
2.316527280979380488e-01
1.548058566183674323e-01
1.269684893467316611e-01
1.129881254466108265e-01
2.869312080792922326e-01
3.066502419927903400e-01
2.539367142856558401e-01
1.139158755375596077e-01
1.195860279271489801e-01
1.154651181819390388e-01
2.010332201185145717e-01
1.569158173371473786e-01
1.342611236513528983e-01
1.044443970839038921e-01
7.614231414837187295e-02
1.468410848084794607e-01
3.352762600525946990e-01
1.310045926850894604e-01
2.584753417612450921e-01
2.245721755890986437e-01
1.080060900659715051e-01
1.005137159876808711e-01
2.897523867757686444e-01
2.785588938881420340e-01
2.962033832787172583e-01
2.872070158042382415e-01
1.363331595208115421e-01
2.175398627413132058e-01
1.478974263475762441e-01
1.701276027319499062e-01
9.888830928565262024e-02
2.403928417729099820e-01
2.313077416417799181e-01
8.858453419532642814e-02
3.296477328030225085e-01
3.027925930005183619e-01
2.286300082622674812e-01
1.200969867598511015e-01
1.192248474301228628e-01
1.877753247358266986e-01
2.555468813963562291e-01
2.804687007365832541e-01
1.063357756096958012e-01
9.611358931317523502e-02
2.066726097702721310e-01
3.371990801978431151e-01
1.580848212066512937e-01
2.980400874011909229e-01
1.442564444527402734e-01
1.732325629404770917e-01
1.702539688120022487e-01
3.099999196161568049e-01
2.002764368037412979e-01
3.414695101832045387e-01
9.797676351414486007e-02
1.256523564430122863e-01
3.018249262455112714e-01
2.689973748982278923e-01
1.681853173076647556e-01
3.141336554347138321e-01
1.467217138801968912e-01
2.294881574266073032e-01
1.835963767197350271e-01
2.672737796132687027e-01
1.633378628243010444e-01
2.466615598697012857e-01
1.214235392789678319e-01
3.218712863652481437e-01
3.392650466464369186e-01
1.395820281671937557e-01
3.304106159090120509e-01
1.222651772850558149e-01
2.367915807971864850e-01
2.480087060666092136e-01
1.524373833308434734e-01
1.386800001409920768e-01
3.206455603432180057e-01
3.049894317307562108e-01
1.504758811958866460e-01
2.036336043469217649e-01
3.230536992350424574e-01
2.536440193078497995e-01
1.481846136554738069e-01
1.434527749444939326e-01
2.390025563355426264e-01
2.933377896837866539e-01
1.995584181004426694e-01
2.287253516548060361e-01
1.405654370539881348e-01
3.021870229086802140e-01
3.197732319943509260e-01
2.411610013845956468e-01
1.832292622638555246e-01
2.304377484776338192e-01
8.188523026910780878e-02
1.384167704176500202e-01
1.233863019612832929e-01
1.360280505710664833e-01
2.407472384359528039e-01
2.542648057620582880e-01
2.215686933983784523e-01
3.217516091044713145e-01
2.110736735208455228e-01
1.393042486133616864e-01
3.254791512631916572e-01
1.399541475214651221e-01
2.902345121181673093e-01
3.336876037078014834e-01
3.408418777458352977e-01
2.027136228515847849e-01
8.501870708400779963e-02
2.532397310938915846e-01
1.437173782238763686e-01
1.343316373487571935e-01
6.736272357661714227e-03
2.222649213721725470e-01
2.018725637032199594e-01
3.284801358368332203e-01
2.751698970649117393e-01
2.724957436936447652e-01
1.327431154169706473e-01
1.521705390683238679e-01
2.031053462700547207e-01
1.895597704970269637e-01
2.895491286831037292e-01
2.501007245620937014e-01
1.836356929250927417e-01
2.672348066778330034e-01
2.421537131319676239e-01
2.105782335215231060e-01
2.373628329521618452e-01
3.378085002785968793e-01
2.065177365975872092e-01
2.960310488742952661e-01
3.074158222252212358e-01
3.449142729126305484e-01
2.229927349309608620e-01
1.747581899611342360e-01
1.351688653203146073e-01
1.434215941928660976e-01
2.029963556130284785e-01
3.090984099148980091e-01
1.763746680236374931e-01
2.432482834781616587e-01
2.619814091614014462e-01
2.302000556482655946e-01
1.544259612649111491e-01
9.467784583076364890e-02
3.276389257115832065e-01
2.975779400859831503e-01
2.552957263178431413e-01
3.140224714240399395e-01
2.918380481145930183e-01
2.480100961749868438e-01
1.565077071231322225e-01
1.653713327521232068e-01
1.290354200459998546e-01
1.038213755369663538e-01
1.701616031470782608e-01
1.089048064182875225e-01
2.166987031890240945e-01
1.875024836054318966e-01
2.025277441514334587e-01
2.575985022398099566e-01
1.235476042908874861e-01
1.645807208632953933e-01
3.157679023326593892e-01
1.896471217657568764e-01
2.605320639316373588e-01
2.861306688612749172e-01
1.165121429549414722e-01
1.679009428498283441e-01
2.877179812190502339e-01
9.089255121961552220e-02
3.638775409617300838e-02
3.347344423443848749e-01
1.238181116225774009e-01
1.796832863407829828e-01
9.101783620617710791e-02
8.732508947414868716e-02
4.883241910531078457e-03
2.559239242184976892e-01
9.277447238787454864e-02
1.866176961821632008e-01
2.442086012037384402e-01
1.138060758803201011e-01
2.607024391975923394e-01
2.241454984836474540e-01
8.571638667753748997e-02
2.314325292467972750e-01
2.042204278304675102e-01
3.061502062904633559e-01
1.491958017532393765e-01
2.624608565789227077e-01
2.910679729035780539e-01
1.029277687219952442e-01
1.544777817755705607e-01
2.126681889880382148e-01
1.202712479379598742e-01
1.362327909773324575e-01
2.333890002701707878e-01
1.663524384913711573e-01
2.816482420577171020e-01
2.297386036714901270e-01
1.456584194078469896e-01
1.092172242860841025e-01
2.792389479487436543e-01
1.744742702391933742e-01
2.980187588745348282e-01
3.091544225389771805e-01
1.245591955903885689e-01
3.229566423327092650e-01
1.480697416717061121e-01
2.014032086662077836e-01
1.938969346781063974e-01
2.890801443491826661e-01
1.835790858090069477e-01
2.629122185269727741e-01
1.253245358994053704e-01
1.524238323994066002e-01
1.826272746342980091e-01
1.749125673177289175e-01
2.452700562200817169e-02
3.505341374272314403e-01
1.690898651508471462e-01
1.608208376133569428e-01
3.208445027279973605e-01
1.161938844747039401e-01
2.293077305433791624e-01
2.643264337071008496e-01
1.800299205632788502e-01
2.837774853170866862e-01
1.325627179387822430e-01
1.883657846233934008e-01
3.241703724360823213e-01
2.242058451165038491e-01
1.587613161687832231e-01
2.833672092205530291e-01
1.627232612307582538e-01
3.121372544380808245e-01
1.836190303074893282e-01
2.253249095362889753e-01
2.671147760378381197e-01
2.054872132636839932e-01
1.265914698526786619e-01
1.529398176684040600e-01
3.484061996668135208e-01
1.067126270709963104e-01
1.590167717859128083e-01
1.306177012224596090e-01
1.082396568381211316e-01
1.287653910049296746e-01
2.073897243469270402e-01
1.609379571174423054e-03
1.960221565223077556e-01
1.154588823113160967e-01
1.350930194767972770e-01
2.479086880021435235e-01
2.760786232722832745e-01
1.257622880110879637e-01
1.319276243572589657e-01
1.262523184486340766e-01
2.848532796848257109e-01
1.166715390486427195e-01
2.052508664236526448e-01
1.077285939909001511e-01
1.646586494986078675e-01
3.329493898868736146e-01
2.683137330471063176e-01
1.975495784614446360e-01
9.051930993926299296e-02
3.027057861871543243e-01
1.844275010017582817e-01
2.336078914901206782e-01
3.143980348336706809e-01
2.514025335921975524e-01
1.267543955023306135e-01
1.871849960750809339e-01
1.568196751207527051e-01
3.413200133055925289e-01
1.857350991950218744e-01
1.767837951779711037e-01
8.011269920928376642e-02
1.500772820600672908e-01
8.019025043597721725e-03
3.071496548143097804e-01
1.759028086356865250e-01
3.352958515258174788e-01
2.398540186892006432e-01
3.052858578393581879e-01
2.085731474311253442e-01
2.133265575211349407e-01
2.055211647555578447e-01
2.906995984291728674e-01
1.427696614819974341e-01
3.169467866980767989e-01
1.328346663224950208e-01
9.361712109938581661e-02
2.031649361939031062e-01
3.165083083179834889e-01
5.475291078086910040e-02
2.799110844622614280e-01
1.376309447432854938e-01
2.994393696911614167e-01
1.853147462548009328e-01
1.370505178017296377e-01
3.058311177815330462e-01
2.982100929654739052e-01
1.452118847518276690e-01
3.440322659173208342e-01
2.892039278791685430e-01
2.540485915458454702e-01
2.774508064066800728e-01
1.542310416244330740e-01
2.578717606710691501e-01
1.526890218631959395e-01
1.127635532216567094e-01
1.329956282508225063e-01
1.075019567943936855e-01
2.375439133995093099e-01
3.586327399885392425e-03
7.468951096041377691e-02
3.243281540715972633e-01
1.411860183237797772e-01
2.880102356259425789e-01
2.198773862049605010e-01
3.437444509948406890e-01
2.624271151038278238e-01
2.024480456988674015e-01
2.580315756097936175e-01
1.983980398235043741e-01
2.380488236701376603e-01
1.486092961921550992e-01
1.324926015949325631e-01
1.404985373045588570e-01
3.144751845417150249e-01
2.216751096959603817e-01
1.287576118020832827e-01
2.556626050222680080e-01
2.836428536964710201e-01
2.297086516585509774e-01
2.712751780053929140e-01
3.213974717329535213e-01
2.579992921548681095e-01
3.258513976358874409e-01
1.361021671620612494e-01
3.039880200581090430e-01
2.180659662637085272e-01
1.427454022956707869e-01
1.458440282781313380e-01
9.081418719972362066e-03
2.014983461836462875e-01
1.155491661777334478e-01
3.372601438172418420e-01
2.136201950306602093e-01
9.978045627286265262e-02
2.017052249115449669e-01
3.264241989139944899e-01
1.451319387291686858e-01
2.494541425627697651e-01
2.124965410282446121e-01
1.406098004068538077e-01
1.656633194005836807e-01
1.059555145339228649e-01
2.615996147583933840e-01
1.723299731047072680e-01
1.176719036937066698e-01
1.899802058592947041e-01
3.320772115924476853e-01
8.591217028372317988e-02
3.058805347950978026e-01
3.914804763054022230e-04
1.883539107018654402e-01
3.414099219130755092e-01
2.332049291817042957e-01
1.633675852886022628e-01
1.746238197388385593e-01
1.136080786273984539e-01
1.186377873534340266e-01
2.803177082829138023e-01
2.075622370881248513e-01
1.421069854520743136e-01
3.183746014688682568e-01
2.044006303978427030e-01
2.910620575084345574e-01
1.114891576619535946e-01
2.563005613716891617e-01
2.605638439208204371e-01
2.158115772095902385e-01
8.055980466872186829e-02
1.261512953861987918e-01
2.714278824175390681e-01
1.351237107082545463e-01
1.416836543050044861e-01
3.165530929901778645e-01
2.077861786388117971e-01
2.500802049072393674e-01
1.990593718915618926e-01
1.365531444259053262e-01
1.791271416251407830e-02
2.815082991276330326e-01
2.517412041698279812e-01
2.376275259796105377e-03
3.079702802529731831e-01
1.407456542275808964e-01
1.712948602959731004e-01
1.534603328417921408e-01
2.626456927271334507e-01
4.178541801462169053e-02
3.385712117626755169e-01
1.454867609745474355e-01
2.336459629989493664e-02
1.747482106128041557e-01
1.553845898189062102e-01
3.311162847267295484e-01
2.843535432412034325e-01
1.688852476089404697e-01
3.285561364292042819e-01
3.304001292941867729e-01
1.965185679125345808e-01
2.200793292389097988e-01
2.097974652328661038e-01
3.004097429073506742e-01
3.171158213393118763e-02
1.366561133972912234e-01
3.445532095158017061e-01
1.709600122821673951e-01
1.576542307516728136e-01
1.471249333335574172e-01
2.452728688035183957e-01
1.059650289298460502e-01
1.519192779383611580e-01
3.442249032471408343e-01
3.014589559634258120e-01
2.958136642889475088e-01
1.978078184587179766e-01
2.625529252589853813e-01
1.363119697703004118e-01
2.654935868900756835e-01
1.147006429147387346e-01
2.009737208413910903e-01
2.834195990166460954e-01
3.290355413560624998e-01
2.244078370603320993e-01
1.404454034549850461e-01
1.343647807014438089e-01
1.909178307439520286e-02
3.499987505113130171e-01
1.027164810099267384e-01
2.790684714738017047e-01
2.357346666297660542e-01
2.147376601617367320e-01
1.171630003651501634e-01
2.999459397271393990e-01
2.721340080759510061e-01
2.857141646664098644e-01
1.573041723024349581e-01
1.021807700106120154e-01
1.587973684151839093e-01
1.276176646318722130e-01
2.500469132422288854e-01
2.153017844655164548e-01
3.312291664325592855e-01
2.931983611477634866e-01
2.338121603738452237e-01
1.499619923125943832e-01
2.889021783515516861e-01
3.450021150578331253e-01
1.867125086924654176e-01
1.126359258632259747e-01
2.191556183377716405e-01
1.329027566037064012e-01
3.006546725256695196e-01
1.876261103187790991e-01
3.233674269431972559e-01
2.769264669345875007e-01
2.936755362437599159e-01
2.201524805778614091e-01
2.604799391797888997e-01
1.129090521010847337e-01
1.135716991133544906e-01
1.730156297973406143e-01
2.840551811541911498e-01
1.813886522979180072e-01
9.437557208446985257e-02
2.375956863543300102e-01
6.333029074599348836e-03
1.426182674646829796e-01
2.506977165380904760e-01
2.744803738231584855e-01
3.501148820161399944e-01
1.184219396805836627e-01
3.135981978473726395e-01
3.411258979169041750e-01
2.454957913841414319e-01
2.904758043813791546e-01
1.988818247953990093e-01
2.836451819285618625e-01
4.322599149217401515e-02
2.532106929294143383e-01
5.784777511398881203e-03
1.302354373210184435e-01
2.673808715549794712e-01
1.660254714258644904e-01
1.653734126527816872e-01
1.284155147307459721e-01
2.958097067405700553e-01
1.695155145876153513e-01
2.380265620158485973e-01
7.914762395300098397e-02
1.720323158622805992e-01
2.615015492527097418e-01
3.439160873662084894e-01
1.416651130103925398e-02
3.016769237637497159e-01
2.096949434191221207e-01
8.926760190172688958e-02
1.520985766112804560e-01
3.270531364297463162e-01
4.078585146936958283e-02
3.235161399525458004e-01
1.761270181438709947e-01
2.636888661250205712e-01
1.547902639829092653e-01
1.681747857891164322e-01
1.090758550672344535e-01
3.189105734894124300e-01
1.889428049415550481e-01
1.798526826767563869e-01
1.217402767743592240e-01
1.875525749509251161e-01
1.412917462721182404e-01
1.369615847145310705e-01
3.047418577930995354e-01
2.035287038142872817e-01
1.221725933013760590e-01
3.441627347308179874e-01
1.176634362767881997e-01
3.112130630727852898e-01
2.512351648502880730e-01
3.369057845814059649e-01
1.730256975303890166e-01
1.542730616785009667e-01
2.482082967936142248e-01
2.661742593923460687e-01
1.012938128813925809e-01
1.050634120034891900e-01
8.270900831371409689e-02
2.366325523180090040e-01
2.789396845947253456e-01
2.396952239293242970e-01
2.361187044800658885e-01
2.363410689163457368e-01
2.136590885963406128e-01
1.997510450807007953e-01
2.778780425794673548e-01
1.662007864807019952e-01
3.443078966501930682e-01
2.085177951185423761e-01
1.056247151519057043e-01
1.203875649234812939e-01
1.558245820991024377e-01
2.308175347144576783e-01
2.710848649463965532e-01
2.669023688317433418e-01
2.314364390212090561e-01
2.738545940355449071e-01
2.658523699485366709e-01
3.165126653101644205e-01
3.276376200853131637e-01
3.034928861701645109e-01
5.099967793681724204e-02
1.333503825576883572e-01
2.321645441776872543e-01
8.139877764437340041e-03
2.810977693997878113e-01
2.976999127405758894e-01
1.494130101111774689e-01
1.495860729864102456e-01
2.874801749909272064e-01
1.794182512310986133e-01
1.047366154660877569e-01
1.911278504847501170e-01
1.743576021961511513e-01
7.932045578389430862e-02
2.343529983795904492e-01
2.383854510870597743e-01
2.359751187554822438e-01
1.466251021154730549e-01
1.080240918398895217e-01
1.573347303501483607e-01
1.354702345078878101e-01
8.251231961594328312e-02
2.122744680058114286e-01
1.994768091140033117e-01
2.124415215966809212e-01
2.850712848784773268e-01
2.921207391504306305e-01
1.220619235782018502e-01
2.759077789377997192e-01
1.194318132029390522e-01
1.351806997409311373e-01
3.310985447045957653e-01
2.600107783585690058e-01
2.539396602674470760e-01
2.329137531861729116e-01
3.353121898165790093e-01
3.238940714995623416e-01
2.162108880593487659e-01
1.507775008736487454e-01
1.884578093081911987e-01
1.262647737971155371e-01
2.192703326410745668e-01
3.381747085893662130e-01
2.975636833678268478e-01
1.222909816035142594e-01
1.189611467875608952e-01
9.985145217375115956e-02
1.027462296362357808e-01
2.331833555963574445e-01
2.677907055240450473e-01
2.095708396842337340e-01
1.323759286724001116e-01
1.923107690051938656e-01
2.405368824106492165e-01
2.587163988286018124e-01
1.596173145650284508e-01
1.550019847283129470e-01
1.072894740180498629e-01
2.627748566564748756e-01
3.497213021863241900e-01
2.814614269225747534e-01
1.461814074658670526e-01
1.768863670259264165e-01
1.389223328029197957e-01
1.461440260667120350e-01
1.868750425131324167e-01
1.467771001979895906e-01
1.176819138357033390e-01
1.310625289066328636e-01
2.428916562617405850e-01
1.120492505957365881e-01
1.077383859420883404e-02
2.538309727038699504e-01
1.600251636401049948e-01
2.815964654379983223e-01
2.262741452871953607e-01
4.843684405102959695e-02
2.674689388399622558e-01
1.519463292054603065e-01
3.172662808144096069e-01
2.285017878331379870e-01
1.711922315019358959e-02
1.289746936615463191e-01
1.062530985410921475e-01
3.345557823524338836e-01
2.568538717058322374e-01
1.400736163105994192e-01
2.329419375096095923e-01
1.291593637435449748e-01
2.916730617763669264e-01
2.194026096578800822e-01
2.255022414589083202e-01
1.301132785901340794e-01
2.728610132972121849e-01
1.011115579319250002e-01
2.194343572819550114e-01
1.581539547757762898e-01
1.988541049940948519e-02
1.389888070653407248e-01
2.788454262635062242e-01
1.369619442562365064e-01
2.570162863611799020e-01
2.555442892822863410e-01
3.086851312716031304e-01
1.582005511882237647e-01
3.309044967919536617e-01
1.843816996118246565e-01
2.619668112108376468e-01
2.363643469223072890e-01
1.387078507681865358e-01
1.151838376821670146e-01
2.520140546448299546e-01
1.463789744805243653e-01
8.094740603990270567e-02
1.532825715045704196e-01
2.814276080146545511e-01
2.661319701540448279e-01
2.967522300263204793e-02
2.843984110031763657e-01
2.457965848896395966e-01
2.788463692703241348e-01
2.516467956677445605e-01
1.538677327183579913e-01
3.250602191941193708e-01
2.042926125589436537e-01
1.997460541459113170e-01
2.079312844490655288e-01
1.505549079318884986e-01
2.481945575173692686e-01
1.607887940672422245e-01
2.698816417787794353e-01
1.308942429905605997e-01
1.469928249873996284e-01
2.089873347491410793e-01
1.970129338244928918e-01
1.550806387143901233e-01
1.880843320850144329e-01
3.153291042900616126e-01
1.789991931931314562e-01
5.540762474470044274e-04
2.501775052375561081e-01
3.447412180426780992e-01
2.833755858894391744e-01
3.408112413455693379e-01
3.148400068130062235e-01
2.031896952811461099e-01
2.369303737028558288e-01
2.579261575982613186e-01
1.730887053371589213e-01
1.650871424390354669e-01
1.207657403246992778e-01
3.181198064291863026e-01
3.377426753457223874e-01
8.778043178803371371e-02
9.263026769772961244e-02
9.594381414040850653e-02
3.395592238521603634e-01
2.446395270627154395e-01
2.229364891109557878e-01
1.942234827964601507e-01
2.676999900157762680e-01
3.059849024727704925e-01
2.491238017152401230e-01
1.357357491734708099e-01
1.765632953911474012e-01
1.861629635881029976e-01
1.166258899221449125e-01
1.905522133504848059e-01
2.347200784948862418e-01
2.714356632354885113e-01
1.596020676545843731e-01
1.358613327282162386e-01
1.864635644119055913e-01
2.185503750935608169e-01
2.336728145284567848e-01
2.173267350102950635e-01
2.675801533347177963e-01
2.580419564447137826e-01
2.192522168523160508e-01
2.012443933177908428e-01
3.114019531234833993e-01
2.105014774181740989e-01
2.908281394613356774e-01
2.620288193743654515e-01
2.893444477110081459e-01
2.169283399652739697e-01
3.132420841183810034e-01
2.157723040147200011e-01
1.243045244561149787e-01
2.408845139246115763e-01
2.260466248889491658e-01
2.297534965890611625e-01
2.972371140601731132e-01
1.010200630288638629e-01
2.305721598665112781e-01
2.981084143431244615e-01
1.142812384628567463e-01
1.446170281723836715e-01
3.082474142549835872e-01
2.366706535117049093e-01
3.198233546959873830e-01
1.658370339816958305e-01
2.762417371946478961e-01
2.635200683198055116e-01
1.244772807411352183e-01
1.722491706499219011e-01
8.049373795094591499e-02
3.103535689907886974e-01
2.778932529998335288e-01
2.688277940718624137e-01
1.265901078625367437e-01
3.421585774538733471e-01
2.363712463689912335e-01
6.313497824517967302e-04
3.139991012045668106e-01
3.143467552653952946e-01
1.340938889393330780e-01
1.406539484644258320e-01
1.374854910209278858e-01
1.979928480806843194e-01
2.675897090872084161e-01
1.266819737445133154e-01
1.564788714769329847e-01
1.991884984077465226e-01
1.542323106280955314e-01
2.180847245126980583e-01
3.352894055461385081e-01
1.372083503708710905e-01
2.275207833388449563e-01
2.197041952298046386e-01
1.902458277123054986e-01
1.708327855249546778e-01
2.363163481069563421e-01
2.306787663627145879e-01
1.733339170040726074e-01
1.133153517013677780e-01
2.104284497763672379e-01
2.171801081275918921e-01
2.547064411993652522e-01
3.189257824863648838e-01
7.523320959733471522e-03
2.823679795947294235e-01
3.039694003965822122e-01
2.268945982174454534e-01
1.310209786743822824e-01
2.900676270263144452e-01
