8.133915879781122849e-02
1.013806306327344892e-01
3.118519401598383589e-01
2.106726886059540615e-01
1.379014529391388300e-01
3.443457391613827800e-01
1.213033576257822876e-01
1.799692251861567671e-01
1.063025915715329200e-01
1.802441300623680298e-01
1.242517789090469699e-01
1.444654298302291417e-01
3.025252519580660104e-01
1.376784713581029607e-01
1.410988669929922057e-01
1.298632248069482298e-01
3.275011549012994960e-01
2.438842121574609223e-01
2.640894105596827135e-01
1.599562485309371229e-01
2.728239836943959218e-01
1.463357325774195528e-01
2.716432292564750495e-01
3.467495829372270189e-01
1.041864449731005199e-01
1.277443215421076028e-01
2.519062139800856692e-01
1.042015370060378615e-01
1.663623417270825577e-01
2.831818138194114320e-01
1.598241522224575772e-01
9.885548060809447313e-02
1.621919998532976304e-01
2.186142007801729348e-01
2.601861261173115669e-01
1.630966565483931707e-01
1.147446369562650642e-01
2.880994315261614647e-01
2.703327896811640874e-01
1.034961189326304987e-01
1.179765435481304886e-01
1.267280337267096268e-01
2.876994858207640449e-01
1.760722172879425340e-01
2.352332892436629908e-01
1.482452136615363680e-01
3.260688564307930304e-01
1.182422792357112201e-01
9.609806191732223057e-02
1.842530805347609157e-01
2.354213898820336770e-01
1.396014423402024140e-01
2.181021981355913131e-01
1.437695586793338309e-01
2.600301087456939331e-01
2.656370829278416057e-01
1.094297562599454848e-01
2.041908821537602725e-01
2.171683612973578648e-01
2.530942521821484825e-01
2.998418530394201253e-01
1.389009863530873412e-01
2.669204268283317805e-01
2.809509181000769962e-01
2.960159738134348628e-01
1.037700696764701641e-01
1.864075178355687201e-01
2.583051435056160638e-01
1.388944089392736558e-01
3.228849711828707947e-01
8.227640759350779778e-03
2.592084625529741948e-01
1.798131435431141734e-01
1.758436294116755838e-01
2.431280588359863437e-01
2.928458552807396420e-01
2.139257621659985675e-01
3.347532043915011912e-01
2.911593417404417239e-01
1.353939626098303040e-01
9.379174783328719789e-02
1.543901313788781093e-01
2.699809918616131177e-01
1.651107286754057435e-01
2.627722260956878997e-01
3.256243455671286591e-01
1.651901243623292437e-01
2.981484084098399157e-01
1.358821729925131505e-01
1.423016772503856164e-01
1.101164246534006991e-01
2.352990705154218432e-01
3.213873608631604983e-01
1.179027564612656620e-01
1.374984534546933312e-01
1.265886673202075985e-01
3.083992500812871573e-01
1.317767960249726367e-01
1.583892318548468792e-01
1.730129930556388029e-01
2.387545657688549816e-01
2.853200520303257881e-01
2.259638290253011550e-01
2.277091547485902145e-01
1.307612259565844315e-01
2.767166662665381804e-01
2.972780579396676059e-01
3.190749426664828969e-01
2.833713298950341630e-01
1.042231854227679416e-01
1.089619350838514633e-01
2.708035785548667529e-01
3.467416062192135717e-01
1.352042861073013968e-01
2.619041645851174493e-01
3.932255213605852923e-02
1.254486421264277562e-01
1.729014552562132268e-01
3.024758695432939182e-01
2.487072273383643117e-01
1.503305449642821090e-01
3.318476176614888473e-01
1.592398398449198504e-01
1.283727224015322466e-01
1.323329092379840755e-01
2.381537180493016603e-01
2.420754048468969633e-01
1.591279268916039324e-01
2.337828539356614499e-01
1.555993277079542603e-01
3.139541606992587441e-01
1.710233479839791959e-01
3.317651415666913461e-01
3.071839510111771809e-01
1.782447532054795558e-01
1.674599913819557195e-01
2.803512771792172620e-01
1.139349740086658402e-01
3.181801949897811177e-01
3.469153367218470452e-01
1.825549367339454054e-01
1.035373440249756360e-01
3.142567422024374890e-01
1.818325669279476087e-01
1.175275341412868602e-01
1.019100680539505588e-01
2.599915024771781713e-01
1.012582042423441908e-01
1.926251638959188273e-01
1.479810275751775872e-01
1.275319622910764672e-01
1.299011391161775109e-01
2.772747245757502532e-01
3.295695936642862311e-01
2.206513520773438208e-01
1.741393328383271932e-01
3.211250889095754735e-01
2.307053683663019827e-01
3.105951012028842495e-01
1.703837552254513776e-01
3.052941252943245920e-01
2.099077322903367404e-01
1.594360780220357432e-01
1.135584793576838447e-01
3.462398768777412150e-01
1.092861557351349489e-01
2.797602638543763565e-01
2.506313628174863806e-01
2.515702233663932863e-01
1.878194829227544382e-01
2.937889137897344849e-01
1.729809835738549961e-01
1.769265770580855102e-01
2.091656942442475242e-01
2.340609721112076880e-01
1.287254915378963360e-01
2.111853426955494772e-01
2.559590079470287494e-01
1.613707397109946373e-01
2.701876151186880515e-01
2.383810614692067342e-01
2.213083747078412322e-01
3.204008653864037770e-01
3.133814720818058897e-01
2.554374531180621521e-01
1.578679676967134626e-01
1.102980133975338811e-01
1.336359150097009563e-01
9.419503032074573456e-02
2.821297662148224417e-01
2.176000202568739439e-01
2.294228425144775041e-01
3.135385324706146948e-01
2.463838931320874726e-01
1.574530744446210884e-01
8.858129062461647663e-02
3.359721045641659298e-01
1.724742442773486428e-01
2.452065291741176156e-01
8.284300331250876726e-02
3.132650126295534743e-01
3.430401881390551799e-01
8.211968309459347082e-02
1.799608632123693708e-01
8.941425885529954987e-02
3.296638286987595423e-01
2.675755083199913287e-01
2.835868134591175149e-01
2.866546463934605549e-01
1.899776182680889824e-01
2.534481677157942592e-01
2.328094095051387591e-01
1.515838631902220734e-01
2.058408838622863557e-01
3.435603668848424275e-01
2.594851234135465701e-01
2.398402519490105134e-01
7.482494982273549082e-03
2.218773232319848077e-01
3.301040196798050719e-01
9.617959253259829311e-02
3.194547262768709373e-01
9.482025962231606375e-02
2.192067645102552809e-01
2.538791867982801431e-01
1.366512876286563316e-01
1.023601402112187253e-01
1.502190381563731358e-01
1.583325922963232102e-01
1.857301462131970560e-01
3.141455236830454356e-01
3.045384826652842158e-01
2.755632132821648761e-01
1.905048345194058357e-01
1.114245887225655263e-01
1.411484202624131989e-01
2.253491604138689597e-01
2.083023355291793999e-01
1.853540086705510181e-01
1.254987913993827753e-01
1.203989159247846330e-01
3.397371566558838318e-01
2.506158726052479246e-01
7.881083013797071657e-02
2.256582683852036975e-01
1.300727105023594676e-01
1.827475145840156967e-01
3.444793902950864517e-01
1.929892292564586165e-01
1.313981604205638476e-01
1.265819940609674288e-01
1.546805176554456041e-01
2.664216804033940900e-01
2.172602422204279737e-01
1.076954365630928973e-01
2.299798568248116459e-01
2.809861145332024149e-02
1.467652812937632889e-01
3.239890601573497952e-01
1.977180435501856570e-01
1.336106319407114329e-01
1.077146771145565535e-01
3.203344815213721719e-01
1.269321204878673948e-01
1.254384536224156799e-01
1.323204881394513255e-01
1.196173373658528105e-01
2.596316023283322116e-01
1.622180381124870285e-01
1.940361910416499858e-01
1.688796707826126786e-01
1.214767208525446285e-01
2.249807642036599220e-01
1.803856109831354915e-01
2.291535691586943368e-01
2.436549954567994170e-01
1.406000080835049237e-01
9.725923723916302110e-02
1.531205229762324094e-01
1.889361004591896820e-01
1.153792035511386344e-01
2.335804632281817117e-01
2.792916724821375984e-01
9.283368649688412966e-02
2.823586262426566185e-01
2.916600076125013263e-01
2.215106360840423949e-01
1.568644240351356467e-01
7.037820256942817210e-02
2.664987886510004067e-01
2.304608775941847099e-01
2.147435974877430209e-01
3.227276767057022377e-01
3.256681827202465018e-01
2.930098607399302946e-01
1.244530981523683799e-01
3.252531732893589322e-01
1.516606520401604929e-01
1.933117841250803770e-01
3.311169340350569312e-01
1.385495964952535575e-01
1.994241476072629027e-01
1.581346353542094352e-01
1.274294962901749984e-01
2.786033420678759587e-01
1.081693154400271834e-01
1.432813617047783983e-01
2.807325205025906212e-01
1.628540913247510102e-01
1.526768196174762837e-01
1.945498822895667668e-01
2.587372886578924724e-01
2.703885494969114345e-01
2.929234485579685909e-01
2.495064404875584618e-01
9.635994285375137913e-02
3.037643387590659994e-01
8.411640576773142530e-02
2.625651015803849853e-01
1.880139784976035677e-01
1.267524359514035637e-01
1.973826879106144183e-01
2.975479492345132759e-01
3.000936098321363432e-01
1.704061314944062822e-01
2.832504941820427335e-01
1.384751697438872386e-01
1.384216270905253288e-01
2.131001184938604021e-01
1.706710829039587984e-01
1.623155097037771444e-01
2.777250159631487469e-01
2.448369989160563143e-01
1.426496684564010908e-01
3.021357262127242760e-01
3.105830530539843148e-01
1.895899621073929009e-01
3.028881597039780327e-01
2.614501548321973012e-01
6.871480989706825471e-02
1.907026559596521897e-01
1.376030440063605309e-01
2.271645844756604304e-01
3.042988706727400294e-01
2.635632803829092707e-01
1.867634397350136366e-01
1.902978155731648857e-01
2.124196938212563335e-01
3.368612099814039529e-01
2.624233347184940501e-01
7.890502367472523870e-02
2.040768126762051438e-01
1.665117450735923432e-01
3.252306369715994294e-01
1.739690052047937474e-01
2.709119076662422909e-01
2.822970260061511416e-01
1.486548271462627691e-01
2.038960082196168977e-01
1.264812555321973286e-01
1.993938963440893553e-01
2.727666722797393306e-01
1.622555737870216008e-01
2.161008263651052475e-01
1.989639991924543605e-01
1.426390180923494955e-01
2.389524978890740226e-01
1.706257457640522890e-01
2.299162792903435837e-01
1.852376769277032931e-01
1.335307397205954816e-01
2.795212945651922576e-01
2.362954416873501440e-01
3.229530286968204100e-01
3.266591259582309337e-01
1.372762747216030588e-01
1.336209394228871639e-01
2.552724375770192844e-01
2.909155563408793443e-01
9.918714638580992948e-02
1.435504751096037257e-01
1.710367831254740734e-01
3.040519023607506366e-01
2.901018329291726316e-01
1.357809949501868896e-01
2.094827184956710442e-01
2.922230912283423354e-01
3.223331493232503564e-01
1.596715287814323703e-01
2.157781773754175458e-01
1.440535821431380425e-01
1.168626777927900123e-01
1.472999599681748817e-01
7.692773243902223390e-02
1.992560331925939954e-01
2.540141157528094662e-01
3.149631484705201490e-01
1.333516799204420566e-01
1.294402305938860964e-01
2.825158662847147006e-01
2.747492671343569892e-01
1.797515032808919277e-01
7.769166595746564152e-02
1.200744891713258766e-01
1.030927586503566917e-01
2.894063718452482004e-01
1.043278021812568956e-01
1.634944357119765268e-01
2.354274318271390443e-01
1.519639367459978685e-01
1.412662065639376519e-01
1.399483668265835146e-01
2.585459950287885555e-01
2.348645282449435545e-01
2.128166393374039400e-01
2.492367910620969240e-01
3.094009257959950410e-01
2.590570293331649343e-01
1.374406184450551183e-01
2.657266481826364712e-01
2.072924547727322819e-01
1.806445477191846172e-01
9.451586979986752179e-02
2.989096866616698933e-01
2.472153714704229954e-01
7.742397133852044200e-02
8.978734666392371166e-02
2.457044251517410682e-01
2.467519684532864521e-01
1.864277021850790084e-01
1.160946190590538135e-01
1.851424272146924566e-01
2.194680946504034835e-01
1.604627554963972969e-01
2.961929783376778258e-01
1.669150429920115697e-01
2.716749531516293170e-01
2.215796289990316914e-01
1.962119168114946910e-01
1.978311089978769255e-01
2.107814513921279498e-01
1.335772985087766984e-01
1.039772867752355723e-01
3.157894827398651239e-01
1.174713916910141570e-01
2.590172335379739010e-01
2.954589419884948165e-01
1.343685660364134227e-01
1.883485911478787467e-01
3.354267117557741679e-02
2.543778107753730811e-01
2.202689843143090798e-01
3.063995868301784831e-01
3.414963229174856063e-01
1.233567303438579815e-01
1.191457069497073029e-01
1.608003121408925484e-01
3.100981154311350796e-01
1.015887279754799644e-01
3.035547927437379778e-01
2.774434898376355041e-01
3.385245267177010020e-01
1.042104660445488523e-01
2.232281668299625210e-01
3.099183750639805668e-01
1.326902841385630971e-01
3.145906736631887135e-01
3.137744333981984379e-01
3.329971786616875984e-01
1.141498757273229636e-01
2.098647808272344484e-01
1.042514724418859701e-01
2.932642870290367298e-01
1.517112601631412649e-01
2.533112411767469152e-01
1.063426389124242227e-01
1.680553017189024001e-01
2.662092696681623849e-01
2.365064996232629502e-01
1.403566592716900263e-01
1.675793404419803345e-01
2.838888820784761235e-01
1.583408232083307332e-01
2.802483199153208981e-01
2.227472451441829260e-01
1.584356734746315554e-01
1.157087746949121143e-01
1.223396727499584530e-01
2.917643521633512815e-01
1.395288585337979559e-01
2.763689761976422798e-01
1.499162502720391976e-01
3.213078221698967840e-01
1.595001043454978562e-01
2.533343797217454396e-01
2.668317223204527688e-01
1.476820164414866798e-01
2.235696760909292036e-01
2.855976502284536811e-01
2.622915525871764575e-01
2.800958964743586743e-01
2.879745115787178400e-01
2.195762900337496770e-01
2.019676466128580150e-01
3.052278251053490155e-01
1.084849926052711966e-01
2.888378993607442768e-01
2.183795476797684709e-01
3.420855532437101498e-01
2.604328971899936840e-01
2.190809171673993860e-01
2.109453087330003251e-01
2.216040297871000042e-01
1.744569056197609880e-01
1.365022997543124395e-01
2.546257371359346711e-01
3.002717864831735972e-01
2.231991276064227148e-01
2.549100895558933932e-01
2.897993263924524832e-01
8.976272025473967797e-02
6.802410514050556689e-02
2.753254150626701091e-01
4.018861218737318497e-02
1.453888993750675207e-01
1.414018687207250213e-01
9.746830435462008890e-02
2.897974146415753793e-01
2.972348022968006598e-01
1.855352735282126964e-01
1.931066496149773937e-01
1.673722338320149938e-01
3.421650961660427925e-01
2.574585630708971506e-01
1.351080922896904790e-01
1.399934709419409784e-01
1.303280090695684568e-01
1.643221020853800063e-01
1.672475235010519035e-01
2.588520360506371132e-01
2.655544888695814953e-01
2.135832405903005105e-01
1.311148651503672158e-01
2.601611463524077794e-01
3.230162365917814693e-01
1.208000567147529421e-05
1.973206226322804513e-01
1.710756060117566701e-01
2.508657097839819272e-01
2.968040517232267694e-01
2.879983342814868008e-01
2.336096921761664780e-01
2.014333073183015854e-01
1.144870843906456159e-01
7.909578240372278080e-02
1.753717761001068187e-01
2.912080565649712849e-01
7.387345430353448039e-02
1.360740915489809799e-01
1.996621502859482200e-01
1.545526040849636296e-01
2.704018858053073848e-01
2.996778546312295899e-01
2.333331599227595754e-01
2.554434969371017772e-01
1.859412395934082474e-01
2.614762707633579986e-01
8.066775596136484261e-02
2.374907107573417664e-01
3.281114647257935002e-01
2.161002024917119124e-01
2.741097776473178649e-01
1.236254220012163868e-01
1.201041962938130259e-01
1.678867224323789820e-01
1.144250518066837474e-01
2.159978144005745282e-01
3.184262410284044997e-01
2.053870416638020613e-01
2.985159986461271009e-01
9.234396799047137061e-02
7.617216423035140516e-02
2.386870447173634058e-01
1.403727608712113661e-01
2.681827588521465411e-01
2.734214927074980483e-01
1.880140465245725978e-01
1.190954036379507919e-01
1.672082941387930677e-01
2.606113000317206718e-01
1.446669572496174228e-01
2.422371077905779713e-01
2.261666286094444478e-01
1.129433211056344311e-01
1.569562100790070081e-01
1.353620856321271215e-01
1.473947194957193063e-01
1.225290754237489815e-01
1.756521855986341030e-01
1.774696925211580456e-01
1.639206569503580957e-01
1.574802143107149333e-01
3.362033137446823750e-01
1.668623270449555995e-01
1.328232900725581367e-01
2.538418693267411874e-01
2.504374280614132253e-01
2.983871566864194080e-01
1.690699170186431011e-01
2.909222465371194555e-01
2.696176939886352764e-01
8.441452558346634882e-02
3.108723055599585394e-01
1.261684684919291144e-01
1.115698500241414926e-01
1.689898641226346698e-01
2.360788934102699410e-01
2.346259712024408584e-01
8.125929271804241405e-02
1.542517680528240620e-01
9.630256249173053951e-02
2.786891576300685180e-01
1.181040919327034922e-01
7.136144577330516547e-02
1.149121114781687381e-01
1.092010963875586216e-01
3.391106623141352805e-01
1.630971426882256159e-01
3.284744192374076666e-01
2.265152595196718577e-01
1.952155688519690846e-01
2.315590026603277229e-01
1.752288174862465242e-01
7.393945418391070779e-02
1.107454296103711489e-01
2.701410653886747726e-01
1.546957065208497961e-01
3.263281106743067261e-01
8.517391064842508297e-02
2.858049387987769974e-01
2.434898859270999139e-01
2.306578329746022948e-01
9.651200666529320682e-02
1.869296312284155770e-01
1.372848467732928901e-01
2.317148724784364455e-01
7.638822399513374439e-02
1.293267088745280180e-01
2.196935496866464499e-01
3.041832010967034927e-01
8.453366093595418573e-02
2.628285833403984362e-01
2.926767628791410725e-01
2.311645226905072736e-01
1.017688013767813759e-01
9.981903694606245048e-02
1.508858398504782372e-01
1.504849999166770758e-01
3.440752213197543208e-01
9.779818618800324714e-02
6.805995521085603239e-02
3.360622910592171442e-01
1.388692320180771600e-01
3.107733665307335080e-01
2.690352550603593018e-01
2.244153334958040036e-01
1.414327015393891385e-01
3.393013699108885506e-01
2.061370800356678579e-01
2.464279869065969519e-01
2.435951343726506235e-01
2.072226235845185116e-01
1.320264792306609092e-01
1.602566628348861544e-01
1.985977858034409516e-01
1.869038275910790414e-01
2.868535513964712846e-01
2.469202242449762830e-01
2.072846487082646294e-01
3.053651977603213385e-01
1.163396741021899411e-01
2.164348171478110150e-01
2.443601559225341280e-01
2.376338747037013421e-01
2.432670095858483206e-01
2.704773495761238489e-01
1.036428915061346628e-01
2.773339523203536272e-01
1.310484303970550213e-01
1.223710480296077152e-01
1.271883438374344089e-01
1.929039584763340143e-01
2.151250177287263865e-01
8.966620011510345600e-02
2.183738626540429328e-01
2.572034652947978728e-01
2.443022096850591407e-01
1.072703871258668257e-01
2.674958814656051009e-01
1.186061487828639766e-01
1.149913404528371819e-01
1.830687363672167112e-01
2.828297241737571244e-01
2.961790510358170425e-01
2.293204087458853013e-01
2.676513369228780692e-01
1.283805412019255743e-01
2.340771635405000384e-01
1.656650781837477882e-01
2.309738347571955730e-01
2.796947066270706883e-01
2.727893615572897779e-01
2.192221537971176526e-01
2.317334816960945343e-01
1.598840059253801571e-01
2.886046448801586894e-01
2.708191007654476290e-01
1.688421914918957767e-01
1.259459609532254665e-01
2.882921191655695714e-01
1.449191857766786995e-01
2.057381560580579249e-01
2.167193223321000062e-01
1.276181874812468697e-01
1.405686230806845773e-02
2.335503693399140213e-01
1.709755311966174030e-01
2.776260207187702389e-01
3.188597889272277164e-01
1.412593718761014916e-01
3.401213594254449690e-01
1.213040526278271053e-01
2.373182417441641046e-01
1.101080549800754343e-01
3.129977449846216286e-01
2.966558467258307297e-01
2.666017553381315186e-01
8.457334300294505613e-02
1.361242726943387438e-01
9.964496030148127514e-02
8.199920759337221698e-02
6.217811157834830793e-02
3.353545342626469417e-01
1.387750102999719126e-01
2.703867954996860834e-01
2.475576318283957133e-01
2.454986312660024095e-01
1.219214319969040838e-01
1.895732275469455830e-01
1.049297540244884114e-01
3.346505405194900584e-01
1.567386535223808386e-01
2.852471815616386408e-01
3.403008574573537781e-01
1.086818546610287817e-01
1.200221341251363066e-01
1.905173911976437706e-01
2.117845498727767006e-01
3.045896413652010581e-01
2.765450034085483177e-01
1.377949336817272941e-01
2.410670038896791934e-01
1.344038303427338710e-01
3.234088875256407869e-01
2.983289102696585204e-01
9.570328565840066637e-02
2.029185881379641787e-01
1.446438408111441754e-01
1.080690652721471717e-01
1.030214984373280240e-01
2.195810110013411975e-01
2.652689738090860949e-01
8.634098964874865889e-02
2.944172298404350574e-01
2.566318101012500796e-01
1.911762890627229927e-01
1.374198922180902005e-01
2.124732364953985098e-01
1.428437199337731500e-01
3.257546562292004677e-01
1.576734993306719845e-01
1.790652306237198177e-01
2.643449550784314206e-01
1.515909612787972593e-01
2.925929568544753945e-01
2.764938831924416140e-01
2.918158124799517528e-01
8.514323178831519068e-02
1.722671863971212136e-01
3.109857636839605810e-01
3.034543999803163694e-01
2.877811584590933558e-01
2.444145336308388150e-01
3.444063443358300058e-01
2.654993870801533595e-01
2.370017087060980743e-01
1.383319064629696948e-01
3.252481746918433059e-01
2.482175820919437226e-01
2.725408060215528394e-01
2.209823860467244050e-01
3.281229631706730210e-01
2.558680131964046756e-01
2.721769156376482868e-01
9.672351605533048569e-02
1.333013778129753524e-01
1.249022631139681955e-01
2.991550781232894529e-01
2.259957951236453433e-01
7.988261874322098721e-02
2.359151998452805876e-01
2.569747161369275723e-01
2.352339139854475181e-01
3.450042819544278938e-01
2.019858649059582956e-01
1.601446419848368830e-01
1.341019676322341703e-01
1.043469877485336955e-01
2.840435692571673387e-01
1.481014911032500769e-01
1.176456227433931301e-01
1.667910090715312710e-01
2.623890043766558544e-01
2.727255232531052287e-01
1.604302250432886323e-01
3.597636447326844206e-02
9.839525291873550683e-02
1.810821420605068510e-01
1.696298862374511496e-01
2.955464961642387256e-01
2.630629143026862460e-01
2.189935639003184331e-01
2.644388906032129061e-01
3.210126596809420585e-01
2.168174120672878014e-01
2.463203613845518780e-01
3.348873199276138357e-01
1.185965577139427435e-01
1.753449086721775851e-01
1.439138765775126172e-01
2.812714291273349931e-01
1.212116072429171992e-01
2.428671531275652662e-01
2.800480732142676676e-01
3.301255873076165415e-01
1.308383657875130945e-01
1.507519630186253956e-01
1.262438445610313265e-01
3.410610194790006378e-01
2.077248321321291391e-01
1.447067356471864463e-01
2.922606849148378094e-01
1.134608586307693096e-01
2.253042726997293577e-01
2.028173855757895716e-01
2.326956959811272430e-01
2.979193707523619672e-01
3.404857745555670556e-01
2.813449788555205111e-01
1.474104519597139173e-01
1.392088554726060579e-01
1.570724121265320850e-01
1.822665159340922103e-01
1.121730931806277087e-01
2.242441732937860421e-01
1.013301560597551776e-01
9.462531652432992768e-02
1.349547575383463760e-01
1.360051842107974918e-01
2.057332932076675336e-01
8.369947029344060319e-02
3.245439238013559380e-01
9.148921712362513559e-02
1.006537997904605602e-01
1.779952922463160780e-01
1.817876805001350515e-01
1.475911332147022692e-01
1.641900236375752609e-01
1.917177119173085753e-01
7.003311477243021922e-03
2.685455054290676324e-01
2.154100974856278106e-01
1.982048100445805983e-01
3.099383022407748989e-01
2.225606957090888460e-01
1.037168989034401023e-01
2.458896574672966573e-01
1.323998217498930652e-01
1.727937521651752573e-01
3.405898000409063875e-01
3.353565899374281734e-01
2.237911131376771612e-01
1.994451352966562230e-01
1.805392241325721459e-01
2.564041524050370557e-01
1.173470847893702262e-01
1.707135802887456977e-01
2.032187015368116245e-01
1.163282682022069997e-01
2.422497034537614558e-01
9.264621966448338686e-02
1.114499481868656688e-01
1.525240685085555714e-01
1.353545229518609838e-01
6.584143736784672796e-02
7.772496475555126794e-02
1.549670707963054783e-01
2.761623467796444631e-01
2.902952529188246311e-01
2.600774742456598565e-01
1.227435334394695737e-01
3.379426204408754741e-01
3.354328588035492831e-01
2.001357908391664109e-01
6.965105432779021555e-02
2.825780323983508313e-01
2.197122476642204281e-01
1.300555153973411704e-01
1.330906827871625731e-01
4.623815264809909981e-03
1.273641032884208768e-01
1.414567074920167478e-01
3.438969615803498803e-01
2.824676663703041268e-01
3.328488207195450799e-01
2.178360442418219023e-01
1.342749024256400248e-01
1.525758132094772457e-01
7.663849195806203551e-02
1.825694213693028201e-01
1.136421982814834614e-01
2.765378486919760070e-01
1.222939000611971416e-01
8.696288262429963112e-02
1.377601575645260312e-01
2.097899634750503839e-01
2.001616204311496006e-01
2.122107455134543963e-01
3.437228787251316864e-01
1.663485356062434639e-01
2.158623410001937193e-01
1.176475776104259630e-01
1.160324665751626821e-01
1.025787906785874254e-01
1.431145594833576618e-01
1.988319926971068019e-01
2.560002391094672314e-01
3.172219964832786454e-01
3.071377001312540767e-01
2.012016658359502552e-01
2.031663166729208436e-01
1.555035406877464110e-01
1.133073821402577064e-01
1.162792975712373666e-01
1.726456763651608717e-01
2.566998161800463918e-01
1.422622028893018031e-01
2.340904157219257375e-01
2.435470023721446609e-01
2.860962322719786122e-01
3.417494089972165083e-01
2.746443519688050450e-01
2.005306760345468842e-01
2.100105220245172266e-01
1.242859426271842593e-01
2.895562571750386893e-01
3.172129651837465314e-01
1.866749384519192090e-01
1.377592629039535443e-01
1.739120029948614532e-01
1.505792825018958669e-01
2.598695167900031411e-01
2.680780058345153538e-01
2.228140793512234374e-01
2.898858310522540727e-01
3.371910913821655198e-01
2.413103669743617008e-01
1.584726969959483200e-01
1.112117097577513536e-01
2.616614664633933329e-01
3.411745566488150749e-01
1.348835005753655780e-01
1.804029554910327182e-01
9.875239454260391347e-02
2.873256383930313240e-01
3.224598259936710676e-01
2.851009246591481583e-01
9.548843085031342992e-02
2.151625563977284383e-01
2.345500003529358835e-01
1.383373332252534338e-01
2.686917282192111123e-01
1.107476763654244994e-01
8.463066540746748412e-02
3.256960185752439951e-01
3.175874317441107486e-01
1.337293915344711648e-01
1.938197892672317846e-01
2.614126000885652612e-01
2.141160157775718054e-01
