1.450998106355482764e-01
7.833107380071313575e-02
1.807873903887694533e-01
2.044257982650571348e-01
2.084103363400287845e-01
1.279122302226184393e-01
1.794238625116493235e-01
1.014981677672523869e-01
1.926734024534431655e-01
1.361887308309012445e-01
1.753961259352930513e-01
2.029554267857129335e-01
1.120676421271896983e-01
2.122204179905595456e-01
2.060779062575364418e-01
1.688475685958251982e-01
2.039011314053128243e-01
2.200813630798269249e-01
6.544731276058061986e-02
1.838623881765795998e-01
9.503427840592122700e-02
1.913213509979377613e-01
1.939825340317092861e-01
7.042889327559750945e-02
1.579839612360368628e-01
1.783697605828617749e-01
1.929142792449100585e-01
9.928288092432022149e-02
1.028102266193783171e-01
1.485040288837169986e-01
1.895472591846955046e-01
2.019850014174811859e-01
1.863519551794802220e-01
1.398987066928748524e-01
1.246822917561576510e-01
6.277543151298756174e-02
1.686022725578498471e-01
1.408817535816037358e-01
1.945606608753640554e-01
1.208757689505998018e-01
1.947997906200697737e-01
2.185917776939278467e-01
8.393384631318519251e-02
1.899221927913629371e-01
9.587142169195565777e-02
6.991184443820812333e-02
1.972966648444328674e-01
1.030623872403437363e-01
9.930808306314378719e-02
1.959901771344663979e-01
1.560952332055469405e-01
1.322661749964556543e-01
1.254770914684893712e-01
1.598460977910592107e-01
1.758215725913418181e-01
1.893736607464458765e-01
2.045508059652831334e-01
1.032690599765022782e-01
1.684883399003527238e-01
2.001094191262552113e-01
2.404473806679758088e-02
1.249593373688035608e-01
1.496661022370661676e-01
1.947400274011802102e-01
2.038718565780240077e-01
2.167850181064658321e-01
1.366395431985224229e-01
2.028646036019531584e-01
7.371432514138806513e-02
2.050795811674018809e-01
1.810522263233796392e-01
6.501481811503778685e-02
1.026284162265958949e-01
7.921464084600433886e-02
1.499017305965583136e-01
2.372663418100809385e-02
9.809312391560472133e-02
1.821442397414140268e-01
1.710341404914235419e-01
1.326896570829095567e-01
2.020331899704257417e-01
2.131014629855255416e-01
1.866277040145456756e-01
1.709382461300341105e-01
1.214506372641444565e-01
2.207941092063447630e-01
1.663932064425177049e-01
2.128190044159064542e-01
1.853227961869022833e-01
1.611302186592737384e-01
8.798639977038369420e-02
1.985632715031620255e-01
1.387493091001128775e-01
1.302591562552960491e-01
2.004212327371441560e-01
2.141424571889884998e-01
4.715285275739656418e-02
1.326789420126985308e-01
2.144234636213658007e-01
9.742736862334060166e-02
1.790024416356013059e-01
1.881721021875158995e-01
1.256989153620332311e-01
1.625399882232995974e-01
1.900563288277357654e-01
2.074473465927557658e-01
2.147109207566264555e-01
1.959091644904901730e-01
8.791618443124110671e-02
3.431567253235896092e-02
1.363838257260889253e-01
1.741333903206645495e-01
1.841376075983023886e-01
2.077194564622404926e-01
1.884092570940597566e-01
2.151183462987290296e-01
1.931107028584823360e-01
2.058617527422497151e-01
1.217013825769962393e-01
1.834907891401738878e-01
1.693751868028425533e-01
1.172381205997500286e-01
2.102138363338829363e-01
1.562188905816161433e-01
2.040113701567710658e-01
8.366906550866987091e-02
3.754133105341821847e-02
2.111380871335634679e-01
3.867232718940456782e-02
1.986047106665386475e-01
1.258427488788774473e-01
9.747200185799646810e-02
1.456455071523957423e-01
1.971405999490666305e-01
1.475586217909476416e-01
1.671504584102720126e-01
1.072575183478213373e-01
2.155443003742479879e-01
9.035555734174399722e-02
2.122037752823330847e-01
1.770514171899873201e-01
2.297991880859609759e-01
2.287080050188872726e-01
1.665115797764987193e-01
1.081621570065134930e-01
1.689443642642527166e-01
2.022190836903148825e-01
1.720124410178027197e-01
1.138539282808271602e-01
1.251399373707408336e-01
1.437841719984433164e-01
2.076840168668559750e-01
6.184907119708036444e-02
3.791851485411689565e-02
1.962553105326833858e-01
1.248685163206505744e-01
1.944386411179014895e-01
1.628512259853165667e-01
1.168154609006510219e-01
1.920463450280492645e-01
7.223042185314720864e-02
1.113932972110713432e-01
1.292542673193409763e-01
1.215630542969134281e-01
2.025842528596229486e-01
1.865028597642100217e-01
1.972423527944221766e-01
1.527413215659047252e-01
1.772173929107578871e-01
8.457897617078752317e-02
2.271844982974328131e-01
2.187031987456393711e-01
4.682804915681481467e-02
1.823311333894090114e-01
1.480256185217025400e-01
5.479398429726748537e-02
8.111644114528251959e-02
1.836612370055349386e-01
8.091427264154604782e-02
2.104187446954253748e-01
1.361149542891707809e-01
1.704355189200437992e-01
1.202917325591276315e-01
1.759781112684200566e-01
5.348067324947730627e-02
3.291926386974466240e-02
7.899082423725252433e-02
2.106021103474357004e-01
1.090089354419657569e-01
1.637238666543700261e-01
2.982045690390737816e-02
2.029888424199940145e-01
1.352577740214032098e-01
1.028711672630695101e-01
1.844016662016147723e-01
1.833554637811149468e-01
7.937383636163049261e-02
1.945191951159598032e-01
1.778496085027743701e-01
4.092802616505596125e-02
2.164105197425007510e-01
1.021208962011921073e-01
1.685597904537841918e-01
1.398853635105097859e-01
2.003299727278157749e-01
2.173473027491774900e-01
1.541206981672002263e-01
1.830882804474630865e-01
1.654814980019707615e-01
2.010944864111476049e-01
1.075841903335798821e-01
2.008455900414181650e-01
1.510534886192876902e-01
8.793462956459423274e-02
2.111541212017253588e-01
7.314315204781317303e-02
1.532581093417756946e-01
1.378182741029405634e-01
3.573530308948264650e-02
1.513472425761189510e-01
1.102956735209456862e-01
2.134749760032237931e-01
2.184183497186639455e-01
2.123432578188130804e-01
1.413930456870180763e-01
5.157481786129797241e-02
2.081540569560797194e-01
2.324043360229458843e-01
1.655286057701538804e-01
2.192951651974870131e-01
5.042694259143236379e-02
1.284151755791657357e-01
1.962934264017306418e-01
2.113476059903762472e-01
2.127640755167008735e-01
1.381624201304251509e-01
2.173031295697679111e-01
2.111944599513338738e-01
1.288694729884721502e-01
1.141175180548106849e-01
1.946275664587750753e-01
7.129233742062945911e-02
1.828387976338688714e-01
1.850685292371533341e-01
2.062289965980269868e-01
8.347182257237223402e-02
7.312736945729199356e-02
2.267017953054001056e-01
1.110000844758882721e-01
2.044769811556520767e-01
9.501986530537571973e-02
2.006760780645867326e-01
1.255477160643132806e-01
5.259369037981132672e-02
2.169538721683958171e-01
2.002798557534354318e-01
9.595424015749420832e-02
1.929837010029636646e-01
2.185639009285376688e-01
6.646404277009312911e-02
2.132909829203474272e-01
2.483213981645794252e-02
1.986894012699726708e-01
1.312508695437298034e-01
1.830801199554404346e-01
1.418190954849690433e-01
2.042739509784510243e-01
2.214680100210449087e-01
1.591326065598525907e-01
2.340767785014159219e-01
2.163905078886644573e-01
2.004059705943221636e-01
2.161500906568634695e-01
1.971766308908032006e-01
2.015901556274726780e-01
9.333555028682105625e-02
2.159474217836951093e-01
1.615052417373060434e-01
1.024574360026265646e-01
2.153409721973666147e-01
2.142754740904500022e-01
2.149043247099722276e-01
6.434956110214926084e-02
1.874999482964730402e-01
1.620312794580355265e-01
1.270411128082357122e-01
1.354485279468123637e-01
4.291456806089755105e-02
2.131395097262187011e-01
8.631065543709898202e-02
3.511650378377181858e-02
2.149018917114288718e-01
1.106012801898215575e-01
1.824567927878262830e-01
1.834774026799159685e-01
1.909345627307811599e-01
2.270961660866135101e-01
1.914895466169070359e-01
1.987950178925587397e-01
1.603154877243002374e-01
2.142855601823837608e-01
7.979068498366015394e-02
2.072535507647006447e-01
1.779392345398459474e-01
2.102670555530704588e-01
2.256794799503016036e-01
1.598307961536013511e-01
1.874068349143765688e-01
1.049690382151746287e-01
1.187101804503627178e-01
8.239634434445061717e-02
1.550409378156578366e-01
1.907315445431562173e-01
1.891184829962339053e-01
1.703397160510047303e-01
1.060826103229157713e-01
6.531707591658951484e-02
1.625505722893167415e-01
1.504412323856730294e-01
1.716579262349462176e-01
1.700997877187300222e-01
1.530195698371722424e-01
1.715858326090321240e-01
1.756930438025561814e-01
8.764916310720594073e-02
2.144792657500800559e-01
2.216953607471765786e-01
1.246394786022268913e-01
1.894031615352962106e-01
1.051292737713171305e-01
1.511303075619091218e-01
2.084824444924039955e-01
1.693555029099497178e-01
2.090986118431418239e-01
1.940533576776129476e-01
1.799603184445145998e-01
1.967452838957077510e-01
1.586500064897936879e-01
2.085641924475252484e-01
1.569759163151306092e-01
2.163605498421893314e-01
2.098716746327175808e-01
2.233086432534691357e-01
1.675748069398585172e-01
2.101502119879923303e-01
1.983715211405953915e-01
8.049281242805970960e-02
1.318001336235636312e-01
8.461713959288738596e-02
1.126877086292644020e-01
4.480473152561662703e-02
1.620739108587636590e-01
2.135554040865156045e-01
1.049261663065362421e-01
2.169298782520580615e-01
4.717668434641004993e-02
2.127854324736742631e-01
1.956707063194771945e-01
1.928919561733844767e-01
1.883867124125702952e-01
2.398803025091611751e-01
2.018774236040676018e-01
1.931640786030021095e-01
1.804887844248158901e-01
1.538602415926858258e-01
1.295540099455821104e-01
9.643917689942035909e-02
9.932253898888591948e-02
1.362261514743649815e-01
1.467060423582693396e-01
2.005138692891891006e-01
9.877605558931087937e-02
1.190371148509364180e-01
2.146359794907147234e-01
1.309852170126666882e-01
2.001781484286010437e-01
1.012431725270101779e-01
6.638225605253511574e-02
1.677766004442683423e-01
6.415173788471549565e-02
3.680437119852272149e-02
2.123719584714723330e-01
1.595226893072209939e-01
1.777845234408646502e-01
1.159907249502281634e-01
5.958114291227719489e-02
1.875931682311359483e-01
2.174114039229682604e-01
1.916704130596787459e-01
1.689767292789710051e-01
1.489015005102182487e-01
2.132331263789390141e-01
1.615548248000101272e-01
1.887636158881686177e-01
1.893749688647922702e-01
2.029595785749167547e-01
1.973088848776544391e-01
2.077653865933793420e-01
1.596919900913225665e-01
1.421040035040346539e-01
1.902151238386576848e-01
1.599835811630555549e-01
2.153715027292802953e-01
2.043048850435171537e-01
1.463383401384154570e-01
1.999480055647832044e-01
1.707469725214764977e-01
2.110895034688591854e-01
1.964433455619681579e-01
1.939410378447785077e-01
1.926144302420342569e-01
1.179385144542206415e-01
1.935982820626206413e-01
2.171714412287368279e-01
1.380023618483731673e-01
1.948162752998741920e-01
5.370385682322787596e-02
1.951850048552249972e-01
2.257751438774876773e-01
2.057735540641769945e-01
1.137809747145739347e-01
8.188238366792822964e-02
1.378698043742595802e-01
1.520539561499786585e-01
1.940031971402531585e-01
1.564299972599259847e-01
7.850379462956796894e-02
1.925401889615465378e-01
1.398630556052340712e-01
6.771439011318869383e-02
4.232068531786743054e-02
2.157422262711401195e-01
2.031653418831277091e-01
9.888631742719231066e-02
9.046654364532885628e-02
2.049613375829750506e-01
9.361811758231490532e-02
2.094918365769978807e-01
1.409634313635049763e-01
1.719089885349191493e-01
1.497987568850460416e-01
1.150841584460952222e-01
1.067658538758362724e-01
1.325188186033943449e-01
1.626577608595177471e-01
2.162310480828886494e-01
1.020126520377729051e-01
1.716374515723925465e-01
1.370512243610825798e-01
1.012175339251579487e-01
6.175757561435601256e-02
1.848876652027704182e-01
9.633841218729363720e-02
1.970112748446909978e-01
1.852041730045450862e-01
6.217561755118413552e-02
1.494376329673871573e-01
1.461531118913952931e-01
1.180393031117745600e-01
2.014520558415844320e-01
1.066027586882947881e-01
3.296513695932035831e-02
2.050921338125857585e-01
1.097828624631622674e-01
1.373310263670604048e-01
1.724465861485947882e-01
2.135609319871379086e-01
9.222785902576138839e-02
1.865182630397589914e-01
1.788930340735528923e-01
1.809690952142511133e-01
2.180846374615809380e-01
7.913303842646789155e-02
1.887926614543891657e-01
2.169188406709589845e-01
1.826937335632268788e-01
1.916384997890097364e-01
2.093862663446114103e-01
7.388166597332852803e-02
1.803053347597044775e-01
2.051028160375776566e-01
1.307871735624506759e-01
1.866791928162788439e-01
1.950575742711358751e-01
2.135563258943443954e-01
1.142093342974272036e-01
2.184783057460210065e-01
1.313478786499664430e-01
1.950725127044931617e-01
1.090404502867631797e-01
1.927039658013632584e-01
2.164645325893751471e-01
2.251233947905005028e-01
1.098510653871466319e-01
1.783998566685442988e-01
6.502210354021083216e-02
6.895485490199064482e-02
2.083941100873806240e-01
1.268146238774161272e-01
2.173533456259467145e-01
1.397149574005351336e-01
2.161717382521305408e-01
1.960992885518834383e-01
1.548093334675983701e-01
2.146916873657505886e-01
5.768418980418153069e-02
1.614425556366050063e-01
2.248110777490962275e-01
8.818135887210967749e-02
1.498703198199274611e-01
1.607518055565131110e-01
2.266298926023039284e-01
1.361622756250653599e-01
2.072261968097768026e-01
1.615720420059273965e-01
1.925293614483217786e-01
1.766434236890374043e-01
1.243999898042326413e-01
1.630626722689501595e-01
7.525740067702238467e-02
2.130829202612213313e-01
1.519498938384344355e-01
2.094686833867945852e-01
8.844457509955568064e-02
1.963011460131947883e-01
1.195932045017937539e-01
1.656911399158853548e-01
1.853055760653652684e-01
1.714451752799447115e-01
1.600877215301503842e-01
8.443896770507948457e-02
1.724487376063701116e-01
1.632989409808976999e-01
1.307181932445037331e-01
1.960466597570877101e-01
1.924872016958636134e-01
1.061447827863738202e-01
1.149786588335437870e-01
2.096545571679431785e-01
7.387982074496986240e-02
5.256588294952403706e-02
2.065017549507160988e-01
1.618252946578352114e-01
1.894051986080796113e-01
1.876997228195474710e-01
1.516616305574753631e-01
1.118785851478191484e-01
2.079665813726651602e-01
5.842076164559752843e-02
2.212023522918741547e-01
2.109275399355519942e-01
2.108980174081766801e-01
1.207761800019400700e-01
1.939341752323480439e-01
2.224073927411122087e-01
1.724267544211297576e-01
2.640657032814950136e-02
1.499111818723476153e-01
1.711809190121112434e-01
1.761130871934687703e-01
5.685530675398236394e-02
2.102283334762406752e-01
7.432846147871090270e-02
1.684350208275339766e-01
1.508319559702984980e-01
1.858272966268105231e-01
2.016402070798218871e-01
1.845939726924230584e-01
1.509981458311659697e-01
2.053509392870246364e-01
2.002158808022287406e-01
1.886344785037273597e-01
1.562142474605027753e-01
1.479129215146595400e-01
1.996611630583903785e-01
1.142332765606327710e-01
1.444106495538644286e-01
2.097497802648911891e-01
2.150228896876816842e-01
1.834409859814397359e-01
5.860764617154235606e-02
1.970002518655387114e-01
8.027023564978340298e-02
1.672859341721822657e-01
2.072557227830795767e-01
1.997741887893063617e-01
1.809564483184384065e-01
1.376671787078945774e-01
2.121659158370306775e-01
1.969563643396362584e-01
1.720979147558700517e-01
1.951392963700981087e-01
2.117360296349131421e-01
2.081353890803883666e-01
2.132322363939961607e-01
1.939488079290470068e-01
1.575419805030151832e-01
1.588619880123732508e-01
3.493751161034622937e-02
1.763870537769651470e-01
1.017329157646224558e-01
1.661795303544076619e-01
1.039158784698843985e-01
1.813847644555907634e-01
2.196245318534335578e-01
1.567881541426981717e-01
7.781569182275603624e-02
1.419547250374300074e-01
2.024823315384857991e-01
1.331990592343837987e-01
9.202765378370664218e-02
5.806713072397082925e-02
2.263561609191629409e-01
1.501493384921101237e-01
1.462166127484322009e-01
4.810764241239636613e-02
2.111961911020399096e-01
3.570589402538210805e-02
7.911377185809299883e-02
1.994662521059800686e-01
1.560048528985237548e-01
1.702729627498867637e-01
1.972866328948235937e-01
2.172568190996718163e-01
1.392808489979202036e-01
1.805792101970211394e-01
1.178046404546510550e-01
5.515326940645964154e-02
1.845693282125265011e-01
3.567226850308162500e-02
8.463685608784177195e-02
2.151495816635452252e-01
9.583265826060270720e-02
2.022948740616478946e-01
9.715905512984585046e-02
1.810485836462628895e-01
1.596640808466903150e-01
1.777517937305838347e-01
6.674748546837269703e-02
9.943639707290440055e-02
2.159245165938641908e-01
1.863034543588053815e-01
1.624171042564898360e-01
9.644275013299304089e-02
1.525243727919451675e-01
2.119676476819311595e-01
1.288289091695489219e-01
1.967820032430044885e-01
1.839708961172250024e-01
1.941946529831488633e-01
1.058257498925486012e-01
1.511743228609603862e-01
2.232910440349294978e-02
1.133638496083062969e-01
1.515959178684253006e-01
1.142537445026610421e-01
2.109035571928332409e-01
1.580571164171883647e-01
2.102180046953694148e-01
2.301525742457450618e-01
2.096267561189008866e-01
5.601873566868367099e-02
2.078840698747908833e-01
1.866396718916737973e-01
7.714185748162348533e-02
8.630331764206855549e-02
8.149080194762887974e-02
6.341724315009389379e-02
1.218356688512245295e-01
9.782105224792872478e-02
2.167428021019637274e-01
6.431029199346117997e-02
6.169665761232615009e-02
1.461844088652018148e-01
2.328803904806050692e-02
2.152757692720268234e-01
1.658206437262518540e-01
1.601773854185265522e-01
6.835053045877369227e-02
1.606999271093774440e-01
1.807943548746233364e-01
1.543728468682893373e-01
1.895480711515017402e-01
1.391479218731146994e-01
8.631480220236303902e-02
1.469989397391696651e-01
2.047727109991873962e-01
1.477114099543322956e-01
1.273298232815855136e-01
1.847940346154151037e-01
1.197805913293033264e-01
1.962762471628100580e-01
1.906168028414271243e-01
6.561476406066028833e-02
2.215828155324972848e-01
8.933780961923343256e-02
2.185794476378699891e-01
2.035925618602674458e-01
2.029321251380224456e-01
6.877536953634678929e-02
7.644838848113218177e-02
1.840918035652811258e-01
1.463150656195796318e-01
2.117521685492908257e-01
2.150196050977573048e-01
4.210591187764692322e-02
2.026353953822579990e-01
7.943821018828188529e-02
1.909926710655107107e-01
7.718085801141436053e-02
2.130955348753161560e-01
1.628531729508031212e-01
6.962759061172203723e-02
1.340557566520284294e-01
1.342606025184915064e-01
1.918654846200321118e-01
7.673593215565202574e-02
2.100627585600248759e-01
9.127098923312206014e-02
1.095371427898476080e-01
1.745430664503876128e-01
1.936590305081965779e-01
1.940896834500374646e-01
1.065834729750201187e-01
6.615766372313816590e-02
1.314478957386212843e-01
2.099029336261127865e-01
2.065708133953896297e-01
2.065128567448834551e-01
7.208698445402816901e-02
9.894024122249682474e-02
9.094836400440287072e-02
1.802108154205031010e-01
2.094463380922779727e-01
1.913993945174825573e-01
1.658719281626714892e-01
2.260492221546620550e-01
7.463167507309213800e-02
1.382733796580194741e-01
4.171919729188680592e-02
1.409225997176662692e-01
1.476309148791505044e-01
1.225430240084975225e-01
2.157286583277339409e-01
2.035071271162515183e-01
1.049060582540586040e-01
1.303380536353442865e-01
1.723441722959995481e-01
2.041857837912011975e-01
1.964720445105473112e-01
1.488394249949514803e-01
2.015083864178416062e-01
9.672404169945461594e-02
1.439331605614620480e-01
1.685566134470156963e-01
1.505282540098263344e-01
1.807436335196636046e-01
1.887890950966554515e-01
1.736354510385459959e-01
8.269723645720437888e-02
1.319108203050820827e-01
1.029169931302892915e-01
2.187952543165979369e-01
1.229479607625785231e-01
2.197780268040561147e-01
1.956687943178835321e-01
1.214154219398637380e-01
1.988427424254176901e-01
1.467525326082440296e-01
1.953284268070875351e-01
1.453894813265186881e-01
8.458950367288725625e-02
1.730751429454398249e-01
9.356991640861700432e-02
2.203934394610023717e-01
1.575381562393651236e-01
1.641207385757496584e-01
1.018019393056679850e-01
1.252571094895517934e-01
6.672308574956360705e-02
1.095099768120633976e-01
2.187400915646505184e-01
1.438295574098257812e-01
1.448573439486748604e-01
6.433192046979813172e-02
1.015209788233773780e-01
2.253131245415099237e-01
4.900172778708841714e-02
1.040197753806819808e-01
1.970181259044795075e-01
2.913750745958501240e-02
1.830066302937976841e-01
1.953495312796729444e-01
1.723864990758667837e-01
6.856370748048447317e-02
2.024376124962043999e-01
2.238947421151044059e-01
8.281379939342697893e-02
2.134023276736570218e-01
7.231815515208329936e-02
8.563794129324096838e-02
1.914025144320313787e-01
1.908022412238954135e-01
5.524307933417723498e-02
2.077595566676712358e-01
8.977596544288692082e-02
2.093967159374068299e-01
1.650980366702953506e-01
1.604118935515078115e-01
1.436033099911310507e-01
1.618550447598516295e-01
1.689615112339145075e-01
1.764840964725791772e-01
1.957597121224957382e-01
1.977053821920797538e-01
5.405756428943753883e-02
1.112257648033616042e-01
2.266981469363078538e-01
1.620292678695204602e-01
4.183826904089035098e-02
2.009918502112984229e-01
1.990137596035012335e-01
1.382616667608865257e-01
1.602451274414724014e-01
4.659142663181412708e-02
8.942795581268300764e-02
1.606705645168106100e-01
1.661846550088717234e-01
1.509682433824676429e-01
7.067725512264937116e-02
1.766778076385304153e-01
1.441219352046116398e-01
2.166411161132245078e-01
1.108892220285515873e-01
1.045466861050723395e-01
1.844265762723455437e-01
1.362911447068608228e-01
2.245275279065894469e-01
8.099895887747737833e-02
2.196793503386560709e-01
8.889880649909288890e-02
1.196677080479873062e-01
2.090910628907834412e-01
1.624207261753941589e-01
4.137105842597966349e-02
1.581361911150707955e-01
2.149862585206173127e-01
1.731265704956179152e-01
3.105058855566354345e-02
7.966841944375541162e-02
1.711983056493774358e-01
1.493103023085831094e-01
1.943464518312330025e-01
1.888499327609929335e-01
8.448657577057146206e-02
5.402905069491555773e-02
1.982294694033206184e-01
1.888908601343282645e-01
1.450008770230041266e-01
1.457407614648784933e-01
2.112772575411782927e-01
2.211597732197538302e-01
2.181859215362632332e-01
1.648243953143533336e-01
7.532445982867926049e-02
1.566440343977838767e-01
1.403966711924677369e-01
1.198368038263354779e-01
2.049524089838878627e-01
2.019928553508120450e-01
6.711300056067384667e-02
2.072899287968529569e-01
1.943475596366550928e-01
1.967995722131913316e-01
1.132322695163036214e-01
9.104497205781032776e-02
1.935860069500610070e-01
1.722668657840971396e-01
1.778038220087098387e-01
1.722695672090429619e-01
4.876764872399953071e-02
2.078805677529027007e-01
1.953138876607756758e-01
8.688235611365403843e-02
1.575553967030287883e-01
8.273977076647444362e-02
2.016310174076549333e-01
2.270011233633708880e-01
1.737101355871955022e-01
4.395148127862275739e-02
2.015540631928577076e-01
1.036083040057269866e-01
2.031148337460945141e-01
1.926061407917161461e-01
1.241570844994458606e-01
1.392198333431755031e-01
7.987790802672412038e-02
1.672484674637786106e-01
3.467298218742406735e-02
1.960708677246505161e-01
1.101663982748906229e-01
2.159408076103565277e-01
1.571251405150959624e-01
1.761755958673419387e-01
1.730089932902935668e-01
2.145989454298713739e-01
2.065859842242204203e-01
1.632990767338144966e-01
7.340175002382712255e-02
2.207964610499763836e-01
5.910613638413736437e-02
5.499616485245430175e-02
1.727403361929644721e-01
1.293188266799745745e-01
2.048037237421193590e-01
2.176713351782613159e-01
2.026431760616042577e-01
2.286781992547509690e-01
1.643882499866191060e-01
2.121393436098485408e-01
1.610161391748472504e-01
5.071921848846312753e-02
1.245101733879010741e-01
1.328352206505190869e-01
1.761082062682365612e-01
1.144027608689052733e-01
1.067046974701097856e-01
1.964957072579190944e-01
1.628695946250207915e-01
1.538338876389711563e-01
1.969139711878532262e-01
4.719001766683122295e-02
2.143440513247704127e-01
2.061136377262023645e-01
1.875694614825651474e-01
3.058842123417816750e-02
2.042126022768897264e-01
1.993639002231378243e-01
2.029759008361390338e-01
1.869540546507783008e-01
6.745557489011724805e-02
1.961371207276487172e-01
1.753021908538849039e-01
1.823690847683870908e-01
7.432985793098641214e-02
2.142655803229941425e-01
1.061618609719663930e-01
1.729126332759364781e-01
2.150890442232967215e-01
1.636301955010261988e-01
1.168141738329545598e-01
1.832982097100289698e-01
1.867129957872605550e-01
1.963483998620823567e-01
2.023013506156173535e-01
8.968150287929974041e-02
6.575032383122467183e-02
2.133830380925766379e-01
1.904189544611936680e-01
2.092536832384577494e-01
2.105043863137267546e-01
1.526915670340769637e-01
3.858919355614758712e-02
1.525717221784951005e-01
1.236767817207021503e-01
1.922010137009574071e-01
1.198221632513170737e-01
9.974522230808935408e-02
6.296229222723476182e-02
1.916935564133760150e-01
1.855858094167903427e-01
2.026113602352727361e-01
9.471554998056642971e-02
1.334506355167530689e-01
1.328762567216986157e-01
1.230432869003466878e-01
2.164218682048581199e-01
6.641561509446257394e-02
1.917207414309117230e-01
1.552122601589298878e-01
1.446989539892715448e-01
1.797045814271477915e-01
1.063731100352045267e-01
1.243869722528094524e-01
1.694735478100777293e-01
1.851802458860766776e-01
4.984306452751362942e-02
1.501855562843591174e-01
1.437355903278845493e-01
1.472624818074789455e-01
3.804204181281928276e-02
1.558091267247876943e-01
6.886980157741499908e-02
2.075328228362829652e-01
1.509026873897007792e-01
1.998816629671806011e-01
2.041442466849174298e-01
7.142284561964071243e-02
7.968545614019816037e-02
1.213276573238205869e-01
