1.761599269655687028e-01
2.954880767163046706e-01
2.742185849750851112e-01
1.445690913087836760e-01
3.732582517598400512e-02
8.003335612896025908e-02
3.202333832103545497e-01
1.666366393560494152e-01
3.059336547650309823e-01
1.828429430127149202e-01
1.964025536450919041e-01
8.201492962399091480e-02
1.542957820888396503e-01
1.780567001741666933e-01
8.536381146885138604e-02
9.816480515106858207e-02
1.819643199758297913e-01
6.196486361669575893e-02
1.271878111476822393e-01
2.059987206107495861e-01
1.167747261154193361e-01
2.326607276412798742e-01
7.622917588875675887e-02
6.215198846034097196e-02
2.134059182831512247e-01
1.308963493371869402e-01
1.423599875105983903e-01
1.713960517504641290e-01
8.149894800100423997e-02
2.239059902961680615e-01
1.022898800802183872e-01
3.522607501636074168e-02
3.028422917879346477e-01
5.496243051926727463e-02
1.248623016039903250e-01
2.586143959407712356e-01
1.014494599375924955e-01
2.390015203873295802e-01
9.546307508658216645e-02
1.135706430795527938e-01
1.863405871106793288e-01
1.624553294071169607e-01
1.419176167241857078e-01
9.808234779177066320e-02
9.154416595132752743e-02
3.056353863518636027e-01
3.084939951720198081e-01
1.785976521309768084e-01
1.253433558977480877e-01
3.605707090824321337e-02
8.242250477626360261e-02
9.898031543631086171e-02
1.331180329308818688e-01
3.160746597609405684e-01
3.173858629390498565e-01
3.306083068088261356e-01
9.621207817308405352e-02
1.350500574464041925e-01
2.610084587749308405e-01
3.149726447876351476e-01
3.035680969730109591e-01
3.284608078884726501e-01
1.111317167874169565e-01
6.967832886011737781e-02
2.914505627397186993e-01
1.569835435273649882e-01
1.048468898371595626e-01
2.750000111186334251e-01
1.253676033125821210e-01
2.498488972785102846e-01
1.052310026553195527e-01
1.874994731367629341e-01
2.729627884206990429e-01
2.618481263993376329e-01
1.578592475081988800e-01
9.499138045309747647e-02
1.274666072711182208e-01
8.117880653984134443e-02
2.997505123434220931e-01
2.649630729197853807e-01
2.579344728091775285e-01
5.762782859997073875e-02
3.143669228420704620e-01
2.892963454909535104e-01
6.347945461585287330e-02
2.972023869868197776e-01
3.076126079249859591e-01
7.512247642208952358e-02
1.209989972713245571e-01
2.508517485971618610e-01
3.307057728823805109e-01
1.064470366997676276e-01
1.173079262901564057e-01
2.748055465193708358e-01
3.195908594354176513e-01
1.796688814023404412e-01
1.944176415641009903e-01
2.436122586012202662e-01
3.227042326670754857e-01
4.031875606083730468e-02
1.176146938651494445e-01
3.269072321140783499e-01
2.376961771912761423e-01
3.052953339784507114e-01
2.653286875970409242e-01
2.320009987416080388e-01
2.521892065649832260e-01
3.063282190423559648e-01
3.024596743696302825e-01
1.413799003710473623e-01
4.766984899370584755e-02
2.915185715189289595e-01
1.312688953287306226e-01
1.181071201136292270e-01
1.650188335535246187e-01
1.995331543546767505e-01
9.351244590009727409e-02
3.255745442987919014e-01
3.309785687708658442e-01
3.267665460643630615e-01
7.136561305943488198e-02
2.476723717787924495e-01
3.162744485528228844e-01
2.612631915676151273e-01
1.109531532767782519e-01
2.909634989700499719e-01
6.416822995961467269e-02
5.346054279662208059e-02
3.292864617926273829e-01
2.192818797386668350e-01
8.398871531399093593e-02
1.256430274498513966e-01
9.179304442713862033e-02
2.594913962245994354e-01
1.419845357412142517e-01
3.426211041816509817e-02
2.102369382118373098e-01
2.191717658904250021e-01
3.117330937981965255e-01
4.731830415151763031e-02
1.155829788635009681e-01
2.909368009716808423e-01
3.040221337694697934e-01
6.249976571727099833e-02
2.082060209215924329e-01
1.064265601980917270e-01
2.437371783705615247e-01
1.125177758281433876e-01
9.034970208039981576e-02
3.020716695044884936e-01
1.102940067620648973e-01
7.523869070785423052e-02
1.016077539385684542e-01
5.967465483370849172e-02
1.074429874299668991e-01
2.131019445642683696e-01
2.678953156088044185e-01
7.918294443176362996e-02
3.106645422282621194e-01
2.980664023446355504e-01
1.452463781589743153e-01
2.296618291725789629e-01
1.555743118797982827e-01
2.426862893793035048e-01
1.433182354602194619e-01
6.876272629801644110e-02
8.783252047672854279e-02
6.914660824873664069e-02
5.649020388122943936e-02
2.503026651656081736e-01
1.262921992043504471e-01
6.433372235137785333e-02
1.787951919829551262e-01
8.551261031659070089e-02
1.741148788283052862e-01
8.680539778363612069e-02
2.063565521058823016e-01
1.322240549084627848e-01
2.746211066985996263e-01
7.140865030917854794e-02
2.423517131506961741e-01
8.898230603792561810e-02
1.440423394969693460e-01
1.572805424679090402e-01
2.582759377877635321e-01
9.178039385163741515e-02
1.402421994494242596e-01
8.360120786862934583e-02
1.584234947424950080e-01
2.109051717250651214e-01
2.847300140937364388e-01
2.831229388990653129e-01
9.190239415332909778e-02
2.590095925887672679e-01
2.102812693715808146e-01
8.510940818013500164e-02
3.179626612459152679e-01
1.806692465176794882e-01
2.377751240647172359e-01
7.726098525237123926e-02
3.100923474439445382e-01
1.249872729887001876e-01
1.171251554535335526e-01
9.522374074129001664e-02
8.240093317718306942e-02
2.650301433977948484e-01
1.985161707578878276e-01
7.973238015168448989e-02
5.709634248095690756e-02
2.322167043355904958e-01
4.218928298484898864e-02
2.913704258199044661e-01
1.080791390239761174e-01
2.332486122916429261e-01
9.458984816822899044e-02
1.704763653678410262e-01
4.754944436665605595e-02
3.131490474566387405e-01
1.070478979254206320e-01
3.255256555185999101e-01
3.202559501070271208e-01
3.178618906490971452e-01
2.604350833148575406e-01
2.469072328510208136e-01
2.532129808906427582e-01
2.603003691669031894e-01
1.244675785158836784e-01
3.184228014944507357e-01
3.025956248089853862e-01
2.947198329985232235e-01
2.965457343002774748e-01
2.708324945220798030e-01
1.416128971912465617e-01
9.837649370444492836e-02
1.377168867820748044e-01
3.175509496841623647e-01
2.798981095316100398e-01
1.693388491250586991e-01
1.174158876179495631e-01
3.163787986735596136e-01
1.028687210727992907e-01
2.575198073500856166e-01
2.323489642419069023e-01
3.096571607977206542e-01
2.665750443153791505e-01
2.233841445769991774e-01
3.035316215548016783e-01
1.744475857837800847e-01
2.762001761673322231e-01
1.286114146120132251e-01
1.221219475492417023e-01
1.945051100120774035e-01
1.132178568606039132e-01
2.782811069874018273e-01
2.871114660955188524e-01
2.196376219753079784e-01
2.598988070716981569e-01
8.996722327571529676e-02
2.780266078087921255e-01
3.105074983048571879e-01
9.551678273553527998e-02
1.451996993648419776e-01
2.775444385936963188e-01
2.774828872314307193e-01
1.831003127132761477e-01
2.309401214041078843e-01
2.835350952755146814e-01
2.617642995546763385e-01
2.749409956277025779e-01
2.940514979157282660e-01
6.829494467754725073e-02
1.116765257615627421e-01
1.809992225080311046e-01
3.268587715034090291e-01
8.241769240460115886e-02
9.317373951078937455e-02
2.536955231140515243e-01
1.158906835582541733e-01
2.869338566581931538e-01
1.467116160473979081e-01
5.598739529422802619e-02
1.457919013421624943e-01
1.098576640538770771e-01
1.536608191255693368e-01
6.045026305683945389e-02
3.197065847976801600e-02
2.039861630315762397e-01
1.073983415153265120e-01
8.418887354207953144e-02
2.079900762877173737e-01
1.280911176247714611e-01
1.667944983677589199e-01
3.338388844159442259e-01
1.448887288464395240e-01
1.509700888095222848e-01
8.450789237351226391e-02
2.751529536478622973e-01
1.396266503340029830e-01
9.230244958617983553e-02
1.990406755790806170e-01
5.831922165283083548e-02
5.735691150099174462e-02
1.431545320322326620e-01
2.949146984723294840e-01
3.129455961938477082e-01
2.326244741896786594e-01
1.519449235491246997e-01
8.900128942090182460e-02
1.692420171889850444e-01
3.237278524559462078e-01
2.993665235062069052e-01
7.409434959403780885e-02
1.485316778159024853e-01
6.844858271108139602e-02
1.082642168999704002e-01
1.003002484959412133e-01
6.320470127986844988e-02
1.769346572338258705e-01
1.537975678756476894e-01
1.402166113659748525e-01
1.460408322784804702e-01
7.249333986312905820e-02
2.817341092898759669e-01
2.529758785785869435e-01
1.926027769491794051e-01
2.020540452398336961e-01
1.961423098214640504e-01
2.856603909074388881e-01
3.054892627965907770e-01
2.391972331914005989e-01
6.466754872456671743e-02
2.750740834913109056e-01
6.351198253743421673e-02
1.626527764683270427e-01
7.413029043696774123e-02
4.508125754912441913e-02
3.325364839378343040e-01
1.858724420314798731e-01
8.813728987949974447e-02
2.328901086711716029e-01
4.139209680562953159e-02
1.785548957111404988e-01
2.401140851637272866e-01
1.533045026944118427e-01
1.773481648640407859e-01
3.030214616873827538e-01
2.411853556149947120e-01
2.093509435723266698e-01
3.158083946689921317e-01
5.800783734146275350e-02
3.674217879895485400e-02
3.222198978637162980e-01
1.512087434291548016e-01
2.988187134369899023e-01
1.197475290765412648e-01
2.798864009427758370e-01
1.012796939515693273e-01
8.158584569548794907e-02
9.096625775053859830e-02
1.181492503460976062e-01
7.561313721140597299e-02
7.815397335403813373e-02
2.694030764793443611e-01
1.731249890661700763e-01
1.481337846132530778e-01
2.445108571703158984e-01
6.029874616109202196e-02
1.164495243405146707e-01
3.322798693402456149e-01
6.504767392311604224e-02
2.734556069303067383e-01
3.930537268516704624e-02
3.333303713688500203e-01
9.335581494918512857e-02
3.171504443594538314e-01
1.593072954863766766e-01
1.319324183053498800e-01
1.802761168360050570e-01
3.069486990002219806e-01
9.287357605245567804e-02
6.691840289525266550e-02
3.197741614604398541e-01
8.940307364499802678e-02
4.782499831562805892e-02
2.466627402031736915e-01
1.056922677763330876e-01
2.677557299228123799e-01
6.674813849305775981e-02
4.462824877505336407e-02
2.621190987857405785e-01
1.222493347145811454e-01
3.018401230181875783e-01
6.289134850312298741e-02
3.012756544187764063e-01
1.876508496538998039e-01
3.241807140992344904e-01
2.219822815999563659e-01
7.229776560463638257e-02
1.409866029356571238e-01
7.769471800826290020e-02
1.077137653637279258e-01
1.820606282705976298e-01
2.128276398295467220e-01
2.048469808393631741e-01
6.802494498781974652e-02
2.515443748528226608e-01
3.093494059051028477e-01
7.925650517253361726e-02
1.908188555288514165e-01
3.558664658196013242e-02
9.654289647551025921e-02
2.872467141400123491e-01
3.137189883547920055e-01
1.187456432420441049e-01
9.004840141515760288e-02
3.065369029405770052e-01
1.480354576626497776e-01
1.371367604278613261e-01
2.924232011883399207e-01
3.229398437823104429e-01
1.911508490220573675e-01
2.330235272013504444e-01
9.875510328548411931e-02
1.509114015207732307e-01
2.396419736378236076e-01
1.191887876939897034e-01
1.305105768864715798e-01
7.214504042149422203e-02
1.808145372255422212e-01
1.062437189440089275e-01
1.631906429896869959e-01
2.303573571895244088e-01
2.895058298223173732e-01
3.771698217486659649e-02
1.618028766021478992e-01
2.514005662470136793e-01
3.375720428368540055e-02
3.178762031622390793e-01
1.114065454175050679e-01
9.256946324196795028e-02
4.771139504023116928e-02
3.166852164665127645e-01
3.117321855944888975e-01
1.591782784468191159e-01
2.731701888109079879e-01
2.327529413241911094e-01
2.235464616284680295e-01
1.173463445969740171e-01
1.657056610050676726e-01
2.606806530120753251e-01
7.675755270203285519e-02
9.005497913605811644e-02
3.183434297729381690e-01
2.105962221279210067e-01
7.615835919791015540e-02
8.670965859039819756e-02
1.013266834311685183e-01
7.405922691376376488e-02
3.116158222853617765e-01
1.262235649445775654e-01
4.818537333794118555e-02
8.031003972690006765e-02
1.328543940183208039e-01
2.719019679317203342e-01
5.329928131285392029e-02
1.549433841804792045e-01
3.060876602744274644e-01
2.227022819870678738e-01
1.959027637709631620e-01
4.361016380008281290e-02
7.237271403708422923e-02
2.421768476924790192e-01
9.592453052378130396e-02
3.308251202103703603e-01
9.379323635743379295e-02
4.052289530407746088e-02
3.266804689317219235e-01
2.994130867595191092e-01
4.914126155610699237e-02
1.792362245020497347e-01
2.428762335187873711e-01
9.157799577820971426e-02
6.138342083886738632e-02
1.466758867021223933e-01
2.289401478408336355e-01
1.959114938058144073e-01
4.496858499813087551e-02
1.815765186103812656e-01
1.872693321667309174e-01
5.024863877698261538e-02
1.693411423131274962e-01
3.601931763953134663e-02
7.768648968058079751e-02
2.172924740335581140e-01
2.948695975401621761e-01
8.476909406784370604e-02
3.033766495255956763e-01
1.802677383138024114e-01
2.710745853334814437e-01
3.075444591832159347e-01
1.499942425466020690e-01
2.478774896909205772e-01
8.325850950717596233e-02
3.283523317739552860e-01
2.223379479417742222e-01
3.255754720743646580e-01
5.049894042588784493e-02
6.627479699224603227e-02
1.438002665911710942e-01
2.390669454564108287e-01
3.060790108825390266e-01
1.188885749973449535e-01
3.659430638717637435e-02
3.177395179888487520e-01
8.210123226539034480e-02
2.291423710195820695e-01
6.592237312890088241e-02
2.857887003216723620e-01
3.374827024720353924e-02
7.494698490124369894e-02
7.706699357480170653e-02
9.246567833925113666e-02
1.406170917193808878e-01
1.628081499249966202e-01
9.142849999883517764e-02
3.034969117976656361e-01
2.520867684176671397e-01
2.504623555243581379e-01
3.171395659947393586e-01
1.172489958954253952e-01
8.117058029049992185e-02
3.137134158406973961e-01
2.044031481253856530e-01
2.870190430698200679e-01
3.335150385813570040e-01
2.669905859282276639e-01
3.093943675158485340e-01
2.285540078265099750e-01
4.979026621882847586e-02
2.350335130257046323e-01
8.749563085385110572e-02
2.695145394054683785e-01
7.952149864080042263e-02
2.814746734197889344e-01
6.176992808924860329e-02
2.377457088953140174e-01
7.732487558555488361e-02
2.997493329520588556e-01
6.630437803334074398e-02
2.295295110340316302e-01
1.532112045302212733e-01
2.196627972308848042e-01
9.102591957291299163e-02
2.818956402902353942e-01
2.931550136331375622e-01
3.239187191464624194e-01
1.853083441259089359e-01
1.093649867692662730e-01
7.020092159467072879e-02
1.408846231200364951e-01
3.141052418939038748e-01
1.262161835036955948e-01
3.273837259099353081e-01
2.892127456286090470e-01
3.441186201053573340e-02
3.352468814307840717e-02
2.305117676269751170e-01
1.320561719950296142e-01
3.357925986200545332e-02
3.231020805724520994e-01
2.352667024225909009e-01
1.095065107815511307e-01
1.036866751094675521e-01
1.728257307807744836e-01
1.714030520165143179e-01
2.612300878164379170e-01
1.004015195163378699e-01
1.077015864393688210e-01
1.558835417832746539e-01
1.269421227256967433e-01
1.311606643174028086e-01
2.710552996040465623e-01
3.074351633847035026e-01
1.201252109533464119e-01
3.159125811652660487e-01
2.662543265478713450e-01
3.012925742591468503e-01
2.613175752655320094e-01
8.462497769167491579e-02
8.376867355925819714e-02
1.955859217825476892e-01
1.374423448294966876e-01
1.121132285759330605e-01
1.121824234535925557e-01
3.047310828821455653e-01
6.120093947734667195e-02
3.173828267594493990e-01
7.473120522651537090e-02
2.227916338845748745e-01
2.355876120085439174e-01
2.546184474248985308e-01
4.877022598876361303e-02
6.522444297564410076e-02
2.210540320179064100e-01
2.230954914413214862e-01
2.771436153639100786e-01
1.716608613464694899e-01
6.953931489746219274e-02
2.997013102228532344e-01
3.033841037627551529e-01
2.797550508367646627e-01
2.426263018002690619e-01
2.824176201210273351e-01
2.262507206018251615e-01
2.501794818852837721e-01
2.729049335419790334e-01
8.044127370730977389e-02
2.820773280442419040e-01
2.454450785246652111e-01
3.203960104508333379e-02
2.869898886762691226e-01
3.215702965169834338e-01
1.846744745201383819e-01
1.894767680809756882e-01
2.984759902305796908e-01
3.144474124822543293e-01
6.076331259472382562e-02
8.396875483043553245e-02
1.162354700549153019e-01
2.348399586312371057e-01
2.131157421279801512e-01
2.133877080564373918e-01
2.092819232413169195e-01
3.160511965516838995e-01
2.662782067155928800e-01
1.071276434726572274e-01
3.011091400601528800e-01
7.375851830968888079e-02
1.975652326238117318e-01
2.770779320992335926e-01
2.960540125149264679e-01
8.730965843927752934e-02
2.851002231438928836e-01
1.245520507266015542e-01
2.965432153760957368e-01
6.228290542327620527e-02
3.202244896756163972e-01
9.989806213558348469e-02
1.360061921617657932e-01
7.201392938726695891e-02
2.861829492883828929e-01
1.413646798167499663e-01
3.090973659059739753e-01
3.149422705573960424e-01
1.178169299637990830e-01
1.840905315426560052e-01
3.031573616062560039e-01
1.458245188879872256e-01
7.785079986279358488e-02
1.797154346610144171e-01
1.535740069509068662e-01
1.613222397936494856e-01
1.169481823904899437e-01
1.563965913818364806e-01
2.334307190607008975e-01
5.435509929313438876e-02
1.554656007906861925e-01
1.875113105783336453e-01
1.327116668901403007e-01
5.647690394375561723e-02
2.815918218331676104e-01
1.416322296077968668e-01
3.135223651634642117e-01
8.157403070791646726e-02
9.234087741781978054e-02
3.221505163177642572e-01
2.735032060959611266e-01
4.719219302059986937e-02
2.078832550280844405e-01
1.043408302907148227e-01
2.764917204057769085e-01
7.807494461342204262e-02
2.375901665930053586e-01
2.207317597460699277e-01
2.119871471914336614e-01
8.409644515603270643e-02
1.956735237601318622e-01
2.911002790494705561e-01
1.082661097467199768e-01
2.382045093521674706e-01
1.916981529197958056e-01
1.550842676214304605e-01
2.062943734400005114e-01
1.203345392686390597e-01
3.197397146146508384e-01
4.491019139037304847e-02
4.354101492986442445e-02
7.538668061662275044e-02
2.673412068960016597e-01
3.013841301694822339e-01
2.922629684744104672e-01
9.499721550129293368e-02
1.306778487206710082e-01
3.239981382029904489e-01
3.060761289562545229e-01
7.420883493397210928e-02
2.411730118193144423e-01
6.117177790167929036e-02
1.735631000566029702e-01
9.154791382551594192e-02
1.323888296087145922e-01
2.872513261564684783e-01
4.165278100818560481e-02
9.253521354714272507e-02
1.315955269419879781e-01
2.775874067689970137e-01
1.921826929443255783e-01
2.543088566914767923e-01
3.282245921154278157e-01
2.474448252907482659e-01
8.559594588143025484e-02
3.268394982758608958e-01
1.557695633298562254e-01
1.529652033081619622e-01
1.808159696485988066e-01
2.385465256026508551e-01
3.126764321401588331e-01
1.630135660040163692e-01
1.562231012409700248e-01
2.863356352601372223e-01
1.840507487168491219e-01
2.453491155977049754e-01
2.671153641995883121e-01
2.069933063624289915e-01
1.560079895063552768e-01
1.410434336643166531e-01
2.538941766719284843e-01
1.694836875487690520e-01
7.035065434135552576e-02
6.274065143697060698e-02
5.360534767179851723e-02
1.377742705984505711e-01
8.180035963443721414e-02
2.222751491875483709e-01
3.262610825990496233e-01
8.720750833921867007e-02
4.360351454125860338e-02
9.325024573553615526e-02
9.222898306250168488e-02
3.238722085119706828e-01
5.598619284845533089e-02
4.755532623481636967e-02
2.797769245945750938e-01
2.416355459216917301e-01
3.255337768011200561e-01
2.630673917367683523e-01
2.454443120836843351e-01
4.731494350500545232e-02
9.039141944011554186e-02
8.662840788273677706e-02
1.510090192334650749e-01
2.824155354791107464e-01
2.469947960983943647e-01
4.936016950824659300e-02
3.204890336331102096e-01
5.579740976936757579e-02
5.273175362930664772e-02
2.562757668884715345e-01
2.476135569811250270e-01
1.475542650757513119e-01
2.272895580065221466e-01
3.163000257388064451e-01
9.811123319672429566e-02
2.321461804559715458e-01
1.087788682090053832e-01
1.661833772282436950e-01
2.225815494034162900e-01
8.141325692596663999e-02
3.268287212640177963e-01
3.026797156229849572e-01
3.254405771180239881e-01
2.850835962425183334e-01
8.791928873194032601e-02
2.737270564956184038e-01
2.965367016732420313e-01
2.629572210542879263e-01
9.671633524774604640e-02
5.573105241514327707e-02
1.788650476071710349e-01
8.187647225276040164e-02
1.125571321120835688e-01
3.058210284712025717e-01
3.164685675959787448e-01
2.173388468851177591e-01
7.495366987312326867e-02
4.642203024822517954e-02
3.011437107454917328e-01
2.243858454973464978e-01
2.310778116845892682e-01
7.168142468316299198e-02
2.047953946408418990e-01
1.843057771654280086e-01
2.125267078698257761e-01
2.136067313052553984e-01
1.764056126316418116e-01
9.581936941435899302e-02
1.031621416687374948e-01
1.907770257465128128e-01
2.459410030714017092e-01
5.558308666165617806e-02
8.033571760211669077e-02
2.080618310232892065e-01
1.996422415758589419e-01
9.896904473430792604e-02
8.451508445946256942e-02
2.217851165650459033e-01
1.202472182263839978e-01
3.291064907873743062e-01
2.531898005131432150e-01
3.002489218893990008e-01
2.345242057243731582e-01
6.490638614522921401e-02
9.217898000805978265e-02
1.830088741981438782e-01
1.079636667012382062e-01
5.679151039636324422e-02
1.195445465913010513e-01
3.606931482040773990e-02
2.772263223153363931e-01
1.736050578075484796e-01
8.926011831592574330e-02
8.637371195550239134e-02
2.730012420591798605e-01
2.130263600452315942e-01
1.347994847385790007e-01
4.034812139465988184e-02
1.584596653559075530e-01
9.240747812474213452e-02
8.187479508724126998e-02
2.994113652340356646e-01
9.574141907724542655e-02
3.305931424072550695e-01
1.297066049231684060e-01
4.248192172279550288e-02
8.869796487925611650e-02
5.486365177859054559e-02
1.334815947620122123e-01
8.410623919484533362e-02
3.190692512413137449e-01
3.209169409339384660e-01
1.409857420210860746e-01
2.497080228608004882e-01
7.114513405746347718e-02
2.277464257092248756e-01
3.309398443135429524e-01
3.160068743747714293e-01
1.058943202515215537e-01
9.380771604116977525e-02
2.578672106266547415e-01
4.702603989483555846e-02
3.061743021213991223e-01
2.148283172260769536e-01
3.119471777885257091e-01
4.149475541615342544e-02
7.426417901148060774e-02
5.655159455056901069e-02
2.993384169448596310e-01
2.820123818441791497e-01
2.122706854725662784e-01
8.744765470549140107e-02
2.941910026566074698e-01
3.114038519230742375e-01
3.124525899606075408e-01
2.284943429811981674e-01
1.914373089388706761e-01
9.382933120869965671e-02
6.169239295260227351e-02
9.543676160909976558e-02
6.611451045088356793e-02
1.268433938296350816e-01
7.617069539908247200e-02
7.859653441604792790e-02
7.832927139805688499e-02
3.172551664232410862e-01
4.732015426398052116e-02
9.773451895189029515e-02
2.838150782811080242e-01
2.069031970607572435e-01
1.103826534874027404e-01
2.654628863940511341e-01
9.326667017178684460e-02
3.045514726566068142e-01
2.675929947429663835e-01
1.454686752570192310e-01
2.980948785323113137e-01
2.197460340838787718e-01
2.866858755630405375e-01
4.440468522642603000e-02
2.442734541505396373e-01
1.505475559070412750e-01
1.052826162907108953e-01
2.972190603636684081e-01
2.845201347429214822e-01
2.207542381054147795e-01
3.193041083277069481e-01
2.588588709673542154e-01
7.324443147027248635e-02
3.062760934226427256e-01
1.688066294681145330e-01
3.196404996881564431e-01
4.577415544629935551e-02
1.003055873126505182e-01
8.835004022528972212e-02
7.232919592548224530e-02
5.419306583747044576e-02
3.238729469100581904e-01
2.019633545060662838e-01
1.661009682630694706e-01
9.841346468049576302e-02
1.583058863504817892e-01
9.392744094079397144e-02
1.128512884170199682e-01
1.327833258963398988e-01
3.032639896484622399e-01
3.109615381638153875e-01
2.209084154920699650e-01
9.206520677422275201e-02
9.381293821595115823e-02
2.076804153507159079e-01
8.958621282549206200e-02
2.807655992074387652e-01
9.088044238727609192e-02
2.891240032950693206e-01
2.364901107379043799e-01
9.418462286171233599e-02
1.009046575353988590e-01
3.543534039083851006e-02
8.234149022678255436e-02
1.888205202985485387e-01
9.498507085387146442e-02
1.318806983092065954e-01
3.149125599885477800e-01
2.575042060092069818e-01
1.140459134530278779e-01
1.308898391837134967e-01
3.526666987153060512e-02
2.936551725918336575e-01
3.310314163790353814e-01
1.145265109056850666e-01
2.344567607007689014e-01
2.365584139228022464e-01
1.234070991485409358e-01
3.139536895192030497e-01
3.244527323512576972e-02
2.711170091576720620e-01
2.323631875723592144e-01
5.237821317025123657e-02
8.572313801095589325e-02
2.617460045063876306e-01
1.120221780653880561e-01
3.234479538321141656e-01
2.847320699623686613e-01
7.256150429711126504e-02
9.214734881024366775e-02
1.594994428840066647e-01
5.401136875560611644e-02
1.016852880258005687e-01
2.414879414323192197e-01
4.218258441259874203e-02
2.608676078349028149e-01
8.605444508591728048e-02
2.836563914618737137e-01
1.333305481975209372e-01
1.165190174083927388e-01
2.694125662773790841e-01
2.641320553000634508e-01
7.660030044169859054e-02
2.567961824601451837e-01
8.009492241821819514e-02
4.986220875876093417e-02
2.397986894374578848e-01
1.616770669170592145e-01
2.028379386662874095e-01
4.760983631699809704e-02
3.089065512440408723e-01
3.328858093236051752e-01
4.637531970656478403e-02
5.598038736896620432e-02
2.741186077394145437e-01
1.813592640085353869e-01
2.949629650185910390e-01
3.485709567652158641e-02
1.643657699584472331e-01
3.315839619355583356e-01
8.086744890846103706e-02
2.036105067434939853e-01
2.828300374308143073e-01
1.896277661905699241e-01
3.066667229989121224e-01
8.501732397626231286e-02
