2.702060107323627780e-01
1.665096499788760176e-01
1.966246154655613698e-01
3.170744294342579539e-01
1.898027252126744668e-01
3.263229439881837890e-01
6.951829182117481853e-02
6.798080284263037509e-02
2.297971719814562996e-01
3.181429162822614343e-01
1.822114252210953467e-01
3.012019380457723328e-01
2.596534944701465175e-01
6.490459950131965972e-02
4.188818522102805142e-02
2.618328537846501547e-01
2.392442991406670480e-02
8.295925534228038023e-02
6.848331247424396806e-02
2.828212950760994326e-01
9.147583141395600193e-02
5.427239536893627148e-02
1.356387661631309471e-01
2.499818548076092051e-01
3.060335399378280585e-01
3.255640554610627069e-01
1.456593588240296944e-01
2.275674598806483040e-01
6.816008989779116789e-02
2.780015866367586130e-01
7.225293383939369873e-02
7.878308329802764798e-02
2.278780325132737650e-01
3.041177362913815088e-02
1.224682231179815839e-01
3.193939484122010342e-02
8.644255367874063845e-02
5.309902834140368955e-02
8.666752812992689625e-02
7.386978358030087122e-02
2.747532528811978403e-01
2.123854031209158610e-01
1.910301197191005204e-02
8.055485598292644323e-02
2.417483674830412169e-02
2.530045869660873734e-02
1.087859061834146462e-01
2.427338980650585454e-01
2.736305601103832252e-01
6.226866901485443584e-02
5.246209145055395068e-02
1.696249371927393002e-01
2.855396231032062970e-01
7.453247804460884363e-02
6.364789095850265088e-02
5.936278902334441582e-02
7.576241237484102053e-02
2.737424698842130105e-02
3.189700982280578856e-01
3.122656572613527123e-02
3.913466004371689289e-02
1.371044559370690474e-01
7.963667735190559094e-02
2.498274310667102927e-01
6.536686799456917218e-02
1.218905121599953290e-01
2.570206267336976325e-01
3.282647452250198050e-01
2.599173796745853360e-01
1.101230409502403779e-01
1.863565548252763826e-01
1.181324799497565498e-01
8.375281983891698367e-02
3.182190632987305645e-01
5.715475502975101568e-02
3.053119036315819490e-01
1.739539094649224793e-01
1.033701502457095023e-01
1.910490054771447899e-01
1.207456919578986099e-01
2.658091835262272329e-01
7.469858530285233833e-02
1.976731907562174484e-01
7.265154644869767364e-02
2.626689564534764876e-01
2.988509700319788576e-01
3.291365234870868850e-01
9.165050480208618289e-02
6.387972063781779952e-02
2.974278941773035589e-02
2.089360653432786596e-01
1.355976399376727648e-01
2.146068771662672237e-02
2.590967003885282227e-01
2.123143646346750957e-01
7.444942427773861005e-02
9.786051660457285861e-02
3.060331737992312839e-01
2.716945492917906546e-01
3.032727748206232588e-01
2.387597550377802968e-01
5.980823605874923538e-02
2.389641699316389367e-01
7.248687531399222728e-02
6.754192369861497514e-02
9.435727125367805723e-02
1.762158269735615845e-01
1.211935223457450556e-01
1.183595600098771433e-01
3.178645517780923080e-01
2.432427072647142530e-01
3.914368774659517103e-02
2.697384249296825853e-01
2.480569526860329777e-01
3.097545452658038712e-01
2.429082860620488948e-01
1.834941251358848391e-01
3.155889158090416924e-01
1.157489790843332506e-01
1.039012068622627155e-01
1.121155663402642749e-01
3.061974542257837606e-01
9.612421219095081126e-02
3.318218951959391316e-01
1.961796197997101032e-01
1.512202705227767285e-01
7.753646560450672132e-02
4.322287352716497333e-02
2.231672471223724585e-01
1.064648270403154712e-01
2.099083035724560731e-01
1.533345062095272382e-01
2.024811239819877817e-01
3.093521633270759352e-01
2.375524994913395249e-01
4.145633128100364995e-02
2.854506267051332147e-01
4.407258661140723427e-02
1.222224453301328922e-01
5.916673144901129361e-02
2.002858627176227757e-01
2.969716197866934526e-01
6.259040200008053612e-02
2.397500112378284365e-01
9.007855613618577506e-02
3.046999184530554960e-01
2.794943110404090464e-02
2.972790704719657229e-01
9.541863769362848857e-02
3.177991052592928356e-01
6.491532021630695704e-02
6.246279567354705992e-02
1.846607870556842834e-01
2.458390217629002616e-01
3.227739261795062875e-01
9.901912491537152861e-02
1.640695345469198319e-01
1.735035326642790088e-01
7.965573602712935908e-02
4.348866126915372499e-02
2.302395650455120457e-01
5.770116250224625182e-02
1.867631525978216966e-01
2.627985990427653684e-01
1.021622693898364131e-01
3.663884161785709720e-02
3.180546702885813509e-02
1.428624187088840536e-01
1.787241572698216319e-01
2.024489635494809425e-01
2.783243431522482991e-01
2.410165620567417816e-02
6.190635159624319206e-02
6.105379798753259035e-02
3.291384688232146805e-01
3.203330005988184320e-02
6.293848207852675847e-02
3.235906528954338168e-01
2.744077476270376237e-01
2.606995343465754456e-01
2.254472009103911101e-01
2.883539209135748682e-01
6.672050898902830152e-02
2.973072827309720667e-01
3.907255980489835606e-02
1.819550230279330383e-01
9.300847029156367185e-02
6.742476652271432724e-02
3.190753382890738205e-02
1.842186876260933082e-01
2.109295953129776413e-01
1.119385669708449493e-01
7.498663176210229597e-02
2.514286582882636623e-01
2.553448993957233570e-01
3.249903547497935419e-01
1.585663625829786261e-01
3.172870862315472773e-01
1.554629444409817707e-01
1.263025109995889739e-01
1.758978007866260074e-01
1.318945361497416424e-01
6.763372505045407712e-02
2.239219660071732620e-01
1.948583890115581085e-01
3.314143046536235371e-01
3.225727619209414754e-01
3.308262233080190295e-01
3.245754804748336442e-01
1.483170760399330212e-01
3.175249420407161294e-01
2.901719374745501678e-01
2.338180998553049394e-02
2.439335527301142725e-01
9.878626293739778408e-02
1.012241204087815372e-01
2.295085996811972451e-01
5.936244070405551077e-02
1.379871519496306542e-01
7.028694471675074606e-02
3.099726906057316267e-01
3.506616364588103357e-02
4.803615209776523204e-02
1.022319591658075871e-01
7.407950652208768194e-02
8.933607454016970206e-02
8.791978264192502890e-02
9.535440829496312498e-02
1.545394853217360864e-01
6.290229446123467294e-02
3.157697111487803299e-02
2.547632762687041530e-01
3.000215444754104621e-01
2.955875537946875409e-01
1.973740404824247119e-01
1.324348867602745949e-01
8.882536123021619878e-02
5.886785501058801329e-02
6.819703441418600853e-02
6.049356281568859378e-02
3.261124714643916511e-01
5.406872134897934556e-02
5.736488250971877312e-02
2.547515917696619447e-01
2.240410336660444979e-01
1.605318781025247554e-01
1.420009301099897370e-01
1.000738483263715894e-01
5.854255651637860908e-02
2.252145490519071314e-01
1.956733945367723215e-01
1.393252217860026787e-01
1.587901978679752968e-01
1.386258588552208570e-01
2.979586238655974190e-02
6.371686166479505198e-02
1.037699401295535256e-01
2.870999983444627590e-01
6.298581330621012830e-02
2.831665679853782591e-01
8.674004768869615634e-02
1.625525872026298835e-01
1.504386366720096291e-01
1.365711540747603370e-01
3.533801274571751749e-02
2.090452421577068398e-01
3.204180418191887592e-01
2.630719918373339641e-02
1.289030133698756964e-01
4.076192445203406789e-02
4.952952983940105136e-02
2.685107671095056658e-01
1.193426071350289358e-01
3.114824517193957032e-01
2.804056736407419259e-01
9.220937160454228954e-02
1.614718820566089508e-01
2.421711079005690048e-01
2.233368244871506425e-01
2.271416485013815628e-02
1.094460345641027343e-01
1.938865711537600400e-01
2.768744733533749502e-01
1.576712516163148725e-01
9.429017136394707288e-02
2.936313461649073253e-02
1.625308862439128477e-01
6.456774361776318472e-02
2.833486043612577499e-01
2.770425210056070564e-01
1.539110770157584296e-01
9.704275319830134305e-02
9.768342000687246784e-02
3.259281472485699438e-01
9.424134201784380160e-02
2.253256967469009497e-01
2.951157013836687090e-02
2.606323063603834256e-01
1.649183165278799434e-01
2.755526720187044809e-01
1.088264524382806103e-01
2.281985416933665911e-01
2.421971946786082575e-01
1.929402687730535915e-01
3.040251668197023194e-01
3.576241628332038625e-02
4.741157882293039333e-02
2.790995241719407272e-01
3.028401646416397086e-01
1.427066343415686056e-01
7.261852615045069625e-02
1.161072882974020365e-01
1.966350991878207388e-01
2.396735423356400330e-01
2.091489538782788926e-01
1.241056455212114912e-01
5.954958657971391733e-02
2.609555241131891190e-01
1.518382682051631627e-01
2.184213324752121987e-01
2.297655081289416146e-01
3.246297292855528371e-01
3.261357437742620213e-01
8.776943494431740933e-02
2.128155682566428009e-01
1.100338500228289496e-01
7.273378265228877537e-02
1.753872479722728139e-01
2.516452641401384915e-01
2.526024495140071213e-01
1.668367646419735562e-02
3.127865794757669349e-01
2.634804483374563189e-01
2.815812560063605252e-01
2.537385040473397885e-02
1.894516743529316705e-01
3.154213266642088564e-01
7.774400924719757078e-02
2.755306953933037706e-01
2.904281681389572212e-01
2.016790760779570701e-01
1.282437037286811854e-01
6.597770304608517600e-02
3.239918560351149890e-01
2.624190888431278124e-01
1.716631924875365034e-01
2.671848803195719935e-01
2.795894538799270634e-01
2.966554690625612389e-01
5.230449532977744787e-02
3.253724711971177630e-01
3.316881085003872687e-01
2.030184597083512787e-01
3.084097318899601814e-01
2.354431985000456917e-01
6.473634401274537542e-02
2.856947455174088657e-01
4.528218779359641233e-02
3.210911554488355968e-01
6.266190480199873569e-02
6.401361200661422057e-02
1.782432913970915522e-01
7.792928871817560166e-02
3.006318184769447566e-01
3.167713820435749672e-01
9.624133540359071370e-02
1.658681193860688796e-01
6.214417721877263379e-02
1.891518863754337587e-01
3.141187371137681428e-01
1.461673384567335754e-01
1.437061645680625666e-01
1.464535379514490254e-01
3.131485377170894480e-01
2.300729961897709230e-01
1.551229275887012760e-01
1.147287372092446606e-01
6.887100730541825810e-02
1.081031623743719111e-01
2.145031777091909175e-01
8.657017850937462344e-02
1.478096604495741651e-01
2.098050099919682512e-02
3.652527926231398381e-02
3.310078877787360763e-01
9.426203703775531961e-02
2.664364115931578403e-01
1.459869552258089564e-01
2.333045849654775128e-01
6.064694672457306840e-02
2.990212704660621390e-01
2.944691746813505803e-02
2.221043919263332722e-01
1.317936210252622087e-01
2.252523025973285631e-01
7.482681673932189970e-02
2.464756841474238513e-01
8.518358266348638463e-02
1.396113128026917893e-01
8.189871483849038569e-02
3.041753907963729367e-02
1.959044426213208678e-01
9.230302471064118219e-02
3.102921097175778686e-01
5.216502296247844950e-02
1.320146983193286327e-01
3.212400234178799385e-01
2.995740172792403233e-01
1.970376919742924671e-01
1.088976039665109363e-01
9.983863126313985425e-02
1.858832921087430201e-01
2.575889822475692648e-01
1.809546490429078947e-01
3.133719627843382649e-01
3.104618989328451484e-01
8.414319854316311409e-02
3.299578965790511687e-01
1.826222490981098678e-01
1.555129785996064717e-01
2.572384652006505235e-01
1.790050926178169133e-01
2.680976431241038904e-01
6.043551731259474286e-02
6.213503970048765701e-02
6.471197547709277298e-02
3.295028736496147803e-01
1.454200010729698178e-01
7.961764171538396329e-02
1.362962999897666394e-01
8.662398558078290844e-02
1.977299452395396839e-01
1.271259616242971513e-01
1.485091538916111509e-01
2.525618067924932375e-01
1.911041823904371662e-01
1.263878259180833685e-01
2.819728348103501051e-02
1.897521376530811599e-01
3.252519615356365690e-01
2.445098008637045309e-02
9.259451719155573080e-02
1.561257200738655482e-01
1.176797899846020873e-01
2.422157049390131350e-02
3.268922847411011301e-02
2.922259613513310261e-02
8.118344688744853765e-02
1.682610498928748810e-01
3.297004061304212308e-01
2.558475695601105659e-01
1.170494254840117182e-01
2.222447411938591189e-01
1.061847525151934091e-01
1.739899324881591103e-01
2.115151752860927881e-01
5.667527642046086417e-02
6.424879335013858328e-02
5.811720124665424592e-02
8.075068242279478947e-02
8.465103809896239173e-02
1.520975279058858765e-01
9.154545866608798654e-02
1.123596622973807996e-01
2.794051792862228267e-01
2.259080394682069504e-01
5.585108650576153105e-02
1.528539395889155217e-01
1.354632115249908841e-01
1.413150210226114985e-02
1.826776417807832453e-01
2.852652889636259625e-01
3.211329338605390382e-01
2.942944966274566032e-01
3.102242836929149095e-02
1.301096359783792678e-01
3.244943021582072373e-01
3.159803144309498713e-01
2.923990393282014377e-01
3.302512583886904607e-01
1.203646975166004635e-01
3.275959400890139372e-01
3.200483906024526037e-01
1.463774373402709217e-01
6.634080529350484812e-02
1.579421798452900483e-01
2.893441160886603969e-01
2.431968713927884773e-01
6.314963204480590619e-02
2.931757848794102617e-01
3.062802795747028850e-01
1.012852400529663244e-01
1.604946118411698930e-01
2.345045585177923941e-01
3.135182475799025426e-01
1.068630492311555408e-01
1.785025733290002969e-01
6.274391941655843574e-02
3.168305209720893578e-01
3.050227256463629022e-01
2.778911855164663547e-01
7.101058009266945914e-02
2.636860719977216980e-02
1.747333089848829013e-01
3.214449204274894001e-02
2.926649033757671159e-01
1.583573781117632862e-01
4.363335013291242542e-02
1.972712296474927740e-01
2.905531790954552496e-01
2.894445040292133522e-02
2.390122899591869132e-01
1.966978851071748274e-02
5.336658709601690975e-02
2.046633618144390043e-01
8.562446064067090468e-02
1.675034214928791121e-01
1.673820807873506455e-01
1.611335631963382864e-01
1.750114836243016059e-01
2.971928341676036700e-01
2.563379360752045533e-01
1.737810407841497706e-01
2.470909732764131617e-01
3.071077234512849530e-01
1.896435422825836492e-01
1.410973246676056336e-01
3.313102806208446105e-01
3.148415453768472760e-01
1.725262751776521220e-01
2.274804078708447530e-01
2.655342943264000707e-02
3.015865147512014621e-01
2.196241911403322145e-01
1.560607699094554990e-01
6.832793763705270751e-02
7.540633400902038708e-02
7.814270001501721907e-02
1.727532745615901200e-01
3.103935956881263558e-01
4.653947776952238602e-02
1.976536657024852150e-01
1.296352165432996251e-01
9.660361164797399980e-02
2.095831412775191471e-01
6.029023809781706988e-02
2.174073854466648803e-01
1.073639453945452321e-01
2.332167947639607608e-01
8.722730508671652783e-02
9.025836190099391365e-02
1.357076402175510510e-01
3.059748737698045895e-01
2.513220464753249117e-01
3.206504164729593875e-01
7.240178525948090527e-02
2.472861454350278598e-01
4.481506889089231088e-02
7.363009418435705056e-02
1.340784792100954415e-01
2.096229174478056456e-02
3.593183434071393900e-02
2.820296491772684155e-01
5.872380010105700959e-02
1.057807573303440607e-01
3.090467815059770307e-01
3.981480028471913457e-02
3.172203125628653697e-01
2.549447070405794769e-01
1.449598665882487203e-01
4.156941721814969709e-02
3.105925406348086781e-01
5.525733590171698351e-02
2.172440135449223431e-01
1.564181838206390729e-01
3.023282611039539436e-01
4.471131131978188511e-02
8.023227503411431427e-02
1.026760815614792821e-01
1.759875262972894205e-01
2.107878130555773943e-01
1.365891933675601744e-01
3.004656563095320365e-01
2.393602378387574559e-01
5.961183382735091990e-02
2.623815283643632368e-01
1.142838656881483284e-01
1.741512506557027218e-01
1.240902737857654536e-01
3.737650365938537805e-02
7.566173058915030836e-02
2.999184116976215675e-01
1.387059940366621169e-01
2.700521094017068746e-01
2.667142502561826167e-01
1.738780360397267910e-01
1.399199097103962230e-01
3.278318272754846552e-01
2.607605885309166038e-01
3.948477611859636804e-02
1.033668501591911842e-01
2.845973057704240805e-01
1.494265119903939454e-01
1.329659972949265301e-01
1.422429934479349511e-01
2.230264665942144620e-01
3.085145935140901630e-01
7.395389845920850858e-02
6.253328192988752421e-02
3.289426272927696848e-01
1.655939610042968801e-01
1.036002542697574691e-01
1.330137898354225856e-01
2.469950994906129349e-01
3.076703119781556972e-01
3.073074073342880186e-01
6.196016813572000764e-02
6.424248791919312529e-02
2.834014987705801847e-01
6.987453166003156080e-02
6.915451630995558818e-02
3.239245289326183053e-01
8.571426039406582209e-02
6.882447496104772411e-02
5.421078214351075092e-02
2.618587807736834638e-01
2.337839822489056751e-01
1.367299181139563502e-01
1.814653026640460076e-01
2.386293351476677024e-02
8.013293072105709403e-02
2.997701150406033022e-01
2.196984910823984727e-01
1.801843664913619913e-01
3.034971837550858864e-01
8.669755361837254426e-02
1.740068141114013422e-01
3.179179573407776571e-01
3.730396730445869474e-02
2.234386446436092966e-02
2.512130810994171459e-01
6.663737123950694285e-02
2.825316120600913639e-01
1.281875648503041920e-01
1.688649735090837767e-01
5.175141261299424228e-02
9.148551649642165662e-02
6.670042717378611707e-02
5.400250003945795269e-02
8.734315007177745338e-02
1.714212015321064098e-01
9.739693217802868064e-02
2.355334123601539043e-01
2.276127882461486188e-02
9.339134133557111528e-02
1.526294479200819010e-01
2.791837460562489326e-02
1.688615678089613881e-02
3.627611762351672098e-02
1.684481161630875801e-01
2.631842851417879325e-01
8.811794749842659369e-02
1.594483572121308534e-01
1.142218299075147686e-01
1.160347135774954519e-01
5.460968089716843749e-02
2.224284380652460091e-01
6.262986824277716469e-02
1.381345981380083798e-01
1.295692722624021131e-01
1.072947749022482439e-01
2.158541774875334940e-01
2.999687297359299870e-02
6.502198539906368924e-02
2.724778160685880635e-01
4.200266800063771205e-02
1.263737956513057703e-01
3.286300312907085575e-01
6.691520945750513427e-02
2.709005942756206875e-01
2.783338280892226346e-01
1.998076551038067417e-01
8.013535894212371613e-02
2.583647399772830977e-01
2.260675191010132756e-01
1.653815864593498608e-01
1.018661201145216882e-01
9.560853078469921940e-02
3.196848917795793721e-01
2.563267648997756831e-01
1.680641810358790567e-02
1.722806094660153664e-01
3.256930078629922676e-01
3.186868945256484120e-01
3.309778756600126881e-01
6.203194315196636222e-02
3.121821211856261602e-01
5.931265081966063946e-02
5.750175897413969950e-02
2.449324227975401280e-01
2.375109841287647017e-01
3.074580009022306326e-01
7.840079248522066613e-02
2.169599738290964031e-01
2.350802724704934010e-01
2.622855713197785876e-01
2.807851569069004793e-01
3.287977277363334783e-01
2.277323666416189718e-01
1.805363698376178661e-01
1.445432754719692681e-01
7.031911550356653717e-02
1.418497589002363224e-01
1.350259709550047649e-01
4.013860005091294397e-02
5.603508922413487359e-02
9.515889146276752808e-02
1.935628698319685204e-01
2.992336683870074898e-01
3.278769802105712117e-01
1.887750584335268489e-01
5.919198993674108789e-02
2.721925472876841612e-01
2.342463973746594375e-01
3.218394335760135228e-01
2.052865609391046620e-01
3.257046550338927871e-01
3.078311409229734785e-01
6.561364789620655058e-02
2.899809905623115802e-01
2.064175977058352318e-01
5.505299595684730318e-02
1.602256819257626419e-01
1.674108749875998781e-01
4.552623144844043096e-02
2.439774059058581746e-01
1.427089884579517964e-01
2.465437007190397212e-01
3.288315991216408385e-01
1.822750402693414373e-01
2.210850748023363843e-01
2.211649880047691918e-01
2.394805013524295978e-01
3.286321982723602875e-01
2.691407946402696316e-01
2.787727436777986401e-01
8.462077189731373461e-02
2.007292929063196063e-01
2.591139429642634259e-02
2.981090709159172625e-01
1.560789253069046478e-01
3.284117848582328580e-01
2.135389486871667741e-01
1.971963210106873199e-01
2.648561629458833777e-01
1.627323868054706690e-01
7.021406130952506652e-02
2.941789262461935034e-02
1.004446676732984323e-01
1.447461947569129992e-01
6.311403133765881857e-02
2.751432997821665061e-01
2.542675514938872450e-01
4.947686880710125412e-02
1.571874636034491513e-01
1.713340754201266303e-01
2.160533316939244330e-01
2.219822542057053594e-01
2.014021232181815446e-01
7.097323454473418447e-02
2.924310464317382841e-01
8.639269955257460054e-02
6.495149095745358925e-02
2.905297459334676979e-01
1.182505967639943673e-01
2.875044945281580722e-01
1.273101486317474718e-01
5.049870404044162070e-02
6.377403753717968138e-02
5.624665028112308535e-02
7.543275280642876279e-02
2.879164438345420685e-01
1.925710603054820447e-01
1.785777661794327176e-01
2.562131688745029612e-01
1.717832631255248460e-02
1.931725158327712577e-01
2.735543058787284765e-01
3.064872736163772315e-01
1.427055953452484038e-01
3.158964036682082033e-01
3.688741089833776771e-02
1.624354234597934488e-01
1.576208201460732594e-01
5.042610260524279381e-02
5.272446960843529123e-02
1.769879758471289699e-01
9.641949587577422487e-02
4.658151610438057005e-02
2.100979018747636540e-01
2.154534842112829918e-01
3.227168556848179493e-01
3.211458312076679866e-01
1.139867350695787512e-01
6.349225350069499785e-02
1.098929508194732840e-01
3.242900582239018337e-01
6.805271857886743825e-02
1.777242578350973212e-01
2.390956082715590611e-02
2.064675034280452903e-01
1.705722199275676032e-01
3.183179453029116174e-02
3.033943461354421944e-01
2.642476490377411447e-02
2.823339407308260093e-02
2.285847441478133790e-01
7.526305888577387859e-02
2.680483142140865915e-01
1.276647706281516248e-01
8.046131978954240704e-02
1.557465387376947841e-01
3.207153735149966267e-01
1.359837853452497136e-01
1.653976809088251176e-01
9.299538040591158461e-02
2.681507187415295701e-01
1.642211889775931632e-01
6.921783649456311749e-02
3.242539423921833586e-01
1.691706414677989767e-01
4.462349477448988855e-02
1.796569072924486254e-01
3.065750926995141137e-02
5.387060519827638339e-02
5.532977123554598531e-02
6.348412616938581277e-02
2.367730766080324289e-01
2.957708534321206173e-01
3.259890500702909422e-01
8.102472735232457701e-02
5.950428308169055519e-02
3.170755963497894347e-01
6.918329072887181852e-02
5.541892211907102628e-02
2.945730602632631867e-01
2.443834545296649507e-01
1.606113919360890041e-01
3.717754999139780830e-02
1.041550952789239010e-01
2.880103732963679164e-02
9.597069578149239333e-02
8.863778451738722752e-02
7.412892813721368157e-02
2.774673230098240739e-01
5.506199568335268940e-02
1.403597156697521942e-01
5.392429014521356312e-02
1.279664130034796066e-01
2.770098589022072511e-01
7.418693519671126779e-02
1.198421475033303873e-01
1.768467236959095912e-01
2.949662552183066055e-01
1.761332881225677327e-01
2.095742664908293584e-01
2.352470587026654902e-01
6.971815993661933941e-02
8.050933627421262562e-02
1.041847428113416574e-01
6.262023239373343264e-02
3.152765602033720804e-01
7.828053266479291505e-02
1.820658398310915360e-01
2.366956613601786386e-01
3.207641370019757576e-01
1.706973975181197700e-01
7.116707839192649987e-02
2.238988858860337661e-01
9.658190814677827807e-02
1.681147309128256384e-01
1.282513501634372222e-01
6.013529839235816354e-02
1.824563742215633277e-01
1.633894881923841635e-01
1.786893183573651789e-01
2.823578998052606037e-01
2.156105310040716191e-02
6.950876766315820798e-02
6.993118425034276775e-02
3.308165131948200277e-01
2.884967866862959140e-01
3.070401554760238128e-01
7.837081349108718231e-02
3.072402863888016866e-01
1.711642403045861016e-01
3.282917977361100026e-01
2.073686167475484177e-01
3.206185623320333827e-02
2.558230414195354352e-01
1.715766202954822212e-02
3.511521809027157853e-02
3.111004322887492846e-01
2.781203257464181511e-01
8.664611988881745774e-02
3.269956088965548791e-01
3.204689309515449391e-01
7.196777400840501104e-02
1.040961633141710557e-01
1.074775982172996303e-01
4.575158737162508815e-02
5.608077217603885806e-02
2.134193807339020699e-01
3.060430970689648755e-01
2.634431035708645896e-01
1.592681783900869730e-01
4.358433696571651500e-02
4.503189788362151058e-02
2.852372136894120724e-01
7.506922364640095102e-02
1.343490698672525907e-01
1.680717254914667891e-01
6.933878581279943887e-02
5.404643248729756877e-02
2.571187986410243820e-01
1.909505381014167114e-01
2.240758200419178114e-01
1.509666888325943701e-01
1.822081018521095053e-01
3.273106121661117918e-01
2.425461479836660827e-01
2.070612250310233104e-01
7.502173280312224302e-02
2.661514873682612192e-01
3.154185899948631078e-01
2.016670935702815359e-01
3.054368803081771166e-01
8.169583553333252535e-02
2.000776812182990805e-01
2.428693514026705746e-02
1.818459327817922022e-01
6.128041215229215050e-02
1.498969081182682794e-01
2.904736378515704875e-01
3.622120637339525107e-02
3.315629883308334747e-01
2.123206642839056135e-01
2.864429411176392937e-01
2.513021286402668530e-01
6.938173965691735168e-02
2.494743854771581393e-01
2.658796802083049360e-01
1.792413488059894089e-01
6.766282106227881898e-02
4.388195531816085904e-02
1.479229310885150639e-01
2.208642923910400235e-01
1.564054232139931444e-01
2.556356530877969269e-02
2.160997096641530668e-01
1.884864512829508565e-01
3.843025254708201666e-02
5.791127499420020697e-02
7.382486963946591207e-02
3.584502657007623827e-02
3.315496031000497168e-01
7.185233948093612544e-02
6.104115633763138038e-02
4.179158020301083215e-02
2.074507151790652426e-01
2.531303689804586532e-01
8.744252956996487192e-02
1.732142703011746165e-01
2.214036121561222537e-01
3.040185267604135766e-01
2.201550773086347404e-02
2.976923495422518773e-01
1.719484739958991870e-01
2.035618323816141828e-01
1.135710735578595448e-01
1.438803571914510915e-01
5.049430510545644540e-02
1.433089527541093755e-01
3.683352299110916050e-02
7.550770059141506674e-02
2.688345459892220735e-01
2.862742885919955516e-01
3.283639018775380558e-01
1.624673329492357099e-01
1.497556301809624957e-01
1.249869889983827032e-01
3.350299333469518998e-02
1.657136692391091570e-01
2.103936694778302807e-01
3.087884532779516245e-01
2.124797347058253183e-01
7.023866942343749697e-02
3.308599969147272279e-01
6.347654932871778233e-02
1.347276338391905359e-01
