6.552812015637991816e-02
2.478817734718802290e-01
1.826379054022465032e-01
1.114855907129469054e-01
2.509365680757265626e-01
1.693163517988086619e-01
3.161336354283741934e-02
2.704515649960360923e-02
3.073407477021523615e-01
1.426800248583504765e-02
1.814948048458786267e-01
2.644136123470292032e-01
2.646574521837089522e-01
5.424875671840198588e-02
6.813590121598611660e-02
5.539726259056308028e-02
1.837295746146611619e-01
5.349497078735637734e-02
5.922141805560237476e-02
2.148477926217017275e-01
2.015356314516623948e-01
2.646816554212171879e-01
1.657780909563695559e-01
1.753212210387573577e-01
2.806990658526728900e-03
4.750969688468990176e-02
4.184477463407623721e-02
2.363886606569664262e-01
2.899886991535101100e-01
1.890021720618230983e-01
2.234988559015132215e-01
1.758109680762706406e-01
1.448959332188368421e-01
3.091811949685331906e-01
2.645716046042800307e-01
3.075680252884303023e-01
1.357286175373580150e-01
8.062513744356036849e-02
2.790163684926833532e-01
1.892916637816201841e-01
1.294919190352064597e-01
1.619369418090035595e-01
6.217233061747232115e-02
6.013846622255666213e-02
4.348589776021368619e-02
6.347470811934319279e-02
1.962564546804891966e-02
5.619393938523613297e-02
4.516773497951633021e-02
8.819824914809659688e-02
2.083250338805073612e-02
1.680075556881405752e-01
1.158837635220553303e-01
2.392689670042146277e-01
2.122066512014045558e-01
4.185591717347204171e-02
3.106127311983333250e-01
2.617550598770999881e-02
2.394204304121438365e-01
1.225718288824259733e-01
4.569167320409239785e-02
7.840970148631566314e-03
2.751593094924976168e-01
3.126138633014052814e-02
1.302051240477596350e-01
7.196203988260156670e-02
3.145670665460463256e-01
2.632767665984376837e-01
2.048928411795575624e-02
1.513642788533830497e-01
2.871590803966381916e-02
3.106209448532400441e-01
2.327625287709338964e-01
2.376749362249993835e-01
3.084702152980245415e-01
3.156070925201751587e-01
2.854684579159409985e-01
1.736035046510406299e-01
1.790685011140587257e-01
2.725490926070394671e-01
2.128625847649407987e-01
1.497394107010528164e-01
7.337819575453016774e-02
3.002602656123672387e-01
1.102917945050828769e-01
1.968720496311265056e-01
5.032378969593097329e-02
2.337333541971859108e-01
2.911948761246600514e-01
4.009747064917552895e-02
1.865200997864980767e-02
2.683385460747009232e-01
2.575053767647895175e-01
2.352185721830846454e-01
1.713360534582095696e-01
2.767202572388396398e-01
1.661481248194510152e-01
1.290237751130812738e-01
2.207854172850753083e-01
1.904400181172170026e-01
1.565277707082668446e-01
1.806066511898347104e-01
2.061899258567094842e-02
7.377610735995392827e-03
1.032223603289276863e-02
1.105443502196209321e-01
4.909512552678027553e-02
1.232495265615286273e-01
1.958477490963795031e-01
2.160758804309214076e-01
2.344086378286260874e-01
2.966542730359409408e-01
2.376526184652636708e-01
3.148624428865982039e-01
1.263838361067354532e-01
2.474999913768109461e-01
3.161371572129147989e-01
4.440397596900359095e-02
5.506595167082603548e-02
1.860612716833435487e-01
2.864166203618477291e-01
6.134967000260646564e-02
1.897567231436853852e-01
9.126065862695170727e-02
2.500724595092020941e-01
2.082274384019728863e-01
6.867512205938444692e-02
5.759412833439136320e-02
8.966818222229823443e-02
2.893595801025001801e-01
7.196160264438769549e-02
5.115339793330873214e-02
5.616625466895455721e-02
3.158019296199185422e-01
7.397602914099185578e-02
2.380343959148737559e-02
1.117277339913103767e-01
4.200084559667417033e-02
3.032247299559306941e-01
5.592189680135242758e-02
4.315210129852490445e-02
2.121767174461124950e-01
7.083049850267066072e-02
1.035614420785110901e-01
8.598492301523801007e-02
2.344822453546070995e-01
1.439211670175993552e-01
2.362249209737673494e-01
3.142287073875068004e-01
2.226178677985871102e-01
4.608883449138386629e-02
2.017759716658639457e-01
2.043681687031659311e-02
5.144424106306782346e-02
5.109425379445232951e-02
2.410607798385781542e-01
2.547802510930529674e-01
1.753023014435458604e-01
6.309540633135987675e-02
1.331165165910840886e-01
2.070662650413805372e-01
2.840162803545217551e-01
1.465700659432522535e-01
3.158337603586411912e-01
2.847733121686800151e-01
7.632091654898426336e-02
2.313777737540675394e-01
2.668575203513964822e-01
2.603976408327857844e-02
4.849160030054099763e-02
1.922719340362583906e-01
2.801450592865863398e-01
2.614367986406604949e-01
5.184722149529472773e-02
2.260330950107629633e-01
1.275003353016351537e-01
2.039418382465852525e-02
1.901521061439245819e-01
2.839105466027372904e-01
9.528152981208790062e-02
2.271220206078232717e-01
1.998851470055437174e-01
5.320835441454404430e-02
2.110533667632820132e-01
2.160410256759102698e-01
4.486570253119537971e-02
5.685708223541050682e-02
8.219705431605184298e-02
2.541772886118969232e-01
2.363595661992154151e-01
2.461171722616069812e-01
6.944253524478780082e-02
1.036311971411087163e-01
2.666020850510504928e-02
7.140556321383739746e-02
2.851699227111477719e-01
2.690201158622236854e-01
2.341598761413413166e-01
1.879838866087079619e-01
1.169009933732530759e-01
1.566990775405121550e-01
7.143029750572331416e-02
4.954449902990565313e-02
1.344339229630184818e-01
1.821693440918533136e-01
1.955610561354585025e-02
1.693428385203388509e-01
5.859255490053835030e-02
2.542525766383496033e-01
2.362464869297745684e-01
1.420813390105948038e-01
4.054979753348442184e-02
2.123993688514421441e-01
1.376084429869613157e-01
2.244825703654176330e-01
3.256091721865531780e-02
1.146766952244403087e-01
6.072604394526084221e-02
2.504015496392248963e-01
2.434336800360596131e-01
2.047522942871412566e-01
2.995534643623621873e-01
1.559081359940559797e-01
3.029337267276806522e-01
2.126066113795771761e-01
1.480154169450161733e-02
2.582958472939336780e-01
2.941015099546606670e-01
3.873809457116517835e-02
2.892325206893952005e-01
2.999864284425628469e-01
3.147868707688127321e-01
2.275747815906994237e-02
2.843831997131617828e-01
2.204915158370794881e-01
9.815792449881163839e-02
2.933374326314552305e-01
5.358270115631547786e-02
2.687079849256703290e-01
6.380420297461256163e-02
2.463695462251090929e-01
1.905326720063963697e-01
4.021823888067788122e-02
5.727995691100037923e-02
2.586014451901952685e-02
1.479688319243580297e-01
4.259579018645050924e-02
1.966599794740143611e-02
1.200092307740063396e-01
9.876612723109282066e-02
3.032521720823971867e-01
2.608943369873834572e-01
2.993852433994977358e-01
3.161688468132407559e-01
3.021843706344461422e-01
1.190247862332091261e-01
1.898083471764077101e-01
1.936240274431136332e-01
2.250326011471825427e-01
2.062458382820543668e-01
1.435644014232971832e-01
2.540656432224681072e-01
1.560350455781265577e-01
1.162838781313953185e-01
2.298639799815640761e-01
1.238385223243895494e-01
5.452109556515912642e-02
1.054849005292275987e-01
1.656679846153116253e-01
4.984648831144006254e-02
6.730892228252664811e-02
2.101790633039397338e-01
2.670461983465454575e-02
2.559919029973299967e-02
1.457062300509541670e-02
1.163920266939261483e-01
2.979532661792488532e-02
2.914506358507754635e-01
6.895402454016681670e-02
7.192054444081970310e-02
1.085854716073218484e-01
1.168134589112970051e-01
1.219156924876941966e-01
2.474057366464774699e-01
1.912734239675704384e-01
4.977262218114966025e-02
1.881975875361002193e-01
2.699300522383185075e-01
3.103295753627030029e-01
1.174703090195466093e-01
8.517213198553705289e-02
1.302276378879749785e-01
1.347137898498396713e-01
2.052831305165067899e-01
3.069911228559959460e-01
1.113527052263149110e-02
2.149323504022127573e-01
1.557443808320685130e-01
4.787746314812234283e-02
2.773112162325261920e-01
2.237366866299771995e-01
3.170322963274587597e-02
1.211756553890150356e-01
5.185303025997193421e-02
2.082376115666002003e-01
4.231401992920403102e-03
2.306882617532114987e-01
1.576526138944650823e-01
3.129208957053208895e-01
1.234284035184681078e-01
2.679087891624207587e-02
9.181664722483270924e-02
2.058799904247833046e-01
5.526034743878718847e-02
1.672967471872638945e-01
7.101014262250895590e-03
4.991054194822199669e-02
9.963172537225312153e-03
1.418874503468964265e-01
1.934652109416411803e-01
2.038578375717228219e-01
1.286852303824238264e-01
7.186133297119035035e-02
2.221467412580285447e-03
1.621774645404701065e-01
7.747015585262202741e-02
9.324846541363444874e-02
1.222251283511339992e-01
1.341278080974700471e-02
4.838203690011646380e-02
1.835912288650149576e-02
4.014391741650401302e-02
6.421492724216147641e-02
2.139626241594178302e-01
1.271141933058976548e-02
2.849821717016365330e-02
7.031419008851341745e-02
3.585564791126851641e-02
2.663725094185072639e-01
2.594353748294844220e-01
5.401600256410172413e-02
5.980785292464371738e-02
1.753311290254740695e-01
4.260998388954995858e-02
3.041076891461359510e-01
6.829631949035963601e-02
4.663943219140907759e-02
3.165103233747664224e-01
1.394170080305141557e-01
6.253270138297084557e-02
3.152717786225738839e-01
1.087253814161602689e-01
3.347530674707471093e-02
8.880437207449445869e-02
2.344153049999766758e-01
8.687448206164151421e-02
2.903512111788252859e-01
2.882233455720825677e-01
5.052945759762277750e-02
1.092691968313034279e-01
4.548709324804935117e-02
1.791355107371178090e-01
1.833592987594599710e-01
3.834665519862718447e-02
2.933640709330042617e-01
2.518608642782499754e-02
2.898754237175072412e-01
2.662421834441395727e-02
1.523364906665515377e-02
2.596154596608789000e-01
2.525323419523852753e-01
1.183488154588481084e-01
6.607252777542281519e-02
4.590473747904605384e-02
2.503340816098814647e-02
1.387139678273823229e-01
3.563359665511405677e-02
2.791302603187967302e-01
1.560812875745032080e-01
1.764964731556732669e-01
8.098989543699677829e-02
7.236695283495123143e-02
2.003116578115230750e-01
2.747408501817398263e-01
6.249860217388317207e-02
1.066873706257968901e-01
3.066745601608285021e-01
9.202524624266779363e-02
1.795327646153976608e-01
9.829579995838495787e-02
7.095784053264898861e-02
1.850057330644435394e-01
1.384521784343602235e-01
2.319025896725835367e-01
5.732922562315204140e-02
1.557273703591690039e-01
8.935383042913593032e-02
1.382357339540695174e-01
1.275985739236322747e-01
2.402774608434355419e-01
3.252802860856972983e-02
2.434632486719591760e-01
2.935332280022453014e-02
2.497611345269096228e-01
9.796669406096522592e-02
3.638909884745920864e-02
1.032082754493061638e-01
8.275160500150246026e-03
2.749000950797627629e-01
5.021393153693323730e-02
2.037411950591641596e-01
2.072808746437950767e-01
2.019162078458091036e-01
1.478927790605855455e-02
2.100067099113105407e-01
3.554325753519778364e-02
1.915775351914472124e-01
7.980161806614147202e-02
9.532423505319387314e-02
2.401662113898184736e-01
7.821422214910660198e-02
4.759440498161707916e-02
2.992978830095785470e-01
1.950069739385850986e-01
6.310233554535910061e-02
2.620069637343884761e-01
8.441549218472417515e-02
1.016037937247166317e-01
2.332610186633515270e-01
3.205829391355666247e-02
6.810159469850010985e-03
1.585908130019600681e-01
3.513618768928089553e-02
4.731703904371444003e-02
1.137490864687584341e-01
2.966119495618593782e-01
7.401247406748311108e-02
2.463180334827415885e-01
1.948700458811096145e-02
2.283897344579182420e-01
3.317427066651941481e-02
5.219232791168475910e-02
1.922224498131833437e-01
7.022399573739906975e-02
5.939793820728931500e-02
3.218647338626570015e-02
4.213647883816292600e-02
2.429464964442218100e-01
5.150885336808044834e-02
1.648849348819647620e-01
1.231441686179903933e-01
3.120728691100437824e-01
8.959445744960042868e-02
4.196628308038721777e-02
6.012705773468985521e-02
1.635790226699796179e-01
1.884924052027238672e-01
3.018292990295397549e-01
1.785179052712223755e-02
2.126320473172517711e-01
3.432729956419380141e-02
5.161474792668784700e-02
6.935575700355248174e-02
2.259724480986998185e-01
4.308161040206530401e-02
1.970770987100435023e-01
2.875405278658651476e-01
2.441948793906805748e-01
3.462961490374683732e-02
2.703968373521667967e-01
1.334750235836056620e-01
3.016082472024883554e-01
2.679875297502185560e-01
5.239452815209746928e-02
1.271589797631297591e-01
1.531274553495979088e-02
5.833100962691695895e-02
1.110027848925541488e-01
2.957047150642423405e-01
5.065219976743862151e-02
8.785206490442036553e-02
3.013407037798302990e-01
5.799945867364422053e-02
1.414704901534305503e-01
4.886022362919664047e-02
3.270483127162398390e-02
1.832917205611123701e-01
2.557678330264452904e-01
1.913199249647709946e-02
2.936238662608758321e-01
3.167634542069691639e-01
5.312346383302413155e-02
4.770426365907912136e-02
2.041127339226895543e-01
2.282715058423923360e-01
1.101102363111631927e-01
1.444710728506650721e-01
8.929361124759220558e-02
2.371272815072000550e-01
1.298872955254246238e-02
7.258324681634363562e-02
1.104104221780691231e-02
6.215559906657382172e-02
4.936930817322342929e-02
7.636819064070396977e-03
2.758641223904670370e-01
2.157983083763971022e-01
1.580868528350506397e-01
1.110184996585378420e-01
1.384956034998011398e-01
7.210736167033471311e-02
2.402642276714210268e-01
3.005995485770298070e-01
2.925509489062950164e-01
2.902892091015893961e-01
1.457369022207775922e-01
3.521883338563647908e-02
2.489461522870368149e-01
1.733043671347848924e-02
1.114176047155816945e-01
1.102263007202967104e-01
2.102042965719621015e-01
3.073562513171665747e-02
2.071264507737879262e-02
2.701011273453052253e-01
2.580452980287128995e-01
3.026004830087292152e-01
2.002462928116141572e-01
1.635266595252154176e-01
6.775888169252342053e-02
3.280151524834834520e-02
2.136239260744368929e-01
1.846813489498550787e-01
4.810026391220302566e-02
8.092865961206975600e-02
3.091742337681084307e-01
2.310198403621819552e-01
9.988304694581957854e-02
1.977192776451346112e-01
3.125922707062026018e-01
1.928250522792454569e-01
2.889946454781375240e-01
2.994511081579383505e-01
3.124456264668499239e-01
1.675845703479709181e-01
1.876556246884177881e-01
2.527247951889485811e-01
2.582151285284608466e-01
1.741130935926817336e-01
8.011793824929974717e-02
7.573653647369731068e-02
7.298751678021242473e-02
1.834236944093146082e-01
1.821719567935957129e-01
7.487321750618104732e-02
2.530053363685181300e-01
3.347662661636106873e-02
1.426292381154866673e-01
3.127674984018984361e-01
1.059735187265142126e-01
3.668167683972911597e-02
2.985506518375433682e-01
2.735529367512004040e-01
6.677945183775808868e-02
6.001137252480584494e-02
3.481775843187420033e-02
9.387922688223587775e-02
2.945726736252748390e-01
2.807391995448332289e-01
6.468317843528269273e-02
2.743589763581243401e-01
2.826211329080758894e-01
2.689755728679172342e-01
1.870182235054876352e-01
1.112640232917958133e-01
2.813848985218092569e-01
5.528740818755265712e-02
3.043175161412632890e-01
6.269373613578389792e-02
1.800236678528991108e-01
5.451929468780171428e-02
5.037397892153480661e-02
9.208571163556850125e-02
2.245612731290276831e-01
2.567298467605802492e-01
5.091419072261294670e-02
2.583067735618506666e-01
2.263303903007565232e-01
1.083445985815691473e-02
3.118635497382266641e-01
2.043574969145997566e-01
5.267934617618954402e-02
2.049806024812422245e-01
5.931539517597348571e-02
2.779247254010130397e-01
2.288707831819076360e-02
1.635440012648139707e-01
7.137340132486508226e-02
6.319092091336814265e-02
2.438331721002656438e-01
2.494376277708427736e-01
1.665851435621535925e-01
4.058917721519195859e-02
2.499207155350753329e-01
5.823634293021977965e-02
2.531602426428007369e-01
1.639359786441349498e-01
2.406083482978315369e-01
3.125175071258033399e-01
5.713918727716985058e-02
9.303661619117568893e-02
5.908782174488557554e-02
8.254191037996530533e-02
1.005897523289410039e-01
1.104676487966383125e-01
1.180060765047738214e-01
2.472671125802995695e-01
1.962303699806587642e-01
1.104190967317041777e-02
1.510337258886583489e-02
6.907330687771710831e-02
4.385772833310087881e-02
2.303897189233786169e-01
2.595293307499388358e-02
1.259423406491081698e-01
2.560816067641544791e-01
8.051311309463567156e-02
2.590516318526334683e-01
9.264760400522641104e-02
5.849781142441413950e-02
1.153822765769280806e-01
7.619122961820171125e-02
1.399073788243117289e-01
1.016745013054450170e-01
6.509916131158989538e-02
4.690583907343120335e-02
2.920209072716306586e-01
2.963918894346213029e-01
2.918338343288416903e-01
8.607649941412641448e-02
1.994875945231146530e-01
4.632269348185548419e-02
2.207131162106554245e-01
5.894305742741017679e-02
1.984849856951781677e-01
1.796970227248429752e-01
1.004510658339424628e-01
1.380854023159306110e-01
5.603723770629603224e-02
9.495033708914570048e-02
1.757177690807097958e-01
1.557462026426652268e-01
1.853010215668005056e-02
7.955411007143485536e-02
6.740561631624059080e-02
1.698197081913943030e-01
1.270126678992779257e-01
2.608923962872405355e-01
3.100975851852838527e-01
2.435819428052288238e-01
2.036013486118136151e-01
1.125303896877553889e-01
8.608527010116232003e-02
2.804218686750040712e-01
1.956805465212646186e-02
6.423940652974850785e-02
2.994358749919040497e-01
2.705363376215448867e-01
1.225007230059297313e-02
1.312506467645842556e-01
9.622795187124175142e-02
6.727831604026704437e-02
2.165345713763538738e-01
2.717762324235065696e-01
4.881895903885530991e-02
2.399769850498868484e-01
3.541447017992070678e-02
8.454584268020377824e-02
3.539988745765943606e-02
1.879631428784805935e-01
6.462050852566693371e-02
1.085171796732962435e-01
7.885087642672482244e-02
8.908136791810450372e-02
2.222994542284432717e-01
2.918022317073074579e-01
1.696533276486959785e-01
2.583745574696295066e-01
2.208305978439580736e-02
1.890272220342772702e-01
3.418139561349028271e-02
2.752880555223224598e-02
1.917714410466430097e-01
2.992807621101322216e-02
1.925790558565584343e-01
4.383872664918513073e-02
2.102816258746308120e-01
6.472093391826946873e-02
1.493349559031711682e-01
1.441584463584356379e-01
1.334499069934279580e-01
2.291888548998047004e-01
2.162029570787306898e-01
3.132529350218732356e-01
4.133833329366918413e-02
1.837842333174458664e-01
2.515603818285852555e-01
7.826145900548438228e-02
2.459114657128705639e-01
1.977349473245321176e-01
3.088186620232808988e-01
4.254821650006612027e-02
8.152484171763921261e-02
3.781774263320007018e-02
7.292499408265459837e-02
1.074857986770476059e-01
2.007506057667901578e-01
3.172239223748875014e-01
9.795154805198048875e-02
1.209097231326683591e-01
2.555511831133576162e-01
2.409885048104832284e-01
2.744244595729764674e-02
2.955073665212122891e-01
7.903757686168987051e-03
5.888316249423956872e-02
4.045298324869470163e-02
1.574140349195545519e-01
1.558161512644809510e-01
1.337594495600166744e-01
1.942916022856200631e-01
1.393199385586563477e-01
2.061164396774843310e-01
1.054950735352438440e-01
1.742784166806341795e-01
6.530145896065452094e-02
6.508740779316551928e-02
1.225583387050363932e-01
3.166319076880499961e-01
1.915559040885483899e-02
1.551492434999353354e-01
2.999186316838197142e-01
2.904947362745547990e-01
5.580174228750882370e-02
1.054671986805559986e-01
2.371578987066907673e-01
2.326193057805931719e-01
1.508958477601464454e-01
8.618993782400988235e-02
6.335066445279194380e-02
2.959935728200387486e-02
7.164452601627413486e-02
2.923507519200529425e-01
7.418684309430495505e-02
1.006309733780087479e-01
2.173963687459944116e-01
4.371933381466155261e-02
5.212248524845268516e-02
8.839544291396454756e-02
4.951578522409286892e-02
2.199696045492569862e-01
6.451721882908256767e-02
1.918902643675929331e-01
1.889162227056315480e-01
2.949334346172085425e-02
2.231857785907162828e-01
3.467738354956718255e-02
1.214744974172043274e-01
6.669089329931514321e-02
7.351625399788904759e-03
9.174838823232170371e-02
1.699229954687114796e-01
3.123964240425550210e-01
2.455592847939155332e-01
2.466359051668921276e-01
2.320177657985635078e-02
1.498433591075920557e-01
2.530509102700393975e-01
1.664478288351611268e-01
7.667740022344704531e-02
1.541008821793136974e-01
4.968386403101357485e-02
2.133221478147684924e-01
2.983720033879304623e-01
3.699148407166284735e-02
8.051068281953144279e-02
9.459507180802234627e-02
5.595580590883577482e-02
3.015557085345155763e-01
3.018101740399013466e-01
9.765554268446151320e-02
4.745029470808399125e-02
7.647375337803867523e-02
2.916114775947147852e-01
2.382190981835602683e-01
2.342669786596888459e-01
2.660162396558558018e-01
8.173898954613682821e-02
2.547426421494434767e-01
1.164032178496763742e-01
4.802472773131179207e-02
8.931838216735160652e-02
2.955863061861381813e-01
7.088904318737994370e-02
3.741462901843969208e-02
2.247671172300606118e-02
1.750199487014935940e-01
1.581289033104011366e-01
1.795433339567418241e-01
2.683282763028927986e-01
2.797479914389090494e-01
1.589739040234063039e-02
6.472883858815724201e-02
9.101721954812180826e-02
3.107880104802162591e-01
1.476211540819878931e-01
1.041192572186023513e-01
1.445442656432997519e-01
3.701856372002496759e-02
2.168311466898378281e-01
2.542646781794557706e-02
1.098860354850064031e-01
1.385010469193411198e-01
2.787249480967696758e-01
5.824777827435199257e-02
2.862396462290748081e-02
8.478554981211827712e-02
2.210870599369095524e-01
2.135351651143841401e-01
3.150501356754509819e-01
6.862249605088883986e-02
1.759542380174833609e-01
6.317772890529559093e-02
2.550543769662613758e-01
2.697663233128940602e-02
2.351708912045197275e-01
6.629758016956133204e-02
2.421377450641344284e-02
2.265749283294326288e-01
2.962751398970723260e-01
6.995818838662891392e-02
8.273764748811684999e-02
3.632386030958659889e-02
2.382620825936955511e-01
2.753940788698462649e-02
2.475924383587365385e-01
1.553971398936356552e-01
4.852476210750996527e-02
1.576232699629291356e-01
2.089731711526448821e-01
4.109661233718422957e-02
2.090807451340156997e-02
9.137939035545179084e-03
3.133264019919562160e-01
5.529330363651439872e-02
2.551881287086443240e-01
2.228657715969081798e-01
1.525067588655180939e-01
1.495409170261783882e-01
1.719770378438137959e-01
8.519386951931563756e-02
5.464428104931989827e-02
2.311030353273937354e-01
5.258680156762221558e-02
2.004217113108667321e-04
2.064276898984099273e-01
1.539430081918678195e-01
2.816783218849953641e-01
5.382407137645364020e-02
2.391867682694684416e-01
1.198425282299050015e-01
2.882344455959884866e-01
2.614884020976503409e-01
3.172593285700329169e-01
2.666141864618344348e-01
9.783937274029876063e-02
7.261543664474608140e-02
1.082160782597782617e-01
2.044618760846618130e-02
1.951351407811429198e-02
7.479681660254385023e-02
6.539638920920384617e-03
2.728615281056945840e-01
2.341836405926925047e-01
2.269104034158616612e-01
7.220426157988568683e-02
5.329660227055232208e-02
2.208288999771026440e-01
2.673197760232284836e-01
5.994505082927702871e-02
5.093684005756673322e-02
9.517454563606069645e-03
2.191321674014612697e-01
1.784254379539025326e-01
6.024397372057804789e-02
6.774422556674902784e-02
2.146763345702800974e-01
1.313474637172547532e-01
3.013689391215507718e-01
5.004617417786582506e-02
1.350125126065311043e-01
6.295846467999997864e-02
6.735772529323329205e-02
4.761120562676831452e-02
2.777586450504419824e-02
2.278107087161963806e-01
5.838554261436814524e-02
2.560081511231168672e-01
2.828127268903534927e-02
2.288211804249755676e-01
1.877169561084559568e-01
1.458236336786568055e-01
1.008271407812756648e-01
2.728027908978658544e-01
1.763399326334171568e-01
2.975000460316898354e-01
1.830729836428058033e-01
2.683662184963264141e-01
1.589745778855083669e-01
2.485080724542295394e-01
3.492231943828956464e-02
2.004312660551141045e-01
1.562075767321043918e-01
2.269742110119263301e-01
6.592280344479806153e-02
2.476479904181612055e-02
2.024749989636776548e-01
1.077285623126842257e-01
1.398256943735016189e-01
2.185007890361361227e-01
9.666539375465012240e-02
2.374811029458842870e-01
7.079174637004886916e-02
8.747789508074385600e-02
1.035555531960679204e-01
1.651551118870210888e-01
2.193047206077543831e-01
1.688716908574385556e-01
1.969143397887206798e-02
1.888885710590169631e-01
2.817393104348986377e-01
2.039145634934434737e-01
2.511422278367018146e-01
2.175051553089037137e-01
2.337130858249251986e-01
3.024039933921917056e-01
3.018895941521827428e-02
8.787167821925326305e-02
2.641195343895897940e-01
2.915105149431538450e-02
2.850541886122547330e-01
7.622033948046261220e-02
2.936581357871813069e-01
2.218965901032602384e-01
3.168365683964745050e-01
2.183172277566634845e-01
3.858022829274914550e-02
1.833903277132425402e-01
2.373993410484956101e-01
2.559888964587831994e-01
2.761112791121393406e-01
3.050265755799769218e-02
1.640928673920461489e-01
7.603105239748184085e-02
2.379204342084425550e-01
3.027466387455909347e-01
1.347071404389969806e-01
5.510649853044520541e-02
4.696001678265268597e-02
2.424219667557626356e-01
1.793726528112543350e-01
1.925779209049980345e-01
1.151136164804379969e-01
4.952472629213816591e-02
8.041378866652387769e-02
1.082100620853847645e-01
2.731278170938420888e-02
2.033745424161192625e-02
2.329618256831804679e-01
1.600935962621227449e-01
1.103791954530310426e-01
1.682756588847884316e-01
1.763778211330288559e-01
3.787189988702881205e-02
1.810710746210220101e-01
1.983204141886080185e-01
2.688695940553290087e-01
2.104553569825753923e-01
2.479608540705485198e-01
5.826137318364819212e-02
6.187353371251464590e-02
1.894210219110364912e-01
8.783570685864855454e-02
7.293342347647539803e-02
2.658527166604097644e-02
1.577706271149275641e-01
4.626424414376510696e-02
5.250488933603375541e-02
6.883759227405203407e-02
8.265730141418922705e-02
