2.467547457564352731e-01
2.540280718981482999e-01
2.384584498933893515e-01
1.402100163926732826e-02
3.102053343615554515e-01
1.522194605998232475e-01
1.559326686482299107e-01
2.318993170983390806e-01
1.850958561282132764e-01
1.784445312679142637e-01
1.598134583536414410e-01
2.654791429825591464e-01
2.301974540640461531e-01
9.658476110690862593e-02
2.064351693415622524e-01
2.676848342176553763e-01
1.707945930019803549e-01
2.356115255196250813e-01
1.656201442955006486e-01
2.318300378782604809e-01
1.746283900538450340e-01
7.094775592177755830e-02
2.813084950479350366e-01
2.172675621515873512e-01
3.364605004920827036e-01
2.488785817963513058e-01
1.145626868069254400e-01
1.278983594677170488e-01
1.823452192844379760e-01
1.465976558650426698e-01
2.353911210926537267e-01
1.406008717540851438e-01
1.979689664549058592e-01
1.249067999987798633e-01
1.528083604629814352e-01
2.484874794867082959e-01
1.911623461170728622e-01
2.528853730887121731e-01
2.102519498727940528e-01
2.057372912308765012e-01
1.999572801783047402e-02
2.889739008480112781e-01
3.213304349465951337e-01
2.003308775626478078e-01
2.784027139680372853e-01
3.105929496507427445e-01
3.305060225688147280e-01
2.256819290569953354e-02
2.816178906496991097e-01
1.492312315264125999e-01
1.646973086548967902e-01
2.725761138940213102e-01
3.457226523207182489e-01
2.747722081370696512e-01
1.009125692450485584e-01
2.426521695531431710e-01
1.627300938773632855e-01
1.202316517944461288e-01
2.587413890178022480e-01
1.676865458370893347e-01
2.740703215546768656e-01
2.021985532956601939e-01
1.216514507485332158e-01
2.104197113979241474e-01
1.555260778619881878e-01
7.112054498716911810e-02
1.834549213883732433e-01
5.734317525432459321e-04
2.872544800884486160e-01
7.516557382207110678e-03
1.371167261480078217e-03
1.847724587287366271e-01
1.327899306485849362e-01
6.851969669632317766e-03
2.129857694293577630e-01
1.853754023379568239e-01
1.825989436304245594e-01
2.572272453199714315e-01
3.511779770639296694e-01
2.357486745587122640e-03
1.157078718073214774e-01
3.081333711565762412e-01
2.586186431218721604e-01
2.213340289333925459e-01
3.246854852968005245e-01
2.735672070948991230e-01
1.763207414883281865e-01
2.702050295925678691e-01
1.740197308662518871e-01
1.327206730589887973e-01
2.399850768041571214e-01
1.865536233045282377e-01
1.359525016523687180e-01
2.331605840565905696e-01
1.012630235369133269e-01
1.518506001164001140e-01
1.531630434464802959e-01
1.871616803964911979e-01
2.002025425425700833e-01
2.600189538119166421e-01
1.320906199582477514e-01
6.322225256068127186e-02
4.402365688902353663e-02
1.387420185885098467e-01
1.528153172428191042e-01
2.527689615325998673e-01
1.645127108961706441e-01
2.156811645918520204e-01
1.306863867201349949e-01
2.091364008449126399e-01
2.409019713611273705e-01
1.545959668689320943e-01
1.537317470269145558e-01
3.016591263464651895e-01
2.929031715781716949e-01
1.749663301539612636e-01
1.703494825198614282e-01
1.379858615449714720e-01
1.247269172371180679e-01
2.470370025697094241e-01
1.420230788870506175e-02
2.679209094548564152e-01
1.838512670411575345e-01
1.530290438026541966e-01
1.161345706557257995e-01
2.465414686929187082e-01
2.463307658598939409e-01
2.071872185297355395e-01
2.255991803075880209e-01
2.045866028658727687e-01
2.064398511862886310e-01
2.512136843065342906e-01
3.099152904177390755e-01
3.316989633025195228e-01
4.947430747449424460e-02
3.734060753498815582e-02
1.561346776451260077e-01
2.845232353447851303e-01
1.932667964483729683e-01
1.255436710030404246e-01
3.171255468323389559e-01
1.513834587785398145e-01
2.073875388552132992e-01
1.442875822263341434e-01
1.784010326813182945e-01
2.390429832766617635e-01
3.467513760795333799e-01
1.951451474372485062e-01
1.554344359748970339e-01
2.151076954696203025e-02
3.266825219744108333e-01
1.697227360917118733e-01
8.994729778677970980e-03
2.019269533973733211e-01
2.393680751848619448e-01
3.210856851630250475e-01
1.469280664020725935e-01
1.379391652904104759e-01
3.356029305495012438e-01
1.038387932174566208e-01
3.196318497992152730e-01
3.876645857109649318e-02
1.536395895749844143e-01
2.211335521141408744e-01
1.983444883139581782e-01
1.252526297977996916e-01
2.128096650487622254e-01
1.691889006643847171e-01
9.045459008962216871e-03
1.042368872991667056e-01
3.058557419161791469e-01
2.088582892940333002e-01
1.524111519052441799e-01
3.213655319509032271e-01
3.434706053079871202e-01
2.113971588496903753e-01
2.298013727183519372e-01
1.842363528183416088e-01
1.394261045462733828e-01
3.347223454963443312e-01
8.792747727504042488e-02
2.503087959207961899e-01
1.587566187786678407e-01
1.789244024652131004e-01
1.834569112937681767e-01
2.293603181637098032e-01
1.302124625678543757e-01
1.258790436775866217e-01
2.862044818559706938e-01
2.500149102481539765e-01
1.147765091014298633e-01
3.406524513361944839e-01
2.141170800873054558e-02
2.554559140372886228e-01
1.801227548807856228e-03
1.757938868384505138e-01
2.210491345548206421e-01
2.056271361659673183e-02
1.836329510808251686e-01
2.104586802493045861e-01
1.964098987197615276e-01
1.222083004749903862e-01
3.339854442821965641e-01
2.642828780845110082e-01
1.324750731471507625e-01
1.638407377879528004e-01
2.601780077127354152e-01
1.695304342165458167e-01
3.005747476548700226e-01
3.124663638149646205e-01
1.357709329991611813e-01
3.252453222356998519e-01
1.697027128452479328e-01
2.995893671607871012e-01
2.545872842760265459e-02
1.023856802354749240e-01
2.733129475698187205e-01
2.885147024384806524e-01
4.881756715851333361e-02
2.564252208056542748e-01
2.900645972983177945e-01
1.761179992052580301e-01
1.295223970231389743e-01
1.554713135215460840e-01
2.785099663316952801e-01
2.284061050718326491e-01
3.425137779666536653e-01
2.844200618994869312e-01
6.364807065054571555e-02
2.678209389515208705e-01
3.345384435086842800e-01
1.870261291321933528e-01
2.607910529683858947e-01
1.470656845190347894e-01
2.789823826411636509e-01
1.201993026804929754e-01
1.466775968424800791e-01
1.706771158978399316e-01
1.438659308484079580e-01
3.258505998783521873e-01
2.620078875378086258e-01
1.031160538990238129e-01
1.651613400079497140e-01
2.831615349775791768e-01
1.198178746328032451e-01
1.465202987600527917e-01
2.060550078421835574e-02
2.134048226156337880e-01
3.042695004374547652e-01
1.620367011768280852e-01
2.237301065885645146e-01
1.631000123765092846e-01
2.153559093184408968e-01
3.141369919804693489e-01
3.215003832734550371e-01
3.329610326289143551e-01
1.839021764603212539e-01
9.957509789266119626e-02
1.826740391492799320e-01
2.557834012760250020e-01
2.216907857539938964e-01
2.086879201998260991e-01
3.366663489078798310e-01
1.424251299540816584e-01
1.296691397633120413e-01
3.341774635882302502e-01
1.955111554786158612e-01
2.263542818598781314e-01
1.375630797059066435e-01
2.534227899078791979e-01
1.593987163113465277e-01
2.040769412026021967e-01
3.015204680045808217e-01
1.148447842844922961e-01
2.271948546961198856e-01
3.247623592174239127e-01
2.554753269584089104e-01
3.202927583576221093e-01
1.807976070562205273e-01
1.055231933867616656e-01
1.666870888830630781e-01
4.330869325412885912e-02
2.583266365062820147e-01
1.556982855547716926e-01
2.550794430541201141e-01
3.466465757988620444e-01
2.075139996017130728e-01
1.404827786081593866e-01
1.678435542679250769e-01
1.859042579168600218e-01
1.032455219680320779e-01
1.005990022491045355e-01
1.706875903282533691e-01
1.462484243015766405e-01
2.537971144822960823e-01
1.349433470084064092e-02
2.126616193813116729e-01
2.014768544425479257e-01
3.000497159608158104e-01
1.500432520500215583e-01
1.813934577355337252e-01
3.599962110314432195e-02
1.926553233325218883e-01
2.732197968024031032e-01
2.704588277054003065e-01
1.423444163051162947e-01
2.336743003600630277e-03
2.275419014102927351e-01
1.567257510353657068e-01
1.668496032188988565e-01
2.912075574537053568e-01
2.582616060651453660e-01
2.703624554664599278e-01
2.189488458361068257e-01
1.280730501784639042e-01
2.348660451272222560e-01
1.696297594608483505e-01
2.081708330238778160e-01
1.213152195782218751e-01
1.599669244027290549e-01
2.387958317824473986e-01
3.053970536837952165e-01
4.974835942911385624e-03
1.167801068185035096e-01
3.084937564349943817e-01
1.197914088634192444e-02
1.616182858153707713e-01
1.825051136560597032e-01
2.306129587067880793e-01
2.220286854057289261e-01
2.446761675393438196e-01
1.830676055221685805e-01
1.671158965659475248e-01
2.768187592820365306e-01
3.419973774944922718e-01
1.953469180908415925e-01
2.288071154991930811e-01
1.326237651965777864e-01
1.635791546610970981e-01
1.480297463716031547e-01
2.553403100753245392e-01
1.684947003348739314e-01
2.800521258505737632e-01
2.119279164805020488e-01
1.267500611023063273e-01
2.069458673409058092e-01
1.621735960682728628e-01
2.917652128157178781e-01
2.284100741750014207e-01
2.630338494217144829e-01
1.795893164079475079e-01
2.242649906788474479e-01
1.634992601906984089e-01
2.903887425667120437e-01
2.651301297086932074e-01
2.551979011372846884e-01
1.676786464575405824e-02
2.079212743732751500e-01
2.032700563040899244e-01
1.795343967943136276e-01
1.088028960937436479e-01
2.411140460122812579e-01
1.875599368214966867e-01
1.773823729703951912e-01
3.430030684164118715e-01
1.681968834448323846e-01
2.272988466563387877e-01
1.475624716337230191e-01
1.132427010072209611e-01
3.472796691905512545e-01
2.447307804391734287e-01
2.137480334848090580e-01
2.167388810023387347e-01
2.332335280489404861e-01
1.628293068533410715e-01
1.313906985538244587e-01
2.761852527203260133e-01
1.611780382115673427e-01
1.731682141255879714e-01
1.265176862637227284e-01
1.456242487376420702e-01
2.663648421271768152e-01
1.542107216850666096e-01
2.636869063930094015e-01
8.997938202707933542e-02
3.372825414374899244e-01
2.301718808885288015e-01
2.860451093776530951e-01
1.467166795002219637e-01
1.877474340892840987e-01
1.436671585751891737e-02
2.005380834316182748e-01
9.849523507590862703e-02
1.906694307728846183e-01
2.620069742924605039e-01
2.832527249309790274e-01
2.324684443678591006e-01
3.167887164734695847e-06
1.678532121081227346e-01
2.939850652825312105e-01
3.297080881074768710e-01
3.158172554204235483e-01
1.847119539342228500e-01
3.520198400916681181e-02
1.291448989906737455e-01
1.634872170927567925e-01
1.315390630846351994e-01
2.389730238369923432e-01
2.158936497907878171e-01
1.348604713131906496e-01
5.776430097064228115e-04
3.079127580680978138e-01
1.863274925615058253e-01
2.166995591189541936e-01
3.054675210796559126e-01
2.882804978324441381e-01
2.696366165102873635e-01
2.371252632721644327e-01
2.409349753101315827e-01
3.080007326293980330e-01
2.133322303628309713e-01
2.460918261921508574e-02
3.296309212033171621e-01
2.421544049035145030e-01
1.815792261479171610e-01
2.915769991366596314e-01
1.324626249578785830e-01
2.561094972314497120e-01
1.505244047960281051e-01
2.382936102562469294e-01
2.240262481007701534e-01
2.280065801845796436e-01
2.089736785626190585e-01
3.401006184865260074e-01
2.175635923107870073e-01
2.401626435974691665e-01
2.119264854283118560e-01
1.420054229779658672e-01
2.343533420428869918e-01
1.592103338642264498e-01
2.919582885651808568e-01
7.657009386115071203e-02
1.709382724915675666e-01
2.535156702927741090e-01
1.050196684196298552e-01
2.198967830806362045e-01
2.406490478329070259e-01
1.745859559755116586e-01
3.069207806513969405e-01
7.307829469040880155e-02
1.358263210089886985e-01
2.081253341084771391e-01
2.390034854019513488e-01
2.674401536734982709e-01
6.459649584481219620e-02
2.106974459132474053e-01
1.501111103839687100e-01
1.591735806738608650e-01
2.269841582419864778e-01
2.396514717715893805e-01
2.095813588307086084e-01
1.658271697074352180e-01
2.714768194919899291e-01
2.087851360959521174e-01
1.779586921297478253e-01
1.634023041797831866e-01
2.210946326421180663e-01
2.667433049351833904e-04
3.114789805619248009e-01
2.512021564308718480e-01
2.893590595754260697e-01
2.854151147524078835e-01
2.477588377565574373e-01
3.200365343096233106e-01
2.462965887882184179e-01
2.543643797499466341e-01
3.036951619138745784e-01
3.473675089340943489e-01
2.678704521588807785e-01
2.565776738982862848e-01
1.891891462814694613e-01
3.342418736562058901e-01
3.070389312015321948e-01
1.306989765044066776e-01
2.018709620853872400e-01
2.564935165864967725e-02
1.473433322568496462e-01
1.494989194297261237e-01
1.534524947315927534e-01
6.966802195188333269e-02
1.486186209678725112e-01
1.746558103293374409e-01
3.389016943313780672e-01
2.635741468623141182e-01
2.792248869931401867e-01
1.230397668539523265e-03
2.401928471577367274e-01
1.140612096058879893e-01
2.284766629077948918e-01
3.080769461918779206e-01
1.416035495944036604e-01
2.823515109959473524e-01
2.200462088980697506e-01
3.344842080964210429e-01
2.231463406426208163e-01
3.152370867253853626e-01
1.944174024176434090e-01
3.467751745963165155e-01
1.305418567358320944e-02
7.563009794365307958e-02
3.324486804103745086e-01
3.200494382823333983e-01
1.253776368694817234e-01
2.761950618714456018e-01
1.990765601775849603e-01
1.085580448567292911e-01
1.457907843362479632e-02
9.335184580134241183e-02
1.436983168545404865e-01
1.962431185299428893e-01
1.490805344102526242e-01
1.435454811332032288e-01
2.304107917130708838e-01
2.385257989908924903e-01
1.515504067011429201e-01
4.878986692511894270e-03
1.759364093719664734e-01
2.610628475428856121e-01
6.174631810430642603e-02
6.285815431906005557e-02
3.206168439449098018e-01
3.281868810459764307e-01
1.363178338169806769e-01
3.040000026273610989e-01
3.387099522787359041e-01
2.845831036394695368e-01
1.193044200494300239e-01
2.416088272816554750e-01
2.010423573689285592e-01
2.179958690439690316e-01
2.511110471046574255e-01
1.505115487101665039e-01
2.428280059590508522e-01
3.183616254753421915e-01
3.103210358971308369e-01
2.009996041825213853e-01
1.607368271242673730e-01
2.339789723939006139e-01
1.897578127266207892e-01
2.361976051501746832e-01
2.958832903055865771e-01
2.354161337291512668e-01
2.479750329455962521e-01
1.884647085443241499e-01
1.612235254886814628e-01
1.485733062763737282e-03
1.970726906887960983e-01
1.371139068274676298e-01
1.934129032723292119e-01
2.883148715222567660e-01
1.003699072445279339e-01
3.278745380883039129e-01
1.959620067149279166e-01
2.286921774159143550e-01
2.051911365347419691e-01
2.690512590059274123e-01
1.101335576570479091e-01
3.699358862033478440e-02
1.536290405346820154e-01
1.078206423330970443e-01
1.459581575905553597e-01
2.286213213372961517e-01
1.946069446996389063e-01
2.389417443480589820e-01
2.565865497596410139e-01
1.474666894924031857e-01
1.548700968832874281e-01
2.823771606273068890e-01
3.316276558582899048e-01
1.520789677090969849e-01
1.848796708613178463e-01
1.542133352825214576e-01
2.636807923613406768e-01
1.099121143762473995e-01
9.421890158572607255e-02
1.291633483945198446e-01
1.659041294162206526e-01
2.682682037957903609e-01
1.272484416143192798e-01
3.174477975748622727e-02
2.247311045121555551e-01
1.401799616143327987e-01
2.195938807049223340e-01
3.002156937575412021e-01
2.715498709552066070e-01
2.217937367462681497e-01
3.331927432261697075e-01
9.847304795239360253e-02
1.289968795262920187e-01
1.589618124511400221e-01
1.812411509415564614e-01
2.631795464231999060e-01
2.713052179895580340e-01
2.357549144320043311e-01
1.036991639836687129e-01
1.729906016050110351e-01
2.991543889555052793e-01
1.870835773548914227e-01
2.542750236712180145e-01
1.804033239093655039e-01
3.301726072827548264e-01
2.963479238496332657e-01
2.615872369211257875e-01
3.024493671632726977e-01
1.525017094876529589e-01
1.293497665596348989e-01
2.903352711187587865e-01
2.687814558580207680e-01
1.167152030583608752e-01
2.797224639220279307e-01
1.462130453470277258e-01
2.563314961068666187e-01
1.939964317784662606e-01
2.020272700878738004e-01
1.931740057815810319e-01
2.315313693073428325e-01
1.583767947645176311e-01
3.306691399307577495e-01
2.437303295256224578e-01
2.239888780761078446e-01
2.270292416546006720e-01
1.957206369757635289e-01
2.283198914390447143e-01
1.666124790148026391e-01
1.770748591622646750e-01
2.267811352865548580e-01
1.795558959704159907e-01
3.879975560586927056e-03
1.731869708161722088e-02
1.885485500616192744e-01
2.357389227338350102e-01
9.445108398272455963e-02
2.791658144138697284e-01
2.872944343935425748e-01
1.708282047800071257e-01
1.317121760271941222e-01
3.320533413505530884e-01
2.572538869743226653e-01
2.426762801627338206e-01
3.015552471096477616e-01
2.645009080757870779e-01
1.527113851584911419e-01
2.379006726558751394e-01
2.573490320200195747e-01
2.233600346836846495e-01
1.273333557600220545e-01
2.879818613866538812e-01
1.723697444457684969e-01
3.227684488979943866e-01
1.590169399810508200e-01
1.857806963380768672e-01
3.176624847719382028e-01
3.188442876740258947e-01
1.402261964823110219e-01
2.002617847220698188e-01
2.433693108087482404e-01
1.513115789407201983e-01
2.334698552258907267e-01
2.848229378202372652e-01
2.797213206377811567e-01
3.107925118533192976e-01
2.750679496175041927e-01
2.668277222802029613e-01
1.513271208448177807e-01
2.677852772284628480e-01
1.203876926431570737e-01
1.571013225786338785e-01
1.403486400142141266e-01
2.772644004050636712e-01
3.390936281493598936e-01
3.244761367375494365e-01
2.400965727760275836e-01
9.109964444462867461e-02
1.625626004329220331e-01
2.740071461649687401e-01
2.096195212948299413e-01
1.384309122681067761e-01
2.342698698772785748e-01
2.278072263254188323e-01
1.460009552813262279e-01
1.576171842636979736e-01
4.581267343663945196e-02
1.879834573310399659e-01
3.416057703254098410e-01
2.278139050207625138e-01
1.560331381906709947e-01
2.171947693140616753e-01
2.525486467794290646e-01
2.898194569841294754e-01
1.353192470395994385e-01
1.437206168827401542e-01
6.061703073253559004e-02
2.150908670211240103e-01
1.768714132133074324e-01
3.492830458622208645e-01
2.529734171319231173e-01
1.259264576952832670e-01
1.238073507055971606e-01
1.164958052296007490e-01
1.075760776027164523e-01
2.179580186804754571e-01
1.141439075769348360e-01
2.873445783606125015e-01
1.972573066151487864e-01
2.661390565902765903e-01
9.471722459670620098e-02
2.386410718712924650e-01
1.726907855395570235e-01
1.399047784272540729e-01
1.743674330181567977e-01
1.397763731242707141e-01
1.299634772243238590e-01
2.656980571693731696e-01
1.672396022117855763e-01
1.507179984843431408e-01
6.841930217799961633e-02
2.571050545810931176e-01
1.783053592893286687e-01
1.081580543129685434e-01
2.027102603130084002e-01
1.264540936048073883e-01
1.239282284790585720e-01
1.647207388459447919e-01
8.675002320437247283e-02
1.588402695310907609e-01
3.019340162231561875e-01
3.281434502346345927e-01
2.857185761123669510e-01
2.305775945172692520e-01
1.943027766854441285e-01
2.054438927903143031e-01
2.695410197154294307e-01
2.489001803106421495e-01
1.579502177638408555e-01
1.755149744127256772e-01
1.755602348230041188e-01
1.386957055239898540e-01
1.991961655753385352e-01
1.168672001939441568e-01
2.426559975942644276e-01
2.318146143596788167e-01
1.907094913778417666e-01
1.225397584645185056e-01
1.139589837690835050e-01
1.462812723846989016e-01
1.333623458584884403e-01
1.151040030367657674e-01
1.882794619232535660e-01
1.669006613930505423e-01
1.619421106353662876e-01
2.470946003053364759e-01
2.351286541543204933e-01
3.109290744813069662e-01
1.921924545798927020e-01
2.005957291445330803e-01
1.195883177565629923e-01
1.864779075047313106e-01
1.549750843868688832e-01
1.212414095765792788e-01
2.131702777905441215e-01
2.565703295817374219e-01
2.646610263071774716e-01
2.974454449295896308e-01
1.401901559115864837e-01
1.767352692445437468e-01
3.054298480510631020e-01
2.228197694160519438e-01
8.932728412257910644e-02
1.773287471373362623e-01
3.103257143631898418e-01
1.478254619756629584e-01
2.293212731516364733e-01
1.303489635900854648e-01
1.916139608319128995e-01
1.517016971541950976e-01
2.698101403381932828e-01
2.046221013953417323e-01
1.630136306936699475e-01
1.873383406714268506e-01
1.870646096006831349e-01
2.690503520258244463e-01
2.294382581432731216e-01
5.532638111578457724e-03
2.700830493447201053e-01
2.468869612808934078e-01
1.607822776702609868e-01
2.698930242115560318e-01
2.658639331816732287e-01
1.054736437304306940e-01
2.606193272904929747e-01
2.897823062253354065e-01
1.422232864749264636e-01
2.466460678359946035e-01
1.794223158682920205e-01
1.225170149992689667e-01
1.820184599202868958e-01
1.966152467537202186e-01
2.628557032764732293e-01
2.719164257651178196e-01
2.481487253389469405e-01
2.546090951539661251e-01
3.460138230225635048e-01
4.051230213322117718e-02
9.849678254052410264e-02
3.155338751237052319e-01
2.859778874439519170e-01
2.796793411231552895e-01
2.670901507160581834e-01
1.558728420880100551e-01
1.936522240977677778e-01
2.798530498163359082e-01
1.622462401351694172e-01
3.134049270931600906e-01
1.423291299646701202e-01
2.666132115295515859e-01
1.209197673769040332e-01
1.861906685042362120e-01
1.429637152866884420e-01
3.496581449741460994e-03
1.429091407063156072e-01
1.613759331331702795e-01
2.127878137060554842e-01
2.590332639558872718e-01
2.918700117854379772e-01
3.452807327219234446e-01
3.497869033861121246e-01
3.360608956448484230e-01
3.072139067414760838e-01
5.284313020145867124e-02
2.271435798829319064e-01
2.454373820218558877e-01
1.547942937851355394e-01
1.636859406622261370e-01
1.988430344621889834e-01
2.043213104965659055e-01
1.889660594588727094e-01
1.963089091318987456e-01
2.950833353534453862e-01
2.206347055531392709e-01
3.251976593484758316e-01
8.597753012155397168e-02
1.617108664118052097e-01
1.380738119986360257e-01
1.204975220319582929e-01
3.140274251529382998e-01
2.201341293696100210e-01
3.321236422895628704e-01
2.381570214257209064e-02
2.024007171708174790e-01
2.957678590569090549e-01
2.732909306353212275e-01
1.145251667546937774e-01
2.353238383758693986e-01
2.235236448922773567e-01
4.542214707300994136e-02
2.082616646488336387e-01
2.150156501332529946e-01
1.811067325832206865e-01
9.767145348120342963e-02
1.395909423608009958e-01
1.806036235780965060e-01
2.599972475385090021e-01
2.233507546270191713e-01
3.499004919133864022e-01
3.077090792834162869e-01
1.232783307580950227e-01
1.953000184253479710e-01
2.325043175991089450e-01
3.480809245845185029e-01
1.687871595808134728e-01
2.224238080500284473e-02
2.055266387762464675e-01
1.645870661621117725e-01
1.618021010183749442e-01
1.859910763821631952e-01
3.530513002854160365e-02
2.649572894493412156e-01
1.984738242831548816e-01
1.644140331864797355e-01
1.736584366640121779e-01
2.621087405128290013e-02
3.517927571620446670e-01
3.289309232423840434e-01
1.518816400796574873e-01
9.216580626060275061e-02
2.855856568680723573e-01
2.096071246759615980e-01
1.993145835102213548e-01
1.905800951098214346e-01
2.455739463686744950e-01
9.332421567720841638e-02
3.266269670471465547e-01
3.196139487964411718e-01
2.380780697268371493e-01
1.913851855423567005e-01
2.978093130402418298e-01
2.670998148386025117e-01
1.382561087803070299e-01
1.737108040783242047e-01
2.337792989582220260e-01
3.059935798933189899e-01
1.907415498593586500e-01
1.208584861543682554e-01
2.945518921742065199e-01
1.582086785461537526e-01
2.757623005047267206e-01
1.369112354084435768e-01
2.255917970543324935e-01
1.359223573808300278e-01
1.845005856515888609e-01
1.267431437739603706e-01
1.284282409475997477e-01
1.763725612919040675e-01
1.413589350903079189e-01
3.172341069584733719e-01
1.035441031698703107e-01
1.190548496299903974e-01
1.748888986634590248e-01
1.084501484393241427e-01
2.929335030602838730e-01
1.907756652521713503e-01
3.280783545208241225e-01
1.490655601809024733e-01
1.845396437610753171e-01
1.714394665706455712e-01
2.809348030987962597e-01
2.737085029906459188e-01
3.798769373157626777e-02
3.281478219306887545e-01
5.090896390366932839e-02
2.478285097131547043e-01
3.234872893181163001e-04
1.972953373742581396e-01
2.022063696362255969e-01
1.738909635006086474e-01
3.052028995394066579e-01
1.269855215208189614e-01
2.494004374215368913e-01
2.367363091526054342e-01
2.619020373784871625e-01
2.749444625066280734e-01
1.888977449917718099e-01
3.393691799378258933e-01
1.172483002431837923e-01
1.397673722536617591e-01
2.354488715099888607e-01
3.311348161272256174e-01
1.783106511845722053e-01
1.577176971577624320e-01
2.571059946755412384e-01
3.473087817522064746e-01
3.475398952409702313e-01
2.257776843636681019e-01
2.107464900566805577e-01
3.142605186240706727e-01
2.537031758107346491e-01
1.366208267611270788e-01
1.419738167796524841e-01
1.257635473357545386e-01
1.762883852891747594e-01
1.657061841721624851e-01
1.971732466044427978e-01
1.597970848958282508e-01
1.625610233950076922e-01
2.903376414922904103e-01
2.219450546335712260e-01
1.939966534698045753e-01
2.490707791283008343e-01
2.746109762796296594e-01
2.379098470087894768e-01
1.592643152073160429e-01
3.019802344901311164e-01
3.355025109556510898e-01
1.669407643020500431e-01
2.860868755747290049e-01
2.399781983305161182e-01
2.947853336208102748e-01
1.236325906800637420e-01
5.087225486158605120e-02
2.839695575020152463e-01
1.585551543204654912e-01
2.649098171030110360e-01
2.253767216439024890e-01
2.418854072804637323e-01
8.535123225526844437e-02
1.486246326056879230e-01
8.412649622038387287e-02
1.926915902213455489e-01
1.461769098193735350e-01
2.283885129885191989e-01
