2.006482228941621482e-01
2.955359765493049684e-01
2.231202102742093629e-01
3.193732127432606371e-01
1.993252136794175511e-01
5.215455683447418195e-02
7.098435546237548410e-02
1.303921411753055926e-01
1.245393772818780276e-01
1.729505406729000550e-01
3.131495207242119827e-01
2.391208375597639324e-01
1.468762364167668089e-01
3.165920682100507033e-01
2.968708417481595307e-01
4.391809813820708730e-02
3.204944830698066016e-01
1.644924954354960167e-01
1.966064467046492736e-01
3.284979191369265528e-01
3.370001103426254474e-01
2.058427201373839721e-01
7.048655164127991257e-02
4.331396929374809607e-02
6.080696534522133517e-02
1.425930035532728957e-01
2.552925177436448645e-01
7.539351703519377168e-02
5.689497621683716616e-02
3.964495646811505569e-02
2.679030894373983229e-01
3.286406164474538899e-02
1.766878913927930617e-01
2.233823335075682814e-01
2.770368536360345302e-01
7.399515650535420930e-02
1.883370203388429198e-01
2.853133246242229304e-01
2.873764895989236456e-01
3.168148921581953603e-02
2.654460701993178184e-01
3.277702085064783111e-01
1.337212683590013329e-01
3.288889577628969496e-01
7.789135618895302871e-02
2.853391911933088609e-01
2.649027026356249870e-01
9.585335457242226409e-02
2.745128339660249939e-01
2.378467136646267022e-01
1.020163019794890075e-01
2.000742654856438874e-01
1.598445439951841629e-01
1.003366473766876821e-01
3.071155540824014873e-01
2.389650879540940465e-01
1.167752736578474837e-01
2.956263624633031495e-01
2.954948881604623212e-01
2.815944666981458622e-01
2.530010708763287819e-01
1.399878186861029938e-01
3.312515914457458965e-01
2.058083465787257926e-01
3.324164418489638506e-01
3.318467236183611502e-01
1.787883991945447282e-01
1.227913554422222914e-01
1.952038514369463240e-01
1.330324023435152936e-01
1.595648596001942310e-01
2.120821283325740117e-02
8.699572463065544103e-02
5.203932478679701434e-02
6.353132600553308695e-02
1.972050465038399369e-01
1.961619652083267107e-02
2.676921690235777307e-01
6.679935335967461529e-02
2.315496410431755747e-01
3.070385461728393217e-01
3.436312760240494563e-02
2.627997270210818970e-01
2.043615933191887946e-01
6.881700837352097699e-02
1.180859646366366200e-01
1.705902200833315785e-01
2.438084753018538720e-01
8.302066380177430815e-02
2.478648034291437430e-01
1.652975139221756484e-01
4.221994859953719093e-02
1.774597964303195885e-01
2.143644092741503471e-01
5.632653738387296410e-02
2.439778030607515080e-01
1.864287220898033226e-01
2.659109043503183334e-01
2.244221790869382616e-01
2.155620826768292475e-02
2.304417456939486866e-02
4.373027958772179175e-02
2.293944553572688227e-02
3.004211981730805503e-01
1.294235093424063454e-01
2.536012285560386714e-01
2.418490223986719811e-01
1.781692975515773714e-01
6.847281444326615285e-02
1.132905893064755642e-01
6.617653799436687412e-02
2.141396122928554691e-01
9.268635066524466559e-02
2.712049091192877404e-01
3.283490546458396331e-01
4.862152906900538141e-02
3.126604444879895195e-01
3.815705191892780623e-02
3.024629387629171329e-01
3.040540437143994801e-01
2.960098277464678906e-01
3.218870060158963153e-01
1.323704253586834301e-01
2.048555212054425922e-01
1.113194687678787237e-01
1.163838117662648053e-01
8.036175522407724980e-02
3.276443326779786003e-01
1.843077671279719498e-01
2.183931873699316295e-01
1.608004485715857634e-01
2.003982954629580232e-02
5.773895229866594231e-02
2.893871608647732296e-01
3.190385408946727064e-01
2.033853003578349750e-01
3.382708926073441091e-01
1.429961661616917235e-01
7.334615773670265237e-02
6.695260709501761609e-02
2.377202633117647956e-01
2.506923161068039252e-01
5.955962264998927724e-02
2.953340380570456669e-01
3.145938363246778002e-01
3.377371168366993803e-01
1.815610868927373667e-01
5.749931682406781569e-02
3.998189255575955448e-02
3.102010369520373165e-02
6.192931139579063715e-02
1.036731731455843575e-01
3.204780540416333201e-01
5.315092628253128421e-02
2.801407406374656350e-01
2.430577752948400727e-01
2.726267517190195666e-01
6.390524743647683914e-02
1.598700215366396227e-01
1.108825016598463664e-01
8.470640907905667427e-02
1.869126813108188123e-01
3.940723115206466037e-02
8.639591025477988406e-02
2.738570839227295606e-01
3.301034357094836946e-01
3.006037272206317779e-01
2.471742899786850967e-01
2.591347547345104751e-01
7.890486442228068775e-02
2.758153477078448268e-01
2.962661365518597378e-01
6.347300614872655733e-02
2.828483727306867548e-02
2.060181478715504000e-01
3.315253846064469823e-01
1.945858465024451478e-01
2.651145717528323176e-01
8.383959035139396110e-02
1.276740941886933822e-01
2.866009087093355015e-02
2.750762557243953410e-02
2.987735070484791311e-02
1.388710350143282368e-01
2.707655669381943686e-01
6.362538743495366189e-02
6.056217870693014760e-02
7.685475929634824621e-02
1.566362831369005337e-01
2.540435746524729033e-01
7.970387889190079511e-02
2.899816089884498793e-01
1.716619446788549830e-01
7.831264930687850678e-02
3.217897719933557332e-01
3.306767985112162300e-01
9.043921114018148300e-02
3.303926209352429644e-01
1.011025248094798573e-01
2.446094749152004644e-01
1.666758536317311246e-01
3.267097744750109278e-01
1.200355212879478523e-01
1.042459153544027656e-01
1.230588906419732703e-01
2.336452513342112194e-02
7.090454290273488780e-02
6.246850108413424391e-02
6.168466163907335847e-02
6.358480147228921797e-02
1.221070883560266274e-01
1.813637930187868563e-01
8.163285364521655207e-02
7.554312394866628810e-02
3.297238076251865491e-01
2.178766134818797273e-01
1.727843660854030683e-01
7.910421113078508482e-02
2.216890911334869485e-01
2.354924399598562756e-01
6.772540961419393213e-02
3.001383714712540507e-01
1.502869644771002156e-01
6.862101222520995691e-02
2.616124760728443244e-01
5.249968060899515981e-02
4.554716158081714705e-02
1.895468149418093329e-01
2.635189840178204720e-02
9.991559650414381932e-02
1.641480529799355659e-01
5.666127429666545368e-02
2.312215552654953710e-01
4.898240521815178800e-02
2.802766910133347444e-01
2.702178929728675516e-02
6.177632668032252000e-02
6.168531467647691419e-02
7.422054089647520114e-02
3.231915468615436104e-01
2.932540750496485660e-01
2.948321772489437831e-01
6.124385833137899887e-02
1.058377383741935379e-01
3.347932885874222997e-01
5.904557529181870407e-02
9.667909258605741907e-02
3.028991882893277143e-01
2.904254584891797220e-01
3.075248509721109635e-01
4.571009469002453030e-02
1.955056177119528782e-01
1.780684902080334475e-01
1.920633616041764746e-01
2.878311269826647895e-02
2.533524735657025073e-01
3.145024658527100780e-01
8.579765584931849098e-02
4.058344612090295650e-02
3.184718459080727593e-01
1.970434302953431305e-01
2.606914581221806415e-01
6.390244526243926693e-02
1.001831283159059921e-01
3.333500871307832902e-01
3.077185825943973274e-01
2.452984047074595331e-01
1.143582888879783876e-01
2.832860059990841006e-02
1.430032466780380707e-01
3.377966942326660615e-01
1.557028609212206260e-01
2.822774662258147882e-01
3.607460591812534229e-02
3.101481521261762464e-01
1.518713828608731498e-01
6.828948280978570928e-02
3.301555961700319286e-01
2.313410417101661315e-02
3.334620194716780839e-01
2.967471766545952128e-01
2.787959061120517945e-01
1.428482528833097120e-01
3.071456106333558256e-01
3.296087250132091473e-01
3.260143261506341927e-01
1.293210426239273514e-01
3.278462055959553423e-01
1.471774689104167477e-01
3.282264681711815624e-01
1.297510792046832340e-01
3.153081158491276570e-01
6.126082648544759618e-02
3.353956103904043862e-01
9.402574156283828588e-02
2.303030823564554963e-01
7.357326142744469166e-02
2.816684304583884635e-01
1.916364167205481528e-01
8.493639658307761131e-02
2.504389125778956893e-01
3.387415063264272441e-01
1.043138713547243218e-01
6.016207193058824981e-02
8.146375508174499847e-02
1.885673893863283601e-01
1.819992197863159675e-02
1.703376423708866660e-01
1.255667829800984070e-01
1.122978464133329302e-01
5.741269435752905520e-02
1.961076504119966812e-01
5.080159731543496676e-02
2.617950449700677251e-01
8.262539402577737113e-02
2.930336026934083904e-01
3.883122527721221545e-02
3.146337324330427676e-01
1.857924452365839751e-01
2.394379798544705312e-02
3.364165525243129062e-01
5.431144748206016837e-02
2.465962301625406472e-01
7.986579747696333220e-02
3.247712743051894835e-01
2.093509568886193217e-01
3.319734581850402044e-01
8.430834336677400787e-02
3.093212605100293180e-02
2.071096438256117278e-01
1.887887361946285342e-02
8.704983599816071282e-02
3.112940473595923185e-01
2.205926770734517872e-01
1.858923096960423960e-01
1.605511420840908532e-01
1.325632357467177447e-01
1.922964395351065836e-01
3.010643789026559713e-01
2.526799776668053193e-02
1.471510437802601157e-01
7.471840612608526833e-02
5.017799634586164043e-02
3.365808942349541311e-01
2.930536084902010119e-01
3.275369919644686711e-01
6.491353850737610620e-02
2.066265317770631937e-01
2.375450049937863350e-01
6.943246845909274712e-02
3.082403492933523670e-01
3.185051391523971431e-01
2.306211641379266597e-01
2.110202045170164464e-01
1.881727602519578380e-01
2.367839161585289232e-01
2.608999753013951234e-02
2.268420261568895036e-01
3.245506286207162083e-01
2.845130840398717997e-01
9.473427773396654594e-02
5.418703694450112407e-02
2.653752655956445258e-02
2.253938371826218479e-01
1.961151579645211696e-01
2.018443345060608185e-01
3.188731146615863404e-02
2.051031184225507453e-01
2.901401303952723665e-01
7.916236317802956279e-02
6.032681689039634532e-02
6.484865384215450501e-02
1.120807718476397180e-01
1.096487924495043731e-01
4.725316206396681928e-02
7.003983411772821133e-02
1.916240840504336851e-01
2.425078995337372201e-01
1.275202980558402532e-01
2.062895912301217216e-01
1.969955440430803117e-01
1.587843750903856765e-01
3.030866303356063440e-01
2.991683282025315305e-01
2.143054758731633147e-01
9.548372140434432942e-02
5.224193459340260165e-02
3.271041080817943536e-01
3.066867758715827730e-01
5.911605602379210039e-02
2.875479209823434967e-01
3.265064174910916051e-01
1.788824777041783942e-01
1.845900672828122424e-01
9.782098719256547559e-02
1.614195380838103211e-01
7.562080749199633078e-02
8.487080392130484652e-02
1.624022896818349548e-01
3.207830059125381661e-01
1.008359878896982059e-01
1.701989042493270154e-01
2.688828861052843799e-01
2.808385778257219134e-01
2.134672453325563712e-01
2.053860286221798337e-01
1.158922881860168369e-01
7.398625492523573655e-02
1.265209274215997881e-01
1.467729188586670008e-01
9.270995002269907803e-02
3.188066292481910730e-02
1.890239878920763616e-01
3.300883836405275606e-01
2.108476340539050808e-01
2.899843190603595411e-01
5.878564320707636154e-02
3.142933282719370669e-01
2.403032838999470400e-01
2.032525318199848163e-01
2.718644789294432096e-01
2.389723427624187713e-01
2.083617582328523843e-01
3.295752528920273816e-01
1.597081325402481267e-01
3.344039731576834984e-01
3.150103337210586885e-01
2.281815510249919354e-01
1.990650685610779180e-01
3.193639961191475085e-01
2.300824411333375341e-01
9.863685982469613811e-02
1.944619805554017311e-01
5.591904171656870287e-02
2.877461635274036755e-01
2.560199481134563526e-01
1.411795903456003753e-01
1.346293718298824105e-01
3.318662456159952034e-01
2.053523336059238924e-01
1.137906785070714327e-01
3.140171574148684086e-01
2.104828307509233609e-01
3.300084193640576702e-01
7.628000103934123866e-02
1.372527919259325657e-01
1.474127801188173659e-01
1.346308294929703386e-01
3.051043327665652893e-01
3.613437515344860435e-02
7.079775782348508850e-02
3.176000505903586735e-01
6.417551152922111590e-02
9.554580062064545187e-02
1.796299248995539555e-01
7.349189313768766940e-02
6.929802693714809392e-02
6.711418916869682505e-02
1.860016809586732545e-01
2.873680782165323744e-01
3.347176384214121114e-01
2.794563495364681405e-01
7.310882997685101692e-02
1.797854368299640071e-01
1.875213039375979995e-01
4.894392327662452913e-02
7.559094995194316768e-02
3.316081284579193711e-01
2.872430957352337111e-01
6.886493201662945152e-02
1.622783780936675468e-01
1.543269888791485578e-01
1.770350042961173487e-01
3.262090775739064918e-01
2.780992873215192285e-01
3.166860074009417159e-01
1.803418765598730211e-01
6.533937430934762258e-02
2.017611057114927220e-01
2.619621615365917977e-01
8.354329139805108384e-02
1.590414506886858037e-01
1.213640011075534098e-01
7.865004933889988004e-02
1.325952012170018013e-01
1.508622066570115550e-01
1.324413044880033419e-01
3.300698228121728972e-01
1.133993115291694609e-01
5.762365830664656352e-02
3.061252700728830933e-01
2.367391297008112072e-01
3.134877166402779136e-01
1.144804807920381529e-01
2.837188064741483218e-02
4.615617016818357454e-02
1.020839987110018360e-01
1.913785546913094049e-01
8.216069153583123452e-02
1.950856875379009814e-01
3.320305655592735716e-01
1.221170629441531291e-01
2.401502916551732369e-01
3.186276890138019513e-01
3.366353343249643415e-01
3.759675505089940528e-02
2.565680090328896212e-01
2.197598310495172402e-01
5.956066144184730959e-02
7.686643324577559222e-02
5.243456605753719219e-02
2.228403349193922856e-01
5.603927635101416810e-02
2.443102885546644121e-01
3.798291252178882804e-02
2.146377341154989127e-01
2.230867115223924280e-01
6.379913918141130735e-02
2.143324954303109098e-01
2.878620538401028828e-01
3.358603099398247416e-01
2.411796090208039034e-01
2.772345390051081937e-01
2.803895929165802214e-01
3.266221711733321431e-01
1.947312727083979067e-01
1.524648378129944137e-01
1.306853243370946493e-01
1.630552165830463363e-01
8.601175993995226199e-02
7.825499520729828351e-02
7.984531074279289931e-02
6.796040040800041537e-02
2.168709093146292122e-01
2.908899776249783131e-01
2.727524723081263258e-01
8.956954547155147883e-02
2.001197751238853739e-01
2.122890302289708597e-01
2.794426140172939776e-01
2.659827068295330110e-01
3.197700732154851733e-01
2.689880125998660998e-01
3.265908709508671404e-01
2.746927525882877918e-01
2.031095312200608127e-01
9.598799419297834867e-02
1.454647126756827280e-01
3.769747959610061927e-02
8.225402174657267529e-02
1.064618534805561179e-01
6.653021158099046983e-02
1.049932453924093262e-01
9.189558809097911340e-02
3.072343992401033730e-01
1.367037990044542295e-01
4.827213655964698175e-02
4.212794765940023473e-02
2.436171611339907894e-01
2.080299513634054909e-01
1.493995208952577647e-01
1.794703216495374676e-01
3.099027396634665976e-01
3.272125860331689950e-01
6.020707055722501061e-02
6.269724029670567522e-02
3.806687080956490388e-02
3.307189721768076796e-01
3.369231944413699775e-01
1.887804159923257008e-01
6.781098187687090162e-02
3.183192626882747067e-01
8.250356516443137223e-02
2.996817573906162060e-02
9.030242200736328384e-02
9.767050533517178390e-02
2.261649457593422341e-01
4.378129042957445982e-02
6.356883469646239238e-02
5.357315683913327353e-02
7.992344846034704631e-02
2.891735488429358347e-01
2.375525191309804107e-01
1.953190808868167927e-01
1.803463620022713598e-01
5.600972278372683827e-02
2.952852319475102877e-02
1.006694612291487018e-01
6.374030368266410396e-02
7.360837516071554176e-02
1.219181718945289983e-01
4.372539145828843732e-02
2.374666919152638167e-01
8.622254873033902145e-02
3.232177339989878995e-01
1.814338229554630089e-01
2.938656825390721927e-01
9.886890493461489293e-02
3.363919208382931125e-01
2.834900428141020473e-02
8.424127765487661457e-02
1.066565154373047830e-01
2.111272385123295209e-02
2.262368669510113339e-01
3.364238768016981629e-01
1.179844310488730175e-01
2.383840288885654135e-01
2.840968502462130618e-01
1.229034750686974486e-01
7.596888878513587129e-02
7.132101906860024987e-02
1.924496570893389213e-01
2.837334958686708597e-01
3.190138342002277194e-01
6.386848527559019217e-02
3.649350954508788492e-02
5.728735872124779416e-02
3.064871754807272364e-01
5.268240994892338380e-02
2.866617851388301164e-01
1.828171011993696971e-01
9.407623860617916889e-02
2.472239110126900896e-01
3.459484209872113608e-02
1.208839315282427274e-01
7.910959948094774263e-02
1.105874522971096174e-01
3.192826276334772562e-01
9.583001947652987351e-02
6.178476008916973516e-02
4.987038043825622186e-02
5.753895940786751817e-02
2.144899321903060985e-01
1.110014050222193488e-01
1.666834596572648597e-01
3.326407115357943312e-02
1.063442881383475785e-01
1.647181666950419121e-01
3.224782649056313066e-01
6.413661476492801827e-02
4.990324626459883423e-02
3.224200029224731368e-01
1.972347199246339555e-01
1.269372527651360105e-01
3.937876091987180943e-02
6.231488986682025971e-02
2.851864125096270283e-02
3.103014636269583182e-01
5.398585868983202946e-02
2.017914707309977906e-01
4.302511375518467546e-02
2.975291044467915924e-01
1.439419994306449235e-01
2.144264604064719526e-01
2.357570524979743509e-01
2.456002195040596359e-01
2.746377852180467705e-01
4.118372648069639624e-02
3.139766773896806584e-01
2.645635632693726369e-01
3.435044451717190334e-02
2.031333612235870223e-01
3.011659622260916547e-01
1.715115380623304098e-01
2.147193155418922195e-01
1.238720202176466917e-01
3.366818295139241135e-01
2.184108254871426069e-01
2.896250153107285397e-01
2.941513977942318836e-01
2.325839190222944164e-01
6.113916850608142745e-02
1.517199548618420601e-01
8.352011615688842427e-02
3.015349434930564843e-01
1.086441677669282291e-01
3.104245810768527236e-01
1.868006581920329257e-01
1.016544260617262135e-01
2.592747202382023608e-01
2.713678872012261212e-01
2.245326250388313127e-01
2.721748501244553031e-01
1.752217984640671855e-01
1.169554353379728823e-01
5.839848433335062539e-02
1.648068171842203000e-01
2.445763017761490021e-01
2.368171842344854450e-01
3.744378539131851952e-02
6.899217966192318363e-02
2.083245806538664147e-01
2.833639695584196927e-01
3.300541985581837423e-01
3.192244287200747821e-01
3.919951294649312579e-02
1.152360932722130832e-01
2.539709023390432918e-01
2.726758512831454762e-01
6.242779297163984081e-02
1.515516414885135499e-01
6.101513121750626323e-02
3.031156282899388765e-01
6.808084528915075984e-02
2.611407265993598292e-01
9.430956868395862225e-02
2.554977617398933032e-01
3.171081035706070361e-01
9.920875092899414383e-02
1.496691552199400088e-01
3.221815178823573822e-01
6.148948032436737238e-02
1.593789428299752786e-01
3.338457698486831382e-01
3.135153116322639821e-01
2.824312828685255350e-01
3.357206135573687633e-01
1.002803799857499845e-01
5.519885117718783402e-02
3.074830633415667411e-02
3.771610711885780426e-02
2.832077489185615971e-01
6.554722985350246167e-02
2.541344122944700357e-01
2.831356016896650618e-01
6.656474322109470765e-02
3.218958434901413868e-01
1.667819213094294262e-01
1.239605926015475146e-01
4.372744762620921904e-02
8.584415381823207181e-02
3.694567934932609793e-02
6.224273369313506471e-02
3.285203369360664705e-01
2.687081000372983919e-01
3.052939783887924363e-02
4.994436675133497039e-02
2.042182943019584251e-01
2.695919253006968108e-01
2.697228085949712195e-01
4.825828216258221115e-02
3.002494678003821416e-01
2.216852653870801382e-01
1.799461972496576856e-01
1.031277901118488466e-01
4.160756317370554319e-02
2.837766974705461798e-01
1.048661458768362226e-01
2.330260940605612396e-01
5.586155076225056415e-02
1.803751126845012376e-01
8.694537980838537572e-02
8.488773150651109101e-02
1.520945964153980756e-01
6.292639437840423511e-02
2.394911115868362528e-01
2.391186872858575008e-01
2.610783761127131175e-01
3.237852557623062677e-01
3.199909096574975464e-01
1.900290895924442724e-01
2.666576646941687945e-01
1.508050825792021654e-01
8.455327349948425775e-02
1.054754441543821614e-01
6.207744137948284502e-02
1.436526585026256519e-01
1.093421281109693138e-01
2.110081391545300389e-01
1.262980570494958987e-01
1.345875588023424663e-01
2.093571016141678454e-01
2.481070483549421002e-01
1.284440163042118166e-01
1.119140439892903349e-01
2.532216109364058276e-01
2.385727903865925148e-01
1.036182612453010049e-01
1.494340312076528621e-01
3.165252090114465955e-01
2.589110085058135002e-01
5.593129879183741243e-02
5.845367953123001975e-02
2.499273341828268102e-01
6.900533613962339663e-02
7.007131812525897729e-02
1.732180430477870403e-01
1.722227652448971025e-01
2.240217906310689733e-01
2.389358346691710377e-01
3.334818590097797797e-01
3.868794365052403983e-02
1.264100250513584545e-01
7.178659597668528292e-02
2.485502236850127278e-01
3.380893455936916370e-01
1.004439036436212684e-01
3.138493480026327553e-01
2.745740371444673755e-01
3.372972314503328017e-01
1.877998719945875306e-01
3.173227556834251617e-01
5.248150489779267180e-02
2.349114914227536655e-01
3.233952920785023721e-01
1.753189844473619641e-01
2.950040435933352079e-01
6.800726705239844294e-02
2.189414080966886611e-02
3.314278802566501536e-01
1.990029121525448974e-01
4.915569785966873023e-02
2.144645788650041129e-01
2.467944014614669723e-01
1.866469804503764068e-02
1.662063381664538597e-01
2.701049309978457713e-01
3.375009359796013464e-01
3.610686501724278546e-02
3.940208795321412105e-02
2.312929298524906696e-01
8.785661846211768877e-02
3.475039815351776279e-02
3.228986705438501303e-01
6.982987624797420967e-02
1.993187255463693686e-01
6.264675103669671563e-02
2.697495748899292334e-01
1.586152298391744209e-01
1.967285793255202087e-01
1.317478819818461155e-01
9.747562449536426032e-02
2.976885789930453496e-01
6.363397077746020536e-02
2.309065868012404391e-02
1.854170849150763856e-01
3.370656752372174769e-01
3.008341878092921640e-01
1.932664946264270323e-01
2.382258985839672549e-01
8.761359927063519515e-02
1.187035689557227325e-01
2.245440867901745130e-01
1.871277736083026000e-01
2.425231591520215502e-01
6.594305000994457600e-02
1.450986340823393894e-01
3.071281152291878147e-01
2.770215720757994785e-02
2.988105144457580686e-01
3.049206123188889506e-01
1.164176815603407966e-01
2.118694168661234001e-01
1.791500845465559266e-01
4.942438525428521218e-02
9.490028719549832570e-02
6.315943315135824632e-02
1.526333899021275198e-01
6.800820132589555089e-02
2.272292335350462600e-01
2.581496006200640903e-01
2.427529537099923918e-01
1.211506462406240631e-01
1.452437998918092443e-01
2.893376118212594161e-02
8.233426892439708877e-02
1.353938383144280555e-01
2.307310939532243033e-01
3.118239001990607551e-01
5.218192945511781339e-02
2.158100848557557294e-01
2.633563297148875937e-01
2.685476261127043851e-01
2.236105736125834353e-01
2.114577219667420349e-01
6.756559144362740688e-02
3.332230130836829063e-01
6.462424868101915298e-02
1.766274098539205029e-01
3.040730695149669316e-01
2.022618533718509304e-01
2.154905164036704512e-01
1.797473358368608387e-01
3.112941036742477019e-01
1.810474440678734240e-02
2.949888105334743174e-02
7.206050515084336250e-02
8.746883125823448624e-02
2.298620827650871626e-02
2.451428597557795130e-01
1.735191006935692948e-01
2.582256473698989474e-01
1.798884754019517210e-02
1.570118531116044824e-01
1.080050107780823748e-01
2.798060219527677139e-01
3.017771701260080208e-01
8.137485311384227982e-02
1.589574952053978418e-01
6.321018965111287191e-02
1.511430473571708233e-01
2.701315442688588253e-01
8.888423117352348135e-02
6.370618540933191409e-02
7.451913524964758062e-02
1.510241767306952643e-01
8.362732672535201639e-02
3.045592865488427337e-01
2.185425067365801277e-01
3.367813920698908836e-01
1.754438012964012750e-01
5.216328584575062599e-02
2.195921239616697163e-01
1.153182155509388518e-01
2.939819177105210124e-01
1.020847102154066460e-01
3.259514751445154457e-01
1.538646017377169328e-01
3.278640096723788866e-01
1.475377384039134043e-01
1.174986646730571543e-01
1.749000008316871080e-01
2.047385077939467002e-01
1.836211478601988967e-01
2.504510629307322989e-02
6.558282049795979840e-02
3.022788843718906548e-01
5.450823190771916099e-02
3.227348182287606559e-01
2.498909206996061394e-01
1.708356893254986686e-01
6.230286844376609762e-02
1.475862380664676177e-01
4.938548118702883877e-02
2.430476803951149845e-01
3.156624877344373359e-01
3.866139241337744614e-02
9.485819176682351583e-02
1.734673190563616463e-01
6.263955276587750143e-02
4.988658243668291081e-02
2.713700725622568699e-01
3.278702191289205037e-01
2.571037574866864572e-01
6.140381625206437627e-02
2.844836778872907868e-01
5.641439439047225834e-02
2.099729019425827237e-01
3.290801544946739821e-01
2.273302635350422929e-01
5.372363457481924010e-02
1.990855619016466682e-01
2.484172168374647882e-01
1.087522351723331504e-01
6.247955748997973541e-02
1.573383326838509177e-01
1.374877403017074340e-01
1.154768126469771505e-01
5.856243110229152754e-02
5.533707240853870390e-02
2.079062463882303258e-01
3.175998381807312865e-01
3.539052310640245641e-02
8.566782433398430208e-02
3.027341248355472358e-01
1.896976933902813078e-01
2.888746917581659357e-01
2.335585287240465047e-01
2.296003333084101761e-01
1.060168278295356981e-01
1.790382784147839246e-01
1.840084156539020521e-01
2.542026407432647697e-02
2.757878792423670844e-01
3.028265500532834054e-01
4.290794857018099401e-02
3.356514351118387030e-01
1.276509783434397471e-01
6.818842000521423141e-02
1.359092106126273958e-01
4.228874628521701179e-02
6.493238162073490527e-02
2.038387390143376887e-01
9.725363794457786426e-02
6.008727880575433916e-02
4.145307117666282432e-02
2.622368783761283573e-01
4.450558197983444514e-02
8.889577684589938800e-02
2.982853416228656296e-01
8.065357377584202181e-02
5.504331739357544440e-02
2.637640824964374020e-01
3.157815976432734595e-01
2.014986851013377267e-01
4.951945590618585941e-02
2.313383882862070640e-01
9.214027003890015721e-02
3.072411962255551243e-01
3.383153638793736651e-01
