2.330231384420434204e-01
2.840348376967057886e-01
1.050512409752163562e-01
4.981715823088427031e-02
1.076090196364426210e-01
2.663354520103901057e-01
6.205308316279189301e-02
1.912230469256304133e-01
2.662402391953294645e-01
1.456734271949809527e-02
6.399509405084069513e-02
3.690069439849773952e-02
1.503651236713640371e-01
3.008249579550046349e-01
9.874246429218294652e-02
2.954716481366537750e-01
3.008392790551776552e-01
2.247175749850587601e-01
1.178996675179262849e-01
5.024008616333789506e-02
3.219840092343990157e-01
2.211161402880195137e-01
1.321660588716976580e-02
5.452887554342476795e-02
4.441027828516976028e-02
2.610967924134663387e-01
2.762575152787119515e-01
2.555367262862558442e-01
2.749293030582419806e-01
1.320210210552546538e-02
3.244851063197638497e-01
2.208466994796742799e-01
2.885453737732716073e-01
3.127709565957303983e-01
2.748795373933900499e-01
3.797514623483556201e-02
2.579534419501119391e-01
1.119001260561047068e-01
2.396416843577206246e-01
3.208010488357039280e-01
2.488685683313953401e-01
1.185358750705585162e-01
2.529920293499093864e-01
7.940491713517386363e-02
2.956962124822441473e-01
2.850467345640250727e-01
3.088301425686784119e-01
3.941821660047511999e-02
1.537382499217252729e-01
2.984822384650109850e-01
1.767273146934727479e-01
1.946945773393881085e-01
6.616326496628811837e-02
1.786753242470086323e-01
7.349807387427301220e-02
9.518982725208172124e-02
1.078032898420673569e-01
2.182337859216756659e-01
2.891866191274069520e-01
2.975765914841551618e-01
3.194605616785443220e-02
3.084478111843092507e-01
4.029726036684591617e-02
2.382256028033522821e-01
3.060105532682664276e-01
6.952750785817013446e-02
5.537600551005986832e-02
1.243122244179721420e-01
1.791038534403973370e-01
2.498634809594887929e-01
9.112081335054740550e-02
2.530750799690456576e-01
3.246246433268887843e-01
3.189147678944180275e-01
3.219101422561083670e-01
3.017706575726001872e-01
1.713920061662088101e-01
1.821780741230489553e-01
2.970719998987640387e-01
1.640960898423295677e-01
1.776819783712071388e-01
2.658879476184524138e-01
2.978606987088068259e-01
2.612027455345645732e-01
3.101037555364526410e-01
2.106928885229339410e-01
8.518101638975573986e-02
2.639039977203003762e-01
3.240528867911837141e-01
6.868465157815754896e-02
1.644670053024893108e-01
6.387534565099363404e-02
4.418050465609443117e-02
2.530910052836367607e-01
1.944668199868416769e-01
2.440661292837191867e-02
2.132542094709920788e-01
1.105174622960320430e-01
5.188714010988480785e-02
3.189901113196462190e-01
2.359676781917612598e-01
1.155040201313626974e-01
1.220506336971867861e-01
2.520193639329588731e-01
8.811621067980589250e-02
2.066078435504627997e-01
1.335501235702885314e-01
3.059417587090073054e-01
1.148456691545506891e-01
6.737044913333997687e-02
2.974606135373626947e-01
3.072363894845699939e-01
1.137374579728577945e-01
3.412651589559384524e-02
1.556616516648568482e-01
2.234012745502479691e-01
9.204326659638760455e-02
2.734428117098961636e-02
2.948655938477561800e-01
3.116682370122564327e-02
2.164177320717150244e-01
6.598347093103167083e-02
4.423882293318105730e-02
2.277387670077903048e-01
2.471769030957249313e-02
1.564681535538015034e-01
2.821937260667838343e-01
8.578619931540372445e-02
2.256294631704118259e-01
4.762140111595251218e-02
2.841322223112616729e-01
1.046671143556873323e-01
2.770379143403622346e-01
2.288652790286020977e-01
2.264671003778170599e-01
3.127228779601082254e-01
1.007086055039422418e-01
2.072540619859677136e-01
6.830508270095526913e-02
1.797941323977379491e-01
2.284785623471289884e-01
2.978617037999112260e-01
2.798269394587036829e-01
2.013313166948634547e-01
2.940925648120005786e-01
9.922592922579763497e-02
3.242069871141359805e-01
2.358978677947665137e-01
2.720842096972594382e-01
1.666131144932320174e-01
1.242441688228648061e-01
7.420359134865053830e-02
5.332087567702517572e-02
1.363422078630947831e-01
4.407559026049488043e-02
2.126711676898694059e-01
7.706404053292618961e-02
1.208222508024245079e-01
1.531551315639347322e-01
8.163651119735165773e-02
2.067695481043708705e-01
2.884926787330371889e-01
1.301509736065293854e-01
2.777009794795314845e-01
1.480158659601194249e-01
2.573832496387307156e-01
2.670639201792225914e-01
2.236928602817400413e-01
2.259730788302458104e-01
3.213347585468239176e-01
6.918748931711300731e-02
2.357429186605882188e-01
2.793031406811528061e-01
1.869607803965298021e-01
3.149277800337396127e-01
3.233664004438150386e-01
2.753223940246416479e-01
1.466699813741287883e-01
2.783495114217170441e-01
2.162368662330889368e-01
1.771486472931174949e-01
2.895204633070479483e-01
2.092537229677091104e-01
3.234796028671113044e-01
1.510144611148453164e-01
1.476208003219301249e-02
1.589327965761317199e-02
2.978429770062580584e-01
3.243798299431656096e-01
1.353090816317799316e-01
1.612978225233046015e-01
1.292350306275915628e-01
1.478421253679517156e-01
3.182410458702181200e-01
1.088494070970396771e-01
1.658752158666373100e-01
7.844695054124312117e-02
2.197930091501598959e-01
2.594271353771549285e-02
3.138562103753129162e-01
2.419074721813725404e-01
1.699285061011237274e-01
1.657282142287212212e-01
2.979170115088167203e-01
1.433029556802977722e-01
1.845971357588532258e-01
8.615839126821270288e-02
2.717370726233239719e-01
8.866987175954200995e-02
9.022047775150333904e-02
2.347068964058889873e-01
2.712378566976414995e-01
1.912908078159128167e-01
4.258409110487205995e-02
1.387622396429957494e-01
4.697232337972379740e-02
2.177672908312338340e-01
2.788501462752351889e-01
1.524647119889571412e-01
1.518241234987159349e-01
3.010672107957575450e-01
5.648689889002897480e-02
1.854144134117477194e-01
2.576008246946603353e-01
2.475280657557782926e-01
3.199450652915350468e-02
2.290253477925987546e-01
1.488851086193359319e-01
1.837900398069921559e-01
2.206430588276015459e-01
2.042765731820211372e-01
2.312011769542222928e-01
1.878484814887621812e-01
1.897510204566224545e-01
2.752848390556396629e-01
1.772492248418184799e-02
1.617792566392549924e-01
8.385313263919966231e-02
5.153359247148192601e-02
3.081722185665959346e-01
2.610741925472311875e-01
7.896400060855326974e-02
4.330640661005644154e-02
2.653479881319431577e-01
2.936266397079753676e-01
2.257378407779583041e-01
5.635003568459618500e-02
3.201155667928285986e-01
2.863531934618625541e-01
2.632620547703968805e-01
1.183337399368625774e-02
2.135418767732433498e-01
1.166901201222565881e-01
2.122929549612614097e-01
3.968446042464340157e-02
2.537791004874488943e-01
3.024531190876089126e-01
1.720657531159361653e-01
2.390582291940348825e-01
3.162986413039806100e-01
1.118679053678894447e-01
1.061870515890229461e-01
2.568641522654910303e-01
3.906271624095815354e-02
4.893278047131102704e-02
2.124575532733349870e-01
3.060023879305354133e-01
2.890072096209279628e-01
9.389232410135535389e-02
5.458193351158387857e-02
5.832525926995389687e-02
8.893262292095195642e-02
2.762303925448463260e-01
2.336973301552385807e-01
6.754833099781704098e-02
3.658618950865970276e-02
3.545741354844318682e-02
1.345027179454487687e-01
2.573165710833171249e-01
2.403427174567961122e-01
1.835838609429154764e-02
9.734207360375339568e-02
3.168550459076719950e-01
5.624457531894648532e-02
3.181005385675085839e-01
4.573469848290722534e-02
8.769836923355746328e-02
2.841953811181910927e-01
2.427545759363670119e-01
1.542315374748638168e-01
6.826757324117348202e-02
1.977226632627837322e-01
2.768954957153129531e-02
1.123875094355567331e-02
2.865526991675266810e-01
7.237075673750542615e-02
2.423955282814237722e-01
3.110328989045900716e-01
2.503262228992544358e-01
1.740084065271151892e-01
1.110228998270847561e-01
1.240591155178444455e-01
2.296770305950308622e-01
6.333964373685785354e-02
2.168030121005447286e-01
9.180297337102845401e-02
2.433607068689845054e-01
2.856196575732176668e-01
2.910831498783050253e-01
1.312319989478804849e-01
2.030032199770868684e-01
1.064572618512166641e-01
3.246914952236291674e-01
2.634898486788812000e-01
5.541238370503432514e-02
2.554787275892916876e-01
6.435864117000432427e-02
2.896885040258498911e-01
2.399890677985556109e-01
1.948986150010764001e-02
1.896207707427024769e-01
2.947262196861807904e-01
1.832218084606409836e-01
2.708704657705075097e-02
3.239878702198273897e-01
1.585900230252455523e-01
1.604789954597576201e-02
1.519482910458137548e-01
2.011644071585196036e-01
2.029658686662933198e-01
3.235974064545530521e-02
2.287248431042254448e-01
3.087713779594274954e-01
3.127485599249984483e-01
2.676490591485282677e-01
1.462968415526312571e-01
3.141612338830452322e-01
3.089890196574364076e-02
1.745846535145757217e-01
1.352795107198678792e-02
1.167901594719066433e-01
2.348920340205557511e-01
6.521578930813570762e-02
1.726137472071722634e-01
2.815544782435662197e-01
1.137495689070439492e-01
6.809790993983992624e-02
9.480425892023068568e-02
1.943072887181500064e-01
1.515446263342911937e-01
1.931574067870115430e-01
2.976390957014311556e-01
1.248529096035520120e-02
1.203679198585645566e-01
8.538049277928108638e-02
3.194886849710116827e-01
3.690660666192985273e-02
2.760260049732539134e-01
3.189362348483294474e-01
1.859788383321256955e-01
5.839191036143676072e-02
4.089675312616374708e-02
8.722310613600028906e-02
9.995630612952129124e-02
7.205896638443597124e-02
1.210702406944384329e-01
3.100259385492845632e-01
2.626454908980658809e-01
3.187186033843010524e-02
9.495725044350548927e-02
2.609410731940676742e-01
3.180951198406540836e-01
3.169501266143692209e-01
1.288913486856271828e-01
1.995747196788074385e-01
4.998922577454909671e-02
3.535057510841027595e-02
1.473514792359923720e-01
2.699518726752059838e-01
3.038568747928522273e-01
3.232539396881539684e-01
2.785118628824803100e-01
9.823280024689451384e-02
2.076580815592685425e-01
1.433252528090115524e-02
1.045047723776522802e-01
3.608491176593187078e-02
1.443434141106551272e-01
1.381029656273294326e-01
1.063562821424776789e-01
1.375255922513269335e-01
7.760194461596203741e-02
2.887417186269858327e-01
6.951725478738816910e-02
2.665518826681472220e-01
3.080307802641484294e-01
2.792785380441714649e-01
3.227290942575120058e-01
2.814533160573602366e-01
2.957961360237807980e-01
1.586689227651470746e-01
7.875849247338193027e-02
2.474866716867201999e-01
3.067835439360637739e-01
9.831122151429146083e-02
1.574038691523566014e-01
2.606031945482104595e-01
3.280758689241247000e-02
1.624816880474176384e-01
7.779619236810797478e-02
6.898508458343560745e-02
2.380360406635060599e-01
2.475624336936970149e-01
6.762152268921664544e-02
1.748642070615424315e-01
1.182618499914511560e-02
4.727471554655869601e-02
1.392270302970418927e-01
2.436580839700163148e-01
2.549364671257233206e-01
7.542875472343771315e-02
2.247403463639842114e-01
2.131366541443137363e-01
3.243708636052629601e-01
6.142880323792881264e-02
9.222256581401691578e-02
8.910551884876995177e-02
2.541421329423274034e-01
6.800923427785367237e-02
1.895727717579104854e-01
9.090338801626020315e-02
2.767545209881308033e-01
4.809835981271661648e-02
7.469641537579224146e-03
4.809202444090174278e-02
2.009519165044196254e-01
2.495201849040729336e-01
1.468435018516137114e-01
9.470448333985058420e-02
3.133388179903872084e-01
1.948102063828994479e-01
6.105072603235128098e-02
6.003898916406068265e-02
2.260376036546567768e-01
2.524690243026592729e-01
2.154945568506252129e-01
2.901164878072853281e-01
2.733602510689976395e-01
2.526143462207536827e-01
3.073594221141515842e-02
8.821789293775342267e-02
1.465123797488060986e-01
2.650423311814451566e-01
1.192336406518715829e-02
1.559541658940743203e-01
2.471006100622840929e-01
2.598129453521998422e-01
2.838643645415468431e-01
3.231863331360255720e-01
1.142776629320220172e-01
8.087684957437026034e-02
1.254641143074417819e-01
4.803649394948679430e-02
8.495091913892194313e-02
4.412552786478518563e-02
1.095492354882965785e-01
2.378305687223948583e-02
7.379401336092444863e-02
5.240877023938670526e-02
1.459209602992095622e-01
3.100753192283670634e-01
3.549561717678728634e-02
5.415354316381551514e-02
1.203674260715290878e-01
2.444774927350808480e-01
6.704873062260283123e-02
1.124346016193469994e-01
2.813563575918411885e-01
3.235031050888222404e-01
3.079988510740922503e-01
3.156908931663268136e-01
2.291360193684713331e-01
1.071657153364523329e-01
2.200051498004158557e-01
9.606144943982015960e-02
3.102819074874775818e-01
1.100208739014738590e-01
8.461496962177991743e-02
2.716521638976503450e-01
2.534084698762412158e-01
4.327303958415085194e-02
2.819021902273662339e-01
3.233219912057760381e-01
2.937173620030679722e-01
7.635694253026310829e-02
2.730178801352479145e-01
2.677219380961269879e-01
2.609701478124467622e-01
3.119209319145098691e-01
1.196818045332093475e-02
2.792535808037663325e-02
8.630802137973020427e-02
2.337472980304513837e-01
3.940389010562050931e-02
4.103167065233877947e-02
6.769187042103513852e-02
3.133259817805780223e-01
2.391718025212658805e-01
2.608478419353628674e-01
2.949834280390636332e-01
2.932543052469792078e-01
1.155024649979960634e-02
3.041610296122803647e-01
3.164075352229483995e-01
4.356395549858121247e-02
3.163439662377898753e-01
2.144969692691133800e-01
3.115715717826422759e-02
2.789183589368450789e-01
1.615535930184635593e-01
1.191702075321624255e-01
1.929943366017298212e-01
3.068118641299866223e-01
3.066808417689785293e-01
2.919722335025740079e-01
6.096287301063083724e-02
2.924212666326606036e-01
4.537261112698629667e-02
9.708233371777388876e-02
2.665957825751555377e-01
3.233959681187051904e-01
6.104189515182909670e-02
2.215616236943239170e-01
2.364144845036952602e-01
2.857110060829373133e-01
1.624691458064091432e-01
1.063052050543950300e-01
1.626274146535497400e-01
9.897298038663496222e-02
1.326917530782139309e-01
2.880177066153603582e-01
2.473947392446539384e-01
1.523914458204363442e-01
2.742631858405727985e-01
3.227061156898158867e-01
3.144075632264295983e-01
2.919987237036252292e-01
3.228588421459396840e-01
7.304715555633999047e-02
1.651532924771842992e-01
5.453886184170623347e-02
3.110756692398330414e-01
1.594949804116322922e-01
2.297388062153475075e-01
2.454589805524068913e-01
1.156096428395270853e-01
6.548038672774662838e-02
2.191621338998330989e-02
2.075077269134817937e-01
1.453380148426959007e-01
2.579811132172480370e-01
1.386384691595067276e-01
3.023544851984765192e-01
8.273184553799164953e-02
2.435071425880926399e-01
8.404554429944373350e-03
1.069054300331001156e-01
3.086570011224633592e-01
2.868781505044349922e-01
3.214032294713579097e-01
1.619069906471763964e-01
8.732940898665882135e-02
4.615583093258041059e-02
5.940618648186574841e-02
7.242650827944090153e-02
1.136034933063458097e-01
2.313336110158408510e-01
3.231796873547147508e-01
3.353499912703379604e-02
4.967494235512141115e-02
1.727174864684325600e-02
2.705368601701477194e-01
1.097350494210605765e-01
1.128919815344680694e-01
6.832794586485209029e-03
3.347749406776543563e-02
6.535911182032463906e-02
1.715788135290637895e-01
7.958494023565912401e-02
2.758975507551046924e-01
2.449937436226411469e-01
3.118627308657426767e-01
4.960981996720754961e-02
1.747944005508083876e-01
2.877509461733877491e-02
2.748129058190976748e-01
3.284249063631877741e-02
5.608764252856420635e-02
3.171615194223574297e-01
1.580384250956704817e-01
5.031395686522919380e-02
3.024274098233057373e-01
1.255800314706790044e-01
2.811693191160821725e-01
2.988649984033044937e-01
2.019444300709203610e-01
2.897573327008392541e-01
1.401235129255946898e-01
2.690485065033233480e-01
9.611561658255934892e-02
3.033392032319327802e-02
2.015361188692884886e-01
1.639443107420568702e-01
3.184871321725268323e-01
7.325013579151890518e-03
6.848539880841646166e-02
2.826528137011359854e-01
2.653984213979781667e-02
5.421541765444479882e-02
2.654395001527306563e-01
1.563338255154905210e-01
2.226346689231450959e-01
3.235180731291611433e-01
1.148552842881093300e-01
2.686812875442625148e-01
5.353614038152892246e-02
4.236089068220722648e-02
2.182980824235555006e-01
3.188999641114778627e-01
2.957300158322485606e-01
2.068975130623243175e-01
2.410595778569145364e-01
2.326637555567412086e-01
4.637660252369751879e-02
2.480405710123970153e-01
1.382862524125784073e-02
1.885467644379807961e-01
1.498534980632305023e-02
3.219880752993030393e-02
7.333787389896277709e-02
7.631005096904168450e-02
1.123016729537585079e-01
1.905617583158798201e-01
3.033216715865485469e-01
2.426574266938057445e-01
2.331014347144506338e-01
2.261338982304274270e-01
8.127813834605890353e-02
3.033113430104601438e-01
3.239306488151056929e-01
2.977681747541393031e-01
3.319637747704393821e-02
2.750088869729845897e-01
1.180533652659682547e-01
5.886223140795763392e-02
7.924399784803903835e-02
1.320962740416605496e-01
7.077735951347267906e-02
5.246111931937481876e-02
1.720816642775893912e-01
1.059703797836555605e-01
2.824177062114190395e-01
3.111953382887446273e-01
4.966189053408965465e-02
9.012538958523910737e-02
1.956427346593609951e-01
5.959101352301941074e-02
1.814346846839220984e-01
2.737711091442927569e-01
5.372468785678820996e-02
1.967164765600989129e-01
1.414587867887236450e-01
1.326117794605445599e-02
2.081336525344359700e-01
1.150447932951902952e-01
7.066918944912439771e-02
2.578093439973587128e-02
8.279936192904446823e-02
4.210215256302713566e-02
2.977392844466987265e-01
1.288933156455086826e-01
1.403266069373957162e-02
1.752760029324398061e-01
4.743947530255217954e-02
2.108702007429922032e-01
2.502057557507067487e-02
6.939676312713595474e-02
1.138345351030839309e-01
2.866777682436955632e-01
2.983792565031861965e-01
2.878397317045335857e-01
3.123063442975024251e-01
2.588062122135168508e-01
1.405147758097079480e-01
1.410904593852778666e-01
3.127207283108719982e-01
1.561004954370094622e-01
1.831160812305951957e-01
3.245305394482664862e-01
3.120258989678858369e-02
2.169291554585271453e-01
2.418782374688150938e-01
1.694128238049549817e-01
2.585559474362155719e-01
2.530218776776234357e-02
1.210517595933714996e-01
2.879178666167854506e-02
9.691087139321047372e-02
5.327526715135755958e-02
3.209838692023679885e-01
2.638843287628212519e-01
8.498268189773167114e-02
3.043036984144257828e-01
9.412234873398943671e-03
2.510942875025107823e-01
1.087368008697692512e-01
1.354547379990779232e-01
3.890958105682258694e-02
2.742595071956713815e-01
1.680805566930180794e-01
2.032334353001558624e-01
1.741113108497309436e-01
6.011585768800267737e-02
2.066176986510367616e-02
2.136554567179059783e-01
6.425278187862147258e-03
1.291056488989808237e-01
1.184256487703488764e-01
2.831421220588964394e-01
1.881373475883416357e-01
2.232783541691300000e-01
1.247239202433527983e-01
2.084352460588359823e-01
4.045712485828861088e-02
1.711710819102682524e-01
2.664873245549540526e-01
1.859920515758527529e-02
1.741869662091312734e-02
4.804457463244328486e-02
3.990293464068053741e-02
1.618468398131642505e-01
3.903194927416681059e-02
1.938522489654035535e-02
6.453406208282279344e-02
2.610611283161761720e-01
8.218475577437864277e-02
2.450741867503824778e-01
2.406097816048620441e-01
7.265884695340195376e-02
2.309271754157534440e-01
5.294816588047831368e-02
4.872418160073255927e-02
1.307392080102265930e-01
1.936980390206412550e-01
2.388485180330022217e-01
1.783233601424284720e-01
1.284657233485339001e-01
2.577017476380521477e-01
5.023767728446690978e-02
1.191534631597887112e-01
7.016389911331419316e-02
8.836475989557918131e-02
2.679597524248866769e-01
4.440364047405833542e-02
1.955451470449361129e-01
3.092315714364880508e-01
2.261103457350537305e-01
2.248986827167637759e-01
1.928786485619654600e-02
1.631743228531251921e-01
7.578297018927375450e-02
5.904098088859575932e-02
1.755903035780078114e-01
5.832846677509832128e-02
2.090219459485316567e-02
9.061924902233229814e-03
3.177765935519679119e-01
3.127461849667775851e-02
1.351828622145405112e-01
2.577202070610685736e-01
3.352138623168334636e-02
2.911407430223951764e-01
1.903284456967011540e-01
2.540288819151966249e-01
3.167650738179890180e-01
1.395157243246796519e-01
2.459926067946482386e-01
3.083692887699417962e-01
2.560296767799236650e-01
6.508528163044829951e-02
3.141225218897886751e-01
1.541645276830780620e-01
1.872029521469745494e-01
1.075665267190488439e-01
1.076643207031639515e-01
2.215685547880774098e-01
2.512727644804210736e-01
1.463837602607348798e-01
2.586108646604010630e-01
7.559125036507231832e-02
2.133856597566543556e-01
2.638839519930553656e-01
9.029945568457181659e-02
5.612713757570082784e-02
1.338224252131129943e-01
1.784220763383166652e-01
9.031124897682582531e-02
2.683431809929055500e-01
2.180090250130507779e-01
2.385848944610064470e-01
1.746974304813367351e-02
2.154599932250686745e-01
3.198074278711575125e-01
2.447672113468749300e-01
3.196176467843440672e-01
7.469821493042456961e-02
3.177829298436499195e-01
2.329231348561664472e-01
8.151696817973938525e-02
3.084559731820365469e-01
2.671780057206057934e-01
1.702448159024776142e-01
2.567864942145780538e-01
2.357739622266788737e-01
5.070486249956308866e-02
1.389615703429356863e-01
1.060479978814714563e-01
7.298164939905985027e-02
1.949969857498358994e-01
2.932620127050191150e-01
2.072249535563397693e-01
1.871746711635762783e-01
1.819364895733286691e-01
1.348252916894610298e-01
2.518697138167201865e-01
1.316408684706305357e-02
3.340332114817241155e-02
1.178145237321829436e-01
1.869902948275569965e-01
2.810073901146478148e-01
3.227968443703505552e-01
3.069415740652035041e-01
6.616989654692101430e-02
2.056382622324144649e-01
2.009773000569638479e-01
1.703357168526014875e-01
8.301735471327414961e-02
6.635425400061645274e-02
2.576679786548315421e-01
1.528330502176021288e-01
3.000712526991265380e-02
4.896377909052345052e-03
2.890190256861799659e-02
2.313162614161583808e-01
2.680791609079296034e-01
2.517332500196066136e-01
1.757580561000790242e-01
1.331507679648811504e-01
3.144767877574220494e-01
6.658016424197251218e-03
1.983846789463073954e-02
2.791321085860702933e-01
2.989936167450217286e-01
2.031248431881955696e-01
9.281847860009038997e-02
2.042941842533649022e-01
2.804524485851565552e-01
2.030994819974081891e-02
3.170022541366225854e-01
9.124742983485044368e-02
3.240527394280350304e-01
5.223559941090383241e-02
1.515739610750219124e-01
2.844162619564532535e-01
8.292786463868569158e-02
1.214464823522966308e-01
1.918832466035435419e-02
2.171937416775209240e-01
2.144331104782546960e-01
2.098392545612479815e-02
3.072511933963191222e-01
3.238748110345794351e-01
1.654265913049642323e-01
1.496118880326263445e-01
1.564073967229734075e-01
2.616952382061832685e-02
2.374420467062724194e-01
6.282931645459687020e-02
2.677219734914507709e-01
3.229005466661876156e-01
6.924862842829675180e-02
9.466436640222888887e-02
2.546674539056143494e-01
1.873771340044891320e-01
1.139142144490012526e-01
1.911244104992949888e-02
1.800825864636791673e-01
2.682354891152023413e-01
2.560662349131985205e-01
2.690585799674615197e-01
3.143073576669784819e-01
2.112304910490278020e-01
2.066804616849846066e-01
1.500105890057574498e-01
3.007885720608420854e-01
1.046630138730782061e-01
2.357296205236777131e-01
1.734623724781575449e-01
2.733025387106653437e-01
2.367379093665121503e-02
5.418498601991198621e-02
2.754511638669883133e-01
1.550849159540325373e-01
1.918233527925385443e-02
3.095396454952662468e-01
3.143483146771292036e-01
2.938690806578209136e-01
6.958282274897532871e-02
1.910190057729877211e-01
8.671635034843508394e-02
1.326588357461327972e-01
1.014958485206614996e-01
1.178211603750575764e-01
3.117040277263562476e-01
5.081714747636488505e-02
1.352427979105236266e-01
2.982558664307117247e-01
3.648915326240898677e-02
6.078099899262672662e-02
3.113630341515524758e-01
2.508996849798110149e-02
2.136182460835769903e-01
1.822954036094258656e-01
2.820534702796192450e-01
1.005878036574652107e-01
6.684197030236964376e-02
4.434683693336320676e-02
2.870224293023371787e-01
4.930639228947646807e-02
2.956970636012081766e-01
2.108263907727792041e-01
1.726711807515452779e-01
1.476829345045285458e-01
1.435928540892000005e-01
1.796732448545509397e-01
3.302052044213082266e-02
2.445024679641227272e-01
2.721887780289843906e-01
3.185816460821888629e-01
2.477618376893981900e-01
9.417254125437331258e-02
2.950742216685931507e-01
9.602904973266346289e-02
1.843134482781505490e-02
2.762850676560065638e-02
3.242612887289583190e-01
3.110615999216168603e-01
3.210141579672775025e-01
2.885203602500883147e-01
4.274568970802593119e-03
1.109244058065773052e-02
2.737365249233765785e-01
1.607384696507697386e-01
3.009136753645635931e-01
4.067363115356142922e-02
5.902271373466267540e-02
3.157767537987829498e-01
2.036631620808289633e-01
1.903655203353788947e-02
1.848208115977635069e-01
2.268663290926773435e-01
5.999705684470366812e-02
1.883867090231984287e-01
2.620281290056706847e-01
1.154936114869437730e-01
3.878688515733966918e-02
2.821287851142915692e-01
2.855066741421972698e-01
7.809571508517232363e-02
4.580161440987447902e-02
2.734875295315711830e-01
3.202728861707899721e-01
1.779280596539511150e-01
2.888186243462405600e-01
2.117607306173270032e-01
2.906795279213316707e-01
1.941864265933765030e-02
2.650722088293062662e-01
2.177525133418849734e-01
2.962829606458290410e-01
1.912426140162976351e-01
9.045425516491402418e-02
3.228424510896709676e-01
1.968739459203658615e-01
3.205786327812648606e-01
1.916243968447481627e-01
2.440327752969751463e-01
2.728654490608699579e-01
1.275112569869233103e-01
1.430326539479788717e-01
