2.316309495562885734e-01
9.161856768072451640e-02
1.886041535654738588e-01
7.289644480198653742e-02
1.029929491410876974e-01
2.414797434546821220e-01
3.298720632109725104e-02
2.189095833388717549e-01
1.563878557996015994e-01
9.025464951793038537e-02
1.784293254253103700e-01
2.590476470571420609e-01
1.000522012323227655e-01
5.939541820776687853e-02
1.055021025210196722e-01
2.214072317911167931e-01
8.580859140550516073e-02
1.846897083463686362e-01
2.837873171674931139e-01
2.858306804147041080e-01
9.176775782925890301e-02
2.877156114028370237e-01
7.991810282630994189e-02
7.782583088251003589e-02
3.308660086462005268e-01
1.602405362369243302e-01
3.019499005043538298e-01
6.804650957620629603e-02
5.735966004533684520e-02
2.160684108295104489e-01
1.039178698439994497e-01
2.181959831067089850e-01
1.638025493778371977e-01
2.405440560342028411e-01
8.417125750245350868e-02
1.678959340706378811e-01
3.211998888973462141e-02
1.029793225045856908e-01
1.681400596654462343e-01
3.281862309041509995e-01
2.998314069277417948e-01
1.833619092115000015e-01
1.105305393050740603e-01
2.140598191105008707e-01
2.224753685118689983e-01
1.545198040349650692e-01
6.076769464370130464e-02
8.201071895918506105e-02
2.053292881365863798e-01
2.346368467197939012e-01
2.554530807834501371e-02
2.022919677816930606e-01
3.268549319584543866e-01
6.553541859936831693e-02
1.368830113743513544e-01
3.119424596590265608e-01
8.989294822648727368e-02
4.803534759246432667e-02
3.972287308658422472e-02
3.286570747581600838e-01
5.208675945253195272e-02
1.214032167828108105e-01
2.538487328370576113e-01
9.725725242124572123e-02
1.877170326815128659e-02
6.458160368152260356e-02
7.586803675063412411e-02
4.386341881567303036e-02
1.190191241063744548e-01
2.783518239189449739e-01
5.036999969868469901e-02
5.862511823407560302e-02
6.516327870324579996e-02
1.581634716824384390e-01
2.692900715172384940e-01
1.153800991782522600e-01
4.535567014587108675e-02
6.720713077524310963e-02
2.960106146566169327e-01
7.210524663703496429e-02
2.121629601744424443e-01
1.637893574363734894e-01
2.729353611198546137e-01
2.068754347972623364e-01
3.242465179513053242e-01
2.973378491991219286e-01
1.037741112827616496e-01
2.832898686603085303e-01
1.150852373879046320e-01
2.273982643732840037e-01
1.126780468446600542e-01
2.615007996250475614e-02
3.321570740653484455e-01
1.401145641029224731e-01
3.116706179284106093e-01
2.348614435193047689e-01
2.588683716818585001e-01
1.152374840603533346e-01
5.497009053178897320e-02
1.370618675007586884e-01
2.972759810372219702e-01
8.913611594859355280e-02
1.409766409362431805e-01
2.944335179242234535e-01
8.046677567794043029e-02
3.169454439960155412e-01
2.814156029582249099e-02
6.741716268417857760e-02
5.068484266318652037e-02
2.005058987126238090e-01
2.054939142859238677e-01
2.189333349442422194e-01
2.663127194880928195e-01
3.286369891848614500e-01
1.923148495850729722e-01
1.269456831146773823e-01
1.629515238257679133e-01
1.459828337523753350e-01
1.088587646233149520e-01
7.102655234813198826e-02
1.994522319141064925e-01
6.112059671906507063e-02
2.351275043459082614e-01
3.122138834606214552e-01
1.844063588753004357e-01
1.977318568253264297e-01
3.322709305152538595e-01
3.808473960986426959e-02
2.736051104701628933e-01
5.953372676122838103e-02
2.454528747742252826e-01
6.827677831708033052e-02
1.317913747298414262e-01
2.993157376455791163e-01
7.202414323084754821e-02
2.739699747768143401e-01
6.382927993478995643e-02
2.853308277818220398e-02
7.181679651375297291e-02
1.551384295114927037e-01
2.723414603451254634e-02
9.282560144166500382e-02
5.173687631059865205e-02
1.582959160454946723e-01
5.266046509806983356e-02
1.953583174028406533e-01
1.326129691936538402e-01
1.415326468091585022e-01
1.988617365403002879e-01
2.389198037627199289e-01
2.410339695675023930e-01
3.323928236486469179e-01
5.524112274986787280e-02
2.719224142508380737e-01
3.221404408965564126e-01
1.034007948737567656e-01
1.111484436604859849e-01
1.791249733168699398e-01
1.849034746601629642e-01
2.684383297834278537e-01
3.604677806927283207e-02
2.458200866383609684e-01
3.216949838644782567e-01
7.002474702675212659e-02
1.148706401616859107e-01
1.069032433411794408e-01
1.198798138110116623e-01
2.015898648889306033e-01
1.865101062151663935e-01
3.146118766546432965e-01
3.032870485798110360e-01
1.298863931988642750e-01
3.189719259337012169e-01
2.605555590356476992e-01
2.470291298879913333e-01
1.235297275560003349e-01
1.808845077760177777e-01
2.564918305842348589e-01
3.173094623002634118e-01
2.255569148458338447e-01
2.483125017487938513e-01
8.340045952917075900e-02
7.411877525370244579e-02
1.892634919226162948e-01
2.735787322022422210e-02
3.151282783103965812e-01
3.116475384931839399e-01
7.059260692312470387e-02
2.133803551269727039e-01
6.179318720905958850e-02
2.804850056970013550e-01
2.834774881705595106e-01
2.783683691321902146e-02
6.597252643489433244e-02
6.600926576230606302e-02
3.299834494427612563e-01
3.310102735818790803e-02
1.236986601700950511e-01
6.727522541871643058e-02
6.455662707134209033e-02
2.492647114913714712e-01
2.594869867089908966e-01
8.590190322414251178e-02
2.886605961730985270e-01
8.196553522458965846e-02
7.732196240025068779e-02
3.307193267340114984e-01
1.920456926619471330e-02
2.580587180842521811e-01
6.913514355260719224e-02
3.123513639288915886e-02
2.242608744106416307e-01
2.977928646390156087e-01
3.259792089072238164e-01
1.772268530059068481e-01
3.184073334584033854e-01
1.964393930065363725e-01
2.156193854833739210e-01
3.263960305584440724e-01
1.026030947133592663e-01
2.559500638119701632e-01
1.983258543286468556e-01
1.116152966329143070e-01
2.994605257527973574e-01
9.723339681106482613e-02
3.170240818014437023e-01
1.441088542105702919e-01
4.180616398357901026e-02
1.324137341476524232e-01
6.825587721396522700e-02
2.765710118750347446e-02
2.647260194189811622e-01
6.719810274465014277e-02
7.528053208617577208e-02
7.977055971389578060e-02
1.633073926017630795e-01
2.719465181792407593e-01
2.845620507693735202e-01
7.001448145759064934e-02
3.274599666107652074e-01
9.243395403809212540e-02
7.898857063335736062e-02
1.142114793830941444e-01
3.011854564978936333e-01
3.191070317026095671e-01
1.481956284142658675e-01
1.841831637611839600e-01
9.663955354040339174e-02
1.579066481249791765e-01
2.362731689864768780e-01
1.632441073030563849e-01
5.978746105900298313e-02
3.262639367572670035e-01
5.057555544866296909e-02
1.392504453676768894e-01
3.103717502424579999e-01
3.277513528550360933e-01
2.080904863961481333e-01
4.300153463172624868e-02
2.977194066737801625e-01
2.711841933164910734e-01
6.659223224722843337e-02
4.794766252968794135e-02
4.356522037725615165e-02
9.352385142639237092e-02
1.883265131830758887e-01
2.924326710110994321e-01
1.368223949899243230e-01
1.894513592646666078e-01
2.979749702125387700e-01
2.260438294091225014e-02
3.231906735511467788e-01
2.079920384964226987e-01
4.836197675449641076e-02
1.213872496205901236e-01
2.732819281870916273e-01
2.837558356760741529e-01
1.482625156564170710e-01
7.722814526632458543e-02
2.381209408546483552e-01
2.781325614011739278e-01
1.299856347184630001e-01
7.087525131906702303e-02
1.750252920366932863e-01
2.294488082523494787e-01
2.465462374148452984e-01
6.058045249163634960e-02
2.894293591894165352e-01
2.134463498154889061e-01
2.241149772731303724e-01
5.056924210056274599e-02
4.857761942959650664e-02
1.781474232127557566e-01
1.674734572552364076e-01
7.561682253340334947e-02
2.266572461882193079e-01
3.661589539443981661e-02
3.230855742012354176e-02
2.603512657756953397e-01
1.757876285187962295e-01
2.975477739328634130e-01
1.080828001329646321e-01
1.931579829691356109e-01
1.891207050537160872e-01
1.489724641186543908e-01
2.827091438612288482e-02
2.410128291570422798e-01
2.017670600165379358e-01
3.081932816399664543e-01
1.052402565878600704e-01
1.566848804515523774e-01
2.248531328791180117e-01
3.314107437146462387e-01
6.031823555258375436e-02
3.104378664419058520e-01
2.811533878206054493e-02
6.694691992000528780e-02
1.111622132667755836e-01
4.385315020762663163e-02
2.377681120739893322e-02
2.667257936397391949e-01
9.135354165483720867e-02
1.068563406118294007e-01
5.250865978849032084e-02
3.252917748579812751e-01
2.045951048277333539e-01
7.410120081532459158e-02
1.339135675836312100e-01
3.193876122725945454e-01
1.314334044296898429e-01
2.224666827426805271e-01
1.176607224898741921e-01
2.819606678794348009e-01
1.393214116634533262e-01
1.196345078692883507e-01
1.538442610655580689e-01
4.834388312326332732e-02
5.543636146944289078e-02
3.276783086330050110e-01
1.149176629554218426e-01
3.049040479915281487e-01
4.120135578712465912e-02
1.412540828213858235e-01
5.282483633513971460e-02
2.608317322426794704e-01
2.699784392795121502e-01
4.523460200838634593e-02
3.714568027804440037e-02
2.006169665040094252e-01
1.075988729767526492e-01
5.847793424727936590e-02
9.595873480746489048e-02
6.964707159289892924e-02
2.702207575978301524e-01
7.179538748277723703e-02
3.020742402162304163e-01
5.865551103829037133e-02
9.431658761674154012e-02
3.167272108768046657e-01
4.563264124413440176e-02
3.355570044101630761e-02
2.794257245993138072e-01
2.203087844446244628e-02
1.131484448065544490e-01
6.079655475057955255e-02
5.981278984264995491e-02
2.864269780807823240e-01
9.451990399861889824e-02
3.063027893434887572e-01
8.375602378328063369e-02
2.891910330852370259e-01
1.600078161229451512e-01
2.916704878956061786e-01
2.192014831144414311e-01
2.495533008932635799e-01
2.057353831376406705e-01
2.899623900224004847e-01
3.251794352198277838e-01
4.548681637479559670e-02
3.366048935481565779e-02
2.060020343848257274e-01
2.068176296700077743e-01
2.117977510725950197e-01
2.330389043144094896e-01
6.946367897088037702e-02
3.122377552887287133e-01
6.569147965017596569e-02
1.051106543299756280e-01
3.323907051401760460e-01
5.408863194844746453e-02
8.675703167735279719e-02
6.819356631776725408e-02
3.257502742076485713e-01
1.256867465191049693e-01
6.383676391658620053e-02
3.193462954440671742e-01
2.828434374378694938e-01
2.631591878638129822e-01
8.275949501214611981e-02
2.351758277912166795e-01
5.755512684170395465e-02
1.065222925323770498e-01
2.690702820763493097e-01
2.079398867980670473e-01
2.204362537041286707e-01
3.252402419351496099e-01
1.686320772385502820e-01
3.321931639625876898e-01
7.420581682746620056e-02
1.502657129938636260e-01
1.022910899813788410e-01
2.656949191237711894e-01
1.469036222296065120e-01
9.738254083942263217e-02
1.730527302254261379e-01
6.543217594701863926e-02
1.899556136947033735e-01
1.329983767367455549e-01
1.992724907324385786e-01
1.715884258882015290e-01
5.743356535099882615e-02
7.781026455056569424e-02
2.735694136034430568e-01
9.265024518720170466e-02
2.501381237414181391e-01
9.216097953527277453e-02
3.235991975993778857e-01
2.753947590420698921e-01
1.081483344968679761e-01
1.332007668871764694e-01
2.921863736782024934e-01
5.672802568799208134e-02
1.609960371809414648e-01
1.256271294414700590e-01
2.960168381173835517e-01
2.452345057651156290e-01
1.302898769325567807e-01
2.466258768051150518e-01
3.260838131526418993e-01
6.536501628390507801e-02
5.810024141585145435e-02
9.325731672409000306e-02
5.522534190430254675e-02
3.862706115837125781e-02
4.641156387727977256e-02
7.664375898879643989e-02
1.479453755456708874e-01
2.479148823985448113e-01
3.066322400935319048e-01
1.717217862108021131e-01
2.290366463543067888e-01
7.693291844813993086e-02
5.777996608047782090e-02
3.288643415675716053e-01
2.483831976277191267e-01
2.340545710943759128e-01
3.048354425447385996e-01
2.536520506607801151e-01
2.103946946147442210e-01
1.152588709143729656e-01
1.777555728130713886e-01
2.983835144152798269e-01
1.815603582235204572e-01
5.876943479769347611e-02
3.116105951180549449e-01
6.980674010558649001e-02
6.271752420236595404e-02
3.271495720543720620e-01
2.189405910642282793e-01
1.081972761420176149e-01
2.536369921962021087e-02
2.977800507276981978e-01
2.795458356583698789e-01
2.790463181235532386e-01
3.405695388531600892e-02
6.367387609050188801e-02
1.643394564019845516e-01
1.273666375445647314e-01
5.811878555378607869e-02
2.148831078271867812e-01
3.144579061502607575e-01
6.087064943192510569e-02
3.272219968719738969e-01
2.962644023347184574e-01
2.971080203089738192e-01
2.197109572333364180e-01
7.176812733050849658e-02
2.260195008706405995e-01
6.151274227807404515e-02
3.051079606229546992e-01
3.138244277882996924e-02
1.928531643198301004e-01
2.694220505800044851e-02
2.531582639746932095e-01
2.816185668116023000e-01
5.124666266308609830e-02
1.728081401864089983e-01
1.662641385765913360e-01
1.767656268933417985e-01
5.887109673417832006e-02
2.306175379042318396e-01
3.266093095905986399e-01
5.670848296728351473e-02
2.167292185773633806e-02
7.664694258505420910e-02
4.660922865698804290e-02
7.542174263471519702e-02
3.248101712623945314e-01
6.493363746712560447e-02
6.731905175403986308e-02
5.910383826534537643e-02
3.037415678192060264e-01
1.816980617239623563e-01
3.311754848730863454e-01
1.885869493325628699e-01
1.568205148035917429e-01
9.203091753619624393e-02
8.761040190140456652e-02
6.156741597717247522e-02
1.262867902988186741e-01
1.429881436181359156e-01
2.158703119722383545e-01
2.333706170582302564e-01
2.709432996628591273e-01
1.134212431941184068e-01
1.587005374809266622e-01
3.261150294889910706e-01
2.479200918634457684e-01
8.571587230374388966e-02
1.205728917486552504e-01
1.404288185025403257e-01
9.844633269711286494e-02
2.666696907878807754e-01
5.054966152656596712e-02
3.034117503156522067e-01
1.531796083568872924e-01
2.725000734231685096e-01
7.776537960046529807e-02
2.251921454172587100e-01
2.969537739651666453e-01
1.523860744317901972e-01
3.123326151486772173e-01
1.442607236878842014e-01
2.870526724988671230e-01
3.143620603627284571e-01
2.471763370717769415e-02
2.652553741554979361e-01
9.745585270971954261e-02
3.229405593271414965e-01
6.841461813579820250e-02
4.739031528670090143e-02
4.671886361896494116e-02
2.485571175315305081e-01
3.326036981957684879e-02
1.226843820275523578e-01
4.030786246703840781e-02
2.341146609433457648e-01
3.939119441841292674e-02
6.116477951373659044e-02
6.928161122820587769e-02
2.124791324076057697e-01
2.785729256319499081e-01
2.374917264967699448e-01
1.891379263611447925e-01
2.987108747282173904e-01
4.090575264981929915e-02
4.344581937662821136e-02
9.728813158186117027e-02
3.153213747499391539e-01
3.275878577404041092e-01
1.664666467355392365e-01
6.518920832137010957e-02
2.830023426722813595e-01
3.079519199620714409e-01
1.413467025832987334e-01
2.899374494753270137e-01
3.195732119896655399e-01
1.174353397310490682e-01
1.525556087973935493e-01
5.096214158809371508e-02
1.879402805297817058e-01
2.054798156533465814e-01
1.331494164449716355e-01
3.355722656763467787e-02
3.704119589007207752e-02
1.308710712874637805e-01
2.727844481065732629e-01
5.337334411153080160e-02
4.573269742257746184e-02
6.293888506307930564e-02
3.082997490209706259e-01
2.415314943458163055e-01
2.344544253544615653e-01
8.805961600394368594e-02
1.743792633139253090e-01
6.838533374542425658e-02
6.984198322859111463e-02
4.603414793793261101e-02
6.668859151145423159e-02
2.446678541582597011e-01
2.413942877099159168e-01
2.098653242468829228e-01
1.109294470738958344e-01
1.329867227371117899e-01
6.591007641826367169e-02
6.598797538089498649e-02
8.488068607627283213e-02
2.735034701894036857e-01
1.623822023582316421e-01
3.280146320170208019e-01
2.931178242381362042e-01
8.539369634290280842e-02
6.734383481761660462e-02
9.132455827825970707e-02
2.466456926976739461e-01
3.138534110776020070e-01
6.559257890090612608e-02
9.228916224752715947e-02
2.658429681946233858e-01
1.534654066796453109e-01
3.275384094109110578e-01
7.503704877762013004e-02
6.657813348437673084e-02
3.306168432595923412e-01
5.296442428737598018e-02
1.541092893855433854e-01
1.875335248407267452e-01
9.429594053433439094e-02
1.329814474713996164e-01
2.552560637493008766e-01
3.755275058099145219e-02
3.032985398083841433e-02
1.701478925512664442e-01
6.301278083287674414e-02
2.736860677470430714e-01
1.012083774495521477e-01
2.499289078133476172e-01
2.224892100082668522e-01
5.292423188608996742e-02
2.408580094625920043e-01
3.232048270379277999e-01
3.224887782079157161e-01
2.855236042306343383e-02
2.460875151589903692e-02
1.511234154554654541e-01
1.287106928587130883e-01
2.537007520549963147e-01
2.043940973002831563e-01
2.763595913966833684e-01
2.548774323747361042e-02
2.495583002789701077e-01
8.875739901322386716e-02
2.236339096615365396e-01
1.844568620270451986e-01
1.416638676021650389e-01
1.620633223889812458e-01
1.810070328701803011e-01
5.187048145560836654e-02
1.779497198774703803e-01
9.620710262870688090e-02
3.252982197030993561e-01
9.183002377510723901e-02
2.349133296471194732e-01
2.536080048330752179e-01
2.721321571921032079e-01
7.723400478882569420e-02
2.089974630973509273e-01
2.526126205671538894e-01
1.005170879812358753e-01
7.221153141248183582e-02
6.331338595450466955e-02
1.978725610795966094e-01
4.615565544279238985e-02
2.644722429937814145e-01
6.325293514863529476e-02
2.735363102362018406e-01
4.156346409641389211e-02
9.126014454055807190e-02
7.500581591468577503e-02
3.110745210746345135e-01
9.075387758487477030e-02
3.317877590881885830e-01
2.792354602426665444e-01
5.615744860053670240e-02
2.520695022681853081e-01
2.949756211686704321e-01
1.924496829742856352e-01
2.359312620908263561e-02
6.211214834409087282e-02
1.029330877823270846e-01
1.248359054755591863e-01
2.241633356152624990e-01
3.193469734280956346e-02
4.135138497953405601e-02
7.567920188218622835e-02
2.476116868234620738e-01
2.218436600892381011e-02
2.992096511075213461e-01
3.717316732115347883e-02
2.513055273066132633e-01
3.282429042221547966e-01
2.643194382663916486e-01
3.078684137300670698e-01
2.149533073866508881e-01
2.702498249485838500e-01
2.883059676649724623e-01
2.258303631741312989e-01
1.194300127913532766e-01
1.666402791514723647e-01
3.866024763723418384e-02
2.800601867987485005e-01
3.246610310253576492e-01
4.699738118085244887e-02
2.409071041320502982e-01
2.977370571184262960e-01
1.777694892801487125e-01
1.503820577101174782e-01
2.106627442693430885e-01
1.095325184087587445e-01
2.906082802816927213e-01
3.018226339640440736e-01
6.559895319919087364e-02
2.406310724362070719e-01
1.227564192683539002e-01
2.808821935933150105e-01
1.816701121482113546e-01
2.356870332598595685e-01
1.737721822452260312e-01
1.017901106183467380e-01
2.735838659757797720e-01
5.682598944506138394e-02
1.426953387001929086e-01
2.441418509096159040e-01
3.170667508574769033e-02
1.236381265464698564e-01
6.939258666955283594e-02
1.015353953741671006e-01
9.802761639926634019e-02
9.037500913110112222e-02
5.130564350180505384e-02
1.379072003308430272e-01
1.546471276497098368e-01
2.669930050276541622e-01
2.911978756076295527e-01
2.945777305083923103e-01
3.285116394233001946e-01
1.075081002147650622e-01
7.764915245672218691e-02
1.608360334390094293e-01
7.704545301820582559e-02
1.694512057853060083e-01
8.124797864342152287e-02
4.385560463852317126e-02
1.262616522087497140e-01
2.196163223519506102e-01
2.789986047634210875e-01
5.241764032761395825e-02
8.784477689128061817e-02
5.410082636592912497e-02
3.143239702318867401e-01
2.572955030348983985e-01
3.104216807063639449e-01
1.254314755286195515e-01
3.052762847105423005e-01
2.520750899899672492e-01
1.126261492108489165e-01
1.993170953523110689e-01
3.203443826702995212e-01
6.978765279600089577e-02
9.266552651390515261e-02
3.980961872359910919e-02
7.072720254516484673e-02
2.103437028092890460e-01
3.245114597028649905e-01
2.665259623354639396e-01
3.198344959074138627e-01
6.520883370237225141e-02
1.414563206851437716e-01
8.241661105504738405e-02
2.808270516947234396e-01
4.069808805183160183e-02
2.658769063433913948e-01
5.089642450065818419e-02
1.807440023971255139e-01
2.485247112459441077e-01
3.838039398812453928e-02
7.453757569892614787e-02
1.236017522806309304e-01
3.072519426387981811e-01
4.516683880068707996e-02
1.003785294910836262e-01
8.409271131610782102e-02
3.044223894950775361e-02
2.322568759755795631e-02
2.127139234537570311e-01
1.949821240316033377e-01
2.026506251968482331e-01
7.202590105130246556e-02
7.540164209750267743e-02
2.305097103456937302e-01
5.814420837712867135e-02
2.989128170929906125e-01
2.921093865073926682e-02
2.616227166598205089e-01
1.606072134651667649e-01
8.889347803251340663e-02
6.487652607601201993e-02
2.792651341289925093e-01
2.878131881635844769e-01
1.352665899784625814e-01
7.586245955893940185e-02
5.808617371795700424e-02
5.577036967817820823e-02
5.610656726328294014e-02
9.555727486263199122e-02
2.462865563543876202e-01
3.174565475429838024e-01
2.532716030518288863e-01
2.480612968406952640e-02
9.083866728202294460e-02
9.012752761791410772e-02
1.862085706488382161e-02
2.344941904717352116e-02
3.661564733296267249e-02
3.311618655811974232e-01
2.182679222918298134e-01
2.970838876640072290e-01
7.280999346104252701e-02
3.614012714321845898e-02
1.801285444085712895e-01
2.393213261593277533e-02
2.351109219083855340e-01
6.492093013865557483e-02
6.277335125469593602e-02
1.046961272489482508e-01
1.969497441474431509e-01
1.013903324738468642e-01
3.140838434414273683e-01
1.342635331061309556e-01
2.860562852641117537e-01
3.323298954178400266e-01
3.222659190341722879e-01
2.423116351616100561e-01
2.595772433785679123e-01
1.276514478822936838e-01
2.478155731983965882e-01
2.637540580413249014e-01
6.902405868029967695e-02
1.834248841031555777e-01
2.002865557492970461e-01
3.658706298920407635e-02
1.434722865038698114e-01
3.243904578226731311e-02
1.316629435298059259e-01
3.106929419942159321e-01
4.331338696756859008e-02
6.730354609503008678e-02
3.220570694616174956e-01
1.170977005739057553e-01
1.065905799208159976e-01
1.641574829645879308e-01
1.909890627254621220e-01
3.196513246844599476e-01
3.173881471995105841e-01
3.178369852488788228e-01
3.755153304174272538e-02
8.938593748027054420e-02
3.052646996089235509e-01
1.896954209621186382e-01
8.165673414230191496e-02
2.987085881248184305e-01
1.560680432830331144e-01
2.310234414577197193e-01
2.820889575218988865e-01
2.663349977976536276e-01
2.165385109228473992e-01
3.224862763180334491e-01
7.400937421912039127e-02
1.012343963040860245e-01
1.054046260897344017e-01
1.704034383640892492e-01
3.694503921212707181e-02
4.045949449409512455e-02
1.398064075817304908e-01
3.131152178002843262e-02
8.023781648687985935e-02
4.961598901792387689e-02
1.477212913534842464e-01
2.620709121234952033e-01
3.246686356529741579e-01
2.960718930767561874e-01
2.335391971257877175e-01
1.258194167384202589e-01
7.564831133669280838e-02
6.764133395315544139e-02
7.237097603132792989e-02
1.787812319582586240e-01
4.686106625326064146e-02
8.692030263416730684e-02
1.392873046063053122e-01
6.684702560199658194e-02
8.003564478585951936e-02
2.910801023601415349e-01
1.039572302383108132e-01
2.515087100368135209e-01
3.287612920577350634e-02
2.837700905200397083e-01
1.140755848467943090e-01
2.035919146804148483e-01
7.595152211424184563e-02
3.136496077075027339e-02
6.559878975703253845e-02
1.444964381172906820e-01
3.177421453073130397e-01
5.003017323614500356e-02
6.541219283029651999e-02
2.758862189390074576e-02
2.027620839314877021e-01
7.431956056513217002e-02
4.012138010214031519e-02
3.052768439308909398e-01
2.747882057280554569e-01
3.248198160280271751e-01
1.338441244131583496e-01
7.682299713447812706e-02
2.891186600163578313e-01
2.549425472908683488e-01
3.489737064036477904e-02
1.916046571290533906e-01
1.616763500857820446e-01
2.397624241170904225e-01
2.741247569630456127e-01
1.689733893405948040e-01
2.897253323768838595e-01
1.175667905681571090e-01
2.290078775455379467e-01
2.830744134206297780e-01
1.163077388263073636e-01
3.275686329456225510e-01
2.868732613044960855e-01
2.675785294595594555e-01
1.119844586053607566e-01
1.190004398645090888e-01
2.027023194635959591e-01
4.427007067610228691e-02
3.044341407174802616e-01
2.157059103198301908e-01
2.583753133633030427e-02
2.288110475532293686e-01
6.571189445405621610e-02
2.561095887725189924e-01
1.317009224590255378e-01
3.017533018747273199e-01
2.557320403248681817e-01
2.786175779214952741e-01
2.288293378911170906e-01
2.678927521059155104e-01
8.048119574498498185e-02
1.596556640268138039e-01
1.814717756677898808e-01
6.985733533995626410e-02
1.863553861203079975e-01
6.042567597301982257e-02
4.855094349472289378e-02
1.411082691105775000e-01
2.673332479373046744e-01
1.078115769500274795e-01
2.235797530340523642e-01
1.961911217807550678e-01
1.766134637233667815e-01
3.209691610420084551e-01
3.052191874822219320e-01
9.361882388951142664e-02
1.386997265633283516e-01
1.246887702097268791e-01
2.946795780808792592e-02
3.181315949756467476e-01
2.940596634277205523e-01
3.026053192249050783e-01
2.212802109115986904e-01
3.259591604565481582e-01
3.230392867178750183e-01
8.132238268815959736e-02
3.148945212498661106e-01
9.821162857208085017e-02
3.144523116097966420e-01
2.479012171619271732e-01
2.402622464978561301e-01
2.545941941139650000e-01
1.134368985588117273e-01
2.786810791523016140e-01
6.658518694702110496e-02
5.527673894333320903e-02
2.903998722074100508e-02
1.856497649429386665e-01
1.883009784639763651e-01
1.842823093182568983e-01
2.259743917500113206e-02
9.473086980642735078e-02
6.263548556683912194e-02
