6.719633825460923082e-02
2.836004586569650376e-01
3.181695571571206416e-01
6.459583266123233858e-02
1.802738734769162576e-01
1.342489882249849054e-01
7.346101105126026654e-02
3.260494552591587936e-01
2.117028528197749115e-01
9.648499458007769869e-02
6.156135608704142032e-02
1.675078167155271136e-01
1.003736987627952132e-01
1.228586370173423842e-01
5.533811300272298977e-02
1.350397931964875953e-01
1.197166720762562336e-01
2.084803401821681834e-01
2.700527182554584016e-01
1.921955719514591432e-01
2.341500697374947482e-01
4.227957923856184852e-02
1.630972290788768042e-01
1.719677675182063048e-01
2.301515959858360105e-01
6.855010629223082241e-02
4.537084251287445275e-02
6.874820409383211595e-02
2.830935868166280511e-01
1.767391111930898262e-01
6.783611605513348297e-02
4.256636569514799656e-02
1.183825615629356398e-01
2.481463478170491399e-01
1.940053034809772203e-01
2.263965733293403781e-01
1.053429060355603186e-01
7.504051259280419828e-02
3.064712455484737141e-01
7.716416071591561399e-02
3.187107765058788122e-01
1.447233188838921714e-01
2.072600930942496977e-01
1.115730276447061409e-01
6.981779997748067956e-02
7.888776746698560050e-02
4.615518189472357646e-02
2.896889012924147577e-01
3.160386923863799380e-01
3.236009159510400135e-01
2.985960430415502409e-01
1.411147414632064334e-01
5.867354379715161716e-02
2.965571586507761426e-01
1.631709494628371115e-01
2.643145197378665157e-01
7.015627036815769157e-02
2.522994111856308522e-02
9.725392734358993818e-02
1.762350573173796231e-01
5.647459386636054235e-02
9.500004720657745372e-02
8.597541195326986740e-02
1.545943587107092010e-01
8.112238896199164273e-02
4.871127701675691257e-02
4.620024221843802015e-02
3.219939099694496543e-01
1.774738738457047049e-01
4.916466726478779109e-02
3.217806050163492526e-01
3.008539556361709555e-01
2.152375696348751144e-01
2.978595790718110287e-02
3.578587032148571739e-02
1.857183790718853478e-01
1.358137389515414184e-01
8.923119695795793394e-02
8.076630283423766321e-02
1.645155107388187044e-01
3.267685733933266556e-01
3.369760044894276607e-02
5.169674845687613485e-02
8.582060557744912443e-02
1.611154949358357402e-01
3.247333517351017051e-01
9.177423460894891527e-02
5.607277754156325678e-02
2.189276272147782920e-01
1.100780164974361347e-01
2.112271994329336933e-01
5.092392600777869566e-02
6.996391976463092743e-02
2.052063195684434571e-01
1.014005271895929428e-01
1.419195197800647568e-01
2.814038210586862210e-01
1.785378147708840402e-01
2.220198105451919035e-01
1.994723874390161300e-01
1.426911222875818508e-01
3.132037761146410637e-01
3.240781693450688339e-01
3.267029149050100223e-01
3.151863406065201767e-01
2.556104192578965706e-01
2.223923647231837719e-01
8.760506155439184983e-02
2.435782242081555304e-01
3.155650286843375563e-01
1.589403440610313023e-01
2.297111956025998103e-01
2.208717708796599788e-01
3.283558876942437726e-02
1.956808933151874819e-01
2.833139349079498714e-01
2.206923994710956183e-01
7.413468754596523602e-02
3.031884890263394916e-01
3.140664790782071170e-01
1.822665114100648076e-01
9.451263349631304489e-02
8.213333938176939353e-02
2.840094216868055410e-01
3.913459740046094232e-02
2.431580569939302550e-02
2.051115003723818220e-01
8.539674141289420317e-02
6.996918996360768084e-02
1.033133411647826072e-01
9.324764521531521411e-02
1.840174119013893994e-01
5.212513812334614721e-02
2.270782607334441705e-01
5.283779448165513981e-02
3.389870470681449754e-02
9.928863464492621027e-02
1.390867158799659609e-01
2.644114859679231877e-01
9.724660704771809216e-02
6.031892013208001169e-02
1.409938545685862910e-01
2.465771729515126021e-01
6.679556928708345331e-02
9.797901893282763564e-02
2.807681510336766939e-01
2.588175740371140843e-01
4.584526393747510170e-02
1.022959198033875777e-01
1.208009977628229231e-01
1.563381366021128482e-01
3.199765532204790763e-01
1.263507690032023290e-01
1.093174740222193214e-01
3.176993919919083864e-01
7.924764589272290105e-02
1.616013712459056784e-01
7.881410983156679484e-02
7.483942722005670900e-02
2.984572499197288287e-01
2.383897433140985123e-01
7.927683132360351104e-02
1.859774857630641931e-01
1.122443892705365653e-01
2.322456546384121245e-01
1.026310165943402214e-01
1.575226500680649011e-01
2.157929722237821035e-01
1.127583550142114144e-01
2.481929498652497013e-01
3.948706932185327978e-02
1.445036813716251423e-01
5.742612655411189621e-02
1.748377605204509133e-01
6.350832153581575934e-02
6.013591466769842991e-02
2.953489537622064343e-01
9.522568575898684995e-02
2.236760683759466406e-01
3.050241391908215527e-01
7.966606749645446794e-02
2.444977266148772588e-01
1.485569141374332713e-01
1.027709113198028990e-01
1.012338077156823418e-01
2.875826075882907396e-01
2.898635185070912446e-01
1.375192247781672483e-01
8.405431530419341102e-02
6.973680782571013703e-02
4.573292822876673380e-02
1.920176000672651762e-01
1.080568621143945252e-01
1.077593026876154381e-01
2.819888153839892331e-01
1.633589536669314279e-01
1.920991818926503780e-01
5.786390858983168906e-02
2.617587904652421971e-01
3.019363819919025360e-01
7.169092075167765588e-02
1.418963348593500762e-01
2.932295191448747174e-01
1.706452636570140180e-01
9.279934140785478514e-02
2.518113962349070034e-01
1.142425974926527948e-01
8.159976796629744844e-02
9.787008954495243773e-02
2.752736109049321311e-01
1.702345116607801856e-01
2.913719307666716163e-01
9.300363782530654544e-02
8.147678652793373388e-02
2.813857715270143278e-01
3.039765902563333899e-01
1.461271052715138741e-01
2.102777548114403289e-02
2.483416936234108807e-01
2.271507191679051074e-01
2.771261439232419743e-01
2.583128659736951827e-01
1.524750240652368027e-01
1.193058541371573023e-01
4.131225336007771781e-02
3.025820829841222026e-01
8.102404923076683696e-02
5.460395594118811619e-02
2.050885507861322996e-02
2.954392427032612733e-01
3.037938497168489738e-01
5.703941151723170011e-02
2.897169517428471175e-01
3.179381542412444972e-01
1.724047433098484516e-01
2.493886877980717454e-01
2.785883362406022523e-01
1.812234859208281534e-01
7.747288989275233351e-02
2.864432957914132549e-01
2.169289348757495739e-01
2.988052030025438177e-01
7.783359158364350217e-02
9.616087787639945872e-02
1.411613264893959441e-01
3.206706761083173429e-01
6.785827009161582435e-02
2.860807958022450470e-01
7.222924923481148507e-02
4.795504781485131901e-02
1.657745056851035181e-01
2.696008372103657624e-01
3.260870348130724405e-01
1.229714540099713788e-01
1.395274846333041108e-01
1.672029409100064257e-01
3.172334784810760255e-01
2.932022887179731585e-01
3.177805386793142728e-01
1.671101604750482306e-01
5.646564991686563867e-02
1.407141964732219752e-01
2.443700679743376625e-01
6.797164999136023900e-02
1.009219785238854167e-01
1.492252150089040663e-01
9.222054227640481827e-02
6.651951200249019147e-02
2.851285200886595761e-01
2.188945272518501017e-01
1.904165041539340741e-01
3.018642392080267967e-01
2.517410601214352672e-01
6.824393620981691888e-02
1.853975056872920468e-01
2.367613077898128027e-01
1.990975703120097251e-01
4.077743746638737288e-02
3.907548541606320480e-02
7.646638011213009734e-02
2.576967095875186131e-01
8.729403101881352822e-02
3.126213878215418629e-01
1.980974818666417503e-01
1.316521306799721680e-01
3.090175085532678723e-01
3.131782353872694658e-01
1.937111939812348749e-01
1.485456206192705964e-01
1.865785986912989192e-02
1.576773623129080482e-01
2.340812062811526428e-01
1.207974581692701221e-01
6.261697984296288322e-02
9.733051731814765239e-02
2.631993570618387235e-01
4.503803701693601808e-02
2.342539439039825755e-01
4.472123560975033857e-02
1.514634338254215173e-01
3.403909537115125394e-02
2.870764336091596314e-01
3.037476355957008031e-02
1.001715071372260984e-01
3.221233617255555570e-01
1.458620034561095291e-01
3.110470582746415746e-01
6.575051666034931186e-02
4.251213454672637254e-02
3.113382723263493634e-01
1.138342921483309483e-01
7.674006529444324376e-02
5.939904037651946161e-02
2.022272431926012137e-01
3.144966012776216902e-01
7.259002312766153764e-02
2.899079886738688550e-01
1.853257084384648257e-01
2.387418537038570321e-01
3.136575206916307201e-01
3.061910387566502134e-01
6.824715881322050703e-02
2.309833980313168722e-01
3.071907378913373288e-01
1.963511090773148449e-01
2.074704286974073109e-01
3.204517477891368205e-01
1.728058008216425689e-01
3.127062253872514574e-01
2.484764581144272566e-01
2.997396217990048184e-01
8.776185817003927248e-02
3.095792254363575746e-01
2.505792105988064455e-01
1.641893274558267335e-01
1.981201721338648747e-01
2.444217785993112180e-01
2.120142896899168405e-01
3.643915799278634599e-02
8.220601101230193275e-02
9.211066889687419268e-02
2.832821571913067896e-02
6.499608660681335803e-02
2.448690115459378064e-02
1.653394694220551853e-01
7.516633356593113713e-02
3.360233440933284299e-02
5.232388985918279278e-02
2.965243746829239746e-01
1.820743042706345627e-01
1.571157103137969524e-01
3.080257561162804136e-01
5.100144908877689287e-02
1.393916686416129536e-01
7.585607476189319687e-02
2.754192198561187799e-01
8.824424394156601958e-02
7.831747114101786367e-02
2.691016169905200983e-01
2.184805715496130063e-01
3.063871437654578922e-01
1.561956336557759339e-01
3.272521023957509767e-01
9.746931834786017046e-02
2.301520893218571007e-01
2.204617492479605534e-01
2.093556200526646427e-01
2.472432982553668390e-01
1.885372326728810277e-01
1.514417479570868141e-01
2.142183394253406314e-01
1.807369189326015202e-01
2.779365398423861433e-01
2.906851250170141010e-01
3.177536236467420894e-01
2.344619479224433617e-02
2.414219803870459868e-01
2.109073864144841159e-01
2.195065421874640987e-01
2.185287319801308970e-01
6.175958861488906743e-02
6.351578942369967562e-02
1.041672096857144542e-01
8.849969576371560787e-02
7.815359837141361288e-02
1.795521406506341844e-01
3.127240496368299261e-01
1.934070543170691159e-01
2.307824623672741493e-01
9.428553979196338530e-02
1.592259540762459291e-01
1.016159764739975602e-01
2.632192105016989414e-02
2.658902238626154046e-01
6.421931955513485168e-02
1.606565777380229709e-01
2.597386664918436838e-01
3.078721529093058629e-01
2.681339902230439609e-01
2.555540925728000956e-01
2.523656505392721239e-01
1.253362533666501077e-01
8.893082435444643608e-02
3.211275085387046424e-01
9.765889094770631440e-02
2.425511503617882869e-01
4.135309370341361951e-02
1.388269941980499189e-01
3.807401227374717506e-02
8.304259634514504773e-02
2.671589162326645228e-01
2.984731688135479066e-01
2.512463959623259524e-01
2.931758013970801047e-01
2.662710460410432356e-01
3.846893754658206599e-02
2.679483063136320897e-01
3.072351359432363149e-01
1.231267812908984211e-01
7.882210016477589343e-02
2.139364268208962874e-02
8.002520525327415368e-02
7.123042822541228447e-02
7.360875989410502196e-02
2.169276700574954420e-01
2.018204894257979165e-01
2.805745759299813624e-01
4.180998939617505683e-02
1.518555152579198764e-01
3.254855181148083032e-01
2.234341665558903789e-01
2.889645824896372450e-01
3.230779368124632733e-01
1.229598228985940844e-01
2.639361346368589434e-01
9.617472803235560530e-02
5.207498028932056738e-02
5.579033662528171816e-02
2.991022490243823162e-01
1.983157494592552028e-01
1.523941909896989189e-01
3.271952601311691189e-01
1.172064937602168011e-01
1.407638533431897487e-01
2.248266741936570945e-01
9.079825539786583188e-02
1.801668990537944048e-01
3.206567771774116449e-01
1.466891151797708737e-01
3.132626168897125751e-01
3.069252881885746187e-01
1.991078430794622836e-02
5.541098937838743327e-02
2.093845598517153073e-01
2.985883346150533524e-01
3.090555554258417326e-01
1.100990602302843596e-01
2.752218421673157667e-01
2.892385920772267902e-02
2.994903937919768389e-01
7.781235471492392586e-02
2.072784050448670812e-01
4.877533370288397729e-02
3.257383188244964561e-02
6.474661074646523296e-02
2.805924951995922290e-01
1.960377415649647848e-01
9.051849856595932386e-02
1.330797176769965007e-01
9.799425586769083818e-02
1.692657205665853981e-01
2.855592548205864722e-01
6.748699348201776804e-02
1.428304339288352931e-01
1.722357680801504531e-01
1.635146833663068677e-01
2.122199587964285483e-01
1.915571562893148005e-01
1.999114231445598411e-01
3.019951381812981395e-01
1.160135479852352908e-01
5.907547309341568825e-02
2.490513958113150517e-01
2.421641450805746554e-01
1.978000652029317519e-01
2.613987880112326745e-01
1.924228277315296887e-01
8.164855429098005768e-02
9.160838195938306172e-02
2.569974298757665698e-01
6.202154352262054943e-02
2.499566901898009341e-01
1.650112766060604919e-01
9.814407768763949713e-02
1.143763511993333842e-01
1.560767958702253544e-01
1.236123065324314513e-01
2.909551378017033105e-02
1.149843488639369915e-01
2.184016284888763704e-02
6.058309764834157729e-02
8.756101592732978833e-02
5.254786197417386784e-02
2.596811202659405904e-01
6.122401016715625643e-02
7.232226857972251510e-02
2.679050472055182763e-01
6.950506106038324694e-02
9.315306455360379545e-02
7.055289244813078842e-02
9.174623443923271560e-02
4.443244235225985578e-02
9.294939011760788850e-02
1.687257714753015725e-01
1.121643788425149835e-01
2.989300738661412327e-01
8.754345720865300273e-02
2.887787707056426179e-01
4.085833327152885164e-02
3.139469305264341870e-01
4.355913436736776750e-02
2.375111440200393942e-01
2.673088456237895372e-01
2.044032938952808354e-01
1.797927929870174468e-01
2.191132987307582158e-01
1.321295430992991682e-01
3.069385948377733042e-01
4.185733109791326539e-02
1.368822999063887269e-01
6.915264623991569659e-02
4.946178612133154268e-02
3.161528172509098233e-01
7.683394086740565065e-02
2.157717484282605513e-01
2.601882565240696277e-01
2.149887190724707187e-01
7.446545456401412744e-02
1.397124738973001268e-01
7.418793634253788294e-02
6.682906088998953609e-02
2.298813375600870790e-01
4.537719549845554978e-02
2.373322400730125403e-01
2.463349050655197492e-01
3.149680540551666463e-01
2.497115904944654796e-01
2.123917888700326828e-01
1.787948301915045501e-01
1.345820853821496077e-01
1.329721741164355819e-01
8.357586765738835022e-02
2.808485673557596374e-01
1.452527335555196530e-01
2.790157946175837456e-01
2.273280911467701892e-01
2.115525094328750966e-01
1.904111610910082519e-01
2.211614565071081395e-01
3.674234487609050887e-02
1.487963636829333636e-01
3.126149239498563492e-01
6.829468832737906059e-02
5.535877936305778207e-02
3.146394886683543946e-01
3.187646286051459277e-01
2.218028123779688665e-01
1.799158263348072662e-01
3.242686034160846553e-01
2.853350217608129347e-01
1.058101082900668871e-01
3.251734535991100961e-01
2.595603980294427515e-01
7.795647507000126597e-02
3.218341629026590933e-01
2.045795324291973527e-01
7.873349579216015748e-02
2.636276036021529823e-01
3.183339447367145580e-01
1.829093305253197410e-01
2.644654073735059341e-01
3.108584602641875083e-01
2.897038401352931003e-01
3.002586763205866704e-01
5.342839175545088110e-02
1.735876272083218819e-01
3.089805857040726633e-01
1.613899916793148925e-01
5.100447955831284574e-02
1.672593119314139468e-02
2.787375263932203029e-01
3.050362650519899410e-01
4.914982553374747792e-02
2.971778802462429203e-01
3.808643488610975736e-02
1.685224919659641662e-01
2.723186760527318562e-01
2.930824596519550074e-01
1.211119643438817034e-01
2.203206240969273477e-01
7.442084795326729674e-02
4.052578981989749668e-02
6.863330073227924544e-02
7.317371477540865476e-02
7.056878204577239633e-02
3.122877932049903382e-01
1.777275238323885453e-01
1.132644544037676865e-01
6.816084607464088785e-02
1.271737088646711367e-01
2.848113412549163059e-01
3.241620030627775928e-02
2.842577987138974471e-01
3.246015859340540266e-01
1.686237274307466061e-01
3.149791979470434877e-01
7.298677311178718152e-02
2.976287789199767442e-01
8.304726758568183043e-02
3.173763718424213454e-01
3.145326671372156158e-01
1.974689261935890505e-01
1.252066834280697871e-01
2.656334096015983692e-01
8.078074928951921307e-02
1.774533525581432625e-01
1.235757464291964286e-01
1.484540462527521032e-01
2.877821440589449775e-01
8.457821242322040300e-02
2.815965216795600634e-01
2.775725190850355517e-01
1.818539246419317579e-01
7.842361534640206189e-02
1.260883689735368685e-01
3.630254878757207398e-02
3.513338991223625279e-02
1.583656668568542703e-01
1.605516147585656084e-01
7.346821314043604223e-02
4.454246026524934926e-02
1.537752945141232785e-01
7.668205816012230169e-02
1.833862045060067891e-01
1.431044760064254517e-01
7.477008042041591307e-02
7.643377893982196414e-02
1.109610079689420936e-01
1.016021753540399392e-01
2.231100095839817499e-01
1.077552993098289669e-01
6.235179968772147641e-02
1.738358053851604967e-01
1.757928432605432301e-01
2.733496006082076768e-01
8.927581345462819173e-02
3.880792516970880957e-02
3.197870693754012450e-01
6.440447332562203309e-02
2.298109298184499438e-01
2.602881772313366260e-01
7.133376946182756750e-02
8.666532962026185505e-02
3.014223806296589814e-01
6.596764776161509469e-02
1.962637158045074104e-01
2.482568535590569947e-01
3.230871668784112694e-01
1.704661285932492776e-01
2.875870169534330278e-01
3.076418599462699133e-01
2.239761697895853720e-01
1.218796462614434306e-01
5.584388721652259330e-02
1.010573840367751941e-01
8.945439021630785525e-02
1.685928631626799623e-01
2.494711060043893480e-01
1.487968736167379347e-01
9.435561184889387776e-02
2.001339551585059884e-01
1.805014166769843553e-01
1.294728545103650263e-01
1.293219590126294949e-01
2.590093101958605426e-01
3.089741795020869985e-01
1.712107079288017752e-01
2.740416018613855975e-02
1.729973229167947602e-01
1.421723050466087435e-01
1.816612305330372046e-01
2.118448214700797694e-01
8.377879767604266836e-02
1.862459982093907923e-02
1.044499367836955322e-01
1.630956948881522039e-01
8.426501052211830822e-02
2.064735299853411310e-01
3.197899312474301592e-01
1.446456640435782592e-01
3.143394894786445404e-01
9.350777289334802345e-02
7.842027780917991409e-02
4.219503396871200629e-02
2.232783117443232768e-01
1.691558321359762918e-01
9.792379958458975742e-02
2.974207844058165615e-02
1.573555313125993560e-01
4.268117710689593725e-02
8.985962821897963693e-02
1.079640909454400444e-01
2.194782150102499163e-01
3.205616414654606228e-01
3.248513532117105473e-01
1.478005622076826175e-01
2.354547879668078270e-01
2.542938558053999820e-01
9.731660907562797447e-02
9.620982739111955118e-02
1.246607576375361737e-01
2.348274780228902514e-01
6.703619924500509031e-02
3.452766919080350883e-02
1.005351392293221957e-01
1.777552333638667548e-01
2.681823414299789321e-01
2.402539839329001781e-01
2.351627836828275309e-01
2.082400149774484843e-01
2.521352120825361975e-01
1.141287866186406624e-01
1.233658221628474022e-01
1.347808379514095212e-01
1.053226341833232438e-01
2.334263297242347990e-01
1.851751460924825898e-01
2.223052990056047923e-02
2.755491425431498831e-01
2.594856337546305736e-01
9.282541547770301049e-02
3.572671830453471448e-02
1.659368316569584112e-01
1.964727649217822003e-01
4.417239867233266337e-02
1.783052591116255081e-01
2.981532932487002685e-01
3.233729652861735970e-01
1.075480286629793281e-01
2.748616545878553724e-02
1.178336398830028553e-01
2.965808369756480767e-01
3.143480902251238329e-01
8.452025680173293198e-02
2.339668634427541916e-01
1.167243279232173386e-01
3.068065405271845902e-01
1.619602055489110237e-01
2.532468702355388651e-02
2.509183092191100695e-01
5.411938584112449546e-02
2.759786821394678569e-01
2.522038378805477321e-01
1.404981332354365564e-01
3.334164926858973477e-02
2.673825653249467527e-01
5.939305186680650384e-02
1.229351544983103145e-01
1.838015226387785805e-01
3.161620348901436062e-01
2.330802008266546488e-01
1.305737966334098166e-01
7.928441076046799374e-02
2.589783381471452706e-01
7.220831843198328992e-02
3.041008115598265449e-01
3.174629065947316697e-02
3.209008491566085475e-01
1.773606593629254990e-01
1.954386038063938014e-01
3.138911474164624016e-01
3.066784412461662779e-01
1.437883598453701395e-01
5.303956368903809532e-02
2.326379880750224505e-01
8.218779803980802434e-02
2.110457383724189395e-01
1.513471892451146161e-01
8.898975398286439187e-02
1.159439505505833329e-01
3.271590199756302386e-01
3.162408426435130981e-01
2.333055317705115261e-01
3.258063555089915631e-01
2.246136899223070693e-01
1.817154917637495426e-01
2.448584487700793122e-01
1.690009215706999579e-01
3.266497515122019912e-01
2.938972675918566924e-01
3.087996422592534373e-01
2.574249232209034899e-01
2.008475831549252355e-01
4.960919315347103037e-02
2.050226337535324406e-01
1.334870530704224123e-01
2.966009471531418917e-01
8.569992628020148273e-02
2.514339716224457955e-01
1.154633360883662030e-01
1.503232473509787670e-01
2.397396331737602360e-01
1.241363684031634301e-01
2.206844782723373088e-01
3.221896641415949447e-01
1.224316639181533134e-01
1.814311986419494538e-01
2.179578115468383814e-01
2.696405527705171279e-01
6.243254847573221494e-02
6.845725166832319908e-02
1.879529588401502027e-01
1.783033198445539425e-01
7.998541247945617494e-02
1.079614191850320620e-01
2.898595381456290920e-01
2.685061912909246229e-01
3.039682425840227742e-01
2.973831266127028305e-01
3.693003654616734688e-02
2.094604968642699017e-01
3.674893924255145938e-02
2.723412587015167641e-01
8.348767052890779250e-02
2.887573202486111157e-01
1.574950212876708444e-01
2.807774831373477387e-01
2.125786876210702669e-01
6.881905557642360727e-02
5.035966800430481671e-02
7.786701764756578936e-02
1.283532964039453550e-01
1.881677973853109476e-01
6.545942753213665477e-02
7.243966803464828297e-02
2.507152815665428247e-01
6.281007728950607771e-02
1.842162127619276224e-02
3.206980869887373076e-01
1.126921156958627240e-01
3.170842268935822883e-01
1.015586708970151325e-01
2.803652015343711112e-01
1.519562440506791456e-01
6.702314406514454925e-02
2.230862816424733219e-01
2.316326093517133977e-01
2.404908251000329733e-01
6.499355360024824946e-02
2.897135782909571744e-01
1.772241625315116864e-01
3.084569130803058723e-01
2.064908017441376975e-01
7.317126223627147541e-02
3.952523752672456453e-02
1.369682146011531598e-01
6.509741380256045540e-02
1.838045977282718180e-01
1.511235443462117800e-01
2.758803398815529717e-01
3.038467482157231614e-01
7.415551151460263168e-02
1.082842725678499346e-01
1.252286717148111683e-01
5.335900200344800837e-02
8.938600494426120202e-02
1.336487492483979522e-01
3.143261132925646573e-01
3.020617796552676482e-01
4.149682271568038566e-02
1.233710501331956866e-01
2.746257153441966636e-01
3.149058786766926743e-01
8.475699315875098727e-02
1.416134674198800403e-01
5.445243533586800050e-02
2.961344041877441158e-01
2.947377981738005109e-02
5.582041896548487619e-02
2.432721980369736137e-01
5.652796750186621366e-02
8.031807940963472947e-02
2.451898752812536539e-02
6.912416525564799019e-02
1.523188716279734178e-01
3.154520079483073558e-01
3.126951191909060901e-01
6.651046082405229209e-02
1.154446621910739518e-01
2.323063998142751441e-01
2.586073562343322793e-02
1.762976030098833413e-01
4.454635225298136242e-02
4.956579544635760642e-02
1.439087969338596062e-01
9.178598351128325339e-02
2.707059582389365615e-01
1.504311136082430722e-01
1.443745046665180498e-01
1.703973826914498280e-01
2.358390376122873888e-01
2.710371019653376456e-01
2.668446207457090269e-01
3.004974108354919321e-02
2.051122366943760322e-01
3.839070869479926235e-02
3.181999153421509741e-01
9.992985416303418189e-02
2.727872409173373036e-01
1.607408006326981054e-01
3.234994217153090434e-01
1.834847712410082876e-01
1.560944060150794011e-01
2.257901432784651385e-01
8.258765399152462328e-02
8.228664058270890314e-02
1.672430672284624387e-01
2.634930135344814781e-02
2.326373452455579305e-01
1.251595536670528364e-01
3.665037845107137204e-02
2.013769984585590533e-01
2.983279273966458756e-01
2.716043089724653470e-01
2.673205140002178348e-01
6.929502995392036735e-02
3.202051997926095850e-01
2.212668437135743849e-01
1.364137213765904966e-01
2.045500654844086552e-01
2.436103573024362146e-01
3.143555941570024825e-01
2.697591801292627545e-01
5.019563477590494732e-02
2.314739079579118120e-01
1.448117382639171336e-01
1.883243588701070670e-01
1.462668152054039106e-01
1.631293528434668294e-01
3.244515935918504956e-01
1.187615782546004584e-01
2.014953125775208187e-01
4.735555575815492829e-02
1.008404504628224868e-01
7.818317561073744038e-02
1.659394294175168261e-01
1.415145696907967321e-01
7.614694089295029333e-02
1.898802440974619588e-01
2.181843388661094119e-01
5.931205464294880131e-02
7.416813115269199619e-02
3.054757229393598728e-01
1.639046289372736998e-01
2.361724817341759042e-01
4.850512665537485418e-02
2.805675198173118168e-01
2.778661254313214979e-01
3.025300737809374363e-01
3.654942396523746390e-02
2.545042108471987641e-01
3.071916970100692090e-01
1.114622763852048531e-01
1.662750652590418154e-01
2.670247916016822431e-01
1.445226511775258571e-01
2.406787549448586583e-01
7.319389174623519567e-02
8.289714981116103054e-02
4.702723868076484626e-02
1.568320865088834448e-01
6.370330223077225185e-02
5.196633736397305442e-02
1.854432703501226742e-01
3.251629773141317403e-01
1.081298148230109279e-01
1.654971602955681576e-01
3.013199093098725689e-01
3.216301078777555333e-01
1.600021891865815449e-01
4.909015842974020355e-02
3.067703786005869238e-01
3.086892849307474318e-01
1.175655155506905303e-01
2.650143614785506196e-01
8.720262687276743307e-02
7.499509233669938990e-02
2.953194167246416257e-01
4.449770221911009127e-02
4.189737791356297480e-02
