2.903066532494251728e-01
3.237049466849921675e-01
6.081695498727390098e-02
2.109179393810021730e-01
7.654443083214847177e-02
1.949006904695407549e-01
6.400232791339970084e-02
1.782085296219776405e-01
3.276876108756626022e-02
1.636406411734332156e-01
3.398299032300842182e-01
5.415503678576618490e-02
9.274891889962123825e-02
5.696243508105558462e-02
2.563991084824623345e-01
6.040675870062452851e-02
9.536977958419463886e-02
1.915023951635441424e-01
2.920384695721383594e-01
1.624082885442529045e-01
1.233081991728987165e-01
5.267257233862335242e-02
2.287287717788506758e-01
5.410963207702727124e-02
1.940488445227182002e-01
2.778352667370246887e-01
3.377330922945972480e-01
7.483489152678783618e-02
2.865052547954189399e-01
7.190489748500643319e-02
1.051480088420032044e-01
3.206242459947969414e-01
2.995718984518706551e-01
3.355991506992340168e-01
1.868975359182599716e-01
3.271406705481589294e-01
1.138715795040355500e-01
3.220390493784565100e-01
2.819677797077649872e-01
1.558810531136366195e-01
2.764306647592136290e-01
8.855547190679832759e-02
7.419515213099578399e-02
2.142319695561389070e-01
1.313458415704518989e-01
3.300515599207993200e-01
3.268968775883636657e-01
1.200579937179525047e-01
1.335819411912660404e-01
1.922353225009796052e-01
1.254169026901084116e-01
1.745381402919073399e-01
1.611465886865802999e-01
1.903642274500656761e-01
3.015596812326101772e-01
1.680471844736984854e-01
8.483886769803949957e-02
1.943846017801754977e-01
2.558608738861890552e-01
1.033900789641829104e-01
1.271433265649359323e-01
3.220669928989658426e-01
2.622914349952188973e-01
3.277398126637121600e-01
7.724777855339133581e-02
3.211063398992529683e-01
8.180772468574105949e-02
1.608224497551671295e-01
2.810294919109024847e-01
3.137775034376396044e-01
3.282420687717312324e-01
3.012916779482715524e-01
1.118756176479964032e-01
3.145230980105900853e-01
3.403987718128740902e-01
2.238984952779790871e-01
3.128536038858517609e-01
7.357474582339078306e-02
3.144724583649879390e-01
2.032883179229030002e-01
1.725521619444639054e-01
3.199975678084557851e-01
1.772425093504629012e-01
3.212494417953316583e-01
2.556109380660883668e-01
2.463489663878869196e-01
2.901649943967573586e-01
3.299937602245522905e-01
1.460126730728156796e-01
7.170314623223657258e-02
3.195976785293834221e-01
2.162676037179856181e-01
1.616734177023775310e-01
3.092222667992665097e-01
7.581531272235604579e-02
3.327062057588912602e-01
2.953650218126140925e-01
1.079428480741847080e-01
9.328799777069310406e-02
3.203298788085575666e-01
8.378802891032147149e-02
1.148158063346956248e-01
2.843230123519013830e-01
3.314853570165318675e-01
9.962878456908057234e-02
8.013923819820142902e-02
2.135623132532041002e-01
4.934082494314468575e-02
3.199284721919919416e-01
7.403882478729119365e-02
4.099482888519730139e-02
1.419364435709930261e-01
1.659724344828089337e-01
7.061270903385379050e-02
3.374328031598337052e-01
1.969529182061177941e-01
5.120880315483818807e-02
7.641772270126688527e-02
3.130533112920118044e-01
3.033323064879520081e-01
1.312474315885992782e-01
2.650991069000381284e-01
5.677507595168398979e-02
5.052917968877742444e-02
1.134939838576768528e-01
3.458557756750164913e-02
5.149544323264611256e-02
3.329994697617493782e-01
2.194249362895292488e-01
3.340473319737501945e-01
3.325594997251871687e-01
7.282475220011773442e-02
9.752839075758358567e-02
1.744048963204715141e-01
2.998830839833447892e-01
3.141744657423805598e-01
1.291747222331856015e-01
1.961434993183572839e-01
2.090022845358086578e-01
2.349538286264774012e-01
2.411396541710271457e-01
1.995468812418516591e-01
1.957218554790595144e-01
1.877393751870773397e-01
8.448755296542534432e-02
3.387970246474387714e-01
3.386506006542144842e-01
1.384638714684633121e-01
1.501550945404246384e-01
9.614785382703536221e-02
1.680824272718419721e-01
6.876332143832507293e-02
2.936940027436231726e-01
1.042421029755123268e-01
6.771323152614061591e-02
9.491809564003250710e-02
3.049819605169935000e-01
2.887712097536791478e-01
2.730666952569544281e-01
2.513233195230846206e-01
1.513655052321016825e-01
1.607894135975562744e-01
1.552119461585767524e-01
3.250502278490717267e-01
3.070367455025789227e-01
2.731692082605424732e-01
1.010499449978672221e-01
2.847035624871281922e-01
1.779261175528186190e-01
7.344023126916029987e-02
2.214320198617574231e-01
3.715853854759693792e-02
2.396391103186858440e-01
5.467636298163380121e-02
1.118448214397397972e-01
3.183665344446310469e-02
2.162876228064112838e-01
6.062306390754946400e-02
7.501947903309100218e-02
5.477730659863477153e-02
1.552681794360141754e-01
7.707979625744648677e-02
2.030295448986225992e-01
2.317689119946337306e-01
1.611162103061090645e-01
9.451442847011792825e-02
2.577689580827599025e-01
1.364595932413127932e-01
1.338814980421412226e-01
3.104714875409032016e-01
2.810516085322513624e-01
7.059520563297376483e-02
3.280576701145246354e-01
5.183013879537590185e-02
2.678358964197155578e-01
6.804194883992184528e-02
4.791365735616318761e-02
1.482222500932933451e-01
2.518040005001292991e-01
3.244261834129194000e-01
3.219038605615522908e-01
1.983158524958956725e-01
2.995985767687451284e-01
7.821536746902656156e-02
1.822868999841530946e-01
2.413180934060408234e-01
1.525379855975408927e-01
5.801691688586742973e-02
1.483024702337367995e-01
4.199957661501622225e-02
2.485703632707447763e-01
2.100116363088140314e-01
1.608968469917427535e-01
5.368021484375083696e-02
6.437658668587611932e-02
3.122671776009830480e-01
1.936984691200449027e-01
1.726427880751240374e-01
1.447213281043309430e-01
6.768639690571040535e-02
2.469765307762795958e-01
1.438427978056986412e-01
3.374986975199532613e-01
2.139014459231934895e-01
2.162690639084897948e-01
3.328467509030907934e-01
2.321293707483001179e-01
3.333018994046089700e-01
1.690109122502017613e-01
1.593173186345568926e-01
8.916148526787186224e-02
1.369724643447947643e-01
1.621438447929980375e-01
3.229450485339067645e-01
2.616133000253388352e-01
3.230423141657428610e-01
1.386076800553480703e-01
3.081917229695972926e-01
3.997108322455827922e-02
3.349609151180499844e-01
3.029376488391838929e-01
1.656370226419430769e-01
3.091495677940905296e-01
7.962830958947499094e-02
3.394860891874534325e-01
7.584573317132314862e-02
1.813891165459141364e-01
4.036001885957083563e-02
3.861016755998387950e-02
9.305693566831793606e-02
3.084223326029436607e-01
3.234730706406548917e-01
1.841484950346384264e-01
1.363190669838738600e-01
2.333168937727409520e-01
2.059343069092761380e-01
2.188797800624872891e-01
9.558319887559768580e-02
8.092854356783413250e-02
6.606266442690517104e-02
1.077177860382612651e-01
1.904665812662398316e-01
1.807447419502064834e-01
2.454059163694128354e-01
2.916601729273697874e-01
3.147065603306000714e-01
1.716102226965788569e-01
2.678530259927623391e-01
3.015864477626463702e-01
1.270588364581840546e-01
3.143485923917422875e-01
7.525066601008881251e-02
4.307337899868555336e-02
2.083331817709167255e-01
2.831349209886026563e-01
7.372753607545264043e-02
7.288118208727205338e-02
6.265773773528489354e-02
2.687680386255258957e-01
6.118233608253579453e-02
1.492710132930337719e-01
2.291218864716492998e-01
3.243983991493412655e-01
3.175333952292808126e-02
3.031835306904405170e-01
1.479874997417816584e-01
1.545885989139526295e-01
8.254975491606421356e-02
7.581780484235647877e-02
1.276252626666502799e-01
7.706654039084727403e-02
2.448666970219803563e-01
1.025933947109364114e-01
7.644758835457249324e-02
1.708822501478559630e-01
1.218366815031172584e-01
3.113280926654367620e-01
1.182420565791132694e-01
3.259864688001528066e-01
3.322677697194227897e-01
2.363869189854342634e-01
3.357297773061008184e-01
1.163446180440499411e-01
1.660209988482236609e-01
1.598428803180959590e-01
8.985772192899270372e-02
7.716530229909332461e-02
1.800207262662447405e-01
2.015380109971384170e-01
2.835956444819449085e-01
2.824767872655297163e-01
7.196217988557830625e-02
1.130194018096899733e-01
2.993750752941320425e-01
1.296467014666261575e-01
3.286605998040437737e-01
1.346838807565605145e-01
9.082806192833564607e-02
2.463639127720063382e-01
1.352108415474284897e-01
1.000890165933202847e-01
3.151177087502510243e-01
3.716399943632588132e-02
6.507117288298913671e-02
6.725355291148070458e-02
3.395752510367528454e-01
2.202538346552948834e-01
4.581779022817444869e-02
1.057740751085541608e-01
2.883828019197387516e-01
9.308369119205790743e-02
3.219036392985255568e-01
2.996163499940546204e-01
2.846269909271722520e-01
3.268638777762571945e-01
1.247171739067601121e-01
2.967340473291057434e-01
5.422363293244684274e-02
3.184924634816131417e-01
8.062472945238426114e-02
2.278737821260379548e-01
1.744134060657180352e-01
1.126574206765802999e-01
3.059181879436247420e-01
7.898352072014359904e-02
1.287523811968925846e-01
5.290767472673440358e-02
2.756405463978563453e-01
6.087090723219729105e-02
1.471667595813922480e-01
3.334375289643610740e-01
1.820928145687074895e-01
1.320891074976796309e-01
2.226776225507576534e-01
4.002954143600699621e-02
2.072156184742419138e-01
2.322033267880827534e-01
3.167002402641116432e-01
1.890299997253452047e-01
1.644536635350819231e-01
3.154838535808832806e-02
3.067563371840262842e-01
2.664792617451448575e-01
7.495546325035522262e-02
7.080697327101742600e-02
9.565836991465533068e-02
2.048506594642995615e-01
7.961408988289786492e-02
1.671759091309170664e-01
7.825516891171543921e-02
1.786722842409348422e-01
2.554931754132127586e-01
1.657675451997049909e-01
3.063394618164570482e-01
5.091284363963335946e-02
1.061300311825108394e-01
2.558529331937123286e-01
3.010406938863448012e-01
2.886567998609744778e-01
2.745429097361949955e-01
3.238126468313575201e-01
3.035284673516356335e-01
3.033897592735368964e-01
3.344152433774385536e-01
6.515684910196012369e-02
2.339510031695359038e-01
3.039901493117219133e-01
7.462639353074919379e-02
2.602208930029253908e-01
4.706779477422186331e-02
3.128194813770893701e-01
2.868708133777312930e-01
1.114794043113902927e-01
2.749768466104858811e-01
1.599623370226313790e-01
2.724469283882262616e-01
2.993323433088838081e-01
3.610175703490521582e-02
7.745782471243427281e-02
2.318806287476368744e-01
1.216345128831142208e-01
2.098262035117318403e-01
3.066880261668192276e-01
6.324869722631960844e-02
1.376861986257933157e-01
4.814419467025309735e-02
5.671103214129810666e-02
3.046614463449243693e-01
3.333542136918382637e-01
3.062584838792580810e-01
1.844113436324278654e-01
1.321580882109213706e-01
9.602539423685201025e-02
1.799647748843339889e-01
2.345254437990106633e-01
2.049243419481454609e-01
2.195086313108585707e-01
2.649960980169877578e-01
9.145857452412972655e-02
2.331761060727733648e-01
1.082344554942330228e-01
2.681079552037077818e-01
4.320558861697990083e-02
5.131629086997741701e-02
6.812365556683268319e-02
1.250989829773677953e-01
1.251394553541428367e-01
3.070132834435905234e-01
1.779813562791888182e-01
5.286888634827070083e-02
2.157616236343846694e-01
3.297568692730602491e-01
3.078210807179614372e-01
6.313302815794061273e-02
2.136919038655351599e-01
1.706386637695626873e-01
1.362905433274029798e-01
2.404460948128725462e-01
1.769127468062901276e-01
1.319433710448115471e-01
1.529316234882882042e-01
1.644753064093338046e-01
2.483677893257155433e-01
9.418035405377871150e-02
2.296057013779720102e-01
9.996587312004501236e-02
4.626512210603453412e-02
9.726406942099354025e-02
4.147932510097077780e-02
8.207624669482176116e-02
7.675429992122234646e-02
3.232349792648753217e-01
2.232181959664493731e-01
2.745413404747945596e-01
8.064306387841271850e-02
3.290710933615357409e-02
3.498208974121285592e-02
8.197678714418787926e-02
2.363817415626142671e-01
1.703976437759017748e-01
1.380649597872740941e-01
1.296266938241116551e-01
9.654186614259954724e-02
1.235986952393309107e-01
1.643141965353824285e-01
1.974599305099270508e-01
8.372769758973384879e-02
2.955655986706808847e-01
1.597067948162433915e-01
1.930571085121811914e-01
1.058234666267818674e-01
6.541103383272557636e-02
2.683211216966734369e-01
3.359949349157109189e-01
9.773816762785741963e-02
1.728807941886804922e-01
1.611116386553278490e-01
5.082248483136904416e-02
2.081718563638823016e-01
9.010721979638776358e-02
3.119767875166679638e-01
2.390103594129066034e-01
2.530435332943384297e-01
3.027100295151844978e-01
5.670615133741687547e-02
2.681843816552202941e-01
1.087030555681861993e-01
3.341319419554079628e-01
8.172602200979012244e-02
3.333284661643320934e-02
6.853905523836845148e-02
2.199441678730229277e-01
1.596583670825704737e-01
1.970441185224745262e-01
2.896719498394497924e-02
5.895886316884051820e-02
2.195712095471097636e-01
7.620532045656316922e-02
1.621150771709049809e-01
1.537293990435189550e-01
2.405754422537790260e-01
8.875018898835933256e-02
2.019170614197456082e-01
5.580040734772392930e-02
2.539193192310961189e-01
3.274574246491231411e-01
3.275012323711095075e-01
3.048724650100013145e-01
2.701387917992831844e-01
2.437764035244700256e-01
7.527895431841506724e-02
2.438561104010838754e-01
7.907052513623694101e-02
3.230175693004089799e-01
1.295883413627430536e-01
4.443767367819730085e-02
3.059212144400221822e-01
7.714782679437336144e-02
8.592060197406881095e-02
1.233194724599163544e-01
5.283074054748265053e-02
2.208635793350883780e-01
3.165015798199714570e-01
2.526380326798344789e-01
2.924048363643159260e-02
1.793269188297544336e-01
2.126595504482570176e-01
4.262923708172902670e-02
9.532320781942657528e-02
7.479698857404504242e-02
3.184761530499501947e-01
3.021197537717102977e-01
2.223798385203247518e-01
2.767122573342892800e-01
1.622782841115817665e-01
1.136891763023573504e-01
1.768216400579196157e-01
2.277529244345184722e-01
1.045033394697139628e-01
8.986896275080084873e-02
1.938187932047264195e-01
3.393730518422255482e-01
1.121565106274593770e-01
3.358116798795637292e-01
8.507809831040950843e-02
7.350205441265754425e-02
1.613250337201496132e-01
8.210182260855042324e-02
1.651491363930428502e-01
2.855491549520031702e-01
2.958941175285129677e-01
1.491065463393304591e-01
3.043536537608061698e-02
1.390035858330974650e-01
9.865668581015270278e-02
8.026245707384163652e-02
2.891120713669402820e-01
7.180627063904569674e-02
7.684301570672270876e-02
8.207960575414287308e-02
3.335413111112821016e-01
2.789681926589310246e-01
2.537109260736789551e-01
1.017067200765179313e-01
9.124638345190959343e-02
8.442670307638254490e-02
1.035254049054031983e-01
3.264382485006664392e-01
1.304714774191558790e-01
3.282995445234627718e-01
2.312196555528981123e-01
2.654154915824685212e-01
1.118135707674842855e-01
7.443742547426608624e-02
2.672574202032633114e-02
5.564391980224465961e-02
2.635987152806628098e-01
7.610195384769635751e-02
3.140348893776549466e-01
1.802314159756427669e-01
1.719224349258548779e-01
1.760539237131910906e-01
9.585040991039307789e-02
3.311702839476711180e-01
1.689613983823664012e-01
2.414156214226241548e-01
9.284993106668824880e-02
7.486328687378791813e-02
1.196004407959792154e-01
3.285376184024561552e-01
3.258470772307159313e-01
2.245339805727633309e-01
2.267300848372074407e-01
1.262980607087455520e-01
4.058942381187344989e-02
1.235628875213006794e-01
1.034304318517445809e-01
2.857507102792822273e-01
2.905615294908974189e-01
2.749048980022181787e-01
6.232504959634223296e-02
2.222893298628785541e-01
6.370680245310809953e-02
8.951297501214225405e-02
1.968317957684255770e-01
8.007012901664446736e-02
1.326763644433223421e-01
1.415408734601102947e-01
1.533966555318365954e-01
1.354874085330353695e-01
2.811508344348377653e-02
3.091649656138735214e-01
9.769948684683014972e-02
2.146629711403964524e-01
3.182655363557106432e-01
2.837247341985656979e-01
3.303751001001842824e-01
1.926769806483918934e-01
2.537212958681390740e-01
1.052093088966272183e-01
1.062597549558594034e-01
2.705289497835658419e-01
3.053712512863655804e-02
2.927678141827960157e-01
7.393412704904467336e-02
2.838091856698763404e-01
2.791726853513558648e-01
2.885926462164974393e-01
1.120901876715062057e-01
1.037854584042711553e-01
1.843900265804524763e-01
8.571686049667756602e-02
2.427868913426447783e-01
8.738886904177876891e-02
7.494973931172221882e-02
7.766022568823434391e-02
4.037409361492168280e-02
1.263730240745097599e-01
6.445772274673373936e-02
2.894450285237299414e-01
1.267440987365361926e-01
2.548675934203237792e-01
2.254040626436408512e-01
1.211561135230884989e-01
1.441148539637139570e-01
7.253012510988279815e-02
6.200662289044687331e-02
2.967209786344533473e-01
3.251385811929373149e-01
3.089486226290180104e-01
2.879504198187866071e-01
2.249593175627126185e-01
1.462604859032068938e-01
1.085488464108506496e-01
2.745883776494720818e-01
7.286058883756674209e-02
7.957137702692958225e-02
2.895418110506410847e-01
1.886040089881610149e-01
2.702096042048107716e-01
1.801878085225200044e-01
8.805637422064813147e-02
5.720997624163481204e-02
4.618758787764873364e-02
8.084904004370464803e-02
2.644997563365199533e-01
4.856697814215510389e-02
8.526118165815495253e-02
6.678780625680735827e-02
1.619232281061240286e-01
3.342008637239494706e-01
1.938482876034723634e-01
3.329982768492630862e-01
2.023973212475935479e-01
1.884824176918346028e-01
3.290975987676606485e-01
2.978403554666680386e-01
6.654172141310125965e-02
2.924416027928843365e-01
6.669621906618684870e-02
1.835954150239050287e-01
4.301965938150732055e-02
9.164037024928302355e-02
3.077931783171298230e-01
2.708585234853376211e-01
1.762529894377448392e-01
2.432669589890993911e-01
2.922460640559031847e-02
1.580000258745219710e-01
2.975616549114040166e-01
2.458441152228945659e-01
1.505162574105748940e-01
8.163598802086363682e-02
7.053355196227746593e-02
1.969988934841713779e-01
9.764712949331892655e-02
3.228241169669812671e-01
1.501067563990566012e-01
2.085184638338404561e-01
1.316270021462454531e-01
2.503616594729834444e-01
1.066048403366149089e-01
4.718382659486289321e-02
1.761178111456235540e-01
3.267378409824771568e-01
1.795876241922537697e-01
3.358413738774016499e-01
2.917768179361905911e-01
1.238540999584210045e-01
1.336293151770922838e-01
3.195199123744932312e-01
1.784117972407170405e-01
1.674850867761669138e-01
8.145584377058728842e-02
1.541524500419507171e-01
3.257707954803041317e-01
2.423309953213039769e-01
3.055235981072979556e-01
4.904214667257576765e-02
1.560105570720428381e-01
2.611639626149899751e-01
1.551277584524888287e-01
9.615747504132371448e-02
3.071055709419348578e-01
1.829285214300297446e-01
9.975759827648902900e-02
1.976796504979172753e-01
3.563757193919397936e-02
2.835647345691468812e-01
2.132494880425713779e-01
2.157080606545461188e-01
6.034294667613691182e-02
8.320862104219879651e-02
1.117786749355315912e-01
3.310298017480796662e-01
3.619211957337631347e-02
3.024696287217731872e-01
1.704077140387822153e-01
1.243393261487137913e-01
1.420016892838734113e-01
1.070347487931040259e-01
2.328775543214161858e-01
7.783213826810277125e-02
3.224912204876885791e-01
2.167671672933348392e-01
8.245569113091127944e-02
2.669149523461911144e-01
7.434667552243634514e-02
2.483871262841870486e-01
3.191252904183394801e-01
3.333271166885574677e-01
3.372363274288024959e-01
1.731177580284269379e-01
6.411268489365380685e-02
3.630410286698072114e-02
1.289509162369686379e-01
1.470198585196138552e-01
2.541579991470849786e-01
1.007863741918057776e-01
1.181598776442278759e-01
1.043988995470943454e-01
8.799745257727084602e-02
3.361148746181159136e-02
2.826234126943582003e-01
1.456843406845937106e-01
9.249565643152447836e-02
3.135360017624182483e-01
2.900252863451818763e-01
3.033661540851507743e-01
2.310302363689588634e-01
2.764299171502352936e-01
2.978376648406626526e-01
2.558958602603918497e-01
2.468385487771644071e-01
2.099709697522545992e-01
1.424073436279723881e-01
1.812356061735347634e-01
1.201470664976166530e-01
1.040114545635089371e-01
2.116215939050030137e-01
9.945806523131617283e-02
7.783235090332973893e-02
3.316604088108918713e-01
4.838454528998860360e-02
2.610984975377257378e-01
2.328863800352021785e-01
5.806124585888168543e-02
1.467425187825851796e-01
2.232360940865518451e-01
1.036342720541326701e-01
1.265754957759997468e-01
3.169392594014742714e-01
2.799017782553450684e-01
8.704569432682385255e-02
6.999097589466853064e-02
2.637167387166552412e-01
5.039385927401448390e-02
1.978309633426418024e-01
8.063063338133615032e-02
6.363548978222237362e-02
9.089524714547023154e-02
3.107900980622899656e-01
7.444306435414770051e-02
7.247615178169850014e-02
7.510802713405370645e-02
1.535223974987628137e-01
4.937193383690684917e-02
2.923756706930277227e-01
2.030562177923215250e-01
4.184033064954230385e-02
3.241220587543020004e-01
2.940059447875013054e-01
7.587673176875595060e-02
2.378123918433160955e-01
3.011547654412253250e-01
2.100126153034089782e-01
3.274770977687210260e-01
9.065038176620969501e-02
2.615408892852268408e-01
4.628160695581478440e-02
3.266412064129864956e-01
7.993929254969267539e-02
3.309904652746368803e-01
1.717002900197343307e-01
2.164489422980153954e-01
1.778322274420109095e-01
1.656886635644111982e-01
3.324084601672682160e-01
3.114095926758939092e-01
7.819890925594437381e-02
2.902909691332001829e-01
7.801354764914864015e-02
1.809081917206655510e-01
1.943244048101366028e-01
3.281394564368414479e-01
1.302128243939064678e-01
3.200175453296073558e-01
1.007302714913625025e-01
9.312763384395683630e-02
1.121241596804427587e-01
5.849352652484025167e-02
2.577646117108574053e-01
1.527761088196889772e-01
3.619464893482370743e-02
2.774754059405497575e-01
2.454154324766394391e-01
1.697153436286344963e-01
1.075702285232337518e-01
2.265717965822422741e-01
6.968445621195522299e-02
4.482754002030253648e-02
8.467864037557548684e-02
3.074360386343970020e-01
7.537057005459847636e-02
3.501635484103043927e-02
1.448118748061579253e-01
7.220107553360827213e-02
2.760593668897218800e-01
2.134024243245480623e-01
8.255027486696939198e-02
7.498753871249240477e-02
4.487985478753944713e-02
3.338000481422171983e-01
2.081036687782276684e-01
2.540043615275582867e-01
1.142919642675527536e-01
1.898609587856167347e-01
3.315264344964356513e-01
6.777528874467853015e-02
2.759073561313241107e-01
1.045889180865784279e-01
8.364761497935215007e-02
6.857578805131273048e-02
3.045465916366550951e-01
2.466717914530282829e-01
1.136228359674549271e-01
5.959615640133655856e-02
2.414608165320295541e-01
3.148343670176090847e-01
8.100327909290393202e-02
3.107557161124927525e-01
7.062130513705780488e-02
1.294166136804867362e-01
7.258918951215226345e-02
2.731454199491826773e-01
2.119813004825367719e-01
3.401211236035229235e-01
2.064808990428987634e-01
1.656781358608380161e-01
2.527596864261010268e-01
2.471779663096480562e-01
1.770538950783777377e-01
1.843628316390900634e-01
1.176606924776843061e-01
2.648874392484346085e-01
1.421495714168575786e-01
3.376200729406949597e-01
2.365162773974394672e-01
3.008727673043845585e-01
1.996031041333247713e-01
3.162688476482583000e-01
2.071268534289904262e-01
1.709757955411489727e-01
3.290042393642783614e-01
2.986340173309462998e-01
1.636927530751570159e-01
3.010867798736763246e-01
3.160794515260487159e-01
1.352229716573789542e-01
1.015821964259370769e-01
3.136400898019019445e-01
2.253469171336399401e-01
2.875541620295938849e-01
2.426928002220342384e-01
1.142480487520794313e-01
3.228468960505851970e-01
2.126999143996062269e-01
5.392550284860345156e-02
1.888782027426398891e-01
8.999933660113133838e-02
4.639163918177840323e-02
1.359331024721947001e-01
9.632965149182176612e-02
3.194696215716574805e-01
1.464257961275991227e-01
1.469481683622938517e-01
1.695609132388966600e-01
7.461031030135098496e-02
2.672955735964316903e-01
2.529134086075594534e-01
2.019694412281852480e-01
1.974821423104229090e-01
2.141851251724718463e-01
7.451887065083520612e-02
2.831488710621181126e-01
3.239159926846069126e-01
1.311186780316066502e-01
1.863406122322446568e-01
2.624501519372775538e-01
1.162142371443772026e-01
2.502324913886950219e-01
5.759241684609350126e-02
3.210394350243707673e-01
9.357085554553400131e-02
2.661342235809172063e-01
2.927610087835416652e-01
8.492435066689996148e-02
1.073980949830455334e-01
2.651613314362926688e-01
2.653088552830626945e-01
3.131793895027690788e-01
7.618640280019962907e-02
8.823900253043819031e-02
2.285467719321424840e-01
2.277303732077879672e-01
3.203059889830194851e-01
2.556290813142738649e-01
1.784203922872356352e-01
9.257156688451446958e-02
1.191312540027528316e-01
4.298971192237339978e-02
2.584832932671182748e-01
2.038149727427490676e-01
1.499577021545645539e-01
1.179795417866781049e-01
3.371954282588654483e-01
1.112803378398248555e-01
3.106634500734779536e-01
8.261285969485625269e-02
2.030763839764032908e-01
1.743777138200654220e-01
8.485343456509385207e-02
1.684965052481165737e-01
3.100164962035663330e-02
1.133190166143634853e-01
3.101835479788522254e-01
3.281650136719415634e-01
3.381541515023082090e-01
2.927052012767319411e-01
3.380923070473985659e-01
3.206306757815917674e-01
3.097583296584859314e-01
9.335635868562693063e-02
6.176310630436147170e-02
1.957377256066550053e-01
5.970142575260335011e-02
9.762972382699769414e-02
2.747509206943239413e-01
3.065213860020430947e-01
3.213242053962816480e-01
8.097028746122231224e-02
6.317348935823689782e-02
5.312556793614895551e-02
3.146322089659101540e-01
1.876971883228995275e-01
3.026126817028337301e-01
6.266437325302122441e-02
1.541678663395742166e-01
3.184039542626939667e-01
2.289308018600010597e-01
