1.872211322735020944e-01
2.111788249934413164e-01
2.469015485755027828e-01
2.942721015685614283e-01
3.371733293737141368e-01
1.737825947243586688e-01
2.004774005629064437e-01
3.347107076980032070e-01
2.030098899965858406e-01
1.405787353152207209e-01
2.077042392595366271e-01
1.807937803030112422e-01
1.425291296142802699e-01
1.630305608130639405e-01
1.993596769095380694e-01
2.575900725879262110e-01
1.587495651734693591e-01
1.986143761058139501e-01
2.643777889164696249e-01
2.430094813186359226e-01
2.784349225321387511e-01
1.592015810746275628e-01
2.459388630920636698e-01
1.939262586884753781e-01
2.445721273252788874e-01
2.258977839550839195e-01
3.396535341501359384e-01
1.839111251994674234e-01
1.765395571537159147e-01
1.495922242862922635e-01
2.508736324744437196e-01
1.477360998816253657e-01
1.767861380935537852e-01
1.597343195816740002e-01
2.228496213312282370e-01
1.332933822020797854e-01
3.196002694474486816e-01
2.797082277957472218e-01
2.687952227378446191e-01
1.209032313220635563e-01
1.953547541411840283e-01
5.589344645670561024e-02
3.358386284645798470e-01
3.382968980163676975e-01
3.187353024421180070e-01
1.472919238211784498e-01
3.323585499534680854e-01
3.212654519104496398e-01
1.592565828904706771e-01
1.671572250028381112e-01
1.674766534457859390e-01
1.787129084558525816e-01
3.097509788740375747e-01
2.355875948049770408e-01
1.185910517773196698e-01
8.190480121339077657e-02
1.919941124140011890e-01
1.407019897690392485e-01
1.840290330452503675e-01
2.309181992003722650e-01
2.369630825999820001e-01
1.558598409347213276e-01
1.412981749076573923e-01
1.744778178888870546e-01
2.375606595283892009e-01
2.754497309501813818e-01
2.544472971717141041e-01
2.873211982735541792e-01
1.606616573662192349e-01
1.628143473149352982e-01
1.715029955580849030e-01
2.659655436645831927e-01
1.566508973966389273e-01
3.344312503102963574e-01
2.324739149633040514e-01
1.065160814917289617e-01
2.545267861914478069e-01
2.999514357491486760e-01
1.296320508511953074e-01
2.681125750432490906e-01
2.448092559511133026e-01
1.415734016300210230e-01
1.420811212262981793e-01
1.810352861004171643e-01
2.426062608928719888e-01
2.519106533220941135e-01
1.459915361432339298e-01
1.842772406407550689e-01
5.005365330745348978e-02
1.852894479720600951e-01
2.236223205369503586e-01
2.164349499319601078e-01
2.500571874107426207e-01
1.463349366108695759e-01
2.102689474777253709e-01
1.534020416393187536e-01
2.296239106571962008e-01
2.474524369026735726e-01
1.086736194904471681e-01
6.505867907625104141e-02
2.504343485299162508e-01
1.183243738907512749e-01
2.867676971886384818e-01
1.908998507612302276e-01
2.054430139412785350e-01
1.593769092709535484e-01
9.425534066055175908e-02
3.890567242323565017e-02
1.296049610397690122e-01
2.804112828894561593e-01
1.042158346455864526e-01
1.782268859920319026e-03
2.417422217795810180e-01
1.747108847901198969e-01
1.828255116831966065e-01
3.021067132619211781e-01
1.243050453912646625e-01
1.133722954508389197e-01
3.073187140694051966e-01
2.206846673579616336e-01
3.378944727110593793e-01
2.049380855077418406e-01
3.390808960878611833e-01
2.865941022528553095e-01
8.972810298016123398e-02
1.946581164780656348e-01
1.288116799799715606e-01
2.331585915096801853e-01
2.440894870173216102e-01
1.611520087308339899e-01
1.886720679891731867e-01
1.320564335879471640e-01
1.840107541851236927e-01
1.552909686984153548e-01
3.805181436476790663e-02
1.402692220012042301e-01
3.222298871495549166e-01
1.011040097374080876e-01
1.780398480510883008e-01
1.853090966466257317e-01
3.395279755012453049e-01
3.091543793247929495e-01
1.787857730579131554e-01
2.070707689934371543e-01
3.459935088156689265e-01
2.924171592642413331e-01
2.292420532316884751e-01
2.369131162941613133e-01
1.208041519802640767e-01
3.233386030875163852e-01
2.831326129600313934e-01
1.697910834831280746e-01
3.117754360188099705e-01
3.959047867101322948e-02
1.295493747486853309e-01
1.314282667643874025e-01
1.519892782133634157e-01
1.886414216990697779e-01
2.342522709843657125e-01
2.991557236168480016e-01
2.753469516959961561e-01
1.524812489880197630e-01
3.135790067805603321e-01
2.123463772274632733e-01
1.076692737957299500e-01
2.132649926027239129e-01
2.422539011881852666e-01
1.285347253810487922e-01
1.056776934012919333e-01
2.517355785650109423e-01
4.287161788037469751e-03
2.639436407242706784e-01
1.468091893512906143e-01
2.789507735420834744e-01
2.798149682136530925e-01
1.636115063254948987e-01
1.290809750346720575e-01
2.546002251446149445e-01
1.475106101745448650e-01
1.502239625355215324e-01
1.808426656166094715e-01
1.394052226234304137e-01
1.324995051738574736e-01
1.281388668291514599e-01
2.006398158288575650e-01
3.511401691585511742e-01
3.213167676805028794e-01
2.804970580963501714e-01
3.141880210399863316e-01
2.800496269306389507e-01
1.875533217789579488e-01
2.994151644636059428e-01
3.287821362353040566e-01
1.662867998512339296e-01
2.906400994976868213e-01
1.108386962909868600e-01
2.318010939506393031e-01
2.782013680229187824e-01
1.949305180566137385e-01
1.618022263698516428e-01
2.653559706711072774e-01
2.890351951587327717e-01
1.040806188947745840e-02
2.294095320819218298e-01
1.496773084223431693e-01
3.177627234102844422e-01
2.549304564857910460e-01
1.389753937525296523e-01
1.996123997019653984e-01
1.342176752183465438e-01
2.146540405633314552e-01
1.662234366823366616e-01
2.576806012197898621e-01
1.679887277915368127e-01
1.091343098836184827e-01
2.239166581477520790e-01
3.374341822903460519e-01
2.407740943291835634e-01
2.053723322769560877e-01
2.301885687183057305e-01
2.790946541942652681e-01
2.513050972058107901e-01
1.676840458745358919e-01
1.313773046639662434e-01
1.189442731867762781e-01
2.267488291265448430e-01
2.707694042433234083e-01
1.353274656772176232e-01
2.230575352081116125e-01
1.522328521614864372e-01
2.155878112138016334e-01
1.684189450552907030e-01
1.854651336502066428e-01
2.014606615361629605e-01
1.428975450951300574e-01
1.418353294087426608e-01
2.329291182031910934e-01
1.238643817862196406e-01
2.750735728057400742e-01
2.991588208430720486e-01
1.546076460665475050e-01
1.206187665603198206e-01
2.384337896074913699e-01
3.191273297711705315e-01
2.223903165028902340e-01
3.080202793800709271e-01
4.055849144370256981e-02
2.452703386365193972e-01
2.809778410076574917e-01
2.004750888880721393e-02
2.081961065417889667e-01
2.814373133146167438e-01
3.152689908350258530e-01
1.619257002420520231e-01
2.405747496660929352e-01
2.361924669389527942e-01
1.536814992127656654e-01
3.454817799288017466e-01
2.857332633115814424e-01
2.161640161909518520e-01
1.890337890150794731e-01
2.109220753801096249e-01
2.287674689565992459e-01
2.133030950931148195e-01
2.310170649273691479e-01
2.049619653894810822e-01
1.398837628236772046e-01
2.801780004920059741e-01
2.395432173606615311e-01
1.567323256373567009e-01
2.650265955278746643e-01
9.236600519115688301e-02
8.102128074493498977e-02
1.914310147257920480e-01
2.534638586280582029e-01
2.107781483135439948e-01
1.884041975844994721e-01
1.530794086247306285e-01
2.982083559915255644e-01
1.461196138224403196e-01
2.178787649468115484e-01
2.925410137760988682e-01
1.684929225359674543e-01
1.539131335007442869e-01
1.130462380538173744e-01
2.532334698734870493e-01
2.746311447088464197e-01
2.746987102977513362e-01
3.513713958888223243e-01
2.613919056359351734e-01
1.655718804267982958e-01
1.357912909422392955e-01
1.966755523733110800e-01
7.363405402561716551e-02
2.325479782566142184e-01
1.000253550802137764e-01
1.358076671481457109e-01
1.656945054065098455e-01
5.612816857991776570e-02
2.628046803671642562e-01
2.667409457758500579e-01
1.627424768218456441e-01
1.061472315239165992e-01
1.840380317733465720e-01
2.361954247275761375e-03
3.396760960141236851e-01
2.389660288445041025e-01
3.434133920950686591e-01
2.461659106801954433e-01
3.085254414814114776e-01
2.362700754820075064e-02
1.243312293384509076e-01
1.153388969574543205e-01
2.925803843923742154e-01
3.505852020951846781e-01
2.081462488632098151e-01
1.562793241280097944e-01
2.862871035457091873e-01
2.196932250033064582e-01
3.103890396153638487e-01
2.052759183227383377e-01
1.564501280393073568e-01
1.685400104860237946e-01
2.274319889100663572e-01
2.372540761825581435e-01
2.279980509553432289e-01
1.764878893747573452e-01
3.165298330018992967e-01
1.306530162100445480e-01
2.877020279937882521e-02
2.416239318337674580e-01
3.005930479106743158e-01
1.534786949573706261e-01
1.724247534034387130e-01
1.532735720293450787e-01
1.641890135539025297e-01
2.783172004848713521e-01
2.284803058618204985e-01
3.277212081821787026e-01
1.763720980868938304e-01
3.276303646979631945e-01
1.493347932077473128e-01
2.289136903238011833e-01
3.177345155857417280e-01
5.943458354230507328e-03
1.783269833310073549e-01
1.977251949947507470e-01
2.068332464119694847e-01
1.728185829364819182e-01
1.637360776555639441e-01
1.682044192699095470e-02
3.116939955598972412e-01
2.942670001450300998e-01
1.080118142773715956e-01
1.100185815121052790e-01
1.715430421249968806e-01
8.894875235967061866e-02
9.300712043602513135e-02
1.959648509803744165e-01
2.986234068488728410e-01
2.021010439051277585e-01
2.830006244059857790e-01
2.651026127666732402e-01
1.303854303393080782e-01
2.620300202972584702e-01
1.186593746814748329e-01
1.668549811727461085e-01
1.276806505272364278e-01
1.606292993581089623e-01
1.048464040578017120e-01
1.910640543979641448e-01
2.375969814932746005e-01
4.012490136663203477e-02
7.885190068756754711e-02
1.890675624532091315e-01
1.061442733258845111e-01
1.656088373213548959e-01
1.419710105701562919e-01
1.078988406844300640e-01
1.156664142557322500e-01
3.522670643627226483e-01
1.261860102684088381e-01
1.714403965580118538e-01
2.925690552641644349e-01
2.328160264666496726e-01
2.601327391050535787e-01
1.260439287637601935e-01
1.546740737287473633e-01
1.611589336884676482e-01
2.062111973483283719e-02
2.593301949706940390e-01
2.361547278562393937e-01
2.133601140441992727e-01
1.300992608049972854e-01
3.525611486976045761e-01
1.451104495735417166e-01
2.604778335142186041e-01
1.566715815228741093e-01
9.411578821802482619e-02
2.998475655507159554e-01
1.853796006277865227e-01
1.104087167424806504e-01
2.761166664422537442e-01
2.364286162056593588e-01
1.554818325598531781e-01
2.471694937600614761e-01
1.682936633697351136e-01
1.760704829613211064e-01
9.585321165793531106e-02
2.087792892728714267e-01
2.251492340915682566e-01
1.987101052422536318e-01
1.891642842648560974e-01
1.131752042669927488e-01
3.349494655310822910e-01
3.333476770611155104e-01
1.025420160658058327e-01
1.184720256726342069e-01
2.498971122144924839e-01
1.187807739344889507e-01
3.113548879217123422e-01
2.640689807040975667e-01
1.546271863628952969e-01
1.307278253306927984e-01
8.454016500575803339e-02
3.269955903174744938e-01
3.107646768299270335e-01
1.627189670456134218e-01
1.084460359795370865e-01
2.411784841359284337e-01
4.978821386170062535e-02
2.156109546977653391e-01
2.413099348870560434e-01
2.251244567107723304e-01
3.191389767930761789e-01
1.760594756515700965e-01
1.424989019246986066e-01
1.951928495630157467e-01
1.839190292733054732e-01
1.623266996313071087e-01
2.102119525241744891e-01
1.696782160067248080e-01
2.666084486716793212e-01
2.662664552938243667e-01
2.869976115457349430e-01
1.533971614170961950e-01
2.119350642747965807e-01
1.690088347822454595e-01
2.463158264454436142e-01
4.823581681657235914e-02
2.234410990862969737e-01
3.498327330278327429e-01
1.889201676295931831e-01
2.008547506482496747e-01
1.332746712129457001e-01
2.110207079439449795e-01
2.738448672425755626e-01
2.026515256952921840e-01
1.571867348034302059e-01
2.122426708304276377e-01
1.667764754312859032e-01
2.484381798276468767e-01
1.900491024543913277e-01
8.609206725091027301e-02
2.407036569598380582e-01
1.965459595827324102e-01
2.061170939049722373e-01
1.558917735805671612e-01
2.557516440687588877e-01
2.769011285150285717e-01
3.001057132803460203e-01
1.530259368793728536e-01
2.471927490599699906e-01
2.069595424463844258e-01
1.915578037843921819e-02
3.337212266269762861e-01
3.500195532270159449e-01
2.605934951607409844e-01
1.241603837538312466e-01
2.130049325587685671e-01
1.805124216595231923e-01
1.305419383187242377e-01
3.218661497219698631e-01
3.373759330807408197e-01
3.469760006079862236e-01
2.773673179137856604e-01
2.314422032224909553e-01
1.731301996972701152e-01
2.583857420425843543e-01
2.943434343354507376e-01
1.071997277771551682e-01
1.492042550617118657e-01
1.570910822096616422e-01
2.604451404955051563e-01
3.261524371791091892e-01
3.137280537019773163e-01
1.383132403056203108e-01
2.157689836677894046e-01
2.005359689552447255e-01
1.762829638275634769e-01
2.593054092914325870e-01
2.484976741892460650e-01
1.587822135254081390e-01
2.031437485643493301e-01
1.853212942429523225e-01
2.169040309168483449e-01
2.324929507888163771e-01
2.230353357602710695e-01
1.406555146101637066e-01
2.239121164189684376e-01
3.424995438373050760e-01
2.374644960681030204e-01
1.684509596424739741e-01
7.673005636949836511e-04
9.361062299066127967e-02
4.891744118556886484e-02
1.722530236359745004e-01
2.865934837124207712e-01
2.572054449353894934e-01
1.767820588123350245e-01
2.253532326306114386e-01
2.414139679318013931e-01
2.138850086438479903e-01
3.073126007852844399e-01
9.235910815021695919e-02
1.342080920290717183e-01
2.974617363294082550e-01
3.323653723507217217e-01
1.862310693116288607e-01
3.209760717872222058e-01
1.614363816032575727e-01
3.478035322212272296e-01
1.608410638272612103e-01
1.781201069013712279e-01
2.390183093640854406e-01
3.129788947263372201e-01
2.292024540276931532e-01
2.437807762599326633e-01
1.625968944994971854e-01
1.762695720739996808e-01
1.868496451841323569e-01
3.036097780043895411e-01
2.746481879205178722e-01
1.434686709558191942e-01
2.336599051819562844e-01
2.520995056784774424e-01
2.611653891787308335e-01
3.525756701346080546e-01
2.476586026632382198e-01
1.909917315415410877e-01
2.844071518853683034e-01
1.525475018382187742e-01
2.181994597375909728e-01
3.447952064517326165e-01
1.619050827943237236e-01
2.302312772991650380e-01
3.539898693979280919e-01
3.343990708583504667e-01
1.330872361260928942e-02
1.407319216347563406e-01
2.201036954733646411e-01
9.431871454080152650e-02
3.320351915082407901e-01
2.612706903534746106e-01
1.992405095131321302e-01
3.061577053820548899e-01
1.782774784238472243e-01
1.137840742705466951e-01
1.632799546500936783e-01
1.732574726610655036e-01
2.059559784574066521e-01
2.551970161998441400e-01
2.980496284081591840e-01
1.038091331833797537e-01
1.996585141032148625e-01
2.824815873745158412e-01
4.419094214732086773e-02
1.571016451127725810e-01
1.006971692871328344e-01
3.767412908495406006e-03
2.647018940377177665e-01
2.556680466336447854e-01
2.409594291526914733e-01
2.712076238960357544e-01
2.060963719474961653e-01
1.422584511417334385e-01
3.317149770627264016e-01
1.183885200992141340e-01
2.218455392864658593e-01
1.712661828892535210e-01
2.182510570837488673e-01
3.285409994787743537e-01
1.588543371005794458e-01
1.870301286476526714e-01
2.495263573245459776e-01
1.695462741730496548e-01
3.347938366116438580e-01
2.244006392856406629e-01
3.125757549478016539e-01
2.550201969630297993e-01
1.259358732723608043e-01
1.762287659929873129e-01
3.101263500543141038e-01
2.841618137730365090e-01
3.414899194553102646e-01
2.315781798553249171e-01
1.435276925081899625e-03
1.559536838436725026e-01
1.355534187066566032e-01
3.167041802517563953e-01
2.791381368893900428e-01
2.532918749456931073e-01
1.775268194896969520e-01
1.120860029937948976e-01
3.468139500056791613e-01
1.478364725088697762e-01
1.911016950391757063e-01
1.450745091541659482e-01
2.584347436532514197e-01
1.283592927651902860e-01
1.817988366449444504e-01
7.412703682431638630e-03
1.513323639791631092e-01
1.584381551891371476e-01
1.424606820323293110e-01
1.478165643471349155e-01
9.200329575546367655e-02
1.637217661403703173e-01
2.955102847056601534e-01
1.985850298686788473e-01
2.479977590980819713e-01
8.897589071143557904e-02
2.663995335644589457e-01
1.690165716813152585e-01
2.497641628891826282e-01
3.174299728981455626e-01
1.349061455174395963e-01
1.734660777544660692e-01
2.618656209655463862e-01
4.510283730428084337e-02
2.495346954756181290e-01
1.027821454005994617e-01
1.399089853046181220e-01
6.393637487466620473e-02
2.762539070387967644e-01
9.644212259450093971e-02
2.197634689237988326e-01
2.807585207305342001e-01
1.818889085712989129e-01
2.266130839294417942e-01
1.239085893334564981e-01
1.572435608428059961e-01
2.224659079812519313e-01
2.916868091461499723e-01
1.864461709626208663e-01
9.595351520819962038e-03
1.572918337538625755e-01
3.336239133992626171e-01
3.345184544136133864e-01
2.684386709179859554e-01
3.337980920747548041e-01
2.496955859352610052e-01
2.878851182576089296e-01
2.647376023869995598e-01
2.688782100251767559e-01
2.044370866342754695e-02
1.818307051305034505e-01
2.585330299773352936e-01
1.986399276742848163e-01
1.689499956010658277e-01
1.183638835307413567e-01
1.637122326172956999e-01
2.737503464538688092e-01
1.345068870776488790e-01
2.339540814138031666e-01
2.976938090625038669e-01
2.834590886062336446e-01
1.555547752467906775e-01
2.479347030089721904e-01
3.487815227633536685e-01
1.852897493175846566e-01
1.782005511447695700e-01
2.113548718954311179e-01
2.882279181372835453e-01
3.450235222295549575e-01
1.756731821251524550e-01
2.570163665033611822e-01
2.161167936031361536e-01
1.573524682704598165e-02
2.032031217679532153e-01
1.190002004078834080e-01
2.057774863896165707e-01
3.220004487920722913e-01
1.306624086813321095e-01
1.458743593627313540e-01
2.281026276520349283e-01
1.626247768272797156e-01
1.599469579706576106e-01
1.878946244233544172e-01
1.001176457647666579e-01
1.270622593403224754e-01
8.206139371603528299e-02
2.405534851739879465e-01
8.020068020773189754e-02
3.499686285475983039e-01
2.085013123045380834e-01
1.540290107496536387e-01
1.366609540772046605e-01
1.881899920756946176e-01
2.526755109382747277e-01
2.552165978644591604e-01
2.885482457825853664e-01
1.281472711885134341e-01
2.504374527777901149e-01
2.277246603439847528e-01
1.661904255863456970e-01
2.365901328921808655e-01
2.209837695509208055e-01
1.320833008101290618e-01
9.894792659431274340e-02
2.676992901335989439e-01
1.329910227324110905e-01
2.062248203401572388e-01
2.294334910145381379e-01
2.151624676122044222e-01
1.851766343614843768e-01
1.832249421311258064e-01
2.337825579049975511e-01
1.592347420298956817e-01
2.214567763986559079e-01
2.134422323544752087e-01
2.050444138725152909e-01
1.046732358613320230e-01
3.082484518849016308e-01
2.626505711280323063e-01
1.446183376641173024e-01
2.702921384599216714e-01
1.364673573806804152e-01
1.766757939755956297e-01
9.963423805656358712e-02
1.553130332573655625e-01
3.411766726449906861e-01
2.610288145603532062e-01
1.038170385966580896e-03
3.111785155076571274e-01
1.236787954184681293e-01
5.452418521461211559e-02
2.432124284991623864e-01
3.141477192001823071e-01
3.260823670913073902e-01
2.316514034284508083e-01
9.247698031725171131e-02
1.928720025997964493e-01
1.563309022923534686e-01
1.569282803633766932e-01
1.351537531770135858e-01
2.585317903785207001e-03
2.855009975927792487e-01
1.478341391825379048e-01
3.424704808758228802e-01
1.211470358651690338e-01
1.569174576752568884e-01
1.741271891678609074e-01
1.588899324615107578e-01
1.587536646107419736e-01
3.376567922528139754e-01
2.240971930457152650e-01
1.628333474858554841e-01
1.276287156048381277e-01
1.834575065316728093e-01
2.272747439566723815e-01
2.785957391646175924e-03
1.621716748248604179e-01
2.236447000750201725e-02
2.747543567015630628e-01
1.414907466714570294e-01
1.701750802156457298e-01
1.660748150867053519e-01
3.469737194268509017e-01
3.316998801148262066e-01
2.594108312928791182e-01
1.710945823072792527e-01
2.171088748775522326e-01
1.126544302214073784e-01
1.464544081436933709e-01
1.227544704697969558e-01
1.396126599736653984e-01
1.905545774203515896e-01
3.059201959736521648e-01
1.826983049693314543e-01
1.849202538836504928e-01
1.594945895592160823e-01
2.429069625210158179e-01
2.944685516777236223e-01
3.035543065000962382e-01
1.517559144475426058e-01
2.939704315143013003e-01
2.964695178709571000e-01
1.880046833162955511e-01
2.709674698673131821e-01
1.549450364498997090e-01
4.071664038446087125e-02
1.262088876712384178e-01
1.801157917197599989e-01
1.528805182645849026e-01
1.483953870100461203e-01
1.629275806683662675e-01
1.537091888658722594e-01
1.498260577053742715e-01
5.335931231545960191e-02
1.871605717779413758e-01
8.164632833972991499e-02
1.339004001024274582e-01
1.842303732483822620e-01
1.394626165027027243e-01
3.088039618816494358e-01
3.961372130135067809e-02
1.709192698258461263e-01
2.514347976279817654e-01
8.754126549109705890e-02
1.729239368113220376e-01
3.481579468855651172e-01
1.070122784100244612e-01
2.679506591793920922e-01
1.572436280880991633e-01
1.484680298277419319e-01
1.113128498085874107e-01
2.291291211450404153e-01
2.640894586400761024e-01
2.540246669910249389e-01
1.654378039562616476e-01
1.821885344726041078e-01
1.975210166195355277e-01
9.705258596433619100e-02
1.668963530391173455e-01
1.768049947956160939e-01
2.921110845870066863e-01
1.809410988065054959e-01
3.320540234521114908e-01
1.902588069162293449e-01
2.645678991558836346e-01
1.288333463956210234e-01
8.888976262879771939e-02
1.947050351309993488e-01
2.070505511286808153e-01
2.804935820447795880e-01
1.637339585081073468e-01
2.502079069238155595e-01
1.274722372692861927e-01
1.399207464532852274e-01
8.853074802198750148e-02
1.656921463638237058e-01
2.246732981823906794e-01
1.864086671123026395e-01
1.428278025108755678e-01
1.540519841165008397e-01
3.091652829457453566e-01
1.686531991134616881e-01
2.579110193014844121e-01
1.436336954814944333e-01
1.839314458506015049e-01
2.366301429527770950e-01
1.760918871724139745e-01
2.080179580336614376e-01
1.927337942288950556e-01
1.363198620034918596e-01
3.213545726253708712e-01
3.104453259887239858e-01
3.343186612534821411e-01
3.329823403546747218e-03
3.015598751457441162e-01
1.172868318086453948e-01
2.837050633220689067e-01
2.617296641256563472e-01
2.546424813516858232e-01
2.836820801722775842e-01
3.488769675618705324e-01
2.368599694782742293e-01
2.030368722613010712e-01
1.391601087704970041e-01
3.161482340766545440e-01
2.634466144768901064e-01
1.396386225433071948e-01
1.552300207816026956e-01
3.101412219052953612e-01
9.852390649269118783e-02
3.133314827576131334e-01
2.302469309946135745e-01
2.343311951624081624e-01
1.305238657471072261e-01
3.213043317686162803e-01
2.505603314559401995e-01
3.132624004471232793e-01
2.724935719803629475e-01
1.495053871185147987e-01
3.538113957722416325e-01
8.983775925824039055e-02
1.498992587751276639e-01
1.088907803821970860e-01
1.307833725718878133e-02
2.660050049567992958e-01
1.300315029325010974e-01
2.295270584432108352e-01
1.614308604832944416e-01
2.352413593249324808e-01
1.879043609210782895e-02
1.904071836642758919e-01
1.842917442712003473e-01
1.414878606280527695e-01
1.775931421258045706e-01
3.058108822371622959e-01
2.545526078554162797e-01
3.498703626700601643e-01
1.643552197260247649e-01
1.398385707086014507e-01
3.292568028563321869e-01
2.512216173875000402e-01
2.429759363512227210e-01
1.920631284821374130e-01
3.174324443435824206e-01
1.454467974959662291e-01
2.119397648066837503e-01
2.737422212761601581e-01
2.126844118603734290e-01
1.778811610476229987e-01
9.402042141660504893e-02
1.349108374298970403e-01
1.633675468253097673e-01
3.173346481842214128e-01
4.825923191376404325e-02
2.436436725926154345e-01
1.755041742662773463e-01
1.230386681452813047e-01
2.681321048596702616e-01
5.546528313994135428e-02
5.345411252119811746e-02
1.761797903849451619e-01
1.126935695017066141e-01
2.054125967002627395e-01
1.599934682117895302e-01
2.614046842599289100e-01
2.597061056752782982e-01
9.105720400563120653e-02
2.786966421598998100e-01
4.602935981664726950e-02
1.640949511137217987e-01
2.990227903238308893e-01
1.170711399541177764e-03
3.218722062097165160e-01
2.150978950089161429e-02
2.698567298469180531e-01
3.172122610737559967e-01
1.598567763721503998e-01
2.449205308418568316e-01
1.589848885583745042e-01
2.714123644956050740e-01
1.678373673136973332e-01
3.500719514739079608e-01
3.304840995493145694e-01
2.560487317938003327e-01
3.446947245266815396e-02
2.024387982287574606e-01
1.508090695025734174e-01
2.947826646412525231e-01
1.795833193002898953e-01
1.442576917129776148e-01
1.532045206495893930e-01
2.474331610707443119e-01
1.730659449241284398e-01
2.051807473161574302e-01
1.647348196454850588e-01
2.118616763947195891e-01
2.986023452762769370e-01
2.331185329334644618e-01
1.387324200522661866e-01
3.506683312791825657e-01
2.349004342626850872e-01
2.881818922386246706e-01
1.283177463508864413e-01
1.885126013255564725e-01
1.474173243642183107e-01
2.981200984812011900e-01
2.727339445177534016e-01
1.775687839791447453e-01
2.785473487985732910e-01
1.931952088686730018e-01
2.197232278959807272e-01
2.460152197244241390e-01
2.997366817895700253e-01
1.020523410212827720e-01
2.043692124401518817e-01
2.253826886606553892e-01
1.916399321288952129e-01
2.380338638187967371e-01
2.126886590031127622e-01
2.155128061324051714e-01
3.472897973150123607e-01
2.000661811036365256e-01
1.904763761252432075e-01
2.449547223757484737e-01
