3.426019696482369703e-01
2.038058095916386037e-01
2.895876612718052412e-01
3.371320308080580364e-01
2.185618779695084890e-01
2.057999362561344359e-01
6.658232393038598929e-02
2.788968274296134697e-01
3.206812375971258011e-01
3.383834944713562942e-01
2.683116145628394733e-01
3.198202824585633097e-01
1.931180269860225118e-01
3.329770793490215985e-01
1.113629369428898869e-01
1.166251702201248491e-01
1.964824761717536283e-01
1.164764223096907414e-01
2.133283856144301271e-01
8.564937358161034409e-02
8.175588748587930832e-02
2.823309878073927970e-01
1.912082870820618896e-01
1.991796760063088700e-01
3.003573294700676022e-01
3.163494658979403851e-01
3.088996699796556222e-01
1.094179155175903778e-01
1.552735115104028618e-01
1.245173519257806311e-01
1.163751390411196240e-01
1.108602418197130318e-01
1.752011820344578086e-01
1.883217073743226333e-01
2.652034231513606954e-01
2.978518933134720603e-01
7.609119265654558373e-02
3.302622351898194530e-01
1.973486831028797572e-01
9.942430117810849288e-02
3.040235010293055318e-01
1.308937268013569133e-01
2.235552789583734601e-01
1.383833923519984799e-01
1.310082712917675918e-01
2.265588225502445097e-01
2.238680241570282503e-01
1.495472242722784006e-01
3.102895221284054927e-01
2.216230140985012975e-01
8.898230640701941530e-02
2.944150661651616097e-01
2.733344913023843525e-01
2.843917833552785379e-01
1.935910314987836223e-01
1.120813519447826645e-01
1.244206295848398897e-01
1.048000855608494791e-01
2.674701158053114369e-01
7.787197761244006589e-02
2.728799715055724717e-01
3.303979588882299812e-01
1.973124016175944462e-01
1.396817494840689455e-01
1.782097383394194157e-01
7.192643389564963574e-02
2.515914507260332278e-01
2.195340110675499112e-01
1.190685463496989616e-01
1.172690098852130630e-01
2.615208797829536302e-01
2.532339796935081933e-01
2.601984860935673272e-01
6.756857400783382317e-02
7.921254080741728376e-02
2.351534680511006836e-01
6.837854912835861221e-02
1.670742489362218308e-01
2.864605600874703950e-01
3.358035074545567822e-01
1.215285447852973433e-01
1.822584130100744215e-01
2.162631022470741515e-01
2.591422408180603099e-01
1.316188399182880442e-01
2.134933204117970273e-01
1.290337561038897851e-01
3.129450588609884454e-01
2.854332517221516152e-01
1.276207259137115690e-01
1.404092980434453464e-01
8.587803730074515529e-02
1.203430520072796689e-01
1.949088268416473979e-01
9.233741041522680604e-02
2.373536028858332925e-01
2.849115707337936954e-01
2.034058696747026718e-01
2.592202332098375028e-01
1.512686831893949591e-01
1.847673759500945700e-01
1.379496520263745196e-01
3.086555826005640268e-01
1.158283242469727026e-01
8.098319942817797101e-02
1.697923376385432059e-01
3.073155931625520809e-01
2.967172425560053450e-01
1.729788708743249526e-01
3.380465476615053255e-01
1.010466468406719664e-01
2.701058033962460136e-01
1.171270812905069320e-01
2.645937809321793344e-01
1.486659251184858366e-01
2.348732366425982099e-01
1.775084038579619883e-01
2.540947392873604826e-01
1.118213385728521886e-01
1.988684886336042623e-01
3.114027772532947935e-01
2.927916600211697418e-01
2.625556598556210708e-01
3.043455703171843996e-01
1.134700722717451316e-01
2.618657767090277755e-01
6.017988254058119491e-02
2.279579838121109925e-01
9.044068698743178147e-02
1.209072855360344562e-01
3.185716303429477203e-01
2.677515779517326555e-01
3.338079465450875527e-01
1.263532081804563945e-01
1.093029703706158984e-01
2.879034186425010189e-01
1.358167713472357430e-01
1.018581705512270341e-01
3.349138434355207194e-01
2.178169857472594950e-01
3.196758399294470920e-01
2.762388739971689544e-01
1.121006199051429730e-01
1.236927903432374493e-01
1.182185498849122746e-01
1.054561852722231824e-01
2.387125099409685702e-01
2.336770208234403567e-01
1.896336168351372142e-01
1.421854889559842350e-01
2.286837533809638334e-01
3.084451242570570018e-01
2.506568642761338173e-01
1.020274678774006766e-01
8.907046562753083430e-02
1.668213269822551303e-01
1.322859098391723498e-01
2.716813284220040980e-01
6.080359871747004208e-02
1.771291454477338656e-01
1.109570668303990065e-01
3.295434529328697404e-01
2.432266633625234098e-01
1.774326365015783391e-01
1.220759050176578320e-01
1.464337252517152188e-01
2.897779264246105879e-01
2.420458611421292539e-01
2.774429860498258127e-01
1.971679067259923812e-01
2.626836590228512347e-01
1.024139535807384038e-01
1.874707624716529242e-01
1.697661252260403986e-01
2.879657549156241503e-01
1.242178127857271608e-01
1.270116113734253427e-01
1.433640825449953582e-01
1.924364848912540615e-01
1.284847793639276592e-01
1.233090352693259062e-01
2.655396883955431497e-01
1.145116796703620626e-01
1.588363708579542677e-01
2.118992954450547861e-01
3.403693736583419116e-01
2.915837622242609672e-01
1.956977650537873314e-01
1.948034500481543030e-01
2.836942278972308662e-01
2.973942544887266948e-01
1.568766516676081413e-01
1.945420242353180784e-01
2.862388361330467368e-01
2.996371261482947412e-01
2.253111762208825641e-01
1.128697183149514477e-01
2.590850023628765708e-01
1.311090102075686825e-01
6.884241745196129081e-02
2.875002003852976662e-01
3.377830959315967219e-01
1.829402012020774626e-01
2.866474892647644102e-01
9.966515269518287645e-02
2.317156747194953625e-01
2.022373594485268600e-01
3.357918722827463731e-01
7.785212215206206710e-02
1.511429944310890006e-01
2.911711414551543253e-01
3.058157204308221688e-01
2.545880653966057783e-01
1.071299160634894415e-01
3.003839965445677662e-01
1.339546501511942322e-01
1.013105611564525388e-01
2.275518748105270217e-01
1.892848362211470292e-01
1.518304393524942675e-01
2.910394209940608823e-01
9.586232488200494006e-02
2.632689980763840976e-01
9.083690137245351015e-02
3.250797090720090599e-01
1.600988060259727896e-01
3.223514215725617471e-01
2.152200618367691165e-01
1.021932132366012436e-01
3.092919580790051692e-01
2.431547357367258022e-01
1.566675127386028821e-01
1.055812653025202524e-01
1.759380353789483931e-01
1.689100158709854749e-01
2.050152995126684752e-01
1.513911808011134952e-01
9.792102890516875269e-02
2.498305227628289382e-01
3.313874058462644712e-01
1.865718257376232092e-01
3.372900905908166047e-01
2.911940267404081739e-01
2.358450142236986069e-01
1.106123455726441412e-01
1.334400143685607609e-01
1.321144856761777564e-01
1.259139458177303827e-01
1.282645989112843055e-01
2.248371028352418310e-01
3.236746244992725341e-01
1.416435585664715668e-01
1.961309925208821747e-01
3.145215325298105213e-01
1.747839345649333243e-01
8.545263878131678648e-02
1.847988208435172308e-01
3.113883632803167156e-01
2.718422141765516886e-01
1.691993304286715516e-01
2.594711953908222513e-01
2.887326519606111530e-01
2.544711655252170912e-01
2.776558616273095415e-01
2.133264024640703360e-01
1.038754773463680670e-01
2.294912261732866277e-01
2.275686997392301625e-01
1.957194134287822962e-01
2.302951502235731918e-01
1.141723588763635944e-01
3.304524727316323629e-01
1.791913692054089013e-01
1.692736829738685778e-01
3.017705249106351628e-01
1.700502337185091362e-01
2.462107544027546668e-01
2.897324439073193925e-01
1.374564724272994143e-01
2.650984034109347132e-01
9.229704860119590515e-02
2.405307144876670800e-01
3.149493544822247748e-01
1.713596150219227898e-01
2.076782706654743682e-01
2.106700681443293421e-01
9.161942286309361638e-02
3.200506109175442204e-01
1.963234522488752354e-01
8.667061261304830067e-02
2.498922347042903114e-01
1.184741940441860486e-01
6.124607964850855429e-02
1.621224675745338850e-01
1.077116124042253736e-01
1.208302113603491601e-01
1.259520979876720126e-01
2.504569813839529480e-01
3.179509043728260265e-01
2.632590959600234481e-01
2.392640260747547765e-01
1.124428142908784206e-01
1.986523842570712683e-01
1.293520416554599928e-01
3.249097235165496755e-01
1.443885698766972647e-01
3.359681640709318295e-01
1.294648939997727066e-01
2.045366041803909074e-01
2.900001665246543237e-01
2.976387427675515340e-01
2.266582383450714555e-01
2.425663402665751700e-01
2.926911878813114321e-01
1.872257807855692846e-01
2.285905315822915618e-01
2.567534156380118504e-01
9.256357215474281253e-02
2.574174684314520789e-01
1.054096622781505177e-01
1.241612025947566450e-01
2.503485842436702358e-01
1.489557146648090025e-01
2.654135906968410619e-01
3.150791270310695502e-01
2.510330784160850759e-01
1.318073255216073991e-01
3.229466568898893830e-01
2.744092598497306912e-01
7.645507975646288756e-02
1.659177532386488518e-01
9.952944176166385326e-02
1.589566515997214713e-01
2.308757612290145422e-01
1.320546254467240554e-01
2.933992952229143580e-01
3.385241810262518691e-01
2.864506661997955339e-01
2.603703939779898890e-01
1.421399632767827437e-01
1.242930222446506500e-01
1.258461597864759252e-01
1.660606876577985780e-01
1.376150457092918944e-01
1.200819980464249426e-01
2.171348580742501477e-01
3.417196459152780363e-01
1.316775930291731178e-01
2.830632347782627845e-01
2.045298004892724675e-01
7.820117039032577211e-02
3.427722897804624247e-01
3.225245204191283244e-01
2.879524005202786507e-01
2.355707484318635414e-01
1.235979779080766394e-01
3.354452146380865196e-01
2.971456397068870658e-01
8.415828359410734705e-02
2.803209173022320755e-01
3.412777120700730138e-01
1.935637744223236423e-01
1.000611515833751547e-01
1.507195889756973994e-01
1.134500256138746971e-01
3.085791174108867274e-01
7.899730045061985340e-02
3.370097644425460448e-01
2.922057084040281527e-01
2.631324636931214322e-01
1.709962881982703964e-01
2.947117836197372664e-01
2.426762723289439538e-01
9.681589002099325048e-02
3.163149074482091150e-01
2.904507854998557015e-01
2.999406487757139694e-01
1.553962796048746209e-01
1.314211787094589912e-01
1.249517504360040526e-01
1.301096989841619422e-01
1.492649704298125157e-01
7.219175488223793236e-02
2.661149158009883942e-01
3.429611501252295969e-01
2.511721376354707491e-01
2.327839927660758090e-01
7.843690096139442625e-02
2.698598676870193613e-01
3.188638406957516880e-01
1.627718014930161494e-01
1.401476347407793477e-01
9.733502332310611793e-02
2.352748876468613581e-01
1.899803299110436605e-01
2.853892084157334530e-01
2.825180195167658614e-01
8.014911347639536165e-02
2.779866079594916495e-01
1.195217201038608901e-01
1.972864211725958161e-01
2.140145767335889238e-01
9.702276149895289192e-02
2.479401685837032410e-01
3.405417366437958893e-01
3.055265941050758216e-01
2.967342750433581977e-01
1.170514243540780180e-01
2.343593726352640738e-01
2.254099127114235213e-01
1.277614414680876553e-01
1.107987090437919792e-01
3.134957693102509158e-01
6.015491524562702891e-02
1.155947725871960124e-01
2.370140745817680972e-01
3.351866714821251092e-01
2.700076415227815052e-01
2.171834143972800613e-01
1.210521257484886565e-01
1.431435453023964799e-01
1.635528961549799487e-01
2.821434119214301095e-01
2.592102703095319205e-01
1.737977534259205759e-01
1.189869493966681235e-01
3.181477199818969481e-01
1.970745133466591525e-01
1.604533296624292005e-01
8.204390619897419801e-02
3.112375745495044588e-01
2.092885368603168705e-01
3.433634821498402490e-01
2.471170022021424717e-01
2.141948458649449716e-01
1.414509122498205373e-01
2.992155529708755424e-01
9.610855097040837958e-02
2.488448065212491289e-01
1.284784420095750612e-01
3.421847850416338543e-01
3.218722823064889549e-01
2.088219258679612778e-01
2.332084589630479821e-01
2.620248228505588362e-01
6.812019576512687302e-02
2.154463608028719668e-01
2.680978887105526232e-01
1.660307051080779084e-01
2.419502224691305603e-01
2.649811597087707860e-01
2.579878085862394310e-01
1.822664969453971495e-01
3.329263841435224358e-01
3.204028845432595474e-01
2.981292955715288961e-01
2.614084307468177992e-01
5.678766456072280311e-02
3.387989121700653028e-01
9.650758046778007415e-02
8.805398513759686574e-02
1.063636845000797276e-01
1.136199603359022564e-01
1.799111178063055039e-01
2.568795644863600680e-01
2.460290310825889171e-01
9.266779092866132828e-02
1.732302068191767519e-01
1.606018359077424906e-01
3.145266948948852170e-01
2.959933341178582755e-01
7.022452719649636965e-02
2.032333912511169183e-01
1.068932199885010842e-01
2.041175216132420922e-01
9.590021375381561908e-02
1.418312981874565448e-01
8.444299284033920938e-02
1.113217157096012960e-01
1.459226438406754089e-01
6.418267807470007247e-02
1.882741209851594988e-01
3.018067488169548507e-01
3.333625365035216559e-01
1.569590343949772426e-01
8.966337942591197374e-02
1.389338473737855573e-01
2.292227572681607428e-01
2.474959451293445856e-01
2.189964530078107596e-01
1.033853735256472783e-01
1.043448694406662880e-01
1.954068812719128856e-01
3.287333660812092884e-01
1.070342429594827172e-01
2.544745402004803814e-01
1.512118250459764945e-01
2.952417623360416021e-01
2.880840909486157009e-01
9.858244708980863635e-02
3.037363081400911158e-01
2.433538577174155781e-01
1.263135488717683774e-01
2.284384813625773558e-01
1.758276033619814993e-01
3.076472414477705031e-01
1.636186671156226735e-01
1.757558411785673513e-01
3.367976547095867801e-01
2.940367209840286100e-01
1.789063243133595660e-01
7.614404695947193935e-02
9.238245293899659261e-02
1.469901498200190670e-01
9.550181779188464393e-02
2.287300659667426961e-01
2.960532566305495994e-01
2.176263895616163679e-01
3.141521460805422605e-01
2.423035580528447031e-01
8.496982706328629065e-02
8.275720262810051797e-02
2.852140569828512384e-01
3.407294633448802457e-01
3.130019175692587141e-01
2.136765431205001897e-01
3.055210005844881671e-01
1.991284325241854392e-01
3.294093652455993837e-01
1.238533969865457662e-01
1.606268688173303483e-01
8.862969978245768821e-02
2.909893416920376619e-01
1.077434805412120916e-01
1.944849227309187745e-01
2.074613770550623459e-01
9.202976077704284885e-02
2.791026934400565596e-01
1.862028483467880469e-01
1.833489862185013752e-01
3.287610504433363112e-01
2.682893964847526402e-01
1.593676993137571607e-01
3.270828828508562380e-01
2.382012300467719057e-01
2.751179146129368869e-01
2.566647628182028296e-01
3.373666221312061064e-01
3.041622571459317581e-01
2.351827473057700180e-01
2.784169609285977454e-01
1.876124496936034669e-01
1.284418624260320885e-01
1.102465810600303103e-01
2.943014754080725548e-01
2.461780953756761425e-01
3.053554532907361563e-01
2.704056979394794391e-01
1.623063166960605208e-01
9.778572476274635661e-02
2.052514828465816787e-01
1.834947043089993346e-01
2.106188890183927909e-01
1.177078039721204394e-01
1.500936103812064160e-01
1.134021665131583201e-01
3.286934708504408720e-01
8.207984662970570222e-02
2.061546623503717479e-01
1.861192342487441032e-01
2.887845555556368127e-01
1.243362201890217816e-01
2.707451705897758742e-01
2.077721269117329406e-01
1.304312208124699668e-01
7.002471196020979005e-02
1.383177095443462457e-01
3.256508328832981025e-01
3.254621871493452723e-01
1.598070297973833709e-01
2.708830912645903699e-01
3.025633061747471375e-01
1.496501837965302784e-01
1.254360150555685338e-01
2.849787433047542562e-01
3.290530210884698437e-01
1.289557048051185872e-01
2.745573157049778223e-01
1.195081745855408190e-01
5.962705029449308358e-02
1.090114851562168502e-01
1.134783289206111601e-01
2.689719101086332498e-01
5.689441175223546726e-02
1.887580107074342262e-01
1.459944109326467010e-01
2.641668178631864650e-01
3.272313475963540830e-01
2.303790877663614012e-01
1.594738965128379982e-01
2.059952680007934855e-01
1.082672717291803532e-01
3.232019756250718023e-01
1.163309549141288146e-01
1.278440416372436661e-01
6.063285989566843948e-02
2.971002278633375626e-01
1.609343420591825835e-01
2.962306414891873740e-01
2.326940701912627585e-01
1.145030569461960857e-01
2.061541144080105137e-01
3.060647504821458198e-01
2.068090245570034791e-01
1.089524285526572572e-01
1.508905241790161333e-01
1.528771202920233274e-01
3.254878869215004911e-01
3.017535807388163627e-01
3.376262480076241967e-01
1.344731400352990047e-01
3.026289313446959839e-01
3.156555002172710678e-01
2.004519863900346699e-01
2.358387349492680196e-01
1.068252300910994546e-01
1.499755689719450003e-01
9.360762909350371641e-02
2.024577404850640416e-01
3.057730559475305143e-01
2.736429078487145894e-01
2.781318115231431465e-01
2.727543123498408217e-01
1.285649678891649106e-01
3.181143799310520714e-01
3.350178258307214274e-01
2.163265619002763818e-01
2.256228970643605336e-01
1.498162036438933920e-01
3.217921331090372039e-01
1.179661848485809850e-01
1.428480441763254061e-01
2.208164711070183528e-01
2.089988768486683024e-01
2.684819067241290269e-01
2.829532320314891991e-01
1.042800683652089916e-01
8.017073583401210235e-02
1.205351875528000855e-01
3.193872008753107505e-01
3.058690356821313072e-01
2.427422474192096891e-01
2.891527811360578570e-01
3.274134458190515740e-01
3.367688278890368370e-01
2.281723873433927907e-01
2.914428809548932353e-01
2.816115698498975473e-01
3.382118059168914281e-01
2.387787956315715054e-01
1.867088938744580484e-01
2.567879621136928692e-01
9.100708656483558201e-02
1.076307517244434880e-01
8.878406201300002853e-02
5.749185773230666013e-02
1.211130642251616318e-01
2.013037927102813429e-01
1.525782330639323114e-01
2.803713102114473998e-01
2.036142159339555946e-01
1.219299324390960421e-01
1.292828554905900984e-01
1.696397137114462605e-01
2.120400408840133755e-01
2.051713055656199380e-01
2.274141270101418533e-01
1.158402407647151355e-01
2.002927606094196955e-01
1.986769815312225684e-01
1.267841326329511853e-01
1.017308388651293610e-01
1.747201100203520652e-01
3.248442628014348577e-01
2.867529234961550544e-01
7.101218085287477888e-02
2.574956189816269281e-01
2.651610146575534288e-01
3.031688037296711435e-01
2.143233832052454380e-01
1.780165916536128878e-01
2.891223557613467610e-01
2.723985518634169933e-01
8.918272311609047598e-02
1.300550606339047066e-01
1.843937797476981888e-01
2.548421128882308317e-01
2.965285170458311081e-01
6.889465559061121180e-02
1.108227530871006977e-01
2.516777872273951444e-01
2.814761598444635027e-01
2.496555698131557588e-01
1.782935710920526551e-01
3.082999730981997866e-01
3.255858344922596959e-01
1.160012161080341692e-01
2.560270425665833738e-01
1.877992190354782764e-01
2.161294668731218171e-01
2.047452354117867690e-01
2.739278925084788763e-01
6.846718135081947265e-02
2.373701893537490393e-01
1.950858039390761522e-01
3.180673242006273882e-01
2.379649839934081801e-01
8.643736517583633372e-02
8.209703707893133140e-02
2.119668499364690817e-01
2.711318356908877791e-01
2.959324002918164997e-01
2.397504743890934431e-01
3.050353786890195318e-01
2.378849093329098441e-01
3.305134634981756192e-01
2.568198050948739541e-01
2.166436716102756732e-01
2.087020699934810375e-01
1.324584987243365430e-01
1.245612839366968955e-01
1.171158558643592001e-01
2.372278499773598504e-01
1.550398782726099545e-01
2.940859526787366618e-01
1.089879924343479106e-01
1.629202798650051520e-01
2.800587848417606662e-01
1.188213442998905522e-01
2.984223010082202587e-01
2.629358068892638789e-01
1.450406458865192705e-01
2.589359871716851447e-01
8.977177807943970134e-02
1.906886095288119476e-01
1.837039547635057890e-01
2.975751399749176351e-01
1.845942217311928313e-01
3.094065776039413573e-01
2.179810324147540002e-01
1.524801318624529334e-01
3.094015344615126395e-01
1.713290870798007404e-01
1.051156569953140413e-01
2.488299218386770817e-01
1.669666527871773720e-01
2.317528219581338755e-01
2.134304188002199842e-01
1.663232081684191677e-01
2.026645184674097655e-01
1.151391248303437614e-01
2.201274338164027067e-01
3.101467608151396993e-01
8.568139504099840653e-02
2.686782581383581059e-01
1.098296362905566981e-01
2.259641024008308130e-01
2.246931925626969584e-01
2.166382785681174872e-01
1.588596107385132072e-01
1.164971613932911237e-01
2.445858641110147669e-01
2.878278864214073307e-01
1.926983643360219156e-01
1.660933816269312691e-01
5.850430232233912176e-02
9.426136407460392053e-02
3.108786057574969286e-01
2.198654863528626546e-01
9.762914317804219366e-02
2.337306762718485420e-01
7.958262263619809984e-02
1.967301481300004207e-01
2.959620350931920774e-01
9.362795699626685897e-02
3.228345792816212922e-01
2.551508711992808709e-01
2.616873504516864513e-01
1.102743981030537834e-01
2.071382114313923828e-01
2.758890549124918823e-01
1.486458239371377943e-01
1.145806653630176003e-01
6.843717043393784949e-02
2.780609985400177564e-01
8.010951544494294974e-02
1.849471338721830060e-01
1.581141725112575891e-01
2.823457991595078043e-01
9.681536251090741563e-02
3.259137214704090901e-01
1.661277369652057467e-01
1.342383712925862005e-01
3.181196088935857591e-01
1.969098860173312815e-01
2.634442541161675089e-01
2.324715848459739387e-01
2.578456021707272727e-01
1.644196972591583650e-01
1.509293852065718977e-01
3.338347931991242912e-01
1.542759131058858146e-01
1.514659988673428548e-01
2.190293949390494932e-01
1.176981878420655103e-01
9.143773714276151598e-02
2.278656740167403494e-01
1.027749026250790315e-01
1.326691551175313011e-01
1.146031864781013321e-01
2.395910519542395201e-01
2.622199939828333548e-01
1.583212721373857823e-01
2.755946100349841998e-01
3.025172904354984649e-01
1.202976867068016736e-01
3.154256723307445331e-01
3.304427094629057149e-01
1.676668565275169498e-01
2.462645491715816370e-01
1.013787688352783822e-01
1.103001059684476370e-01
8.886093804720240907e-02
3.070789785139790840e-01
2.779551297751456373e-01
3.251397852986620540e-01
2.605629180896945063e-01
2.548898568921954544e-01
2.522500400448113300e-01
1.971717130764625847e-01
2.324388193462433305e-01
1.901236590710048135e-01
3.279513526132785683e-01
2.359788103770342205e-01
1.829613032006577322e-01
9.218478825709654212e-02
2.889165635017020284e-01
1.809949796732667482e-01
1.196711302453565134e-01
1.588467472666525993e-01
1.205434977599449259e-01
1.265937888095437780e-01
1.316896424060413628e-01
9.506841284829442573e-02
3.017051085844060787e-01
6.203377689599136324e-02
1.289490644695604482e-01
2.067614024068772927e-01
2.835466997959529833e-01
1.202144238977893159e-01
1.305830443059314838e-01
2.527903565255767426e-01
9.880338449393624711e-02
2.746368714354431861e-01
1.471972095027249960e-01
1.127299866926309152e-01
2.223108480146354926e-01
7.687004453773541024e-02
2.488187200518249265e-01
2.059557113742170043e-01
1.587900878096155655e-01
1.547942382977556541e-01
2.739045438240547692e-01
3.174110585238407722e-01
2.516999898382505929e-01
1.174569438797761489e-01
2.826917627664853883e-01
6.740098189916718385e-02
1.418210740552097449e-01
1.199020202861265927e-01
2.163578649618696503e-01
1.092581864960864707e-01
3.081153867015842263e-01
3.046165882961828220e-01
1.847836723704944784e-01
1.801873846705493720e-01
1.252756904498471269e-01
1.295636765053547745e-01
1.061463821665847851e-01
2.390470960123165511e-01
1.178901692957529806e-01
2.238568462443486229e-01
1.963114786486695462e-01
1.267860388287005702e-01
7.963792657623927629e-02
2.144296777012978938e-01
9.861347030839197336e-02
2.975473624420957863e-01
1.629248416724800308e-01
2.714839917270829850e-01
1.423679862066453139e-01
2.523177107214432668e-01
1.308454247065100329e-01
2.696228433009077441e-01
2.785176489757706375e-01
1.632554050581458138e-01
1.032713236064407153e-01
2.636736103781273100e-01
2.837950282929634360e-01
2.653669057672863318e-01
1.580910571231186612e-01
1.368881810815080480e-01
2.939849303043002848e-01
1.942451733807432079e-01
1.670409696820285284e-01
2.672477734352438627e-01
1.163456405583523645e-01
2.758247881374186194e-01
9.519932887872775695e-02
1.175383092749963942e-01
7.394680181238144634e-02
1.656434310317616843e-01
3.407357220363425032e-01
2.271681308826326573e-01
2.165911649469505484e-01
1.020801625252200362e-01
3.423232691731245558e-01
1.481382366676728124e-01
8.970511747172801864e-02
2.736504149692520760e-01
2.007385721137995849e-01
1.148278740574750212e-01
2.283006082956403893e-01
1.862209170609977205e-01
2.378028218000308447e-01
2.480126888650836248e-01
1.781057584694096807e-01
2.845887517478751239e-01
2.251522929754174451e-01
9.967877179949870270e-02
1.455836883163996454e-01
6.629043709590723421e-02
1.791315154987624392e-01
1.201021277358223088e-01
1.161261183895996585e-01
6.241403065142089868e-02
7.501363451221490508e-02
3.098753564004742000e-01
1.586591451117245755e-01
9.537215390313692753e-02
1.524523704613794384e-01
2.089278597092618095e-01
1.087982075995480025e-01
2.413226683140362594e-01
1.287516973623905325e-01
2.624010857804782160e-01
9.085328677643113304e-02
2.228493301579111963e-01
3.030903864534090220e-01
2.784263197518491717e-01
2.626083067869282583e-01
1.142495125240404336e-01
3.341674126011783819e-01
2.096368738262546216e-01
1.235564037313589270e-01
1.603572347439223000e-01
1.798631627159852642e-01
1.725900965006753329e-01
3.130960754514343081e-01
2.737675091081021583e-01
1.494239623491092073e-01
1.389932291058002256e-01
3.238621892164224580e-01
2.116441909844910263e-01
1.535113292277199559e-01
1.919601690362407742e-01
2.603972606500262743e-01
9.511015836529683465e-02
8.504702349403905903e-02
2.370957606895609804e-01
1.021410415206131794e-01
1.194657610216874749e-01
1.136603456218793218e-01
1.172986408190254265e-01
2.714664734432658544e-01
3.311471269733840539e-01
2.958256770501516142e-01
2.530030020591919615e-01
6.732009494954406537e-02
1.685736285191888062e-01
2.682140211792963247e-01
1.807091300618622054e-01
1.160510297458101914e-01
1.347012559745054683e-01
2.784173223891691640e-01
2.872881544267877896e-01
3.152925558621977320e-01
2.171071007552812793e-01
1.615251596068165985e-01
9.508631732431553629e-02
