1.395261364453777853e-01
1.281240919726741589e-01
1.164979675902597517e-01
2.461041371337406025e-01
2.234637187952319137e-01
1.573461197022081037e-01
1.592334170269151528e-01
2.440158813130789417e-01
3.460524969436226117e-01
2.208666101374784640e-01
6.914620481485939107e-02
9.989216167367624688e-02
3.073305247671699325e-01
2.412765797333825402e-01
1.657536380702256951e-01
1.948275356398285474e-01
1.243140218062845637e-01
2.659321328806247831e-01
2.704439589015660284e-01
2.548980191444646937e-01
2.143746803772686171e-01
1.043583808544694819e-01
2.435198076169070580e-01
3.195459022877516486e-01
1.063962619181631902e-01
3.156781844892842526e-01
1.425484975249722286e-01
1.233739838363498709e-01
2.083576368546923574e-01
3.323815091592494664e-01
2.521425768050073457e-01
1.774073967741397195e-01
3.145622794738938688e-01
8.788519139581937867e-02
1.825692210362277745e-01
1.239675756585705974e-01
3.082111489733439513e-01
2.254502713279528670e-01
1.215115765257244185e-01
9.270658406889019376e-02
1.302187026046673635e-01
1.499471633243096291e-01
2.566052581675210553e-01
3.054584468311592471e-01
2.436523129154443412e-01
1.070994631492833138e-01
8.782214313210655321e-02
1.106268575305145441e-01
2.852356071505967594e-01
3.284289304755257932e-01
2.489817707357658561e-01
1.857591849517866434e-01
2.522684425907340544e-01
3.211554332330646133e-01
2.949027154092087599e-01
2.021342199091779313e-01
1.313371314277451962e-01
1.257140545271576981e-01
1.182181505596794774e-01
1.239609785490127791e-01
2.660306502502530757e-01
8.354018977981145233e-02
1.920818700228410503e-01
3.027789801879214315e-01
2.721432698464879563e-01
1.760223528325819409e-01
1.307745697033187715e-01
1.133214024280911059e-01
2.079349586696780106e-01
3.115595068967083603e-01
1.320265668087714228e-01
1.154316039529583171e-01
2.820545967056876102e-01
2.011521339277573539e-01
3.296811145890884975e-01
1.523620988526863951e-01
2.140012533077690904e-01
2.899067262304792503e-01
3.211316795772925503e-01
2.738247946564892898e-01
3.270255611609590995e-01
2.264740702631165281e-01
2.692166073100129564e-01
2.142649276919747769e-01
3.347948476878426782e-01
3.664601958676650534e-02
1.720560076470804001e-01
1.691312140990144375e-01
2.606358258487789237e-01
3.087664850475709821e-01
1.958963124676243173e-01
2.931819416605873085e-01
1.927933500219028151e-01
1.596267309355045294e-01
1.853254217943627880e-01
1.202038464661053518e-01
1.142711770014457479e-01
1.427709408412086156e-01
3.308959190939735895e-01
7.319676621779597214e-02
1.737043381468190706e-01
1.004847583010288203e-01
2.352718422867965398e-01
9.452579518050863161e-02
2.425934507195992018e-01
1.153461365121744714e-01
1.851319788845457726e-01
1.685092103049229129e-01
3.044207603915904947e-01
1.020079015769863595e-01
2.476943773113944314e-01
1.750857369779819372e-01
1.185181844624944303e-01
3.125610312211796749e-01
1.229858664896800180e-01
3.071287221091291153e-01
2.657924133066728034e-01
3.435889773628304500e-01
9.972789918443114576e-02
2.120411483617808679e-01
2.886755971594028303e-01
3.018307885045179995e-01
1.337980660265488952e-01
1.202096115000925725e-01
1.332223389049989049e-01
1.670693426525672876e-01
1.350857427293805924e-01
3.180058237489459261e-01
3.414118333339459799e-01
1.463422985913774566e-01
1.061398490107416936e-01
2.215361782225278575e-01
1.611308859327241216e-01
1.613930029516702502e-01
2.645553353265907015e-01
3.354947747472140085e-01
1.593728517632892194e-01
3.134875455433339120e-01
1.289734293233223139e-01
3.201181176184808574e-01
1.979342216081575734e-01
8.497557029047252131e-02
1.365319029855967259e-01
1.193894883691927894e-01
2.649744046016891952e-01
2.081894621183841276e-01
2.192201912301378897e-01
2.795065828397480523e-01
1.758692330925916703e-01
1.505980185695514617e-01
3.160705628593900585e-01
2.233997274656605581e-01
1.186270578709951035e-01
1.371889176032743962e-01
1.961365834804043029e-01
3.365360641297144295e-01
2.196290592591195190e-01
1.074354588897720592e-01
9.574638144202834988e-02
2.626067769883418945e-01
2.390567483258428383e-01
1.631371411039292396e-01
8.929688378554581640e-02
2.839930691057273582e-01
2.886049623498623817e-01
3.332320758849097175e-01
1.817043226475407447e-01
1.275357268340752692e-01
3.277095362203865658e-01
2.449347806536878724e-01
3.185110782029812460e-01
3.044144447061372660e-01
3.269319934140045292e-01
1.616794013232706051e-01
1.286295018174622995e-01
3.385211433605580522e-01
2.142474679714388153e-01
2.337300938981303755e-01
1.837281720877778357e-01
2.140797816316556412e-01
1.362419801917395257e-01
1.387767839657919611e-01
1.375857613402227952e-01
3.223408235567588043e-01
1.893550317695239793e-01
8.624448754601866940e-02
2.824699699876682124e-01
1.140207851642036641e-01
3.349642314424833289e-01
1.158131410654788113e-01
2.933641438602758722e-01
9.279200669634364573e-02
1.620337321975175160e-01
1.224765638097485287e-01
2.343931771464038138e-01
1.972722448413902485e-01
2.979835521713957158e-01
2.241306321986787087e-01
2.473062742083921017e-01
9.295762380953989656e-03
1.349769655824854253e-01
3.420846047023252678e-01
1.256961662895386134e-01
1.428304281799499392e-02
2.761508071180872048e-01
1.386282367260301684e-01
9.790916390229388588e-02
3.444603106663575165e-01
2.326811412088622966e-01
1.658459712828020405e-01
1.906281826986312711e-01
3.369543780414758771e-01
1.914365219932890883e-01
1.247051367948590339e-01
2.285296513787886397e-01
2.135853421659786588e-01
1.353713946811639923e-01
2.093156990528794170e-01
2.761568420019382408e-01
1.198399396312510717e-01
3.273011814165071587e-01
3.482358811852612201e-01
3.159545782349382770e-01
3.408736082020128455e-01
8.511311002068774889e-02
1.146363408551400592e-01
3.067299847677107394e-01
1.350831467665644103e-01
1.468809030941242710e-01
1.468306482796285228e-01
3.294347706829316436e-01
1.444332640900352904e-01
3.208171875533384898e-01
2.112531232871590059e-01
3.160523606389341600e-01
2.274223192325036391e-01
1.128445316532902670e-01
3.327409865679394896e-01
1.568891860511338887e-01
2.077923520825257497e-01
9.587947142945539569e-02
1.220871876082728624e-01
1.052675910905680606e-01
1.979667085809207749e-01
2.068942777174750391e-01
1.430710566101588421e-01
3.101895979579111784e-01
1.847535329382336833e-01
2.672610254437979282e-01
2.152783346270299991e-01
2.976362013445816301e-01
2.380085911464411563e-01
1.469645335992689761e-01
2.963814981620707667e-01
2.104920311030512026e-01
3.167876024415412495e-01
1.726382939423490581e-01
1.855428901541942288e-01
7.534970427790402270e-02
3.149888326249829507e-01
2.247706399160738222e-01
1.237405547135960182e-01
8.194470829312665294e-02
1.479783118424159438e-01
2.146659507032120107e-01
1.164662662731796305e-01
3.299437193041140359e-01
1.840991693760592740e-01
2.926734681327338716e-01
1.274745659466519909e-01
1.101442466658418134e-01
1.166653319807314793e-01
1.643679377700481281e-01
2.019965726857390065e-01
8.924674963823515939e-02
1.825474727689585241e-01
1.178431743209088500e-01
1.535306456788489982e-01
1.321976432212274288e-01
3.040779182752184062e-01
1.536016814123289109e-01
1.591782453917642282e-01
1.863747466727421476e-01
2.245130321024361442e-01
2.327478973867476708e-01
1.688347227851013654e-01
1.945798897725028731e-01
1.516927983938543556e-01
3.429603848635535135e-01
2.861125862442723267e-01
8.542672964960371096e-02
2.398654227357089885e-01
2.941292229203431030e-01
2.115088158141531782e-01
3.234573926523009457e-01
9.369322617339416459e-02
1.414196301786915522e-01
1.440161175598324850e-01
2.163687471268133933e-01
1.345228725377048407e-01
2.093526460013069024e-01
1.639493782199869520e-01
1.235610023997232992e-01
3.246365243437958070e-01
1.349492206003577721e-01
9.197727098111593835e-02
2.692836948017339749e-01
2.535878762596392999e-01
1.337024588463864572e-01
9.869418599680264415e-02
2.725289052114892585e-01
1.333189449494877887e-01
1.614907760975682616e-01
2.662718470043566321e-01
2.173602298165653590e-01
1.119089630208872782e-01
5.902837446508227065e-04
8.192234325127302486e-02
2.652701160869364028e-01
1.920824881735637424e-01
2.574650766860179796e-01
1.056597791597881780e-01
2.032705123222240118e-01
2.819507713426117612e-01
2.593020992564657456e-01
1.956232942376625872e-01
2.596015870203647324e-01
2.954634245040130835e-01
2.240661785871890799e-01
2.905598894594483284e-01
2.172510549054494644e-01
2.457263532232097092e-01
3.383265416258198210e-01
1.717235677339440381e-01
1.226732209857372552e-01
2.450914475141750815e-01
3.283477470407132892e-01
2.084276083457650142e-01
1.175431921988242118e-01
3.499486920909486432e-01
2.946788192347104540e-01
1.145850775009069622e-01
2.921976670669970133e-01
1.978167019507863222e-01
1.009278293678881888e-01
2.768268717867828910e-01
1.376379970473063097e-01
1.819295076015407242e-01
3.026917666472664359e-01
1.867629148371681425e-01
3.267341463122673262e-01
7.687894031485768831e-02
1.729605484055201370e-01
2.017486507665084416e-01
3.180374005915403424e-01
1.594851408956919070e-01
2.700442112824208429e-01
3.067479444115548959e-01
1.510562633423241097e-01
3.129821382397064422e-01
1.317357082131566381e-01
1.297254951511808696e-01
2.913233902544948295e-01
2.189099640471074415e-01
1.394996144502965441e-01
2.487026527045432533e-01
2.729708791521491817e-01
1.762101548467967793e-01
2.326287292490769321e-01
1.684767603410993742e-01
2.212404353552567537e-01
2.612557885029473947e-01
1.593312739905878295e-01
3.253054012594127631e-01
2.202375220752322282e-01
1.421492037527334329e-01
2.372945924972499065e-01
1.182540976710130115e-01
3.457901359987000101e-01
1.363025763277588565e-01
2.136502415014918388e-01
1.660458867634683477e-01
2.165728934738276323e-01
1.116364747473421321e-01
2.201963932926434553e-01
2.996321421789246431e-01
1.391168155328746658e-01
2.206960009795909949e-01
1.974043580372757400e-01
2.185734223793762421e-01
1.124874622319650269e-01
2.918480290011132294e-01
3.418510351822225402e-01
1.423506197158460329e-01
2.862107296333872286e-01
2.083522409581211321e-01
1.806788304007285739e-01
8.945854422154654595e-02
1.569107385425168588e-01
1.338279680834028318e-01
2.633657731597541241e-01
2.650223612848631727e-01
3.288686575304032855e-01
2.669732381744379102e-01
3.164197339152385324e-01
3.222092976361648486e-01
1.272278807915548093e-01
1.419477367416691338e-01
1.214795163347075629e-01
3.178028919643260397e-01
1.990924647247652446e-01
2.686826933525305883e-01
1.442943507996861663e-01
3.490909443615302088e-01
1.698222993343292964e-01
1.266147881636591754e-01
2.275818942748740747e-01
3.253155756332967163e-01
3.306053952365277104e-01
2.622202102368724197e-01
2.065274871812581292e-01
2.039757731774771710e-01
1.732217760860167433e-01
3.009813626982091317e-01
2.957224032461532315e-01
1.046224858447248190e-01
1.371047472583299953e-01
2.968045521635957473e-01
2.095404465041228736e-01
1.415829650550817498e-01
2.747282650121959380e-01
2.789006863130343850e-01
2.143793939762337619e-01
3.144290798766945505e-01
2.544182053867776183e-01
3.258194557171993910e-01
2.333588080898550965e-01
1.492965209856911557e-01
1.209708816158187455e-01
1.168392812565945127e-01
2.792471035634506160e-01
3.462699936594038630e-01
3.095823511271372785e-01
2.872735623526365689e-01
1.369246486076098057e-01
3.121091808334068851e-01
2.407833797625961170e-01
1.116500693715764131e-01
1.542401019135466178e-01
9.307741041207455435e-02
9.601994649455301845e-02
1.270502022665016273e-01
8.544979481093942231e-02
2.757990117146260078e-01
2.789800316555596238e-01
2.695376570147253736e-01
1.033785061375801229e-01
2.200339635686653916e-01
1.181171098649838880e-01
2.720787979733090833e-01
6.638688541466339355e-02
2.634300306245048184e-01
2.539824231835440260e-01
1.500222977093881582e-01
2.270784263108295287e-01
1.390389870531801852e-01
2.338489651531965585e-01
2.964385559711724127e-01
2.210609683714574447e-01
7.577238995764741525e-02
9.210556342221200288e-02
2.826297002551508286e-01
2.166403626162700102e-01
1.950367835659058691e-01
3.290024757063973460e-01
3.439225619389541522e-01
9.501526169598005500e-02
1.515240696085379257e-01
2.305153955245648756e-01
1.126284851835611389e-01
1.560962530433123441e-01
1.606499059573958110e-01
1.473291141913648794e-01
1.152952065418784838e-01
2.794500265474791356e-01
2.930824199001078045e-01
2.105959857456231321e-01
2.107167741682963447e-01
2.431987348285674089e-01
1.976826006992097873e-01
1.292026818390647480e-01
2.919014541643882854e-01
2.381242064686105997e-01
7.400269804816976549e-02
6.907278730706383624e-03
2.660259446312486786e-01
3.417343404629903936e-01
3.153856833224992773e-01
3.176378076603038059e-01
1.804052187819740749e-01
2.463900673458887525e-01
8.818884884802730140e-02
3.125547086537283636e-01
1.267737222260923169e-01
7.662939359346571111e-02
2.741120447100321988e-01
1.113049193875005755e-01
2.197641908951221690e-01
1.337335318835804754e-01
7.695695492537585336e-02
1.411659939358372862e-01
8.146744719455707717e-02
3.380378925733980577e-01
1.832089499472459027e-01
1.666080885023994429e-01
8.366754277999334174e-03
1.072672024823015657e-01
1.715214308508760110e-01
2.331515703932981742e-01
1.557857763125983230e-01
3.510477435847179084e-01
1.889955030966336547e-01
3.001316353188336339e-01
2.966418628502019983e-01
1.162694645906682256e-01
2.899123922680537646e-01
2.586483609513761106e-01
2.531806060745461773e-01
2.739840528338526870e-01
1.966723655672190652e-01
1.944109036107014854e-01
1.098961744940981089e-01
2.782107769053112079e-01
2.244976460694564635e-01
3.063979038956200496e-01
2.460585268174448614e-01
1.258888229782025026e-01
1.741343294075915760e-01
1.280509271532389581e-01
1.247183785735502121e-01
2.774139978714508237e-01
2.447959032223245013e-01
1.880431622973771644e-01
3.414101932973442333e-01
2.137304327755578104e-01
2.663617863624337945e-01
2.951984434599795315e-01
2.674156538212929535e-01
2.591864164784928870e-01
3.502653286770912588e-01
2.549036655845769994e-01
1.803979251362051450e-01
2.509394438824273377e-01
1.453047380045723314e-01
2.384651650725212457e-01
2.261624001674635009e-01
3.423479419115389444e-01
7.191559580293681309e-02
2.480471605215729125e-01
1.185525021057044492e-01
1.196012489335791656e-01
1.448893906405467336e-01
2.935089248502819603e-01
1.126401789522179508e-01
2.349649950618901417e-01
1.719103321242797244e-01
1.354476066085531505e-01
2.833188417997119513e-01
3.046345803188467150e-01
2.274684678740069577e-01
2.479824592632470515e-01
1.886815567121984671e-01
2.597225880577448409e-01
3.166120846160531688e-01
3.087232336340683392e-01
2.986543023435740962e-01
3.212766899450938962e-01
2.711878168624675123e-01
2.279053673023255233e-01
2.961050396793285522e-01
2.531783072924244649e-01
2.163410399229855063e-01
3.392747989020932220e-01
2.282645919478454855e-01
1.458910633598249074e-01
3.207248947112141813e-01
1.290667939325725599e-01
2.576311740110199255e-01
6.863681434850361918e-02
2.392696712849988194e-01
3.132941804826791521e-01
2.580311855844529267e-01
3.413710278698573464e-01
1.540579106386053831e-01
1.873680997850568908e-01
2.200348442105442004e-01
2.765266524754698696e-01
2.946851319066662866e-01
2.987507092964689637e-01
1.132636107625053790e-01
1.424294904146953533e-01
2.823331281194556008e-01
1.882207297896266729e-01
2.794238162924113644e-01
1.559291682636118337e-01
1.116194184336994077e-01
1.240036108161189227e-01
1.678222108246969491e-01
2.196790145492694968e-01
2.426728846356049907e-01
1.512388979259285393e-01
2.718244151275448495e-01
9.477017908945059577e-02
2.206853222074932619e-01
1.245572224573102821e-01
1.009399873528640385e-01
1.682214478803624735e-01
1.642033595830395265e-01
2.341878123080930185e-01
1.327344022152598946e-01
2.532141180462209595e-01
1.043051181944225636e-01
9.593367935671132107e-02
1.620079709588888861e-01
2.577818067439576200e-01
2.610083824670148545e-01
2.804649503450122316e-01
1.283436119785691942e-01
2.333580922445201156e-01
3.432193662980578819e-01
3.669773585714347641e-02
3.029206133710744542e-01
1.885021547847514078e-01
1.195045512141525434e-01
1.725520611544638094e-01
3.384951470394417794e-01
9.970859710025524458e-02
7.804910611752745309e-02
9.918915219259299976e-02
1.848172972801908620e-01
1.915282942453694071e-01
1.599826071132889604e-01
2.062215046221461956e-01
1.524424292360387068e-01
3.456418610786589074e-01
2.989951402383139167e-01
1.786016895774381608e-01
3.220018298653045119e-01
2.416728539456385050e-01
9.564989496108035338e-02
2.658393746324427820e-01
2.106733897214033979e-01
1.356629549660760548e-01
2.606400447536798004e-01
1.084160298251223287e-01
1.468198336156689987e-01
2.024662231456463291e-01
1.698320121158490015e-01
2.286563761828415420e-01
2.737151053890909957e-01
1.585298340321014132e-01
1.999687644089944705e-01
9.267402094810438251e-02
1.845765968881892816e-01
2.971270542640995216e-01
1.681228885188707223e-01
2.064769038014080960e-01
1.390721932403804206e-01
2.085637417399601456e-01
2.921244044035198884e-01
2.471819795209826698e-01
1.135555691306648074e-01
1.619053188812940858e-01
2.128086279149994375e-01
3.280376912799713995e-01
2.626304859850492890e-01
1.207198035940430098e-01
1.986354188168338031e-01
1.498393821831483785e-01
2.172331276373316855e-01
1.539498460847391892e-01
3.057435104171841167e-01
1.697029770661336312e-01
2.478575772294648594e-01
1.166674497871621197e-01
3.493196569550084951e-01
1.356193584428907750e-01
3.184338357204155590e-01
2.666006419150178663e-01
1.594512829663396192e-01
1.205356102308438732e-01
2.051746882826870344e-01
1.532337844536199034e-01
2.662111196248384548e-01
1.338769253956171856e-01
2.010248967856866908e-01
3.048689906986012943e-01
7.471798203734988930e-02
2.243400918429259983e-01
1.182001429682198596e-01
3.057998193919568286e-01
1.899581569077651300e-01
1.971959397838323191e-01
1.222289088041260963e-01
1.496000511176540093e-01
7.572449383952742363e-02
1.554599508688528087e-01
2.558570791403723677e-01
2.591405067404605744e-01
1.935074736317131117e-01
3.510122475725987456e-01
1.513999448174162543e-01
1.525016021680374312e-01
2.837877152765581612e-01
3.115873758064331422e-01
1.863421063267518829e-01
7.508819394211657672e-02
2.368695389356945957e-01
2.793409636944973462e-01
2.917014035160239160e-01
2.444641058133610600e-01
1.142616904313126375e-01
1.256553346200380006e-01
2.281043200751250166e-01
2.606439307264090677e-01
1.195041971301841199e-01
3.205695684102805587e-01
1.471073154441279729e-01
3.389723406063438471e-01
9.414498163987120027e-02
2.283499192450274273e-01
1.721203937397601247e-01
1.309480268366487732e-01
1.270094798518782431e-01
2.006593635402155185e-01
3.054270323427350498e-01
1.837537400575700308e-01
8.102100236512504994e-02
2.013039185559143129e-01
2.946545014714276878e-01
2.948886760552096309e-01
2.252298021378950077e-01
1.242404210512716850e-01
3.001808518963732242e-01
1.891092906003254970e-01
1.495081355118544342e-01
3.139320949580861053e-01
9.142925079066294147e-02
2.995483089906125218e-01
1.653403519405136912e-01
1.942752649979052337e-01
2.078820761759051783e-01
1.279215427696294149e-01
1.565610420784738499e-01
3.300116244604867077e-01
3.461188041221983647e-01
1.774231666276647468e-01
1.466922518807565745e-01
1.249230942299241198e-01
2.911900405925914037e-01
2.845739686466888241e-01
2.146685662641457382e-01
1.437468494406615727e-01
2.756386967726605075e-01
8.348105918706894002e-02
3.289105075649418897e-01
3.344122322668618419e-01
3.415946138816213784e-01
2.397186226792099861e-01
2.709063630098865749e-01
2.960546200666343553e-01
2.679502345908753025e-01
2.229531776117827657e-01
7.009658408063569601e-02
2.657186553319807465e-01
1.412816168454240628e-01
2.782036778104780561e-01
1.545877950834444736e-01
7.612103965855641918e-02
1.957855099759661932e-01
3.244436131694622416e-01
2.651253035667401337e-01
2.653773827316091016e-01
2.506453071528504384e-01
2.591926352535346978e-01
2.837553922732974909e-01
3.278598235232881297e-01
1.446014925844558985e-01
1.233970562770765889e-01
3.061446200390521288e-01
3.292720751714591221e-01
5.239404181014106938e-03
1.957925203960204086e-01
3.248720793245346572e-01
1.517364139969364922e-01
1.238182097969500739e-01
3.291271673434071898e-01
7.609047694749319912e-02
2.380668974008759153e-01
2.821587289322400882e-01
1.229120259190924630e-01
1.933920273650713006e-01
2.846332602377645848e-01
1.440521649150884598e-01
2.553633583948078378e-01
2.461127455812295861e-01
2.158738244508338899e-01
2.547526637502001701e-01
2.369035744790551068e-01
2.610450930189907592e-01
2.003655235770443743e-01
1.987647848715423660e-01
1.632455943281211630e-01
2.475043096292985356e-01
2.289009510293455174e-01
3.335784337099864105e-01
3.004102404341714161e-01
3.443531894469121224e-01
2.197878912027251830e-01
1.412609802666229819e-01
1.923191960837697112e-01
1.012711883117149991e-01
2.505954605972694482e-01
2.725820207664464978e-01
3.080835997433837847e-01
1.672740602484144856e-01
2.865818375136252039e-01
1.814862293043260355e-01
2.337507026785633490e-01
2.701790350386806816e-01
3.319250866458677840e-01
2.093552844046846495e-01
1.413537709904069128e-01
3.098699415724883721e-01
2.645596711386070110e-01
2.021665781358247538e-01
2.542124110910219947e-01
2.147422826509517713e-01
3.090079242670731863e-01
9.803117363662525174e-02
1.545903461829301051e-01
1.588494116837499137e-01
1.557303944993514988e-01
8.852518316787311159e-02
1.290745275141028658e-01
1.044710770980241399e-01
7.642254228907532920e-02
2.567083438226091530e-01
2.113425082618543005e-01
2.344241258047770338e-01
1.401424086468936459e-01
2.772274682836608495e-01
3.166978642317191950e-01
1.586760639106575832e-01
3.431457505203000524e-01
2.597775542219061817e-01
1.407332870503252287e-01
1.090548705416080205e-01
3.021837650361459127e-01
1.589382865079866647e-01
9.297647146687250397e-02
2.014264745795478762e-01
3.501842353255540385e-01
1.165171815759791091e-01
2.335173955617871888e-01
1.202643176952038068e-01
1.540103699364879508e-01
1.748760109392445694e-01
9.842968096357625207e-02
1.927681798896025422e-01
1.090404636321686688e-01
3.506864743503372850e-01
2.301215233765607771e-01
1.956339080470149150e-01
3.290172686819795578e-01
2.941997743814084854e-01
2.706124455436079157e-01
1.439345448832847485e-01
2.367729522311280699e-01
2.329209206727275439e-01
8.705125394387534798e-02
1.754449547036341650e-01
1.580769305183698237e-01
1.163661909920196968e-01
3.229728856471813514e-01
1.909489520134362850e-01
1.316973470204425289e-01
1.362339987664165086e-01
2.827620597843164552e-01
2.774608910691846453e-01
2.296761050777242907e-01
1.389419534113891797e-01
9.218172228241346133e-02
1.756402341107853871e-01
3.128567387622566490e-03
8.970410954880664312e-02
2.261547534427240658e-01
9.936415812466324604e-02
3.341580332543360732e-01
1.633942690634061223e-01
2.727239883479010696e-01
2.325900714061997776e-01
1.173715989520422998e-01
2.472042637776181717e-01
1.302558219203829859e-01
2.211176052605154374e-01
1.049325260119640946e-01
1.801427605981202051e-01
1.589384863636426892e-01
2.997356930395332908e-01
1.303870378413337361e-01
3.676624777908953090e-02
1.260238438218582169e-01
1.589423988205454774e-01
3.205855241151259194e-01
1.223147248269196574e-01
1.283472428735862036e-01
1.262206842244448790e-01
1.046071559187301270e-01
2.631256318896481039e-01
2.609427003688523650e-01
8.088360956747428498e-02
3.173585600276662144e-01
2.048775505188409618e-01
3.182324442699641653e-01
3.352477092528770575e-01
1.608609637439028794e-01
2.785568762434765255e-01
1.526681123216478420e-01
2.937509767429108409e-01
1.657106757153322119e-01
2.252694675082804188e-01
1.818631902904553344e-01
2.145918843841205237e-01
2.708431894169517906e-01
2.400580938759621918e-01
1.650567676880034529e-01
1.043988942081433557e-01
2.032417884490018978e-01
2.775435603416079311e-01
2.371239131650076104e-01
2.858027717785900923e-01
2.230683058809234953e-01
1.130883890423911853e-01
1.956633706648048809e-01
2.312503132308675879e-01
1.527187218917050171e-01
1.266462145724689126e-01
1.934352220547088941e-01
3.054370908063299139e-01
1.557703245365729960e-01
2.458101222496262006e-01
2.754919436323050030e-01
1.287723462167850164e-01
1.311931875222425992e-01
3.323747317492320441e-01
1.990479003273465386e-01
2.568259651508381647e-01
2.661522305588627790e-01
1.737633714022224773e-01
2.958848562700609475e-01
1.224440722190540676e-01
2.293488297225104722e-01
2.561818144755362292e-01
3.127839942514104576e-02
2.405999198112196980e-01
1.330886561711432381e-01
1.274732668428346094e-01
3.350086006647416959e-01
2.340047683939260603e-01
2.368988614388928826e-01
3.244276840502931525e-01
2.457576180428707180e-01
1.393834182407470978e-01
2.518108483600835501e-01
1.154854741443407662e-01
1.316984486644763308e-01
3.507940930294042303e-01
2.505688619418999230e-01
1.292899217607430817e-01
3.145083919552922880e-01
2.548604875700811734e-01
1.374070453999022279e-01
1.667547043724340039e-01
2.868639055663343984e-01
2.472098012522834787e-01
3.887926793666758585e-02
1.242040193999636166e-01
1.613744222458132482e-01
1.312969502902134877e-01
1.266685353221090049e-01
1.192481508741096707e-01
3.396270399638805504e-01
2.898293289731311284e-01
1.269992970614992889e-01
2.348671647941188989e-01
2.809655942236897741e-01
2.507116508242686614e-01
2.537769201063096447e-01
1.078424537276710393e-01
