1.357172710123295267e-01
2.437894168859380262e-01
9.377346805113694062e-02
8.541981319438135545e-02
1.117421708198709507e-01
1.231393384648944433e-01
1.839415928567370018e-01
1.937466493695340908e-01
3.391488017778759301e-01
3.276974945953316509e-01
9.542395551114842001e-02
3.216354738766107335e-01
3.361834399706098986e-01
7.507209764039521338e-02
8.386738776596229517e-02
8.376923317077686337e-02
3.395177564751128418e-01
1.648049955969208280e-01
2.574021912566104020e-01
2.072930292880432179e-01
2.244909709984891366e-01
5.054332059693768253e-02
8.441424943921922719e-02
1.554929278986975638e-01
1.464551621649931301e-01
1.437952256152891795e-01
7.126584035899746761e-02
3.191403535663216440e-01
8.692397723314516933e-02
8.267222810411870015e-02
2.147132683949385112e-01
1.377915017458602454e-01
2.775915214568493994e-01
3.250229340676732970e-01
2.414992164585502143e-01
1.272953624382670568e-01
2.104448791771875993e-01
2.243970074000216919e-01
3.089069553264085499e-01
9.812158523565306378e-02
9.701566106150412427e-02
2.666344209686022926e-01
9.956952559890132337e-02
2.521475070726199585e-01
2.620071047382744323e-01
3.207860471349856524e-01
1.070204932800328940e-01
6.462371142645324806e-02
1.690073633310215928e-01
2.944272915497561094e-01
2.902445679749842133e-01
1.118810306761393591e-01
2.278381293741889302e-01
1.463717748696733989e-01
2.571766232518261641e-01
3.189472934778169178e-01
3.068430452338138381e-01
2.754648871075518479e-01
9.729726491709884961e-02
1.342710164978080656e-01
2.452483577194173314e-01
5.156410845079181793e-02
3.025983165637015082e-01
9.934004068234800200e-02
4.271477840959158473e-02
1.987989175541975129e-01
2.818554912009061941e-01
2.386434422039088177e-01
2.008718563060135909e-01
1.114450825732296729e-01
3.303875792779893961e-01
1.286842981240613748e-01
2.913294584305053392e-01
6.844618240095870498e-02
2.976582761909898345e-01
2.922215824904674242e-01
3.036845626316880264e-01
3.263020270570151093e-01
3.119037974230524091e-01
2.374735071747627879e-01
2.829225493414708192e-01
1.180584678044297037e-01
7.006117642904320653e-02
5.010121210135572156e-02
1.159430728533208110e-01
3.321137849369324435e-01
3.343618234518782040e-01
3.159268727490209261e-01
1.200633416238901519e-01
2.821835226831062027e-01
2.289368512641870024e-01
1.740964430484372993e-01
1.675842605346853920e-01
1.570787594379143837e-01
2.023729655746802636e-01
4.592843790690991773e-02
1.322338375964456081e-01
1.692554127144226539e-01
3.257570352697187754e-01
3.433835793272735359e-01
2.884774308220099948e-01
4.464828435536042500e-02
2.650240622562112791e-01
1.649123877568182128e-01
3.225050022731680288e-01
1.542468698800893157e-01
1.954901903646191208e-01
8.553845240899200786e-02
1.561540170814976758e-01
1.714055986075605775e-01
1.454677647572673871e-01
1.314090217041648523e-01
1.621675630473804197e-01
2.753451072302233738e-01
3.043057011317770733e-01
1.806288578333691275e-01
1.627585827354685599e-01
2.868977688152442584e-01
9.205162293089186321e-02
3.291721888105954008e-01
8.469781690206772129e-02
1.517323155900124620e-01
1.467858741774139830e-01
2.287009934400529854e-01
2.287432493396220345e-01
3.116495762574174044e-01
2.236617178516158155e-01
1.321219281365044462e-01
1.063971196226068811e-01
3.020281947825343982e-01
2.123074595092299954e-01
2.792665789138201737e-01
2.818157170435021674e-01
2.381546133311907842e-01
3.427183402492991471e-01
1.302960559299535248e-01
2.381491495552282844e-01
1.357994663078017361e-01
2.775022048227539506e-01
1.387465649645832078e-01
5.950913426895152597e-02
9.869237981018924577e-02
8.772490265124419095e-02
8.261019360843090131e-02
2.494270652754946027e-01
7.784264898391327070e-02
2.544112475713578014e-01
1.891657981090504315e-01
3.200185617094724044e-01
5.861404004703624909e-02
3.093653718031555422e-01
3.177626588797082263e-01
1.636281733120162063e-01
1.337888915411553081e-01
3.141054666874359969e-01
2.213829274331656494e-01
2.398041279755911137e-01
4.542182192808776747e-02
6.225104638365986515e-02
3.080436526266441821e-01
2.920288791870878087e-01
2.712125958279111848e-01
1.155467182328682313e-01
1.254191942555544503e-01
9.328736231612377861e-02
3.427495242885097437e-01
8.445494651180436574e-02
3.860138336373699491e-02
2.895494711450166680e-01
4.281353858659811551e-02
3.192890234498270141e-01
3.342413857434657354e-01
3.167473654590887144e-01
7.338334099573579072e-02
2.205327658103221899e-01
1.345418546517443414e-01
2.211311271846284621e-01
2.142154677693958731e-01
5.721686709861580067e-02
5.576193468584806495e-02
2.853941365330324720e-01
7.721280787822484837e-02
3.445479648323451771e-01
1.591774961451108139e-01
2.688486254420722199e-01
3.248650590219296919e-01
1.783312191806497582e-01
1.013154095705418728e-01
4.022830837663541464e-02
3.605391967885165222e-02
2.620624898846155015e-01
3.319446336570044398e-01
2.653665921337689526e-01
8.142995216261889047e-02
6.878184953029649329e-02
2.064096754707841763e-01
1.030797074760514825e-01
5.549714972145989439e-02
8.609058825915083535e-02
1.031712827042405439e-01
3.152861577488397793e-01
3.038359459852755240e-01
2.436883764706046507e-01
1.118112643106332071e-01
1.779764315707537681e-01
3.216223454891466438e-01
6.648701375578376649e-02
8.972486711972910145e-02
2.849898348634831158e-01
1.038042312203824313e-01
2.934261792144918779e-01
1.671765997767179213e-01
3.388468671545011301e-01
7.748296001774747366e-02
1.029326049829127621e-01
3.189323378877258475e-01
1.950906986812757371e-01
1.855233708235841106e-01
5.375015986466994550e-02
1.259169304440612980e-01
2.378136068124137303e-01
3.006129761593841487e-01
3.214118090511937087e-01
2.784092231056878863e-01
2.505041316977452137e-01
1.520235073760265454e-01
3.229852831744742248e-01
1.427384956509551717e-01
2.613017241853149430e-01
2.879612792798951770e-01
3.076983516125642026e-01
1.008784588525078185e-01
9.764170460458343470e-02
6.775017102332651919e-02
8.404450734162888237e-02
7.161853951134435070e-02
5.633655717469694679e-02
1.508336567380401949e-01
3.098868994011133582e-01
3.447262559999299536e-01
1.735839793792952612e-01
1.716486002093807473e-01
1.798338911840680621e-01
2.773099614572694382e-01
9.354664891742116295e-02
1.643038876652694324e-01
8.662365564676981211e-02
1.382456057041525355e-01
3.312465998769008602e-01
1.902891143443710409e-01
1.332166453300866749e-01
1.768443361914216472e-01
2.825946256755333397e-01
3.087846604057267186e-01
8.336524260912127338e-02
3.029319418585156853e-01
1.080311474333104788e-01
1.219756023757596758e-01
8.360242452366858923e-02
4.548416368301326507e-02
1.810688268072628282e-01
2.189534389102253675e-01
6.025310055244048613e-02
8.605884766609173120e-02
9.684237534896528166e-02
3.078590523248013189e-01
2.615743473402188379e-01
3.033686890532114044e-01
1.490932940357952430e-01
8.501823303705491330e-02
2.676034724455843561e-01
6.216252899917493191e-02
3.063809119032355199e-01
2.813746950497874599e-01
1.869032298692782368e-01
1.959242702236091982e-01
7.632904000282339507e-02
1.602580219701633946e-01
1.665964432284091357e-01
3.416366911737520606e-01
2.549539505358083269e-01
3.891176585607671046e-02
8.807170232969589729e-02
9.136075636923025878e-02
6.944731565992402766e-02
3.079507705311931298e-01
1.788411916381305589e-01
8.538749957664723556e-02
4.924186154500707902e-02
2.364690413576909789e-01
3.316285739868645721e-01
9.841845307258449693e-02
3.233571207732902075e-01
3.172886279480434113e-01
1.119172153199435721e-01
2.990201391739789605e-01
3.161646880776742274e-01
1.130392185782758269e-01
9.185055267016965785e-02
3.418865079913074867e-01
2.730487808575181030e-01
3.380510620361693030e-01
2.513106568932261808e-01
3.271866025723732530e-01
5.320720023899315476e-02
8.538076989603400613e-02
2.315350204218315777e-01
5.852450372591043448e-02
1.579669019277558095e-01
3.103523493654470333e-01
6.647764853482951430e-02
7.957681552065870578e-02
3.332896552857687045e-01
1.292834185837533345e-01
3.098945357707646453e-01
2.777679511863661577e-01
2.090782851407760046e-01
2.594802085827783711e-01
2.392314797630803735e-01
2.937374887951184066e-01
2.848573594899562189e-01
4.278437372752039169e-02
2.567776752433681975e-01
2.244785831371382823e-01
1.430844610380433424e-01
2.054953138558247849e-01
2.367561658005016556e-01
8.236356772594373432e-02
2.849313899110934023e-01
2.846362226511008342e-01
2.925720521468905821e-01
1.974902361391454308e-01
8.973425485746015784e-02
6.881094248044818118e-02
6.626879182716355343e-02
8.240123887153236182e-02
3.215653337052484795e-01
9.270916521436854685e-02
2.137310887709520102e-01
1.340938529594474793e-01
2.556742701014103059e-01
3.364876472154773590e-01
1.351216036757718619e-01
2.799309969378708240e-01
2.916458615214810313e-01
2.189627193694560492e-01
8.134474588785652049e-02
2.883085421375652380e-01
3.279585471846944711e-01
4.230785777540216341e-02
2.036014492440156864e-01
2.088260175832345189e-01
2.299946968350679022e-01
3.450338091912067973e-01
3.144223493347579890e-01
3.211620167320665686e-01
3.678737915586857005e-02
2.151386858823104709e-01
2.420924488524857643e-01
5.238032226924334289e-02
3.141310058001776651e-01
3.214207996862836203e-01
2.784489083602616488e-01
1.194781079365982018e-01
9.016117763553251063e-02
7.189676336056487205e-02
7.799955759058108118e-02
1.819548985138845221e-01
1.486875006504832786e-01
1.657892233107174651e-01
2.784709203284723156e-01
2.932242373269580149e-01
1.144046058967578272e-01
7.819492222693584516e-02
2.042022342733224305e-01
2.871762404741968200e-01
1.171436159593665649e-01
3.048940703691194742e-01
2.896959688341457229e-01
7.406440701923822090e-02
2.695708361608800674e-01
1.079928315823621837e-01
3.317719710902078956e-01
3.175991492230198499e-01
2.783926103041532429e-01
2.564625366924243588e-01
2.871198701526188057e-01
8.815416832289345306e-02
2.656332941236148049e-01
9.538859222106127467e-02
2.467654853647457958e-01
1.354627646701215271e-01
3.117014826147266326e-01
3.200305715333208179e-01
8.272770322163666701e-02
2.149571966231806353e-01
3.242611978740564949e-01
2.826220743359324494e-01
3.398919666679450780e-01
2.273726597436795949e-01
1.246522335672935328e-01
2.537106822489025859e-01
6.670399792960654550e-02
3.298638605578483873e-01
9.400988625718768865e-02
1.005777529139118970e-01
2.282042341799095098e-01
1.917967922217426180e-01
3.811704876795437430e-02
3.111159190490279669e-01
2.688384734652457531e-01
2.754849741164168142e-01
1.132474495561281574e-01
5.476442179539053184e-02
1.883395631492200406e-01
8.897063445936460868e-02
2.924557646087718732e-01
1.315489871871646510e-01
1.348640564925152607e-01
6.288137992192210923e-02
3.201254831093858777e-01
1.322762754590273704e-01
1.033160732979345742e-01
5.041191050302933768e-02
1.096064148549668604e-01
2.191909127411739155e-01
2.611232397066061695e-01
3.037090648369118462e-01
1.905734767717839617e-01
3.037477381290055733e-01
2.228074230286261614e-01
2.598532326423609873e-01
2.339658591714708358e-01
3.037683429175435101e-01
1.262108284617779741e-01
9.316605311952347312e-02
4.261240594824294847e-02
2.785700930036977274e-01
1.058092272349640123e-01
1.793159326060107250e-01
3.115690068725228135e-01
3.251447336588715875e-01
2.916746896283660129e-01
2.895269657746196712e-01
3.305943766581564969e-01
2.930214149264459556e-01
2.017132898444488620e-01
2.565190134957461288e-01
2.963535958707851359e-01
5.481380353664275923e-02
2.548099886880753062e-01
1.449709122552166329e-01
1.915967526340591753e-01
2.913075555140224870e-01
3.413195457208684780e-01
1.124733426146589527e-01
3.369674082893277522e-01
3.036310808849628229e-01
1.422607347905950059e-01
7.687963482099476054e-02
3.270511012129195816e-01
2.792804297454858364e-01
3.168188176909372267e-01
9.274869632150509191e-02
3.038217787576424356e-01
3.216640940389950409e-01
1.107483356064679764e-01
3.155271468068421292e-01
2.343215958747848215e-01
2.736876282821483208e-01
5.523630567048023327e-02
2.502300126266613911e-01
8.447759638598978382e-02
2.594529370520228806e-01
2.848478422872757765e-01
5.499464635118716388e-02
9.096188905126127711e-02
2.115478280798043786e-01
1.787451723221435973e-01
5.030451233057321031e-02
2.766325254268178213e-01
2.921186711894793175e-01
1.484491344766525334e-01
9.044267383431274510e-02
1.046308032213051770e-01
9.607446172103278892e-02
7.284174086605724185e-02
1.801935023176643724e-01
2.014750813841193477e-01
2.016239359600029701e-01
1.061574312450280916e-01
8.713858470482438445e-02
5.142374009683796376e-02
1.109551141743874980e-01
2.274069487911050680e-01
1.031672910207161176e-01
7.691924095000687855e-02
2.628381901853922842e-01
9.519649243148479989e-02
2.184552377736088402e-01
1.226244151207573629e-01
6.342732288111230243e-02
2.399510723129539558e-01
1.796777339625703351e-01
5.998996684538997898e-02
2.828157034466234898e-01
2.292302836315755488e-01
1.040995211464128684e-01
3.099405014697278471e-01
2.016749016734368238e-01
3.026353809606446288e-01
1.147629101606843782e-01
3.364909376375346262e-01
3.158647563021932392e-01
1.210613369134592165e-01
2.536790742511973451e-01
2.829130614332403537e-01
2.601521581509215197e-01
3.316202032729203553e-01
1.121755161003550050e-01
1.057186676182100687e-01
1.722424650975558635e-01
5.870649302085720334e-02
8.597509100858298503e-02
3.106264575961233954e-01
9.230677675359272305e-02
2.055341169628185360e-01
3.047481979524234719e-01
5.479977745367659026e-02
3.632122834303949666e-02
3.036349203277760034e-01
1.914489356775680440e-01
3.347581704148626103e-01
2.586763387331873498e-01
5.848495485794323601e-02
8.713758434949796239e-02
2.945269171893875604e-01
2.506553862718484682e-01
2.510348942275019146e-01
1.053951329210693483e-01
3.077678045895830827e-01
3.112633028127243517e-01
2.933666913430807432e-01
3.356704590403036259e-01
2.997729602196925747e-01
3.177211889874603790e-01
2.611604098931828433e-01
3.331338062609193740e-01
4.961367506687329454e-02
1.732988247820004546e-01
1.433887146454342620e-01
2.830520561946461289e-01
8.464319804671578684e-02
3.187851624144564799e-01
2.984828256070589103e-01
1.813928862451053281e-01
3.177026722641449474e-01
1.157597209593682758e-01
3.237790475042876537e-01
1.482844931777947128e-01
1.187908581495210614e-01
2.284602758951757850e-01
1.475951583732863504e-01
3.364782493788707196e-01
8.042387862060894343e-02
2.498195508607707616e-01
9.895512243741449998e-02
1.893338500749443265e-01
2.753959681840795759e-01
8.796780172156953848e-02
2.606518462932286284e-01
6.706728906973813409e-02
3.085239074569831597e-01
3.206856760687846197e-01
9.241245262417466244e-02
4.130484459169723316e-02
2.971696543162452020e-01
5.404951517669482480e-02
4.876923104503066986e-02
2.979509298757992419e-01
3.050653508291665816e-01
2.665848738722378375e-01
3.158210094777851862e-01
2.980582550503757533e-01
1.436438771795988112e-01
3.292695673460082073e-01
2.550966954432629663e-01
1.772756230962521662e-01
3.101282942846469992e-01
3.107818189725498059e-01
2.981115383555648091e-01
3.832540747057949088e-02
6.471005943715707476e-02
8.652137830121298112e-02
8.707137909886944471e-02
1.049935068747649553e-01
6.399798489646756072e-02
2.398689319686119759e-01
9.697265886238810861e-02
3.438817446860745197e-01
1.719623679548603068e-01
3.397688251245067348e-01
8.292623539961815893e-02
2.996467225551028291e-01
1.861513588122256646e-01
1.683128477503653964e-01
9.758633805691543928e-02
2.951715443201458067e-01
2.095386511486131420e-01
3.331708499657210498e-01
2.362311060643060012e-01
8.711147011649533756e-02
1.936057491433046951e-01
3.191481761670132422e-01
1.364298911006567305e-01
1.450513993360027787e-01
2.953695632294341400e-01
7.615977994754599689e-02
1.313257174414893813e-01
8.018375776372417552e-02
1.121470347408545093e-01
5.473541506824949193e-02
1.585552405753100913e-01
3.394305311863676233e-01
3.329428221304265301e-01
3.063023120462126658e-01
2.881388794208687432e-01
3.027809265575165942e-01
8.164404211494370733e-02
3.170374048809017631e-01
2.868951120597653115e-01
1.092769936900716693e-01
1.894460220838287134e-01
1.803598010105385285e-01
3.097730068315461271e-01
7.289094396676513987e-02
3.313307688151974073e-01
5.376584718805629132e-02
1.698149040013783584e-01
3.262556152217670480e-01
2.295896318539162873e-01
3.201777799335054353e-01
9.060115216850335440e-02
7.692447842001062797e-02
8.193917276839697561e-02
1.273569344848638762e-01
3.621400112610810573e-02
2.176879190669150088e-01
2.717890910451737363e-01
6.513147128084707804e-02
3.308465987944925191e-01
1.705187281295884316e-01
8.036812720243734220e-02
2.388278025123481141e-01
8.477551595984160471e-02
1.642477216393902484e-01
3.256836174008624907e-01
1.457144040776260085e-01
1.438655702586029150e-01
2.151986685942472166e-01
2.792604031346328508e-01
5.405527209747968548e-02
1.917078887599308057e-01
3.201330075155019994e-01
2.265407618097196041e-01
3.122294113628044099e-01
3.295498072235607534e-01
1.503717229470954431e-01
2.712993683006140744e-01
1.812673293660927720e-01
3.783754020572557136e-02
3.114754964034227025e-01
3.341510192929718626e-01
9.340097480393094731e-02
3.017962231859736555e-01
3.306153476818877723e-01
1.485476133178878222e-01
2.876601045994442996e-01
3.442129915785981376e-01
8.617460821550944339e-02
1.812662620318502560e-01
2.902670240939800861e-01
2.026465002737962151e-01
1.366651036581816026e-01
3.421012324030348051e-01
1.926932611584036836e-01
6.576418582821651204e-02
3.092000419361002894e-01
4.345561326042863409e-02
1.259514744418678001e-01
7.271661546412057364e-02
3.431450273862084455e-01
1.748364621995962542e-01
1.173385448048150925e-01
8.690082399330655016e-02
1.568805421821106161e-01
8.988776752173957552e-02
2.012667659438864554e-01
1.983850569624954208e-01
4.695796513842181302e-02
2.217574205049217539e-01
2.503030523165492016e-01
1.247929671443923361e-01
3.160819868638664598e-01
1.458744906830851673e-01
9.458867410048722724e-02
8.412065807152470376e-02
2.948933458366562732e-01
1.016527343622691260e-01
3.886064370670343215e-02
8.933232427867998648e-02
2.984893355879360000e-01
3.133227587117358715e-01
3.219852763462023870e-01
1.875768960844477196e-01
5.178939520454706874e-02
2.595097643613223926e-01
7.357908338716186158e-02
3.008972987244422637e-01
1.437822064675546851e-01
1.100237357333881533e-01
1.262680693560313261e-01
1.756161221431501440e-01
1.122263896494647695e-01
2.618163105946970659e-01
2.371261373544934492e-01
2.924165450400779132e-01
1.492684724688932152e-01
3.152122290839790009e-01
6.731977506825229107e-02
4.293362034388700788e-02
2.704485045091628570e-01
2.171222545794590786e-01
3.251061504775021871e-01
2.770232337494687447e-01
8.392448770995768192e-02
2.954151935238867321e-01
3.015948634662913852e-01
2.577459651268953489e-01
1.407180426416980434e-01
1.815233615289604807e-01
3.402388102868199038e-01
3.368679050964155652e-01
1.367235219926572765e-01
1.012539234828215562e-01
2.917855483581552889e-01
1.942949760267636550e-01
7.688953334629629321e-02
2.171775963593305936e-01
3.372730604183767911e-01
2.860927811946819554e-01
1.518255293084029289e-01
1.550735600381631107e-01
2.915921975645004438e-01
1.861604396519610516e-01
1.148148430146420512e-01
3.080744860874808366e-01
2.390431744376046441e-01
2.112945246070120631e-01
2.345162286082705105e-01
1.008452338118276947e-01
2.710118349253257675e-01
4.829095520953228388e-02
3.005015311160697533e-01
2.637732626884584097e-01
3.195998856083442363e-01
1.256230665812512193e-01
8.764555040132575303e-02
2.187987746925611210e-01
1.252388270089123956e-01
5.978708995845381097e-02
8.196877685998468777e-02
3.395963064103804108e-01
7.732287246584214346e-02
5.123511623560617761e-02
1.531295202123618693e-01
1.089975799109465376e-01
2.973431324930392861e-01
6.116979687055136561e-02
2.615159836074704702e-01
1.015317655579830031e-01
1.887410099218809201e-01
2.267080870345088983e-01
2.095096846145957925e-01
2.481426794493432897e-01
2.994233577620573628e-01
2.006426954032828891e-01
2.987100741771255286e-01
5.395384696172744049e-02
5.887766449915638606e-02
1.556210083576037018e-01
9.351477358495328962e-02
2.515182880413860400e-01
2.885260068260984689e-01
1.517212594238409318e-01
2.703742524802412728e-01
8.379549001384470341e-02
2.131711245626562168e-01
7.803517083628924711e-02
2.486299587153375512e-01
6.084748781611708929e-02
2.243109636341830138e-01
4.364971668897963536e-02
1.568265259221159336e-01
2.559437909700260083e-01
1.325579265138880913e-01
7.379257052844691300e-02
6.204568848593752795e-02
1.517751804876205923e-01
1.328877159872416114e-01
6.784906440400513550e-02
2.587247971762502430e-01
2.333293896371247123e-01
5.578555154250690318e-02
2.886358057573620295e-01
1.250873936002153963e-01
1.712750067304517343e-01
2.330915057965365356e-01
2.179783026846640048e-01
9.946062576961373081e-02
4.696450509057229633e-02
7.403260627146460160e-02
8.428021555399206610e-02
6.311558587426115141e-02
2.541992763884665663e-01
3.386805605970766853e-01
2.657264848750104380e-01
3.404826596612199330e-01
3.344454635836527912e-01
8.491961866809513704e-02
5.043624118763842534e-02
2.466014238924428281e-01
6.732441267156588638e-02
2.825752047352355634e-01
1.646276605838324913e-01
2.644783730715641878e-01
2.368187450712428699e-01
1.013639916292813081e-01
1.827997494249041233e-01
2.453560955770026086e-01
7.488222687998778715e-02
7.777738206091726336e-02
1.658800494820467097e-01
3.086669731067849809e-01
2.277982032291430980e-01
2.395138062432001780e-01
1.537387228552839213e-01
1.583026317283600659e-01
2.571545719448210532e-01
2.186472963965933880e-01
1.468491710020682905e-01
1.182567194878063332e-01
3.162250515536844664e-01
1.415941128561160889e-01
3.288116816305761692e-01
9.686014533936437854e-02
6.237585573202356765e-02
2.010881928515840245e-01
3.053293424913747223e-01
2.067666508815211024e-01
9.627937188851491690e-02
1.000828716161030474e-01
5.317723892317372664e-02
2.717259723479941713e-01
3.304917004157108540e-01
2.558894700425408675e-01
1.698447473241715411e-01
1.138988290250668028e-01
2.974139353495580118e-01
2.988626125491215535e-01
1.910021943293713220e-01
5.853738664693257376e-02
8.296117177128303766e-02
2.747873987335553991e-01
7.225176115023169976e-02
2.852105107629528957e-01
2.946065148526856303e-01
3.239683777162443157e-01
3.256953433904855588e-01
2.359758999076951025e-01
1.685689235345190773e-01
5.977128503895968309e-02
2.927041896319508285e-01
7.612486154450001652e-02
2.387787347280630745e-01
1.946704421400414498e-01
1.230352484757345211e-01
4.448150427878131558e-02
6.017260726679808658e-02
1.153930909392518328e-01
4.744386113049234993e-02
9.923954737100389167e-02
3.428754350806983431e-01
3.029155238953248341e-01
3.234740894697602509e-01
3.436318497422339302e-01
1.553824415201303100e-01
2.737544105287858520e-01
1.890986530348291728e-01
6.516928634825910893e-02
6.759242706691116764e-02
3.137619002052483008e-01
2.924896268582392600e-01
3.202797603605755938e-01
3.075104924946727714e-01
3.164694053257621209e-01
5.113144997609000292e-02
2.060856802127299658e-01
1.111765711350117813e-01
2.159481767713757605e-01
2.861533012872500281e-01
3.206553874822359318e-01
1.237908618785436704e-01
3.357769327720633301e-01
1.568339793427063478e-01
2.314005041754448322e-01
2.991186870753366756e-01
3.069589585234315243e-01
8.624892171792523932e-02
8.846855625930920286e-02
1.151851217558090279e-01
6.383939316598184754e-02
3.403800932080874864e-01
2.956755638816965792e-01
3.199628575286292964e-01
4.856229228239797302e-02
2.433938357847962863e-01
2.964168955754630241e-01
1.099041172130693078e-01
2.216253219361470628e-01
1.710769491188895153e-01
2.474834903239116202e-01
2.925609836387406681e-01
3.340303263848621307e-01
2.940023672759610185e-01
1.504366275815152143e-01
7.364550014989804105e-02
2.022328207959681878e-01
1.276858254951165061e-01
3.051859915950234647e-01
1.079696360237594188e-01
2.480455338825563461e-01
2.690100745810619642e-01
3.286642655252782208e-01
2.781349840877339052e-01
2.383402770126980541e-01
3.363865570020578843e-01
1.004741305245605149e-01
1.888422338938583189e-01
2.349894759327035842e-01
2.021530092710787097e-01
1.435289892836434378e-01
2.631885212020322884e-01
9.960964203612238110e-02
2.683841298016592103e-01
3.136825578077566679e-01
5.687595544463264902e-02
7.276620550993244396e-02
7.529156306612587446e-02
8.344626915821047597e-02
2.161341460864556197e-01
1.364787841011441960e-01
1.579175158594884332e-01
3.393330280142513034e-01
1.425905902755585930e-01
3.063759884711653170e-01
3.276515505510056436e-01
3.306751793720268395e-01
9.476877501080623045e-02
2.925222576637891425e-01
1.160149922092839903e-01
1.027463140110078388e-01
3.287990600603844515e-01
2.195855394644968261e-01
1.783596660875602369e-01
3.244836916191669030e-01
6.076124993552275283e-02
1.210299193185285088e-01
1.686896203021946983e-01
3.152384727421793653e-01
2.046049956095793987e-01
7.503804641576235224e-02
3.028047693366974213e-01
4.770138573522338110e-02
9.225675048913746512e-02
1.594077126620783713e-01
1.700873297446425514e-01
2.759247500441711631e-01
1.081225131660999011e-01
1.762079625452130649e-01
3.371025542645484374e-01
1.082490706093347799e-01
2.645683638826670792e-01
3.189019095921035163e-01
2.034649573649658927e-01
6.523835927682949953e-02
2.751831314821441832e-01
3.175024385921162984e-01
2.810179948587537835e-01
2.636025461949688675e-01
