2.185606709712132611e-01
3.107645892455757619e-01
3.236656281700018845e-01
2.575328858876597127e-01
9.240851720620307796e-02
7.857127906019044372e-02
1.823581449378564034e-01
2.824103144894571926e-01
3.541413148828341517e-02
2.165785561603625342e-01
1.959462300862271911e-01
1.980230173019887630e-01
3.107477313625666704e-01
1.129127749310346179e-01
2.280525006617579176e-01
2.003074564947901759e-01
1.086200253973274438e-01
3.206148960688668392e-01
2.143766156796468314e-01
2.725949286537643901e-01
7.337459718375945183e-02
3.206931040222847362e-01
2.667175291366530310e-01
8.366724262405667023e-02
2.275141488000369527e-01
1.280477349321423597e-01
2.230179175748115972e-01
2.823255900220267289e-01
2.735683000516677538e-02
2.233940115798921100e-01
5.586517339580095165e-02
2.944481716056944753e-01
5.940632292408741522e-02
3.209633014467457301e-01
1.813232418396949486e-01
7.238541776990370380e-02
1.229477929764894450e-01
2.911824306900167025e-01
1.683486599762787916e-01
2.824458992406798097e-01
2.736024362821509182e-01
2.773507919813450462e-01
1.499501029702663690e-01
2.877545098796477907e-01
3.075321754896186977e-01
7.165846525020744262e-02
2.997728499273790148e-01
1.693045951096684432e-01
3.015913980033023689e-01
3.539424261136135674e-02
7.515402111135997820e-02
6.729175180803344258e-02
1.772809918637668902e-01
1.193676229640829589e-01
3.130719693931207082e-01
2.748192707071687724e-01
2.746038054440830822e-01
1.699898107948441539e-01
3.208086370278561694e-01
1.701577639291163568e-01
8.817790606535449993e-02
3.009278421375949364e-01
2.517111638893538283e-01
3.032793682059528595e-01
1.383852589503049568e-01
1.793868606439077140e-01
1.776114905087743390e-01
1.062875364048118804e-01
3.024785802242607735e-01
2.091953476798777134e-01
2.653416884346818105e-01
3.663329686119734530e-02
1.047471604781279458e-01
4.375983478426947321e-02
2.764508053861854386e-01
7.201554004537510933e-02
2.456434280199272790e-01
1.004821875495146011e-01
1.409981956547683157e-01
3.319483228481561743e-01
9.335059723626926154e-02
2.960017812795244160e-02
1.037773746575389178e-01
2.045441268636832566e-01
3.029211746372891811e-01
1.585870572747802854e-01
2.141324641899202685e-01
2.435177256032459436e-01
1.969431130370370431e-01
2.292306819441604360e-01
1.562510356027064506e-01
6.980667687008992872e-02
3.205205629613078755e-01
5.482660862192998558e-02
7.392582859094304348e-02
3.260110951516601019e-01
3.179848220759071697e-01
2.743231404309244836e-01
2.892066890476080454e-01
1.967484684062537625e-01
2.966593404528825029e-01
2.007186146294451523e-01
2.800441851321633924e-01
3.160828991823104173e-01
1.520477517840171100e-01
3.215612716714562058e-01
1.186430671244327328e-01
1.009600272155230932e-01
1.168600729972504859e-01
2.870363151758074660e-01
7.018622925048999261e-02
2.551033111596140435e-01
3.032897792469448350e-01
3.312238618615936381e-01
2.184946553916581047e-01
3.297159126863322687e-01
2.450680665537798841e-01
1.462261936771135640e-01
2.572325072897344578e-01
5.877829989931914606e-02
3.172743120675410866e-01
2.224792425767703197e-01
7.412728914781735456e-02
1.085925627709771885e-01
4.687690548192845891e-02
1.645716119984781123e-01
3.202681278580663538e-01
4.125580508298250931e-02
2.536540687805814431e-01
8.826900173458490650e-02
5.684462596204112317e-02
1.990803394515632263e-01
7.307845635358023451e-02
1.971099299419249717e-01
2.977336686868247706e-01
1.321277671702233703e-01
2.400519897445023074e-02
4.193952100894293711e-02
2.758586652516977211e-01
3.615771624291863606e-02
1.748441684346590252e-01
4.677863827347105569e-02
1.649249559753803163e-01
1.837808140986040006e-01
3.510093075384251859e-02
2.665076765431524664e-02
2.032175770242079238e-01
9.960750598203159389e-02
7.344854721181562351e-02
3.274777084691696261e-01
1.039082634838344177e-01
2.031325053605556596e-01
2.814108855061242531e-01
1.177239382384879379e-01
1.029143175903882435e-01
1.819629137050977341e-01
3.238845979834457101e-01
3.036691547499046351e-01
1.202971115280572628e-01
2.992017313850870996e-01
5.561042863625081240e-02
7.943328092255988460e-02
9.334089858299492171e-02
2.857621176537540608e-02
1.952470491888739224e-01
5.700167546896506288e-02
3.391992728119837264e-02
2.787207984874671696e-01
3.208817017294674501e-01
6.068543200652586761e-02
1.751519373080318298e-01
1.041608145536091212e-01
3.224564120964210079e-01
1.258163382610233694e-01
3.309144157227608685e-01
4.470609082108135263e-02
9.767286043681398799e-02
1.260160783441797994e-01
2.288387856259855024e-01
5.354877436764564347e-02
3.280854523373967768e-01
2.658547071877238044e-01
6.825605536246658056e-02
2.134435220450825732e-01
2.045265419462424794e-01
3.301558028033665382e-01
7.004768738993139010e-02
3.209083278256813498e-02
3.022831265069199080e-01
1.303353733342001997e-01
2.266195394054154044e-01
3.197086033560453955e-01
1.486132467670514545e-01
2.978877097427657938e-01
8.267990819870157937e-02
4.201710604353132289e-02
1.883869251117029631e-01
1.196481503442433786e-01
1.528005389436384864e-01
3.073666362789116979e-01
7.830428668640194989e-02
3.305254374333855827e-01
7.358625070093670339e-02
3.042663265846283216e-01
7.049699705185132059e-02
3.258714686009900330e-01
3.129576187867957882e-01
1.664625760724837700e-01
6.884919466111867614e-02
9.651125701969183457e-02
3.112058112866707138e-02
1.956520477644303757e-01
2.764049323409739634e-01
2.030156275669557642e-01
2.171769845586460079e-01
8.404896600497975545e-02
6.144386556473682703e-02
6.796267838583269771e-02
4.071983870321760346e-02
4.286576449121955873e-02
1.153628405240487015e-01
2.074444664694979068e-01
3.060210009670634723e-01
1.830717622266836431e-01
1.893417413015227591e-01
7.568107398582066270e-02
2.763212909027874115e-02
1.029972003896639510e-01
7.064706124348577032e-02
2.713675461001603950e-01
3.268000307333946974e-01
3.220728957832833528e-01
2.655725008784307062e-01
2.026022097061028759e-01
8.479864342751188000e-02
1.417527962075055270e-01
4.358368766628730601e-02
3.146305152686137974e-01
1.621885398869233330e-01
6.796806926682709415e-02
1.443356208924683748e-01
1.076965718888296952e-01
6.498335007170205624e-02
2.341383077824346348e-01
2.029476858558666164e-01
1.251354687519936337e-01
2.644101076996489552e-01
1.858667826126547129e-01
1.433678545615167388e-01
3.181019627453539611e-01
7.448889901617364306e-02
1.378048874682376301e-01
2.129210404987966487e-01
2.597809245445280649e-02
2.460188305047646684e-01
6.420325336996650367e-02
2.061310151394213364e-01
2.487958832203269466e-01
5.049691384142886846e-02
1.033394769093295001e-01
1.755640343185749797e-01
3.654882490593368977e-02
3.783459138966106111e-02
1.509413302258399148e-01
3.165798214414549672e-01
3.312478288863198728e-01
4.753461030171315937e-02
1.222449678718004612e-01
3.231637564802924412e-01
5.027755379704744454e-02
4.945768787056806920e-02
2.205701087850643061e-01
1.699244132194985824e-01
5.844870633798218001e-02
6.679386978229120975e-02
2.656731781411089677e-02
2.332508210331971643e-01
7.644279861607132520e-02
2.781750078532897463e-01
2.204022642900587969e-01
7.696441735060019496e-02
1.144406595657027348e-01
3.022833281227705893e-01
1.808038563066092230e-01
7.659511290814879914e-02
2.735104500181562148e-01
1.518015384023195247e-01
1.608532710112919595e-01
2.000657681073715888e-01
1.175845587062423342e-01
9.427299251413687187e-02
1.765542837399383669e-01
1.446599411279441971e-01
2.216338193944718538e-01
8.095427850673116155e-02
7.896797283977689819e-02
7.098066975570119230e-02
1.127787857446490571e-01
2.776376471006579694e-01
1.698367905508413878e-01
2.809684137694751782e-01
7.017133925161654628e-02
6.917857045096956203e-02
1.586157139577965558e-01
3.002673697404819042e-01
2.423657966863118074e-01
6.668873522631209305e-02
1.378220156521091089e-01
6.818625966568180041e-02
1.103364042472352313e-01
7.293656039400867042e-02
4.522840472806602397e-02
9.108044006059164144e-02
1.510905088569546584e-01
2.557461549615155927e-01
1.009068183607023661e-01
1.931486691839988112e-01
3.086622246595989716e-01
2.290987177612457404e-01
1.464811254653216877e-01
2.428786228017658366e-01
2.248988967137103279e-01
2.939216715716246875e-01
6.821305747953661236e-02
1.756748011106297191e-01
1.963259029077294437e-01
8.045311047878953015e-02
2.212155319620986438e-01
3.691585345055468231e-02
3.531569053082494331e-02
3.161633413443000196e-01
1.214968690714313543e-01
3.300511635151825440e-01
1.698544809987475313e-01
9.567263673450870920e-02
1.994785774935253775e-01
3.314917429154612405e-01
4.209063891863964318e-02
6.000067726470848656e-02
3.089072232394903805e-01
3.171402325762183172e-01
1.767029207679581548e-01
2.718575649802743022e-02
7.129743275271036018e-02
2.354337502474397326e-01
2.288335912393889560e-01
3.240404195083627925e-02
2.909690198265938998e-01
2.466633957891341822e-01
7.152083592667454748e-02
5.132002519385718553e-02
3.100921837962474226e-01
3.280673861330303531e-02
3.260070197667113701e-01
2.205383958391042565e-01
1.974891808354237444e-01
2.525451553338426969e-01
2.730087342254793326e-01
3.024273155897854240e-02
3.347553645471581518e-01
2.380147947583417245e-01
2.991859536727212721e-01
6.630931279517980614e-02
2.192244416507883042e-01
3.136671259127015166e-01
1.638474707705928068e-01
1.987416727360822866e-01
1.400460115964549113e-01
3.312004281437091469e-01
1.036868113996917418e-01
2.619868162410201595e-01
9.115399210900759774e-02
1.446387113113132561e-01
2.905706899696680057e-01
1.571092574024538779e-01
7.626712206816134432e-02
2.689057229848371144e-01
4.803964481980374512e-02
6.627104148976699360e-02
2.860842568347439219e-01
1.103259407767219480e-01
1.495602087898684207e-01
3.001600119191353278e-01
7.601925640761163228e-02
8.633348879958807620e-02
2.244542140292581089e-01
2.820900673296003469e-02
2.046885496863274645e-01
3.256544994921677094e-02
1.556251195685975641e-01
1.913038033479265987e-01
2.789394885134097168e-01
3.246040970735182274e-01
3.189265809014973363e-01
6.853517078189538814e-02
2.246247939479408540e-01
2.901337027304339844e-01
1.111799947126861227e-01
9.521236011148087597e-02
6.978075861155180748e-02
8.475253879827773784e-02
3.292777620504195868e-01
3.042434736393765382e-01
1.924266374466205853e-01
1.695755914843606604e-01
2.928620593581326981e-01
6.838720217340758800e-02
2.071671450950481053e-01
8.741059071394284563e-02
1.268040519717024417e-01
1.193557630286843640e-01
6.885364077883861234e-02
3.200805941916262110e-01
1.782999595656206138e-01
2.572447921364990897e-01
6.625722560239831471e-02
6.930511236483380411e-02
3.489270288120980418e-02
2.915815689595226412e-01
1.415300231056687008e-01
7.114614849455516699e-02
3.027251695140825150e-01
6.591107143738744734e-02
3.346402871116076483e-01
2.863060039257215306e-01
2.427517797410316258e-01
2.938035808711257357e-01
7.368170438643324716e-02
2.492985287486764595e-02
2.920936364865313051e-01
3.299629020592251827e-01
3.275375790963824807e-01
3.056467129156540397e-01
3.134481457279708616e-01
2.219490346759792343e-01
2.224912692185118390e-01
6.379023025143250314e-02
3.171055991695886367e-01
1.152932313955414567e-01
7.171191656459313668e-02
9.001919048982494342e-02
3.307025814059614266e-01
2.832628875041855454e-01
2.751691118205361053e-01
1.132434409178889462e-01
2.102823491070795747e-01
2.338860046689301975e-01
3.001305080844238540e-02
2.553781811686692271e-01
1.835839422097992613e-01
2.938181622061311060e-01
2.575064542370358867e-01
1.363684367799822272e-01
3.659661797819886708e-02
3.357286221262609782e-01
1.265301048125167804e-01
1.774077469758130188e-01
8.239902769460019649e-02
4.586019650243672308e-02
2.770091286004853215e-01
6.201075403529324181e-02
1.463509030995266691e-01
3.255969340269734835e-01
2.445379405719859955e-01
2.634228409654640890e-01
3.059858040035700055e-01
5.031255546475828927e-02
2.279047683631436616e-01
2.329432466708769023e-01
4.467172903732283262e-02
1.304130329538009947e-01
3.285389626545783814e-01
2.792396351397577470e-01
9.901810127363640246e-02
2.152820508269983613e-01
1.278180203271044313e-01
1.927634313461636106e-01
1.598240077838994910e-01
1.007524053274263670e-01
1.419918484529108516e-01
1.903790930909085022e-01
1.545785606788809552e-01
7.471729083714666320e-02
3.728081971184142585e-02
2.818346412506226861e-01
3.182682798965988380e-01
1.413542959518788444e-01
2.553222016798942229e-01
3.028401376704470960e-01
2.080448171574896532e-01
1.118187741237020721e-01
2.150556335160793420e-01
7.301903710899070032e-02
2.035480425932721660e-01
1.989170480679788022e-01
3.207101552133165279e-01
1.553623760312711766e-01
2.595107981660369489e-01
5.385837969603338160e-02
2.478548196827533578e-01
7.018455969994449872e-02
1.267632978482095829e-01
5.549825099892021635e-02
1.218876947123043591e-01
8.910084758846742448e-02
3.060136501797685593e-01
2.877196821531640136e-01
2.039680688059996860e-01
2.557272996694625600e-01
1.043726547632367468e-01
2.766953439598036080e-01
3.120510728007119816e-01
2.276066766774880457e-01
2.908029818296217761e-01
3.263910915615062525e-01
7.978385876173492430e-02
2.472316023006397856e-01
6.536382597918109771e-02
1.947272527484276428e-01
6.065805625065200796e-02
3.947397895672485890e-02
6.965617817137094436e-02
8.261049339465123542e-02
2.562270256657734335e-01
1.736432966151817969e-01
8.459504333052866865e-02
1.157141737596678877e-01
6.663629042747416797e-02
2.953439908514069456e-01
2.598249021422484595e-01
9.152518152974557786e-02
3.019326994546112086e-01
5.557214249625040681e-02
3.897153090509640483e-02
2.963206688781007125e-01
1.114168214563645148e-01
8.102102922413501052e-02
3.329339868298444305e-01
3.227319189025093515e-01
3.216595489152159759e-01
1.791590154985197580e-01
3.191906425203462350e-01
3.230138561035663658e-01
6.983662185331705741e-02
3.748262640115834071e-02
2.483922904992253433e-01
3.118124278780107228e-01
8.049273939160093982e-02
1.223950434587409430e-01
2.628568529818485766e-01
3.256251941098290970e-01
5.035512616336925568e-02
3.298413336800272710e-01
2.986215400528023922e-01
2.808407343896548447e-01
2.721823279093858391e-02
1.996551624141243708e-01
3.282155990955149538e-01
3.356223140789235670e-01
2.809434477492890325e-01
7.683920450028539073e-02
1.565203263242709586e-01
2.418282834229392234e-02
4.942667338648028957e-02
1.467796864092441589e-01
2.043391377112312446e-01
8.278132333595460135e-02
2.426254303422836489e-01
2.704777198416654094e-01
3.157290302821910699e-01
2.128422645365750099e-01
1.118201881522980362e-01
7.727231728828673485e-02
1.814877072423447257e-01
9.174297039231421591e-02
3.000887352107353134e-01
2.685511315454367498e-01
2.151141760046277052e-01
1.415311629139336391e-01
2.237876844536199616e-01
7.077218637079128738e-02
1.043240890150867461e-01
7.164352654845065893e-02
2.391817841403882233e-02
3.328922517585889973e-01
6.176267179271719560e-02
7.797400415748570457e-02
2.561588014462800114e-02
1.943823531684387707e-01
3.137581840260783572e-01
2.084031463464366685e-01
1.353642712441147644e-01
1.276064636009988928e-01
2.410338329903190246e-01
1.170707309464513457e-01
1.683526131021701455e-01
2.386271547466428666e-01
1.115013427031737031e-01
1.919979530051093841e-01
9.450905551372429381e-02
3.326912475216917686e-01
2.022758677290932561e-01
2.609699193426623376e-01
9.725327411980047576e-02
8.735361889009234104e-02
1.141200561343570924e-01
3.257947778622157786e-01
1.319940414808171703e-01
8.232812815715094545e-02
3.194084367984688089e-01
3.355145746913317240e-01
1.329396286890697498e-01
7.916646695881621176e-02
1.214742629535250779e-01
9.957186010471717752e-02
7.768850458667747594e-02
1.839653380848904340e-01
1.932613141941861290e-01
7.978188854146407716e-02
1.518381839323459104e-01
1.751666208151698712e-01
2.693812445465806338e-01
3.178538049024697831e-01
1.436830634550855801e-01
3.341564990039195271e-01
1.559168235844781980e-01
2.075946678703013693e-01
2.244223450795779784e-01
2.615989503979018749e-01
1.920053171144460169e-01
1.568149528177986418e-01
1.978691463845089482e-01
9.877367661392695564e-02
2.666485786845778083e-01
8.882262739026373921e-02
6.778883040494625145e-02
3.176597622593485548e-01
4.873314294838779204e-02
2.679920224882119395e-02
2.882180113674281952e-01
3.086815771429323729e-01
1.891216520502847498e-01
1.518905319804826348e-01
8.684823306636947626e-02
2.049898647408564256e-01
5.522484956457125033e-02
8.184399431163467964e-02
4.492121010079352939e-02
2.592484726114487326e-01
3.154449221408439086e-01
2.723615763662642908e-01
6.634495325731588899e-02
2.068676568082986056e-01
5.361661771735606180e-02
9.385177382715149952e-02
2.265940913608022189e-01
1.736681257385647714e-01
2.385706812962199441e-01
3.214015751839148227e-01
7.513082329650551394e-02
3.039434071532081116e-01
3.234332845103207732e-01
3.106016132758758486e-02
7.068770208617396189e-02
2.741619456872401717e-01
3.114015247407472264e-01
3.915443298842391506e-02
3.189087480730344315e-01
3.104575870922574032e-01
2.818567628342603104e-01
2.055588179874304755e-01
2.436591183951150041e-01
8.585702787141681613e-02
1.970228458519228121e-01
1.652116539870712164e-01
2.387457988720922616e-02
1.887747620483172240e-01
3.146860109406038331e-01
8.663767005135447619e-02
1.321202543587725320e-01
2.468912171945482625e-01
3.219582462404451118e-01
2.904732281739289546e-01
1.090123735020428059e-01
1.093898808334478195e-01
2.883545901463366867e-01
5.592695780289515251e-02
1.824050576622224806e-01
2.316142586438589002e-01
2.158661163532535621e-01
5.986820068049480276e-02
8.920458466938584186e-02
7.530600500224107763e-02
1.201730107020131666e-01
3.231777274387738763e-01
8.720461450424374372e-02
7.481916766245616524e-02
1.127214172348519894e-01
1.224901897785212607e-01
3.315396387734496630e-01
3.334611450969271473e-01
5.348918842059843803e-02
9.154550619609619355e-02
2.739973760202785713e-01
4.944101260143152210e-02
2.951918587442724506e-01
2.673348278930541833e-01
2.010770634523244282e-01
5.167446244018800844e-02
7.997371368848056605e-02
7.882013078569884146e-02
2.027707082350418966e-01
1.115483598008029514e-01
7.406662738715819039e-02
1.459651069056566441e-01
7.056947439307194314e-02
2.178935082942064505e-01
2.079100959839960405e-01
2.706127335236361842e-01
1.482722096628334152e-01
4.464631147086128155e-02
7.524702009671085934e-02
2.635386334380185880e-01
2.183196745763563151e-01
5.088764227691061626e-02
4.699292989615531241e-02
6.463612570587869144e-02
1.374403725266432064e-01
2.947941774273544757e-01
9.007801457382529076e-02
2.112881750844937956e-01
8.110455180338455028e-02
1.046622687984720967e-01
5.358066772562856267e-02
2.553508698492500395e-01
3.095979638379126597e-01
1.765241065144095567e-01
3.712685853148201681e-02
3.157736689556809306e-01
6.321919076095267043e-02
2.490041131879486280e-01
3.265296186646614585e-01
1.347251114198635691e-01
2.900611496942320788e-01
2.251433701798720155e-01
7.116126507691970804e-02
1.313017803819895302e-01
3.151848508155702944e-01
2.062498133273872325e-01
2.598247273176296779e-01
7.338277394360745443e-02
3.140772609947761751e-01
3.086068293868787782e-01
4.274003351494883030e-02
1.163986586184997951e-01
2.961827697612379739e-01
2.466554221273854763e-01
2.544061935334248070e-01
9.910482387161817508e-02
2.328518356311068960e-01
6.056066455272647586e-02
2.655293434353775961e-01
1.678172512877001421e-01
7.955183727785028469e-02
5.518892576292844243e-02
2.090984220959655193e-01
2.417109746946194682e-01
2.756637733390814304e-01
2.872251499202249647e-01
5.079212524979517113e-02
8.791501094161872920e-02
2.238040279738026384e-01
3.169251438793007636e-01
3.323106843202958127e-01
1.194535005295221664e-01
2.729439346611255979e-01
3.285889519060942732e-01
1.888561812174908983e-01
2.415670588185504786e-01
3.324946591226457526e-01
1.874853723049731691e-01
2.344125470953778434e-01
2.512607753051143700e-01
2.687747329155228404e-01
1.473035107578891945e-01
9.044101134234776296e-02
9.051980061863840188e-02
2.406875701048002969e-01
6.696875595632854894e-02
3.585525998966124922e-02
3.322040203885761600e-01
1.274090329275316680e-01
7.215927260779468611e-02
1.526521335644880906e-01
4.701003789509983211e-02
6.537128467327336934e-02
1.013101984130406197e-01
1.359577619208589827e-01
6.845553009366937836e-02
7.205048492305790586e-02
3.001822979541164949e-01
9.081386441343022864e-02
2.724268086259065691e-01
1.918593443879696436e-01
1.343776851217016455e-01
1.398228056808834829e-01
2.592129255027660895e-01
2.139095517962475157e-01
1.370533848984896441e-01
1.386704757749679107e-01
6.877596588690618185e-02
1.605148438499914842e-01
8.249103347539409048e-02
2.687934133037574447e-01
3.754293663092719835e-02
7.199887689428249860e-02
4.920320648062991714e-02
2.414766763071207745e-01
1.728464921202458593e-01
1.500038615876185810e-01
2.012229459628737116e-01
4.481689862871722496e-02
1.182423420173264184e-01
4.312896280840290003e-02
1.923851844223256058e-01
3.119272273568192144e-01
2.148806753995913255e-01
3.216022953396640571e-01
1.165422634572692157e-01
3.232126050561452413e-01
3.322146241412533563e-01
3.609995682748336904e-02
1.250552633678221615e-01
1.048278953089314680e-01
5.846270777925188789e-02
6.728152320401048492e-02
3.169968568830083822e-02
2.947715774175567183e-01
1.116425067867004989e-01
3.170411039187961411e-01
2.613193758812005774e-01
6.380718232825779990e-02
8.751278746661403374e-02
3.086681314034034340e-02
1.880953429442641101e-01
3.136031920248872340e-01
2.081265891720478212e-01
5.901597356672976663e-02
6.592355256282793341e-02
1.842807790612907004e-01
2.419102162032401859e-01
5.727189821361514110e-02
5.821754959073358743e-02
9.524700560013003858e-02
9.151323426435506447e-02
1.201585933606921369e-01
7.815086662709556931e-02
3.298509128512508437e-02
8.954459478308217368e-02
2.560597980103191534e-02
8.378964740579425419e-02
2.516535707530809796e-01
1.245545643356529009e-01
1.450603342557282571e-01
2.549452093573552625e-01
2.284805453645903650e-01
1.316807832486784346e-01
2.090145064573750155e-01
2.581394790428838126e-01
2.231654639535645968e-01
2.006921516922090254e-01
9.352237060517711031e-02
1.682309708427265904e-01
6.968278779443906612e-02
2.990785574250293122e-01
2.172225904237718996e-01
2.093115666830069888e-01
7.345704110007551801e-02
2.077552963697662514e-01
3.755038997037488807e-02
2.902195478063840026e-02
3.105427121721991424e-01
6.450876759498164192e-02
3.048323864406281558e-01
9.585510117857748424e-02
1.375026182390883256e-01
6.642961836419811195e-02
1.017216620602371946e-01
2.915035469107677413e-01
9.821494591179628919e-02
3.308934711985911381e-01
3.504281006504750273e-02
2.512990874846116052e-01
3.173632220303302942e-01
2.622142832180498484e-01
9.458112155282602518e-02
1.505984922906035139e-01
3.018276976888472074e-01
3.220304016799560576e-01
3.002179489640371957e-01
8.406551085982269522e-02
2.692799538497724909e-01
3.691070233612708806e-02
1.764400912622543782e-01
5.228420988607496156e-02
4.153062333542810458e-02
3.168943947189827304e-01
9.029620200787506767e-02
6.877773257511833604e-02
1.644561352307537527e-01
1.504312486151626049e-01
2.910319119565634161e-01
5.026809482942964230e-02
2.880571325968965257e-01
1.720426935770579813e-01
2.515413357989504731e-02
1.033232044491628060e-01
2.676164899962807375e-01
2.004306223656484864e-01
2.637272531244716500e-01
5.255657224003573713e-02
3.263641149483190729e-01
1.292708262696734001e-01
3.291774776828615967e-01
6.379951367253923478e-02
1.991984016748141739e-01
1.842316676741543591e-01
7.730610874722516901e-02
4.054597465574397153e-02
3.100310035914389806e-01
5.177218107927474694e-02
5.344177962850375080e-02
8.070046059403224170e-02
7.006786050166474711e-02
2.339965920575403646e-01
3.199055128726349118e-01
2.756398168317470976e-01
2.907514218076133750e-01
7.099231723673819772e-02
1.823320993380908306e-01
3.399707109538863126e-02
9.431115910536497227e-02
2.047948604117532101e-01
1.228536965572810530e-01
2.167696946130449887e-01
9.674942679083343988e-02
1.710796538307767511e-01
7.146764248307514722e-02
1.817064410191949753e-01
1.249966834804838584e-01
5.956452388566921968e-02
2.915537654538429835e-01
2.567731168633636263e-01
1.221718693319204380e-01
7.255222157417937079e-02
3.266703486688775637e-01
7.552312494431979994e-02
3.360742755435719431e-01
2.188056313716782997e-01
8.370441849698172232e-02
2.376157687873225455e-01
1.763960242246767340e-01
1.687197228321293263e-01
3.044049790045558201e-01
2.995582962790354076e-01
7.294819832996440878e-02
3.289657483459018095e-01
1.402390527791064212e-01
1.003907870327339913e-01
2.357982484399479828e-01
3.155885165693682048e-01
2.274796330845309800e-01
9.753064974227053374e-02
8.025254864708020186e-02
1.942526872974879026e-01
3.234310256965848285e-01
2.212235815335710509e-01
4.305946760988627747e-02
2.925785639615623157e-02
1.094722656885913081e-01
3.103579486770051132e-01
2.552234339620896297e-01
2.352872338543428310e-01
7.493626377546123984e-02
6.299641771743284824e-02
1.787586896215767884e-01
1.996394482120036618e-01
3.379332256434380150e-02
2.968182104965357282e-01
1.853901285955650846e-01
2.180272495854019554e-01
2.623895807474700415e-01
2.413281107715216645e-01
1.531367122296634353e-01
1.918680886109366268e-01
2.869652128554071521e-02
1.484525782212537115e-01
1.700428334041831913e-01
1.010988665993965419e-01
3.109114244402088612e-01
