3.377744228836767615e-01
3.327584005508640308e-01
9.219582989714709964e-02
1.617307425564733780e-01
3.221550382376927035e-01
2.477051361412457020e-01
5.873712843741056566e-02
2.338740855262675389e-01
2.557591865660483466e-01
1.739684169307797179e-01
5.528219942624552907e-02
1.348565311985345239e-01
1.474947992914532879e-01
5.635122283840385271e-02
1.063209941155283667e-01
1.822073814726745677e-01
2.594397531942522761e-01
2.856168814154402824e-01
3.399909247811161994e-01
3.296338563809346756e-01
1.571397671529083662e-01
3.502792580279931456e-02
2.016584199937090371e-01
1.971724315288508889e-01
2.895310442565566245e-01
1.073209936462153208e-01
3.272959225338789024e-01
3.291204732880367301e-01
4.840604815853379039e-02
2.971434945740707434e-01
2.361859782788913176e-01
7.837015685067386106e-02
1.042118265876092881e-01
9.847775679549990169e-02
1.662951838316471809e-01
9.693437140718565159e-02
2.911290301711270123e-01
5.937819727094279659e-02
1.001353422516402941e-01
5.117055787068795075e-02
3.273235660027317695e-01
1.523950278394408109e-01
3.339423789320918323e-01
2.163585534277182587e-01
3.331443107344217447e-01
2.660011833883842436e-01
9.094028359090434999e-02
2.776362390295609717e-01
4.176475686784952152e-02
1.958469301875571944e-01
2.848349388394467718e-01
7.814271363019884009e-02
1.280480384100752267e-01
8.764323684549354954e-02
8.114596119737203794e-02
9.741464372002214822e-02
5.061457900859300113e-02
4.360487808728077258e-02
1.043391732435864777e-01
1.490118900238571187e-01
6.660133009118418546e-02
1.445806193996590494e-01
3.394622747343297720e-01
1.329367415506461647e-01
3.046433530812457380e-01
9.241924135026438614e-02
2.714261694475281761e-01
2.224883344956341547e-01
1.114432209479527258e-01
5.001523423563941639e-02
5.337753585047353561e-02
1.386928586202401670e-01
3.174776538899850564e-01
3.606360192466256248e-02
1.572390615574876249e-01
3.167708546676915038e-01
2.637001834531366162e-01
4.748521914973600350e-02
2.813066671174439537e-01
1.719388415364707101e-01
2.228042953644487345e-01
2.359826173155221418e-01
1.199370900134989898e-01
5.153724791546469841e-02
3.262918446521455296e-02
3.219634336798860019e-01
1.654268143987352446e-01
1.987852916739625830e-01
1.271019650364748899e-01
1.281797177610742855e-01
3.404837560488673254e-01
2.983647483062293326e-01
3.073182662769355367e-01
3.084782643033705529e-01
2.919440311617597650e-01
2.644887418229753262e-01
1.970818307385280854e-01
2.501232768257922179e-01
7.898148438299343321e-02
2.559737179202684065e-01
6.202411345833874767e-02
1.033320248357715576e-01
3.209852474799679833e-01
3.172553560869335043e-01
4.783302958646686032e-02
3.380346040713463895e-01
2.775236637914353377e-01
3.258945737047966307e-02
2.668581375279603374e-01
1.121135516908109420e-01
4.199680357165152395e-02
9.387487018874524081e-02
3.037278023962023399e-01
8.157774002165947558e-02
2.959319132842148647e-01
1.557924203318013234e-01
1.643431293766499657e-01
1.764120562145808369e-01
1.957360415510048246e-01
2.049914997703104480e-01
6.881013053664228329e-02
2.868213991315924916e-01
3.050169010466062258e-01
2.387852666608152041e-01
3.275590989158352340e-01
5.011785174335276621e-02
8.418840716332977314e-02
3.231331602094134614e-01
2.925081346257101811e-01
1.310922110629240689e-01
2.090223166194689064e-01
9.741929720975489593e-02
3.015212397941393063e-01
1.747306749084822919e-01
9.454709761315228944e-02
1.701890006239223097e-01
2.273107495891595609e-01
1.150230339950957387e-01
1.318790537129314044e-01
1.035594486924227009e-01
2.602172984327940641e-01
3.054605228205798384e-01
6.840948037481615895e-02
8.943473586654461516e-02
4.914179476547900216e-02
3.417946812794604994e-01
1.431605638846559503e-01
1.396725950456174370e-01
8.020130299764471893e-02
2.699808110869530431e-01
2.981573515495661852e-01
2.802623546646757502e-01
3.143498390153909861e-01
1.189244190986100680e-01
3.255362359289601382e-01
6.215677733444455871e-02
1.679931346043410656e-01
7.734093119018402296e-02
7.947223323120733429e-02
7.977817314800936255e-02
2.558826940819910467e-01
3.353640084487060635e-01
2.968224045489293306e-01
2.708684182147203523e-01
1.100679864185422213e-01
1.796469419789759325e-01
3.202851435053418738e-01
7.320258632438410296e-02
3.199426616779169619e-01
7.546516770553808595e-02
3.162406492103403965e-01
9.290041251651280640e-02
2.654785182311228398e-01
6.776625176061461253e-02
7.087092776441684949e-02
4.200421285345827538e-02
5.894669937127208770e-02
2.764465171057955417e-01
1.427861701679322970e-01
3.037279678346459511e-01
3.355326375818606238e-02
2.686939143876840297e-01
4.746794559217927534e-02
2.599813271036856555e-01
2.279411336537083832e-01
1.243757539197229561e-01
2.596712023259127866e-01
4.184696785575881678e-02
7.756210690653775330e-02
3.072147515175602250e-01
1.130801073443232913e-01
1.227814195643422562e-01
3.222348146815275372e-01
1.855146972260537097e-01
5.167547385324394033e-02
7.548544019851062548e-02
2.587544698989663883e-01
2.696324895525644694e-01
2.867080110522631786e-01
9.412201650482104887e-02
1.763684209506957146e-01
7.692081062105901590e-02
8.402370838744359360e-02
1.498425935910723816e-01
2.479375758399096907e-01
5.688174279671372180e-02
1.448794903008173707e-01
6.875626873260913541e-02
1.104553419623857530e-01
9.248126437688128365e-02
6.926893032016112617e-02
2.584875994570330349e-01
3.290411233645639255e-01
2.718109144258973320e-01
2.879341652339700852e-01
1.908165755839427158e-01
1.583071099224432898e-01
3.075596646721146521e-01
2.630140624910558556e-01
1.274810576824327024e-01
4.383119170780787333e-02
3.071382589877699743e-01
2.573168069179457840e-01
1.886681780067072378e-01
7.225799256572686124e-02
2.750043875603105370e-01
3.135396039153211245e-02
3.367499595533388623e-01
6.647886697438622206e-02
4.526215304308654763e-02
3.204030618427535781e-01
2.477367095039240685e-01
2.889473010379285389e-01
2.823324746207091507e-01
6.167036782765820957e-02
2.467764887588902722e-01
4.349909856040768547e-02
1.409304280798700792e-01
2.979943387307915081e-01
1.993791430105852636e-01
2.871244004228331592e-01
1.965467262452288699e-01
6.848996142744057103e-02
2.829869407882379950e-01
1.934605717201643427e-01
1.611397865815782093e-01
1.459108249648204125e-01
1.362583184890829580e-01
1.073803740605799029e-01
3.056175018453157199e-01
1.207013375748279549e-01
2.178172782585646727e-01
3.393151238027525829e-01
8.822354504292083399e-02
8.058837317523152854e-02
1.520956664433691374e-01
6.883167794268359174e-02
1.585267902023666520e-01
9.791744986851541599e-02
2.553977267817951757e-01
1.411353891956218243e-01
6.322807984598528830e-02
2.540277794560887314e-01
4.003184082855901910e-02
1.174091216471134513e-01
3.185341659883605403e-01
2.349074128097573266e-01
3.415105863644537498e-01
2.590540768002285166e-01
8.189380967893900021e-02
7.136468847897402268e-02
1.654208981827279545e-01
3.322743054543328967e-01
8.307977798878413145e-02
1.270787463145903740e-01
2.921079018831345686e-01
6.017643493373804608e-02
1.412547819246753045e-01
1.905915372422765652e-01
1.302502283745722855e-01
2.856575420611406901e-01
1.721889012042669975e-01
3.257541347679951405e-01
3.113177697508838215e-01
2.265857302566709197e-01
2.370501618096139407e-01
3.333414255150678462e-01
2.209751132384621397e-01
2.965134167736057647e-01
3.366448582785681598e-01
2.156040399602976998e-01
9.166896743824747007e-02
2.485285764896736083e-01
2.541881019393281149e-01
1.843852133030474960e-01
2.898893349943486575e-01
9.320356912971178298e-02
6.034109448303420775e-02
1.225917526727922369e-01
7.767488648325047984e-02
3.051429190622028664e-01
8.171896019827190605e-02
2.450481489145759084e-01
7.698620325791694086e-02
8.531132870072177798e-02
8.285703277412478918e-02
2.173887400305156981e-01
7.940094625965915531e-02
1.804184172074839998e-01
1.964139848009840705e-01
2.975015382624652815e-01
3.420250836657476312e-01
2.395973196857425769e-01
3.154587756226726603e-01
2.817289872468330403e-01
4.865160205369400276e-02
8.688759205901243343e-02
8.845847451774380144e-02
1.255518599582294836e-01
2.211975359474377123e-01
6.868175797669463789e-02
4.266695967213258306e-02
2.211394124235485648e-01
3.109002115881367989e-01
7.666075883367111377e-02
1.778868832350883056e-01
2.234822423837686256e-01
3.377230182278762594e-01
3.228936783543216449e-01
1.065459860944264342e-01
1.371725749092681246e-01
2.489759268787174462e-01
2.293276134484797113e-01
2.608507674138872967e-01
7.470286540886324211e-02
2.835441667188769999e-01
2.769404592920007846e-01
3.170906608679715522e-01
3.342576100783941628e-01
3.206037973009087660e-01
4.039659683201125145e-02
1.736926884116957448e-01
1.425302082957714545e-01
3.351716219979367639e-01
5.543913367082479310e-02
3.412570493881588174e-01
2.427403143037543398e-01
2.705019974062064514e-01
1.493035822369351562e-01
2.206971584316902713e-01
2.423690124111631816e-01
3.143010489155545484e-01
2.302827180300143772e-01
3.069750545660023811e-01
1.529514268481861616e-01
1.234069835685466937e-01
3.194741154450753684e-01
7.703651888955752314e-02
2.480347343000640636e-01
3.019946637491984220e-01
9.661432130620051240e-02
2.210890680394836938e-01
3.196172810880879567e-01
3.218667091864401142e-01
2.895684257793282312e-01
2.904680568862936241e-01
2.797905080196882444e-01
9.662226794782033390e-02
9.994622851806099495e-02
1.163435871352418716e-01
3.377265822436373854e-01
2.622745904492581048e-01
1.243612414925420045e-01
2.140323744389375227e-01
4.621842484835068238e-02
1.320799023825695862e-01
2.169965329155144063e-01
5.797312552383790396e-02
2.823947822825748077e-01
3.340671145883765680e-01
7.504360560636648414e-02
7.945344780864678491e-02
2.352203000122545240e-01
3.021973570001026399e-01
3.393436825174698801e-01
1.679467655200490295e-01
3.398929806851425650e-01
1.170297298929322133e-01
2.334874551516403496e-01
5.736981247253105515e-02
2.597918272897378755e-01
3.866562029555930396e-02
7.301180379396846054e-02
2.334276655292016334e-01
2.971951018113391796e-01
3.326419881075174945e-01
3.751330063144602683e-02
7.769060841749175772e-02
2.329914276934518247e-01
7.167065324956127526e-02
8.664639216412103884e-02
1.814243900294658096e-01
1.144247674566200440e-01
2.837524616285004297e-01
2.131542453931016823e-01
7.646705077895869784e-02
3.360655027412347007e-01
8.289746922060697853e-02
2.394683778436482446e-01
5.244277304875964718e-02
7.682774932925739986e-02
1.632966449724748970e-01
8.065097791748718214e-02
8.365996622731727839e-02
2.610660215557612518e-01
1.502450461720890307e-01
7.472142428732937713e-02
2.166713013000118870e-01
6.269486827150592967e-02
1.584503935299893529e-01
2.283071564072585991e-01
1.767426185399442462e-01
3.255733239938251589e-01
7.855762601874799467e-02
7.063213230866192960e-02
1.542971915551094586e-01
2.579974600046212041e-01
3.211157134844230265e-01
1.842521256856693157e-01
5.139061174998736659e-02
3.181193002263929537e-01
3.057093607036217020e-01
7.158255075826872038e-02
5.126901423499929250e-02
3.160201442398005711e-01
2.944480975442032578e-01
1.591634745049426702e-01
3.000077601752834666e-01
3.308222246475754358e-01
4.341197826147145944e-02
2.266421768762816591e-01
3.250197534661967147e-01
3.236196738861442102e-01
7.130922488609654775e-02
1.527887947725401208e-01
9.959389653799627373e-02
1.088575728423412103e-01
1.792677914957018226e-01
2.158207789994324444e-01
8.055134731904083079e-02
2.635894392483890125e-01
1.934842531696081003e-01
2.885876738925478024e-01
2.613677448211951249e-01
1.220023319098826331e-01
3.149197905946513054e-01
3.348565376900424218e-01
1.707005693602849372e-01
3.174198341610701135e-01
1.265877117252082185e-01
7.409191650658800143e-02
7.095371961609552025e-02
2.442031104406347242e-01
5.650056997494380673e-02
3.127186288403410730e-01
1.135650748247116759e-01
1.347108707577351350e-01
2.362148980829712197e-01
8.506158007844578928e-02
3.052200241995038366e-01
3.389053269840737181e-01
3.092833346533604422e-01
3.246715186995071667e-01
8.111165787789272053e-02
1.948538853079277988e-01
1.671389588670760262e-01
2.889593308876763911e-01
2.134378918037865835e-01
2.743799739564325435e-01
8.142009633432586990e-02
4.694964155772751724e-02
1.388137485920187819e-01
1.899096060477386549e-01
2.097964697604340900e-01
1.483748617217925114e-01
7.977936916709670034e-02
5.925032032131088283e-02
2.125313559336910185e-01
1.332967685957148485e-01
2.443320994477627683e-01
2.436869944606073479e-01
1.184654017449426888e-01
2.173002760271824929e-01
4.116387740066097811e-02
8.679772331932254781e-02
3.285802750356536794e-01
1.703138283033913680e-01
1.086920711612373164e-01
1.633599366590001156e-01
1.650358313508119845e-01
8.350814951110022144e-02
7.404414567567005334e-02
7.901121956697985949e-02
1.032886088929114432e-01
8.718894094616186363e-02
8.126061761127473249e-02
2.407851363215301743e-01
3.042588961567601058e-01
9.871589296631536059e-02
7.755804013166775479e-02
2.549633746738395046e-01
2.015837987419388799e-01
2.618876709769515920e-01
3.591728336075994399e-02
8.591994602739749798e-02
2.860730363288943034e-01
3.493831252915927110e-02
3.246924995825362648e-01
1.298545056145793408e-01
2.669263784507195369e-01
3.131552000682596981e-02
2.049085280808400356e-01
9.535282644859745249e-02
2.800245757632774946e-01
2.278543715659641644e-01
5.401101235760136232e-02
3.255446258256715353e-02
2.093024165993298824e-01
6.657719474575607421e-02
1.337479062730653756e-01
2.917252610819967562e-01
6.845318137000165615e-02
1.741923977199793527e-01
8.061951658539172338e-02
5.096781456066293986e-02
6.153223689002161600e-02
1.118566071542975299e-01
9.158597744062237089e-02
3.094309072796634918e-01
3.100076732518993183e-01
9.950361337098939662e-02
1.317994963714704260e-01
2.924582169040573221e-01
1.833390363324304551e-01
3.161917425262943393e-01
1.639322635598667310e-01
1.664678737084163140e-01
3.235193533598137994e-01
7.479949952683662140e-02
1.338040069632020768e-01
1.860933302016599677e-01
1.367499999376288466e-01
1.877806598027833285e-01
9.272347609073954000e-02
2.825342849037389970e-01
3.134097256371471962e-01
1.368293995178505862e-01
1.979289436716726025e-01
2.078674249556420328e-01
1.021448114626594267e-01
1.976875962294817879e-01
1.389207864881963628e-01
2.850159761505337008e-01
2.305890885184486705e-01
7.818539062130992756e-02
1.233963660364659071e-01
2.932937914938826274e-01
1.715598884949723346e-01
2.361324031090414333e-01
5.571348300124948083e-02
1.682651775960875284e-01
2.835672236896772391e-01
1.180388268280220809e-01
2.747255765739086697e-01
1.016681549144558827e-01
3.395552414876026326e-01
3.732904580064335537e-02
3.705344834767181073e-02
8.984397735050747569e-02
1.457646911551611912e-01
1.640520925282618614e-01
8.102779681753438656e-02
2.171816316947633996e-01
2.710098507823056613e-01
3.085245346865448379e-01
3.262291897316983991e-01
2.993694436851807028e-01
4.314638203111804959e-02
1.698224423310660536e-01
3.384131118014150896e-01
2.784681276841493025e-01
7.687397119411520929e-02
2.530990356629592708e-01
5.190171155960178473e-02
2.872663465977158825e-01
1.114372034992888449e-01
3.226133927090663600e-01
3.356573794910713282e-01
1.975837024641141082e-01
1.924435802034309417e-01
1.318141080911385543e-01
3.257787831544661228e-01
1.385895050464902023e-01
1.005591608559594508e-01
2.979693279344145518e-01
7.908403029742561152e-02
2.796827581327172019e-01
2.952879838380198518e-01
9.723618967530868462e-02
1.518672883726178979e-01
6.983910248991012648e-02
3.063737125935309669e-01
3.177127265941726564e-01
3.368824467995031879e-01
3.259265767225561494e-01
1.063386883997540222e-01
2.890461887545766606e-01
3.273984628743832337e-01
1.157874926009599542e-01
1.478765968177147561e-01
8.830646079442236451e-02
2.082585948241852669e-01
2.528936413485017298e-01
8.456782190904718610e-02
2.459705970814612119e-01
7.975829859540194133e-02
3.025010189836019325e-01
2.737002279892239986e-01
2.391125878813041283e-01
7.220898412792962906e-02
2.859679127672510868e-01
3.239069266381413570e-01
2.096060202696493069e-01
3.113577933751716653e-01
2.848462058796112917e-01
2.744317231342050523e-01
2.810674780618872548e-01
2.949782817975433735e-01
1.354973455329219756e-01
2.032319377877069566e-01
3.311333430256784283e-01
1.604484108524350805e-01
2.625405937938610212e-01
1.047313869093401684e-01
3.064397828109288735e-01
3.200805260782412787e-01
3.051118904665964249e-01
2.630903320554984215e-01
1.324748864869009779e-01
1.381440038964369399e-01
2.996586449247353179e-01
2.505709463310517582e-01
2.874474521885931333e-01
3.133249798234696848e-01
6.239412217585780379e-02
2.377691016045701544e-01
1.511818993514387754e-01
2.329919167062551866e-01
8.591880260607989706e-02
3.180867542746691479e-01
1.159885038859287398e-01
1.040832856443988652e-01
6.543387815652505768e-02
1.128622997514342752e-01
7.333440189885172267e-02
1.197630392914237202e-01
1.780350415923341034e-01
5.132324027969970004e-02
3.319647835926769486e-01
2.057007520544060775e-01
1.148915579069906129e-01
7.794760855785562437e-02
3.348450483940099143e-01
1.262450214341429011e-01
2.602169954734103174e-01
8.947650571730673963e-02
3.290379502969849046e-01
3.218250330541283510e-01
5.712244450969914539e-02
2.024164870643822278e-01
1.414228185736692289e-01
3.158732235006491140e-01
3.094972133167452344e-01
4.066228152982402644e-02
3.085567317705494861e-01
1.547850933681759467e-01
3.329221375575725506e-01
2.030896153867466636e-01
2.675660979120771388e-01
7.693268325795865614e-02
3.408114633167615426e-01
2.765049013726297855e-01
2.222637444760630354e-01
3.166468116338529981e-01
1.989166008109799766e-01
6.069791314202330895e-02
1.124011951726379688e-01
8.709297211540818762e-02
7.356221169214792466e-02
2.931888972006807537e-01
1.972372204803997664e-01
2.550199400563821217e-01
3.156538432557474683e-01
1.007309130929194413e-01
2.896349448945334526e-01
2.410096027807059338e-01
1.189058557283650119e-01
4.567125082559330557e-02
1.231966189204408979e-01
3.143527285101087587e-01
8.610035576942216828e-02
8.566868282423768799e-02
1.774941701977111597e-01
1.175781447835583249e-01
3.228403650125641899e-01
3.299301612451242538e-01
7.336151780212581131e-02
2.410187051921385826e-01
4.981098297476736075e-02
3.034768994492734739e-01
1.283788371562176733e-01
2.560994988486068324e-01
3.191566692746828915e-01
3.164846316839496354e-01
2.639266818947843540e-01
3.955525724604686683e-02
1.457165061594716815e-01
2.942851934083244303e-01
6.239855137544102204e-02
1.146596510189805546e-01
3.672569861318220746e-02
1.937199591767488904e-01
2.941672458687034086e-01
7.951586013110632789e-02
1.562740822358416048e-01
3.073773191937641536e-01
1.900774204955559821e-01
1.061415299330849549e-01
7.936420218741857546e-02
9.876389079343361743e-02
2.409481551965916568e-01
4.906470340963930282e-02
3.074964017829836527e-01
1.049605165013042934e-01
3.458876210528918221e-02
2.244460918171768127e-01
2.233867585192946259e-01
2.904753854445239480e-01
7.989277131165205270e-02
2.908234548829827237e-01
2.046972702215207052e-01
1.793017952548328076e-01
3.099634723384212531e-01
9.822879534460678130e-02
8.848132163314267884e-02
6.298612931254829461e-02
2.092253389171523370e-01
3.200292324164762947e-01
3.170711897330917850e-01
3.330033772190143515e-01
2.511548256084847330e-01
1.026842395619438492e-01
8.336090739362518598e-02
1.580758325569358580e-01
1.119302699907080839e-01
1.152232475319836247e-01
8.708113700769316845e-02
2.938547414266825530e-01
2.710922053864988079e-01
5.837936208232413077e-02
2.694354543417153969e-01
1.123713414564384006e-01
2.257837616260065239e-01
2.469326203257853070e-01
8.573339912745586711e-02
1.575687637455834289e-01
1.582985622001783776e-01
3.051613944782001209e-01
4.212163196652581737e-02
3.210453331820554701e-01
2.381796313848958402e-01
3.116484257191430296e-01
3.304951435479943078e-01
2.120985718840812384e-01
3.132229159204242830e-01
6.312208231063287656e-02
2.644171992895283374e-01
8.946891598026776582e-02
3.106830221428270589e-01
1.921851941499021499e-01
1.428715713898249251e-01
2.818866958678190593e-01
1.341145066323439772e-01
2.813052915291278655e-01
2.773328829776384175e-01
6.950085774598917243e-02
2.417392522463915339e-01
2.566061552059341055e-01
3.062398975223125652e-01
3.199897956208748728e-01
7.750672421776416687e-02
2.653448470005023707e-01
3.412838837992445140e-01
4.078162240882914763e-02
1.911550788379249577e-01
1.395858444796850839e-01
6.649766881300249455e-02
8.302840001127971548e-02
5.074948814228114058e-02
2.216484439118734107e-01
3.293584555973344541e-01
1.900679767525511044e-01
2.948549579123790898e-01
1.269958550610860715e-01
5.087642465803791231e-02
1.052329818691466745e-01
6.203091205311385414e-02
2.393621089529134327e-01
7.426836103582651338e-02
7.469483738167918829e-02
2.781353185055682187e-01
3.099371832160053852e-01
4.454701968147013746e-02
2.933246578669366222e-01
7.527007489294942899e-02
7.465744696717978302e-02
6.234524333345548008e-02
5.435080308990800774e-02
3.638726252926344912e-02
7.994390850469802745e-02
7.930205592090935895e-02
1.472756090821537855e-01
8.617035939738809658e-02
1.474210937895177320e-01
7.311974716061292456e-02
2.052499011036630072e-01
3.272196665133558779e-01
1.604463949165127468e-01
6.349272947835124525e-02
2.037223527873303630e-01
2.695455710957974094e-01
8.343212376072756120e-02
1.533930179350239675e-01
2.777795779810581789e-01
3.388027695912022852e-02
1.833425976784138489e-01
3.369777142277703419e-01
1.000993582602049126e-01
1.965502649910463584e-01
1.028085323287240421e-01
2.335356668368192556e-01
1.413548271815084911e-01
7.502965750713465332e-02
2.718489182876767662e-01
1.998806199379215276e-01
3.314493410867530021e-01
9.012888621043592396e-02
3.260426400575152095e-01
6.303818421958790053e-02
1.071438519652169602e-01
2.791769891752302613e-01
1.669837853063046440e-01
3.095555866517110677e-01
9.281790746513879364e-02
1.490163467442595924e-01
2.591554303947628535e-01
3.315485713232902421e-01
7.752037403492358092e-02
1.146123171064762775e-01
1.425371521920972551e-01
2.947665926425797611e-01
8.174155271772531872e-02
9.147232847673499034e-02
2.629997527297592286e-01
1.835741466243051567e-01
1.151236523803433054e-01
3.038356701650484770e-01
2.008877513201818843e-01
3.169338320928496433e-01
1.205309205726663030e-01
2.141475399054059703e-01
1.223808072548246695e-01
1.032135132506959985e-01
4.704597933502917967e-02
3.190905875005066727e-01
6.554690520374578666e-02
2.972532347541111397e-01
1.420110043666729382e-01
7.288776243783989806e-02
3.316614785108646379e-01
4.392938193262002633e-02
2.509653654189701877e-01
4.926148789000807382e-02
2.989248976375682432e-01
8.917488032385124941e-02
7.231734101581721585e-02
2.901426993954388522e-01
8.915921689096857616e-02
7.572785998194388191e-02
9.079277472006014316e-02
1.877699143522712499e-01
4.754553270846643975e-02
7.568540876962508157e-02
2.235214993083662338e-01
1.841942426302679292e-01
7.137640829974360723e-02
1.296039337896847388e-01
1.766488421440169654e-01
5.361647205965156676e-02
3.126996925537767757e-01
1.917057577873326202e-01
2.716018622915343794e-01
2.434862457648695189e-01
1.000117991785285515e-01
3.143696403762446523e-01
2.268790306875656249e-01
2.696264061815121238e-01
3.079850964876992836e-01
7.335283072650980452e-02
2.724777728889206663e-01
3.033913175961213682e-01
3.118713542671361361e-01
8.234434046075672642e-02
3.789894522914314529e-02
1.010457959717769028e-01
3.266333005408971757e-01
3.308194952987107973e-01
7.701042582658827740e-02
7.447127700425422436e-02
1.931090484687014164e-01
3.228553280313417040e-01
2.520885280546611429e-01
3.273558666188593480e-01
3.125672597741950831e-01
1.650347570048830148e-01
3.350298523389522720e-01
9.925259861408874951e-02
6.946249450466356057e-02
2.940300306571968503e-01
4.717462184203584374e-02
1.380180730107623543e-01
5.869220187342995970e-02
1.733249068130701676e-01
6.229368047997688174e-02
3.078289714583838932e-01
8.150446459317173264e-02
8.817904926904354679e-02
2.935545635789898467e-01
2.858719449570386040e-01
2.940872067538387591e-01
3.123632341137929092e-01
3.352362320868485512e-01
6.963530058579800452e-02
3.165042867223760714e-01
1.893565096039776241e-01
6.163306072925349433e-02
2.356156960246220677e-01
6.316091377666986639e-02
5.869220432578260704e-02
9.879452244157449492e-02
1.972972630889504864e-01
3.850587768014144402e-02
2.849898309221554071e-01
3.114774886930067321e-01
1.584628037834637515e-01
1.524898072893157430e-01
3.217839491489125070e-01
2.054588788534538746e-01
2.042934775302908124e-01
2.975799273406667389e-01
1.211446293227967097e-01
2.721155017458634084e-01
9.694557003853193633e-02
9.138068089586846854e-02
8.742007973135251797e-02
1.562960456899885608e-01
3.016375578546575675e-01
2.400705898003991368e-01
3.046064185784556205e-02
1.371466105195283947e-01
2.936578144119985079e-01
2.605390340481876232e-01
3.306387071027241387e-01
8.345935259699435727e-02
8.720346364771562608e-02
1.891927873610158017e-01
9.558275389851665638e-02
3.390934011113855839e-01
6.499921740653670510e-02
4.463578122446056062e-02
7.561993951688361637e-02
2.573899989678578581e-01
1.054300172010803338e-01
1.602278516957621746e-01
2.303297077086546574e-01
1.888700572023788715e-01
2.326320175014782443e-01
1.591025873089113585e-01
3.309111158946653752e-01
1.605625743765739244e-01
