1.804897689310137332e-01
2.056352896141155073e-01
1.502435124999961513e-01
1.060106130590628831e-01
1.244456962762192087e-01
1.513988512384133733e-01
2.149518189001315416e-01
5.081545742994702380e-02
1.631241779710700390e-01
9.467704832018351835e-02
1.223675038890384842e-01
1.503921674735439196e-01
1.436922595698446603e-01
1.170729602050997048e-01
1.778990736749684054e-01
2.099501140432166735e-01
1.173746374209548166e-01
2.025045227044275642e-01
8.577927257116871318e-02
2.057444187466588026e-01
7.600930455883651848e-02
2.029460314589209002e-01
3.206017240025180182e-02
1.965143659199079795e-01
2.233322655040504701e-01
1.481019178715766715e-01
1.651744525642940831e-01
2.350303508671344743e-01
6.877135821372561131e-02
2.298400871347000551e-01
6.894213472726148928e-02
1.539878666120806094e-01
2.244879724039268998e-01
1.846951218335280143e-01
1.899022798036102966e-01
2.159224676049482372e-01
5.365131286971459856e-02
2.013204169584880687e-01
1.910888228870476213e-01
3.847939926755519768e-02
1.167784374516203372e-01
2.114087982814142619e-01
1.985457135968737297e-01
1.753160765845679092e-01
1.462830486969397270e-01
1.771134084166242351e-01
2.069163116539413788e-02
3.672493892345735089e-02
2.324615012086579668e-01
1.823225980611471730e-01
1.555314452358887434e-01
2.161554141267679474e-01
2.126234049080901189e-01
2.189054975348618537e-01
1.440716711235332792e-01
2.639401931717913138e-02
1.851517953131781025e-01
2.028702079960696403e-01
6.600940487510968679e-02
1.981333306840903363e-01
1.959397357815727547e-01
1.874326688270497310e-01
9.325813576978844721e-02
2.135918251024650494e-01
1.105599787011590784e-01
5.198306347698931212e-02
8.478604064736257329e-02
6.075608105925185687e-02
2.109476112440886730e-01
1.556404664030621721e-01
1.995359944042589817e-01
7.842682820301058455e-02
1.426141840447502640e-01
8.586121921553571679e-02
1.701537802455569681e-01
1.082830960511110135e-01
1.936811099078606657e-01
1.221267957584358105e-01
9.967379961572689351e-02
1.970116115147531044e-01
9.674132094594492526e-02
2.185995548025771451e-01
1.249305620284820728e-01
2.069714673630926038e-01
1.003959332060554155e-01
1.558854226607168381e-01
1.249361475420384116e-01
1.902488304069779035e-01
2.194183036990543789e-01
1.777763446109056900e-01
1.620135301625204582e-01
8.155945799654790163e-02
1.340312896445614299e-01
8.466604447318062943e-02
2.216946839432239746e-01
2.010816726343177263e-01
2.085370693960985622e-01
6.026463402866386737e-02
2.138864513989724436e-01
1.470524290706836379e-01
2.153103691548410858e-01
9.351569196223881442e-02
1.952662834638234923e-01
3.036213128992838739e-02
2.329472970830888390e-01
9.586588125901777946e-02
2.103459571688496843e-01
2.169508759158238487e-01
9.131517894456946116e-02
1.885869530085705348e-01
2.162875001564469879e-01
6.753353695792282951e-02
5.462124429657459063e-02
3.105836778580766191e-02
9.207682901706897016e-02
3.047685371595266340e-02
1.804618249233700122e-01
1.903377969565834271e-01
2.067588658498037413e-01
1.372255107548623065e-01
1.895022227582376373e-01
2.019126251368708880e-01
8.921891910923820945e-02
2.068851318749009294e-01
1.224755355475343754e-01
1.059250119469166973e-01
1.837984367515299033e-01
1.721819302893177750e-01
2.034851300540665986e-01
6.075271473506760334e-02
1.896215987581517104e-01
4.561334251709087823e-02
1.226276338915959357e-01
1.881294531413950921e-01
2.027652230733537342e-01
2.121769227831869498e-01
6.705969374031020558e-02
1.555309981451533374e-01
1.027694637464225402e-01
1.084629003721591933e-01
1.553418147097193336e-01
1.882828447335526678e-01
1.135232275297168442e-01
7.793093862698342866e-02
1.312956067102125923e-01
2.046949459043660713e-01
1.750669250553670009e-01
2.016380467888303774e-01
2.135354344394855552e-01
1.747907369288592139e-01
1.912110987005420093e-01
1.803168821480008732e-01
1.181982350088531947e-01
1.131294793237756086e-01
2.266171657774116444e-01
1.204792868999995520e-01
1.025154300728375184e-01
6.998072584885070557e-02
4.261511823015659561e-02
8.584044831014281396e-02
2.123547368713666894e-01
1.877168703790775828e-01
2.005930241951013049e-01
2.134471865560308990e-01
2.707710135349289740e-02
6.977039115555659643e-02
2.167640526916227439e-01
1.643873954151088002e-01
9.982734823909698851e-02
8.201303573578601347e-02
2.063026089995046441e-01
2.187095471292184179e-01
2.136634962442773011e-01
7.498096678131380144e-02
2.082321932289497024e-01
3.038710529200172941e-02
2.172582429583173325e-01
2.118029705266140927e-01
1.542518353397115127e-01
2.336403589344069609e-01
1.871779641218829782e-01
8.795561543013213912e-02
1.230365213135582864e-01
1.322390364454502365e-01
5.930384082178913330e-02
1.658688902177892499e-01
1.733665168836612813e-01
9.007764371711884932e-02
2.126752081533268002e-01
1.707462967217688865e-01
7.511353142264114158e-02
1.186437937178380503e-01
1.481036228613824002e-01
1.280548509366673804e-01
1.865209475083935420e-01
1.002663021147133099e-01
1.632652206086381008e-01
8.472232336648051476e-02
1.009338707498355359e-01
7.151604179626749880e-02
1.396696931969464706e-01
1.908813048768477627e-01
2.106529069787423658e-01
4.964710681582498036e-02
1.577123049028698598e-01
1.765871668957005869e-01
1.894121778666963962e-01
1.654852992188842742e-01
9.999053242667779728e-02
1.376122213077618506e-01
1.735118470206522823e-01
2.160930011626255587e-01
2.240383873706389695e-01
2.167822594429048289e-01
1.024807601278735630e-01
1.321269101960271530e-01
8.923906966941426433e-02
9.722143171683088336e-02
2.279444554858903460e-01
1.479158956839903560e-01
1.990880502811199770e-01
6.130846108529296873e-02
1.367269895863823803e-01
1.626107525449571323e-01
6.217408762953437196e-02
1.915488954580365499e-01
1.773904312968179464e-01
1.461752354051894798e-01
1.245775314044039322e-01
1.968594339804225768e-01
1.275087440172130993e-01
2.152812863944368882e-01
1.657055383421367767e-01
2.149707955505657520e-01
2.032809645556351297e-01
1.359853468040059243e-01
1.198955088402245822e-01
1.816236353617133314e-01
1.609577754690153240e-01
1.843281146298544892e-01
2.031373634037816345e-01
1.775478350862874644e-01
1.951959048587052770e-01
6.023636899041141107e-02
1.809335603354334521e-01
7.052349112865333169e-02
2.353201578261156224e-01
1.183797980187469706e-01
1.609370979405334023e-01
2.114130532452737354e-01
1.775448468489911058e-01
5.896763248964180526e-02
2.308927869193708182e-01
1.715445763154333503e-01
1.900701267953947560e-01
6.699032461968992824e-02
8.352398793417381562e-02
4.246220461488721398e-02
7.377999500790434484e-02
5.882708288895505816e-02
2.013123981358601600e-01
7.369013679888647417e-02
2.079690054980047609e-01
8.341721893184871062e-02
9.068970838038385718e-02
1.761433447146203424e-01
1.628286071872250274e-01
2.072679638999258556e-01
7.461237279293396474e-02
5.858597224998558090e-02
1.383594661163808637e-01
2.158457300614109453e-01
2.182510128544530303e-01
2.209344018110656893e-01
2.017974850746148685e-01
1.208527771927189604e-01
8.216702674014354779e-02
1.057436045771572020e-01
1.926876568901112752e-01
1.904504141212063628e-01
2.111992521988637350e-01
2.162571496950881633e-01
9.833713908688589134e-02
2.220425721572385491e-01
1.948017106024714507e-01
2.086239710121303714e-01
1.985558146115892209e-01
1.901175175788231142e-01
1.216392366204309267e-01
5.288366488007208155e-02
8.820181269307987570e-02
1.825916560543868195e-01
2.295888136543129399e-01
1.788697982281030885e-01
1.947218730842248946e-01
4.808428656319161526e-02
1.159663011299138374e-01
2.024730600342509734e-01
2.164408777551124208e-01
4.899224791424029030e-02
1.768959350162823685e-01
7.174634319900076440e-02
2.201019573572620958e-01
1.774256551394574888e-01
1.739173990973279793e-01
6.023279951088886947e-02
1.976405887578081000e-01
2.307360759961365748e-01
1.262600213028403084e-01
1.730960921307339306e-01
1.044605380022390895e-01
7.333656975854738191e-02
2.021218831512907876e-01
1.803385027893949499e-01
1.646915622991972361e-01
2.502262533908318487e-02
2.109917776462781613e-01
1.951771897681693346e-01
1.664237309144324106e-01
1.172455460537036726e-01
1.771088794179295212e-01
2.167336861380132207e-01
2.035663177592061945e-01
1.986578735331877288e-01
7.782679981824483506e-02
2.263558779374733876e-01
2.216197297146515199e-01
1.201625424246902246e-01
1.652524341241604355e-01
2.036303413142718788e-01
2.201673658868791572e-01
4.690738553461649279e-02
2.011065894270726295e-01
3.037111397793972739e-02
2.059547402906056202e-01
3.163185699849665328e-02
2.216574444436985591e-01
2.150030463548518178e-01
2.249320042713770784e-01
2.001155223308452580e-01
1.543156972971427565e-01
2.345587275847607622e-01
2.106873575439392743e-01
2.040173962586268597e-01
1.734548649263328857e-01
6.076079159553976483e-02
2.012438896989616477e-01
2.217717143955981185e-01
1.679487675749926634e-01
1.780291198907350825e-01
2.158615940071370309e-01
2.208331818542545455e-01
1.897958349863077265e-01
1.544059436095712445e-01
1.840380130874636200e-01
2.164255835973847575e-01
1.821165528847357995e-01
8.954937937617903077e-02
2.654255997774044792e-02
7.734765415160929636e-02
2.014870616002191750e-01
2.159405364372913860e-01
1.702845960909448730e-01
1.867382090536353068e-01
1.583400675621896292e-01
2.188357721665908917e-01
1.990964911569614859e-01
7.442020901626231200e-02
1.821444187316725027e-01
1.729937894982838398e-01
1.733560164956598759e-01
4.453600086988677292e-02
1.734953145649684170e-01
7.801008976969044106e-02
2.077122231583327094e-01
2.322019111191284402e-01
8.901682310465482140e-02
1.106200328481122125e-01
1.950346609393127373e-01
1.363478098906131530e-01
1.843557936957515020e-01
7.785418068783010737e-02
5.951226233723123926e-02
1.141814370549142227e-01
2.043795509150666545e-01
1.979793230851606967e-01
7.044507659029104751e-02
1.918441722636354541e-01
2.091506793327733149e-01
1.500981349173448332e-01
8.875461047163193951e-02
2.082501572942512258e-01
5.486572725905594639e-02
1.331299014223175092e-01
1.393383511627033777e-01
2.181897420974032442e-01
2.185782337138274523e-01
4.270291188197167936e-02
2.007930556180895221e-01
3.393252046821223361e-02
1.904334027737158430e-01
7.965194811482279036e-02
8.233006499201575568e-02
1.800001771029702546e-01
2.072901066559730554e-01
1.459571563421260265e-01
2.230687649006960760e-01
1.543149516855266412e-01
1.744062610543309910e-01
3.358571647115641406e-02
1.462644080697300675e-01
1.357300498763982233e-01
1.885987959950353732e-01
1.907659327722976417e-01
1.480724287515399196e-01
1.809433132374555497e-01
2.241360848247171966e-01
2.119293058631123994e-01
1.197591632280532448e-01
2.260910541100587812e-01
1.412207672196885422e-01
1.497559933176718650e-01
2.105676024384974809e-01
1.907803164340985125e-01
1.612207997260109715e-01
2.055207499576791885e-01
6.122093937187053636e-02
1.301879888446942912e-01
1.116232923035184316e-01
2.161175040977092177e-01
1.878539579171443485e-01
9.664804524012561571e-02
4.175826703568138315e-02
1.803104311825640960e-01
1.190281238196323060e-01
1.964047020510809316e-01
1.987586843679985393e-01
2.226388722894220573e-01
1.000582820383602439e-01
1.033335452815909439e-01
1.920419892808991058e-01
1.976963804613580400e-01
2.323277030092983642e-01
9.151802486768310929e-02
1.565250302933165472e-01
1.954094441389397918e-01
7.236234697562614337e-02
2.168297503565810580e-01
1.392619680750974420e-01
2.025918617827396351e-01
1.048187096134633456e-01
6.623649255074992581e-02
9.547270490274753496e-02
1.981524785643091202e-01
2.186632155110207476e-01
1.828173618563595504e-01
1.967118903630269144e-01
1.806724057925779559e-01
9.840899840292963163e-02
2.025849340980565294e-01
1.998665288549771046e-01
1.404266860946522810e-01
1.524229772215689449e-01
2.219664341268225427e-01
2.318850754128754521e-01
8.590159537637827303e-02
2.082771701613294335e-01
5.940144216236994956e-02
1.294271964712856160e-01
1.415642515355097220e-01
2.104188260096268581e-01
1.425123542848137081e-01
2.115386509297813578e-01
5.506277784791462765e-02
5.426408821913206171e-02
1.191194475802904579e-01
1.504320460563501050e-01
1.990727276149617531e-01
1.147033109641585336e-01
1.496183061145810733e-01
2.179073293701788150e-01
2.135300237474788698e-01
7.083749071804111563e-02
1.959144805207016504e-01
3.246240349002320336e-02
2.161523858293283029e-01
1.899583634384076625e-01
2.110640346789783017e-01
1.928484943018735909e-01
9.769436883327428656e-02
1.820872077957646218e-01
4.700306143095377143e-02
1.504670231805516900e-01
2.287508547663290315e-01
2.116465325291323196e-01
2.032170968639290531e-01
1.804842142021068352e-01
9.984827981097185723e-02
1.672609232962938841e-01
1.314821070432842520e-01
8.050756048106393059e-02
2.145734325298737644e-01
2.043667286296360353e-01
1.438843987868710927e-01
1.608015699946267751e-01
6.728771372251560190e-02
2.061423666849811487e-01
9.445714777001450180e-02
1.752662319326161178e-01
2.027908268819103021e-01
1.574320660005640582e-01
6.781518606399307425e-02
8.138836686314297741e-02
1.306883627597511810e-01
1.782473354725100101e-01
7.126273826315507320e-02
2.090914126358235647e-01
1.589659109565289274e-01
2.071769295817562917e-01
8.137666926070590001e-02
1.858734097145632591e-01
2.057556734048777147e-01
1.990406441603266852e-01
2.145370431740854511e-01
3.817206567695233255e-02
1.911614882895919798e-01
1.997240751334960207e-01
1.512632368217917134e-01
1.746110489833953283e-01
2.046648052452665068e-01
1.835145043225907546e-01
1.310267327714043362e-01
2.057608071591059129e-01
7.622349383569330949e-02
2.030300217262230034e-01
1.888411913407369025e-01
1.797091030266500800e-01
1.046544341501887271e-01
9.055941190498380255e-02
2.049591962751153296e-01
9.934179495615873268e-02
2.873603867132997272e-02
1.718783227362623844e-01
7.176423498616497920e-02
2.012115417179631272e-01
5.943219926867742559e-02
2.064821803841943582e-01
1.384623692118936988e-01
1.730145673337444012e-01
1.869127142796987995e-01
1.951697826952618620e-01
7.488279824894469860e-02
1.559163436072713016e-01
3.116980520731817833e-02
2.317049363315449584e-01
2.032692045540312464e-01
2.492694695278015529e-02
1.979303977815545235e-01
1.985366133689430435e-01
8.138938029084097359e-02
1.367294075372271767e-01
1.183325810541553114e-01
5.976132327538391520e-02
1.603819256163021428e-02
2.251108146216109773e-01
2.023910059183015586e-01
1.909399422253340028e-01
2.018154897009060422e-01
2.340627279934265337e-01
2.008038693240484229e-01
4.995881194480738391e-02
2.221323769656499969e-01
1.796294709365290343e-01
1.457145079894463513e-01
2.012088803903949452e-01
2.022952098002414878e-01
1.992335622854807531e-01
2.140544296774341826e-01
7.022750067425065357e-02
6.103917429859201382e-02
2.103712184007322517e-01
1.993453864490760674e-01
5.906595114045326556e-02
2.187360346812765310e-01
1.573138875688580574e-01
1.337748256205027186e-01
1.736450196537109580e-01
1.106577218233833065e-01
4.638147463679203469e-02
1.947072226591788080e-01
1.004168588449932120e-01
1.581653873600251670e-01
1.441186054290794216e-01
1.619893424191675979e-01
1.697369733762049415e-01
1.061064363515381859e-01
6.421864056454533454e-02
2.172725939996786870e-01
1.713338082943298701e-01
1.724569564848808800e-01
1.382998476624716644e-01
1.919617014212937622e-01
8.396384084888515453e-02
7.871559642357688069e-02
2.169459513815261142e-01
9.207856743517063569e-02
1.810575782864951022e-01
1.906411621143251356e-01
1.981671577859736022e-01
2.249152563371663305e-01
2.206210966937012241e-01
2.715249046310097905e-02
1.399021524695978347e-01
2.088983515535010604e-01
2.025474214757903291e-01
1.931254900765138061e-01
2.071318655995443847e-01
1.104954861454535281e-01
1.559735154520146549e-01
2.154593658170771420e-01
1.683825902793660567e-01
2.029065104845421130e-01
1.938479565476646516e-01
2.092582148716788382e-01
2.031525330975321175e-01
1.950131736696344154e-01
8.064366133519831892e-02
9.710687193356616620e-02
1.730709669906776993e-01
4.565330435362421196e-02
2.090121450792653268e-01
2.651278739878928231e-02
6.564223835052432343e-02
1.674762264518170063e-01
2.136508395082481193e-01
9.208400206751385375e-02
1.335723144678233054e-01
2.469704993768516432e-02
1.985021040291631567e-01
1.937593687061497094e-01
1.488707969730648228e-01
1.966529516149817802e-01
2.113850328150953251e-01
1.571920947997780538e-01
1.835067004598094353e-01
4.021467833244135592e-02
4.278388735683520683e-02
2.076144405646208335e-01
4.425199162780714401e-02
1.104748895662333724e-01
1.924764592595784307e-01
2.062136440024936457e-01
9.588480219439311780e-02
1.410032334839859403e-01
9.231888015533400160e-02
1.655964928266364655e-01
1.804516648331138395e-01
7.796158985119409912e-02
1.521287713214754811e-01
2.095031677250469571e-01
9.718792233719941720e-02
1.856973061695021132e-01
1.882983462079660386e-01
6.295065286224395262e-02
1.097114616786601243e-01
2.156293752828110366e-01
1.151791875758948758e-01
3.484355613697125154e-02
1.498477608054179511e-01
1.733592025871870668e-01
2.173646588030893889e-01
7.073535182590218184e-02
2.034753032648795035e-01
2.040574044012386512e-01
5.917942758891926724e-02
6.572433483355566430e-02
2.145340391125629409e-01
2.070411289819717171e-01
2.076137935093144704e-01
1.881272832364496994e-01
7.957901037838249758e-02
4.794917804126060112e-02
1.688509369772453472e-01
1.753774360022029299e-01
7.332795977225527173e-02
1.983667289417214707e-01
2.064281262818904172e-01
2.005771911085275361e-01
2.011493339801416202e-01
1.880166332985070687e-01
1.467645851315943217e-01
8.980536838285359258e-02
2.160972237986540645e-01
2.025110348573149754e-01
1.963070967257817823e-01
1.660869961223066515e-01
6.151142665615345201e-02
1.094459447414341396e-01
1.153985321147165816e-01
1.821994493061146747e-01
8.239464960735258525e-02
2.026779634488411752e-01
2.200005062585842497e-01
1.977246664125459907e-01
1.964515292535372326e-01
4.938948763293720540e-02
1.714695567476259563e-01
1.361603771961903964e-01
1.102866064538239183e-01
7.361119898221483993e-02
1.946060428982872847e-01
2.216502024984834951e-01
2.037349534865904033e-01
9.991973837889818466e-02
2.065975861971396654e-01
1.209314768018561609e-01
1.858956249465210375e-01
2.090161457453949267e-01
1.561616350045399726e-01
4.565066908420727793e-02
2.169295357213838760e-01
1.020596487469920266e-01
1.761050169593252612e-01
2.112804335229264141e-01
1.352526024292758922e-01
1.085355302415551004e-01
1.435352467901798434e-01
2.120211990595894103e-01
1.896053604454106534e-01
1.259120530390418491e-01
1.544998529816967447e-01
2.180991181902329767e-01
2.010961707929567188e-01
1.779917009910948755e-01
9.411998678695505938e-02
1.560307628709769467e-01
1.730433566897298381e-01
2.005713311017533473e-01
2.078826029524149521e-01
2.142312479800714542e-01
9.206452263753578391e-02
1.907992251497181713e-01
1.987273766940048925e-01
1.923151549052213860e-01
2.201500013952494006e-01
2.292620150008483348e-01
5.368900108136318017e-02
1.897054606679768329e-01
2.194652030329165837e-01
2.171371503810000381e-01
1.147189380862678743e-01
1.377735218186355026e-01
1.310379072389296351e-01
1.593077027285441649e-01
5.005192919943392271e-02
2.167881370735451618e-01
1.904911742502984895e-01
2.215588790017297138e-01
2.036868178204792046e-01
1.072690000469310734e-01
2.344666806121702973e-01
1.148489056357737403e-01
8.073668061681256447e-02
1.993575485971196271e-01
1.943444806127975211e-01
1.722542036035312474e-01
1.941990998202859919e-01
2.132636079562732212e-01
1.705100368717870352e-01
1.966578277763537108e-01
4.319631630244558096e-02
1.880255115812547728e-01
2.129114830674917469e-01
1.558479265256841884e-01
1.358578389047388479e-01
1.463558663996863962e-01
1.335778582223361433e-01
2.002042214051178159e-01
5.346983761718995809e-02
2.173636615568426689e-01
6.152774753020223697e-02
1.974207130491944240e-01
1.742625555335477472e-01
2.160512760664468346e-01
2.003231726750434039e-01
1.884869206059178459e-01
7.051375658256674173e-02
1.977468398425037965e-01
1.552827673386606433e-01
2.014529871816583551e-01
1.548288501882842949e-01
1.293828463200872581e-01
1.826483725127283908e-01
1.966277054008599423e-01
1.437869465713815520e-01
1.098020137814567920e-01
2.007691361445712586e-01
2.094110093261750682e-01
7.057056396550838440e-02
1.512814017608143380e-01
1.521374249977260062e-01
1.916975671313539686e-01
1.343674335824240340e-01
2.075497484515014812e-01
1.915142036871358699e-01
1.878113302805856644e-01
2.006109447808736013e-01
1.958397102818028590e-01
1.041086235743357985e-01
2.678875610448147246e-02
1.423364059168930051e-01
1.693499565803306406e-01
2.120143496195900645e-01
6.708980381037582541e-02
1.932382526933168476e-01
9.320289728233387139e-02
1.017965737064311510e-01
1.978498217570605899e-01
3.316888537855944286e-02
8.590633645276049557e-02
1.122371678794805150e-01
8.076103316947164101e-02
2.000432470402526697e-01
5.246279187083489198e-02
1.883392032576845787e-01
1.264113753849313848e-01
1.362028785454622026e-01
2.132230174719904336e-01
2.093414361914957833e-01
9.514275519514876767e-02
1.878382001940456791e-01
2.032709823110331049e-01
2.159876416303147251e-01
2.285104337812591258e-01
4.269974327303227568e-02
2.216058553349425642e-01
2.237410335681569162e-01
1.926326789299014353e-01
9.282955610405689562e-02
2.165202201128908488e-01
7.321998421912455368e-02
1.723691855643878501e-01
3.626117973108847203e-02
1.943603600654904562e-01
2.222056260946871642e-01
1.736022285339670623e-01
2.073986185835287599e-01
1.967840678937995691e-01
1.959508755294623039e-01
2.040818836191243824e-01
2.142731191023430071e-01
2.124571198150915496e-01
2.174872273007190659e-01
2.088815473831681091e-01
1.945466509495963614e-01
2.058674738869516463e-01
2.125659393731526570e-01
2.239392043300434121e-01
2.164000499177249348e-01
1.461974680810048388e-01
9.872331268158769657e-02
2.164003440445625148e-01
2.319804847855709562e-01
1.975464803212237941e-01
2.097841451720462158e-01
1.859062047695759501e-01
2.063934183063566019e-01
8.034685144829076253e-02
1.566537258149623690e-01
2.151397666348545401e-01
2.044200906222901903e-01
1.115647996383950097e-01
1.896585305289535950e-01
7.461596068794057457e-02
1.959171676080669333e-01
1.021989343362263297e-01
6.741953236760848955e-02
1.799719389001833425e-01
1.668780020473612791e-01
2.231448109020353066e-01
1.068526921109187039e-01
1.648351992171591673e-01
2.295798101686798709e-01
1.765577248992165338e-01
1.925994211247520072e-01
1.805827766146948787e-01
2.331694663427605618e-01
2.193547660129479548e-01
9.350428586816017518e-02
2.041620721085973533e-01
2.022261857872044433e-01
2.406266006898764159e-02
1.242366941530197444e-01
1.478539232915597745e-01
1.965462498607844499e-01
2.089612982988144907e-01
1.935918899906029778e-01
1.718517649783060930e-01
2.118666627089542398e-01
1.725457073558811782e-01
2.058957174653907873e-01
1.129636070392413677e-01
2.194710161086680933e-01
1.788016165019690740e-01
1.269352868763739817e-01
1.601346475616916565e-01
8.895056264910387867e-02
2.120907913587601890e-01
1.837781274450747682e-01
6.690984615664004320e-02
2.035589029283230711e-01
1.775316661870079971e-01
2.048260082992227060e-01
1.813872678890085799e-01
2.160298448023560691e-01
2.312356627713369750e-01
1.752433452904410549e-01
1.982976526389166605e-01
2.053909554630221346e-01
2.136958705479209408e-01
9.773926072470087711e-02
2.214516285845321009e-01
1.815815232611818764e-01
1.732060067494705091e-01
2.026684111935030397e-01
2.043294000147970746e-01
3.766883269690739916e-02
1.985339965722114630e-01
2.140577313044799423e-01
1.364467285850655132e-01
2.031488623239536551e-01
2.074906100783203144e-01
1.641556284223430473e-01
6.376263783557396814e-02
7.542368760678941353e-02
2.175246288972714215e-01
1.963267779954379899e-01
1.032170373407367420e-01
1.971894199974746908e-01
1.775492793279133952e-01
1.624586247239399872e-01
1.130571883211168444e-01
7.612069370383954536e-02
1.273743059734046834e-01
1.902653418062814905e-01
1.608174265053762542e-01
3.690975109906698831e-02
1.329901773981850277e-01
1.515413388365527692e-01
1.356066644012108302e-01
2.006337471594392130e-01
4.771487916626570430e-02
8.549873719614750622e-02
2.023652103825448745e-01
1.897432405102843778e-01
1.911683337092022830e-02
2.098796174649548985e-01
2.024241592735826489e-01
2.027597063092586582e-01
1.904057362987286173e-01
2.231388765614431557e-01
2.269819557404580967e-01
8.512818594304033537e-02
6.843358476623224995e-02
1.655551362099452195e-01
1.797678514555580420e-01
1.700178769887137620e-01
2.083685306180718955e-01
2.043718372575902276e-01
1.885696029169217913e-01
1.931011309706965051e-01
2.318460126754075257e-01
2.150136534981267611e-01
9.054284295967698903e-02
2.269749697837626923e-01
2.298555166985365716e-01
2.190462717250869426e-02
7.991572332199614603e-02
1.479177143698630625e-01
2.163307484548702420e-01
2.033326323700133109e-01
1.221696254475666960e-01
8.459395637964951808e-02
8.767985314434356692e-02
1.697353498484067136e-01
1.990686467494303391e-01
1.599191937222995200e-02
1.207270477391171049e-01
3.565467313391780524e-02
7.467840966167529904e-02
1.924025864299070132e-01
1.767952385275929905e-01
7.331747514887686223e-02
6.790544620128566300e-02
2.005556038449614331e-01
7.865051022008025250e-02
1.630215843292776856e-01
1.474277267514289280e-01
2.178285022074204491e-01
1.105154839205636230e-01
