2.835659661514760566e-01
1.709288286584558780e-01
1.686731488289414105e-01
2.228136853096803205e-01
3.162285267578623937e-01
1.811463930932215027e-01
2.656967287087044771e-01
1.517685074623024988e-01
2.221299826164874758e-01
2.406393563231238319e-01
2.551602356581422204e-01
2.654800838696453891e-01
1.938142285300662737e-01
2.640797574371739898e-01
1.662414349867063212e-01
1.201523826664438327e-01
1.583815228300014810e-01
2.602133898637353782e-01
3.287798471672526701e-01
2.085071895824170407e-01
9.538782285049314524e-02
2.658289716999392427e-01
2.239390040728913567e-01
4.145692776927575526e-03
2.789278595700192542e-01
2.761896580084789998e-01
1.681696370694640841e-01
3.379592998390862912e-01
2.901086537229967677e-01
2.366103204881757627e-01
1.002356039608030824e-01
1.615966275202539992e-01
2.181001096604518741e-01
3.464675866600779031e-02
1.822031316636364418e-01
2.902099211802608436e-01
1.448749169928530423e-01
3.105310149298813882e-01
2.649936070794047249e-01
2.871803969539709622e-01
2.237220418274367961e-01
1.695814999407182222e-01
1.081365978259709454e-01
2.698022476846529405e-01
1.207855239001038097e-02
1.978414752744800664e-01
1.501600241611040776e-01
1.759804925480353277e-01
3.463977884740440105e-01
1.101770595493187233e-01
3.426894552789605530e-01
2.005976558659578260e-03
1.084829801286008172e-01
2.086479738238248560e-01
2.866293520619779267e-01
2.452082049577939127e-01
2.224603243390537999e-01
1.675962077815409124e-01
1.149125475876980051e-01
5.969891473221209527e-02
1.978293773435738367e-01
3.248005876238443945e-01
9.177549481658889285e-02
1.791364830854129397e-01
1.548346692031161431e-01
1.714365980073682127e-01
2.469073106497958747e-01
1.758666212500010484e-01
2.133882677788806123e-02
3.443900255508670627e-01
2.995277339220414059e-01
2.737615014372167255e-01
2.637529165589295732e-01
2.910776827296256419e-01
2.806440994381173559e-01
1.624919762053333716e-01
1.471061417089258583e-01
1.512073012353575552e-01
1.676649197238031797e-01
2.284478446893538394e-04
3.510711394939768359e-01
2.251152981242235118e-01
1.264129121381829812e-01
1.543948785293405290e-01
1.488130652522529629e-01
2.643520165991278259e-01
1.391793218728519521e-01
1.967651028597605101e-01
2.743032917074034183e-01
1.201697299197545671e-01
1.358930797285869407e-01
2.615833595462488392e-01
4.320260472002519780e-02
9.453935173033693393e-03
2.359945070731824524e-01
1.977898107486598667e-01
1.704726093767394146e-01
2.930002766877607412e-01
1.380151302456978091e-01
1.639192834429772372e-01
1.678846769203750366e-01
1.253929324680569564e-02
1.684509151404671445e-01
3.117061272950336637e-01
3.455588362035919570e-01
2.055757946029821912e-02
1.764964219553051550e-01
2.724525199946436493e-01
3.224473563767498718e-01
1.150612015926493065e-01
2.100109195074232882e-01
2.324296721128321641e-01
1.861867585421471960e-01
1.990301597313217097e-01
3.131304833465840542e-01
1.088652643692893385e-01
3.610621650965460672e-02
3.011747947381382406e-01
5.546640469429610365e-02
1.161572176347134763e-02
2.644252553769146363e-01
6.123136931179261333e-02
1.269353276196497904e-01
3.272711745481634016e-01
2.417120066077751983e-01
1.354993803370072858e-01
1.434138892689361955e-01
2.013176556498463277e-01
1.251956346954842259e-01
2.292299400906473439e-01
3.606489001185985560e-02
1.943484598198027824e-01
1.653928470767529468e-01
1.775340076371806075e-01
2.231823722577094271e-01
1.276576704795436557e-01
3.194471451991257593e-01
3.162981972718603707e-01
2.554511528729494496e-01
1.750983773299803203e-01
2.582028133774970646e-01
2.386218218186411111e-01
1.964169151664007240e-01
2.445699098211164546e-01
2.199750128107304803e-01
1.473646530982098135e-01
2.959767363873709867e-01
2.294364119512629641e-01
2.141977421829641126e-01
3.265661733696530455e-01
3.187923618496015243e-01
2.968427712729842030e-02
1.991436929693896074e-01
1.974107951622036949e-01
1.708457336104417801e-01
1.788777653914694898e-01
1.806312567354737275e-01
1.234268093466551475e-01
1.376247964575078031e-01
1.249283938612940625e-01
1.449655673696758629e-01
2.011257087572843882e-01
3.028081155933479846e-02
2.972559739741595930e-01
9.187476528425473059e-04
1.255407615383881959e-01
1.862982666777735219e-01
1.429938307971249749e-04
1.883975671594950163e-01
2.542584365676091029e-01
1.945576122093128912e-01
8.549076565965288421e-02
2.370322298700550945e-01
1.640768417225336728e-01
1.159809735547304155e-01
1.959986947214797381e-01
1.313788122671083469e-01
3.398093520714435267e-01
1.100500869739870491e-01
2.643398217156414653e-01
1.545865145511288175e-01
2.155790683617167802e-01
1.096742653088089436e-01
1.681800058333409731e-01
3.271524204728317176e-01
1.514162970997540159e-01
1.006431244225744065e-01
2.182485612284507104e-01
2.175529394739160183e-01
1.966706166628752195e-01
1.122850201238910772e-01
2.907114587607894651e-01
2.369586303156564211e-01
2.073609832912788609e-01
2.395461325503692729e-01
1.810758298971473224e-01
2.762815935062413186e-01
2.565616427761804319e-01
3.406646517313449141e-01
3.454891943232907825e-01
2.143764929621909676e-01
2.923001480182521594e-01
2.013632850165752997e-01
1.583101990301337969e-01
1.754224847676980892e-01
2.987231035239988342e-01
3.080514727798089880e-01
1.134950401024688721e-01
1.261432080375484710e-01
1.956320098664947882e-01
1.154684492161148490e-01
1.152239919166387211e-01
2.738411580277697599e-01
1.697117218685468276e-01
2.335058389803439938e-01
1.864391366844638798e-01
1.412261555989371420e-01
7.918727134463154904e-02
2.325435867824506564e-01
2.110273666576717166e-01
2.403025195175761131e-01
1.375160823001431720e-01
1.563878715761786997e-01
3.125602759545501041e-01
1.994595475698300313e-01
2.237748758301434659e-01
2.417876138117235896e-01
8.671215570224996561e-02
1.200497949755538335e-01
1.825775151658627637e-01
2.119548477213462900e-01
1.575272949382255927e-01
1.652745044468306723e-01
2.671231833225526930e-01
2.128660718451404806e-03
2.736845956263431745e-01
1.612308806742188960e-01
2.411451747603912676e-01
1.871925734317752554e-01
3.213922921095341834e-01
1.995969633598309867e-01
3.512675674890835542e-01
3.001427448647569496e-01
5.985983197724424609e-02
1.807320266107411699e-01
1.837068088305557345e-01
1.869083930528436799e-01
3.192820000748299303e-01
2.902985028568016435e-01
1.163646524700588797e-01
1.018074373193181142e-01
2.168098674568376127e-01
1.601444770067466661e-01
2.220700058544989586e-01
3.373115219681498411e-01
2.322068519158169975e-01
1.643125247652700849e-01
1.241411920289795662e-01
1.755958836980008875e-01
1.675205210146487600e-01
2.717183209490963147e-01
3.011055933416370012e-01
1.568461628243384143e-01
2.228063416682548592e-01
2.304986438002480098e-01
1.495139925912455370e-01
1.251556857315720139e-01
2.084830965919663159e-01
1.341019127701698899e-01
1.849369346361901326e-02
1.611316130325581852e-01
3.009110296521446681e-01
1.766658662147064518e-01
1.383551846805493035e-01
1.936916430350742457e-01
2.355315700067486806e-01
2.469702542383785115e-01
2.296435519075092357e-01
2.579334413050912156e-01
1.796141623061660864e-01
3.269985402612006486e-02
1.824036283027317962e-01
2.414742227420092757e-01
1.535102565305122846e-01
3.117092108024926977e-01
7.844258544449542181e-02
1.295530964821317021e-01
3.356045799567057286e-01
1.563597499155611470e-01
1.358793359699845549e-01
2.339547230433346170e-01
2.686937914188934906e-01
2.632833645919799292e-01
2.391674397532546348e-01
2.430848546745693617e-01
1.142716844288341610e-01
1.956180787653266362e-01
3.131996481580671676e-01
3.346776003769980634e-01
2.915245233226353982e-01
1.764563127429759071e-01
1.787571063063378707e-01
2.029713315529497741e-01
2.173856774937695246e-01
1.635667688018074273e-01
1.484129048682700514e-01
1.581714132279639917e-01
1.906468837446987086e-01
1.619366110292844441e-01
1.575985629598527782e-01
2.165362691678691942e-01
3.397088900563579039e-01
2.489282546572049171e-01
1.681999766513793404e-01
3.397972939241930002e-01
1.655314121062620714e-01
1.872597819497086313e-01
1.228775101999543832e-04
9.277198875475239567e-03
1.929536722377724334e-01
1.784511739522651741e-01
3.193316136774776992e-01
3.061479486696556673e-01
2.324017408355349423e-01
3.192670085899243504e-01
1.485735165831225946e-01
3.095962881038727063e-02
1.428465844037014876e-01
3.435745700384644219e-01
1.615794875393860019e-01
2.809000681710744352e-01
2.503702300507638090e-01
3.482388383393684728e-01
2.007063528627174021e-01
2.941140392841805618e-01
2.898985200736053369e-01
1.873756215257797175e-01
1.541245463465289178e-01
1.611977252516348103e-01
2.336043440664400395e-01
3.118450785180137408e-01
2.254899091762400942e-01
1.662842510950731656e-01
1.767346469894818251e-01
1.599307748341702862e-01
1.323190518190539844e-01
2.618207106297407161e-01
3.468953730164908156e-01
2.615195191380423334e-01
2.286629777642765204e-01
2.118256810088350595e-01
1.841660460498059093e-01
1.626001406090946122e-01
2.267146136729846495e-01
1.954471732385324456e-01
2.156959096296373890e-01
3.236657314274939412e-01
2.003602902070085179e-01
2.343126140834425886e-01
3.387612105061984513e-01
1.980342024686303215e-01
1.638890353961423574e-01
1.526466459760436878e-01
3.118821431492074803e-01
2.486441118708628550e-01
2.577987972988886045e-01
2.682018513106367297e-01
2.641226645953915764e-01
1.780534509855094885e-02
1.880192037097269675e-01
3.096027975233202056e-01
1.502479197655779142e-01
3.478280379297867819e-01
6.735870591641873739e-02
1.043678726150410740e-01
3.463826795928754421e-01
1.296592025635648071e-01
3.041717026082100261e-01
1.850801709251711225e-01
2.234278236246190485e-01
3.195428829784439095e-01
3.055045430008558882e-01
3.467879756341470388e-01
1.958741223562860678e-01
2.119284746539592812e-01
1.402543582033940195e-01
1.232303156352010237e-01
1.739768963926123790e-01
2.919382548829568269e-01
1.893417385395821046e-03
1.842166978302951785e-01
2.103188698781864041e-01
2.803915876302613963e-01
2.283151240226533041e-01
2.440180437539448410e-01
1.192203588207040033e-01
2.019734185254245997e-03
3.319272933204224785e-01
1.522867447045483658e-01
2.104893616256942046e-01
1.595619775428669396e-01
1.733794054630299619e-01
2.296965190089299835e-01
2.057927889279883378e-04
2.313303135491339702e-01
3.286102355063408309e-01
1.747761362255641493e-01
1.972093636736216016e-01
1.831382785056940854e-01
2.767541331691270590e-01
2.032025871856327215e-01
2.881430126837326577e-01
1.100452052917309104e-01
2.233467329199422258e-01
1.639087360210447764e-01
2.041040014721684781e-01
1.686713661989180657e-01
1.874032840684511647e-01
3.309502347870081351e-01
2.236766174588336320e-01
2.210967386996016693e-01
2.399569197982776569e-01
2.856761929856286297e-01
1.312389861996900997e-01
3.233831040442026183e-01
1.662016617269967966e-01
1.869291585540779344e-01
3.188512901371485242e-01
1.772639650071232142e-01
2.739947782647860763e-01
2.500207744735323812e-01
2.717493333167393388e-01
1.425361044991001747e-01
2.021282701614955102e-01
2.038997862070162648e-01
1.660995268669190617e-01
2.491207770589337969e-02
1.336866760807080001e-01
2.032326546245765975e-01
1.864204278509955792e-01
2.095220513060673806e-01
2.971035042845908136e-01
2.013883320674849930e-01
2.563873048952497458e-01
1.818491696321898332e-01
2.054418798510791733e-01
1.925100330830028239e-01
1.688503763903340671e-01
3.195741202803402126e-01
2.090124795242679634e-01
1.747376449768587303e-01
2.419116514745053848e-01
1.783673477095929771e-01
3.243052918227408710e-01
2.244242530581544437e-01
1.708839062391023511e-01
1.642108782174421799e-01
1.400494036260417074e-01
1.942618226902159129e-01
2.555448035624660053e-01
2.249897016643938596e-01
1.947868508795289888e-01
2.270110536845359184e-01
1.994805031749964930e-01
2.645742969465446071e-01
2.152235295420580619e-01
1.806802327467272595e-01
1.019007068934995458e-01
1.071277652547101139e-01
1.004046957265505163e-02
2.229243221840916389e-01
2.650655322473658426e-01
3.240018674917670705e-01
3.346507131820353753e-01
3.340097184898095928e-01
2.916953952208575784e-01
2.608210442446111665e-01
1.864484860863797333e-01
1.779800003846149226e-01
2.064162491546369105e-01
1.716347977277986325e-01
2.165769451631815723e-01
2.412819991657440266e-01
1.324635188357581872e-01
1.864000222470585388e-01
1.628879303350366514e-01
1.793511449425730375e-01
3.184102762383062002e-01
2.786097529101647097e-01
1.045605479804044419e-01
2.189322724690593858e-01
5.108953932267595865e-03
2.602861891716410359e-01
1.842864852186711089e-01
3.370433354318023711e-01
2.695337218168185056e-01
2.005441196810882898e-01
1.708026585379654183e-01
1.441868105802036060e-01
2.455463181250623628e-01
2.534045471311593013e-03
1.855290281285355281e-01
2.722904488134006984e-01
2.299786770493652266e-01
2.211600086961126310e-01
1.353375552688440009e-01
1.811068924895091747e-01
1.391258525443374028e-01
1.583991693098502629e-01
1.689464137190276050e-01
6.375136412734656866e-02
1.456692287493808746e-01
2.650906284040309702e-01
2.008268321422251868e-01
2.235711246169956312e-01
3.018105561794171554e-01
3.275521168495210134e-01
1.664197715252655752e-01
1.623043123278489763e-01
2.483031947059010369e-01
2.553549505044813706e-01
1.960629169845950481e-01
3.314878369545095071e-01
2.147733100140939710e-01
3.395805643135590413e-01
5.360633681304198019e-03
2.810087229979510437e-01
2.469339798791667095e-01
3.006110897306712992e-01
2.414356832272211706e-01
3.722023617862592337e-02
3.137270394378881555e-01
2.455555446862772440e-01
1.404479934887754300e-01
2.676433997670054632e-01
1.673946544646113255e-01
4.374460733682169859e-03
5.890729201863195708e-02
2.075545074193155537e-01
2.520732817281503557e-01
1.931437283037141517e-01
1.725126290331005230e-01
2.409283589894082311e-01
1.535463894746388891e-01
1.793277373599388991e-01
1.281111669291115987e-02
2.560648415459897131e-02
1.795868568995578896e-01
1.633566519616314328e-01
1.230700419641638822e-02
3.194907261430008916e-01
1.312402048467667948e-01
2.905661772163321555e-01
2.852766842187025587e-01
3.492638237884361230e-01
1.600128109327724757e-01
1.801632294960553160e-01
2.389752098099764133e-01
2.632922279674244082e-01
1.863231648477851887e-01
2.209290755018805119e-01
3.124937679748771013e-01
1.686851060064558649e-01
1.915261612669265923e-01
3.311308927463532115e-01
1.930711358790498933e-01
9.638326837503206901e-02
1.684146712022769610e-01
2.703198680400588083e-01
1.521268065063799413e-01
1.252212044577307726e-01
2.565618984824551418e-01
1.788713262723078956e-01
2.040803734002443193e-01
2.750576947637966008e-01
2.395091963382964817e-01
2.109810270200773719e-01
2.191622472858453519e-01
1.261093379052805052e-01
5.914953168621647772e-02
1.685009388748690273e-01
1.602738564886370953e-01
1.818846057559110052e-01
2.235071934096883040e-01
2.160292660334246218e-01
2.512936518501373562e-01
2.244059615958888809e-01
1.372126233422836517e-01
2.951570325977041498e-01
2.255002089023816839e-02
2.722909343789232106e-01
1.455663328793682099e-01
1.492447038352490707e-01
3.453491391326515281e-01
1.835705008781087499e-01
3.074540637953048772e-01
1.738599839211549952e-02
7.956401648327848797e-02
1.921814877734082383e-01
2.989415316878731299e-01
2.074135011453390742e-01
2.116191002502250951e-01
2.196325978212015639e-01
3.054972086070935067e-01
1.942764703066779952e-01
2.438715149630184542e-01
3.286199096142882192e-01
2.165775538669003353e-01
2.618849149981197777e-01
1.866301408945963969e-01
1.827984080091020784e-03
2.912803978971532093e-01
1.862136261751231314e-01
1.340030320701558197e-01
2.068783798295994458e-01
1.465144206091739953e-01
2.858584111682754836e-01
1.894960398297423354e-01
2.273451550850004721e-01
2.682820801657407883e-01
1.710364109393171794e-01
8.741918988247507349e-02
2.843092578889481747e-01
2.859186686556445256e-01
1.418396751879420249e-02
2.161843895602711674e-01
2.113193446823078137e-01
2.337113961131195849e-01
1.116895900664926083e-01
4.383527363547085748e-02
1.649368312899300026e-01
3.369197475272294184e-01
1.786207078822795447e-01
1.772817545009180984e-01
3.456212459160224459e-01
2.300488362460246794e-01
1.642435221854740834e-01
3.133011582912665904e-01
1.644095945100085554e-01
2.948056747958510693e-01
1.683064929943416943e-01
2.496823300875348206e-01
2.533346008484688161e-01
9.703415157895189935e-02
4.063918872694731281e-03
1.656149590945582839e-01
3.333658388101414793e-01
1.370570215902701672e-01
8.468735290575830910e-02
1.729341989318660122e-01
1.472078361372972377e-01
2.681045876609717271e-01
1.943330965699024693e-01
1.729312249812280378e-01
1.724956999863775653e-01
3.110569449846404266e-01
3.030697884651408214e-01
3.127689179504715700e-01
1.639729368215885330e-01
3.351314879092852639e-01
2.634846814786514502e-01
1.999297049343990440e-01
2.924778191267006777e-01
7.491443937730226342e-04
2.015160539696403408e-01
3.353243397371646339e-01
1.108208347080493483e-01
7.978201122266076473e-02
2.724931153524153271e-01
1.909301502989274313e-01
2.994568479608983869e-01
1.300952703102449259e-01
1.664276396891600507e-01
3.017856196922958922e-01
1.309699771375489319e-01
1.375676572727068392e-01
3.122465749429622836e-02
2.528457472659093042e-01
5.864999284582871758e-02
1.192452723640094470e-01
1.637135898273348045e-01
2.433018984373471749e-01
1.484226187023816312e-01
2.061463093724943962e-01
1.919762982408220083e-03
2.302193591020980090e-01
1.419046355893052169e-01
1.184841047637060357e-01
1.776614255668820530e-01
1.751302939404490999e-01
9.889254491165098970e-02
2.438958471852443188e-01
1.740992238444684925e-01
2.900649574283554188e-01
2.664816721750978279e-01
3.346783589201309805e-01
1.436676777996166998e-01
1.680124017875545273e-01
1.582713621757015909e-01
1.610045289214554753e-01
5.826439486072286511e-02
2.253910787569813612e-01
2.727393946033671579e-01
1.623173783532670111e-01
2.420122268020593048e-01
2.928895465202209780e-01
1.771831770425991992e-01
1.915326708621328533e-01
2.393157347911656074e-01
1.720299476783969661e-01
2.069645465588956790e-01
1.542762168894093178e-01
2.611894943132429536e-01
1.823927916162068064e-01
1.544740234071489970e-01
1.625487178867601745e-01
1.916122012010099407e-01
2.114758201240342084e-01
2.851432235542514793e-01
1.032248746762378377e-01
3.491624764134642067e-01
2.536502044104098075e-01
2.628938954852699239e-01
3.319230942044301136e-01
2.833727191700501080e-02
2.071878217648648324e-01
1.213836763558412968e-01
1.296972651946706467e-01
1.356466787317849310e-01
2.300918050692556394e-01
3.041134398408861794e-01
2.442596299875597343e-01
2.546991402129476501e-01
2.640579142847653826e-01
2.395075298183764745e-01
1.204036378341845348e-01
2.737830625423594011e-01
2.880946100738576154e-01
1.876569723745848961e-01
2.439957138034845319e-01
1.497777203175585659e-01
3.432522562830467860e-01
3.302541117304892970e-01
2.083998202404932498e-01
1.912347674571762690e-01
2.694985361169631166e-01
1.056831272696120705e-01
2.785305517514069518e-01
1.656422099800408387e-01
2.459908160592261805e-01
2.443113784002428623e-01
1.543762359337522705e-01
2.918809457074045266e-01
1.398050686136628196e-01
2.537902506092847288e-01
2.022665647849239967e-01
1.928676674487908582e-01
2.185975151629976077e-01
1.628560800981510848e-01
3.038594520405220600e-01
1.094302753230855380e-01
1.302468240288732482e-01
1.070066197548886766e-01
2.113284360106330306e-01
2.466466598301394705e-04
2.637266036326955665e-01
2.897263118623893963e-01
3.114578127917388417e-01
5.052936780595168598e-02
2.312932396328795104e-01
1.396004370835988648e-02
1.900350366664887158e-01
2.942134791602224464e-01
1.785929347564589875e-01
1.468413719757936386e-01
1.574901309067028576e-01
2.937461782905496088e-01
2.350419951750720993e-01
3.678510839668103997e-03
2.387431617233368997e-01
9.460539934212390534e-02
2.371001571751319426e-01
2.120382877974949509e-01
3.436487919622966958e-01
1.726702689288319714e-01
3.262424207078667981e-01
2.399103040374636897e-01
2.889566354528980696e-01
2.656788168081031798e-01
2.551953957592205668e-01
2.802067164669597155e-01
1.492002321330477832e-01
1.663448438091884307e-01
3.226151489767309366e-02
2.139894221850187905e-01
2.391023917412230752e-03
3.055533294226462360e-01
2.826567363843163205e-01
1.418182222884591670e-01
1.665310158738652069e-01
1.593604492784327364e-01
3.350312681952398175e-01
2.490983473206082877e-01
2.041756167324297044e-01
1.985721388932867315e-01
1.985807647699799894e-01
1.512581658469246138e-01
3.391292778541213360e-02
1.545330692100038428e-01
2.272150861830009305e-01
2.566272491873355377e-01
1.245773643184028140e-01
2.913304885783336573e-01
1.659002657227267030e-01
1.990797936469277940e-01
1.843231235787786693e-01
1.467540045294484230e-01
2.227346736771974034e-01
1.663494463911646126e-01
1.833799170583054750e-01
1.586020436072832496e-01
1.860855754125042283e-01
1.064257253098790587e-02
2.050381178485611855e-01
1.704026567502250622e-01
9.975012273120162365e-02
2.908373193474034918e-02
1.397304700083445428e-01
1.511188458411412971e-01
2.924020902847176417e-01
2.554407602086560258e-01
2.993676972727074004e-01
1.707910748720756766e-01
2.603149819685808275e-01
2.838544373251735697e-01
2.145927219224593174e-01
1.563327907002438621e-01
1.646588946993310099e-01
1.693790737066594443e-01
1.948777141729640394e-01
2.622362598784181986e-01
1.403850791784959084e-01
9.021870172334248150e-02
1.908595635010403857e-01
1.977861585304322156e-01
1.328678769041029550e-01
1.596647702271189739e-01
2.401858080148356611e-01
2.069483525013564029e-01
1.978935268311770579e-01
1.416280175808424246e-01
1.878008312985054995e-01
1.711093055387012804e-03
1.811798839666795558e-01
1.955838342715127409e-01
2.706144782010009298e-01
1.836061799020982377e-01
2.399094065248762175e-01
1.581436523315195020e-01
3.454419995682139755e-01
2.715410323738888798e-01
3.068277131343606356e-01
2.659502089658299928e-01
1.899910812994449749e-01
2.238014273970578838e-01
1.478431388613017927e-01
1.902212746992515691e-01
2.054370004940234973e-01
2.655517001093271046e-01
3.092605764376126776e-01
2.315052357962795737e-01
1.295956909153730408e-01
2.280606491579706407e-01
1.445527676766067693e-01
2.553339741713595568e-01
1.896216245646681620e-01
2.511479080289344412e-01
2.891770804719619448e-01
3.116284743804113022e-01
3.381526977005703261e-01
3.034204021049609068e-01
1.406276076721861557e-01
2.038359814270170323e-01
2.774854241599902238e-01
1.158448603546662209e-01
1.768324871976798551e-01
1.650655703869555457e-01
3.312963474388417318e-01
2.423548257294922681e-01
1.534192881650901508e-01
2.517228836719891394e-01
2.439267451658080621e-01
1.606005155449256872e-01
8.384135515518602658e-04
2.145656725497956385e-01
2.812886558380002233e-01
2.184599674003747383e-01
1.949807303973376538e-01
1.370790852281514316e-01
1.520103326213045891e-01
3.501466444584614424e-01
2.635533714566630215e-01
2.939168682961570966e-01
1.935051769914183373e-01
9.676096112896065415e-02
3.066699647565252970e-02
1.692926289189707889e-01
2.893266316179197162e-01
1.854698648586662058e-01
2.148954874492546574e-02
1.633708046623448262e-01
1.501475558568794166e-01
1.610391728768229280e-01
2.902812256641450483e-01
1.040027093170509511e-03
3.098093882232432206e-01
2.842248137139948283e-01
1.635914586392799852e-01
2.028444589835177170e-01
2.496479230244385838e-01
2.490314210819030427e-01
1.712603161511159211e-01
1.997517563152623743e-01
1.505113990048974615e-01
3.294735506714808193e-01
1.176910112187250501e-01
1.524091440105649897e-01
1.629312113844273713e-01
3.363143558194000016e-01
1.341135152474340342e-01
2.979116044757104120e-01
1.562665075532457537e-01
2.252294101459557663e-01
1.377778934574232506e-01
2.670762694453244768e-01
2.515839426014915281e-01
1.142222403610322623e-01
1.616086751766738216e-01
1.084047174861575979e-01
2.133324820544631184e-01
2.021274373614861675e-01
1.309214093993491257e-01
2.819918958620694360e-02
2.728054041127510043e-01
2.426748052444643311e-01
2.016626728985338735e-01
3.429245695888865075e-01
1.374868840369805889e-01
2.374968806465503623e-01
2.817367018379147714e-01
1.309527277120875743e-01
1.922203483055463791e-01
1.483713119585430840e-01
2.050001187337546216e-01
2.134041790460292909e-01
1.111179437394794051e-01
1.592493632547953841e-01
8.804780479622965894e-02
1.728152622406454730e-01
7.639517639728914122e-02
2.707034618057650999e-01
1.945946050000283700e-01
3.167838877125338515e-01
2.075963753897514807e-01
1.278555715590569131e-01
6.994136459089758673e-02
1.347733147430482392e-01
8.614315967659140483e-02
1.689905352815762596e-01
3.225199839516895706e-01
1.225103876784710000e-01
1.973836133146225635e-01
2.183121126594451400e-01
3.103619234392451243e-01
1.461051479717736523e-01
1.239268188757284561e-01
2.755646032204048801e-01
2.054429303763568582e-01
1.931810031242220116e-01
2.462635726726566388e-01
1.311830400079954349e-03
1.602822379529033059e-01
2.889491409472990102e-01
2.324944684387422744e-01
1.444305004480731791e-01
2.195197042088231354e-01
3.088505514063084600e-01
2.399976555087775798e-01
1.442293443817374288e-01
1.894169804014615432e-01
2.394199894782975124e-01
2.512738946584892608e-01
1.656814303604375871e-01
1.912289982224339990e-01
1.843673216064806442e-01
1.015701858290181947e-01
1.632014936878885825e-01
1.665757941690666211e-01
3.219713450670392829e-01
2.219505617318992541e-01
