4.076319957311501374e-02
1.896763148178252367e-01
5.024846193027932006e-02
8.097355721829088693e-02
4.916906951499160072e-02
6.243191526463538060e-02
5.544837545480261337e-02
3.002931057325084474e-01
2.640518746775798453e-01
1.547916230771096968e-01
8.645219505640498736e-02
1.240575244892804796e-01
1.653771029000793424e-01
1.140111639329856874e-01
7.212732032508095692e-02
2.669403027773264436e-01
1.329162833532492594e-01
3.111469536674499325e-01
1.209568052211206085e-01
1.556310499250412524e-02
7.323847479217644729e-02
2.223222772216311705e-01
7.145461369979422273e-02
1.696949165255812186e-02
2.049023533303530320e-01
2.367604383918157362e-01
1.922633112485664930e-01
1.166964119579218112e-01
2.335243657590439781e-01
7.881522786232929290e-02
2.702686023541098215e-01
6.416840507661615567e-02
1.963900905706870703e-01
2.802945897100381778e-01
2.765574077856056689e-01
6.880515149378250983e-02
1.064673645760580434e-01
3.421623698837516353e-02
2.290345007548557354e-01
1.350695970618593644e-01
5.257425130698061694e-02
9.531942324636773212e-02
6.200124748925957274e-02
1.348848328649019344e-02
2.014563253152150124e-01
2.883216092676628151e-01
8.634599576036358637e-02
1.605730241678730019e-01
3.931043774673305402e-02
2.325544376766003341e-01
2.615021264266984002e-01
2.486319743607405264e-01
3.262183107471861576e-01
3.887620489901356946e-02
6.341425041464263113e-02
3.274619347409338244e-01
5.425935707863158847e-02
2.428128744832054320e-01
3.163769755059563371e-01
3.367445683643018051e-02
1.565497250247099500e-02
2.770963186685226204e-02
1.245094386131512521e-01
2.312260858290890730e-01
4.017874692023290506e-02
6.057373859735660365e-02
1.548627991722150050e-02
2.780897571728832562e-01
3.416725110581109170e-02
2.374690850430469582e-02
3.267069067686816930e-01
4.187230907687547465e-02
5.262406232363873310e-02
1.595026630822269503e-02
1.251232061685495500e-01
7.036835204993756310e-02
1.990993421795156718e-02
2.474470010475572912e-01
1.047145566116381432e-01
2.943469477842183823e-01
7.446062485041769763e-02
2.780447807722361553e-01
2.924742358820497379e-01
2.011077925307013514e-01
2.791081845359153490e-01
2.943430828716824266e-01
3.202349327713318594e-01
1.910290529077519062e-01
1.936576690662593914e-01
6.060516406045970972e-02
3.133292961510591446e-01
1.513864644436948292e-01
6.935376822199278146e-02
5.383075211661618453e-02
5.607411675538923057e-02
5.347463480465065172e-02
2.132521912184869306e-01
1.910179669994747365e-01
2.128550192955256937e-01
8.211303719310865390e-02
2.395930313501783981e-01
1.331557501244863273e-01
3.202023035885884217e-01
2.668160657628966259e-01
2.870639774849766956e-01
1.220452927647843883e-01
6.257634136036746564e-02
2.919807005061797467e-01
1.348161024674392472e-01
2.201512931062917511e-01
2.324933565638375582e-02
2.299652137129990781e-01
8.058033528362332221e-02
9.869614008207521980e-03
2.751192199834264218e-01
1.622874649603518737e-01
1.988057561365214887e-01
7.389794744553218435e-03
3.286334614129082093e-02
3.282563574677975216e-01
1.653249627357844809e-01
8.152642304944986151e-02
2.877357745158390934e-01
2.276512925668641718e-01
2.545276047583164281e-01
3.080242319908700344e-01
1.258762652257132408e-01
1.291754367684687932e-01
2.669593825599039238e-01
2.784893256656048033e-01
5.800193492875851259e-02
3.237003956734150201e-01
2.463183410733266743e-01
5.315386304596768363e-02
1.381893848471552333e-01
1.690412364986598054e-02
2.606847555535700689e-01
5.063994923978933776e-02
2.966859991225349047e-01
4.373549110127231132e-02
1.440701290431235446e-02
2.755551952798404036e-01
2.844422557575967958e-01
8.127318999058065485e-02
4.868176107617295384e-02
6.141639316615286892e-02
1.509503257906670004e-01
9.676691982428321792e-02
2.455959972456409901e-01
5.676418701075832546e-02
1.892011374267036916e-01
3.154599187676690453e-02
3.264097336479094835e-01
3.059494454269867658e-01
3.206147967622743344e-01
1.561767507591699522e-01
1.556435231073632353e-01
3.435535385123382468e-02
1.794425682508575259e-01
9.454429318403201332e-02
7.653780014959453426e-02
5.216374448260246988e-02
9.049650839843841402e-03
1.357747748871430959e-01
1.964822169014403958e-02
9.746716519258144182e-03
1.912684966292885202e-02
2.891407587799051937e-01
3.218335780688336700e-01
2.537139017144134367e-01
2.060319231233808668e-01
2.938757075925440554e-01
2.245493357859228434e-01
1.607826344435855648e-01
1.341722631919946979e-02
3.199553537329621888e-01
5.267344234994218721e-02
2.154205377783494357e-01
1.975130196994781817e-01
4.994103436836282162e-02
1.746343498926867382e-02
1.732362581515832223e-01
4.290456948664347903e-02
7.736170614641674215e-02
2.197636545105186578e-01
7.106983573111690100e-02
4.371437110650893548e-02
5.121758846852999397e-02
8.663728951258875544e-02
1.471008631007463263e-01
3.861527534510876547e-02
2.780737163589293640e-02
5.012881538346414256e-02
5.145472160042077053e-02
1.015838075948383573e-01
2.689733739575180249e-01
1.483642029846511112e-01
3.086785775331656045e-02
9.540626570764498826e-02
1.759802820669439105e-01
1.918734975133322418e-01
2.191809251641534673e-01
3.126270596989321193e-01
1.343195879487169009e-01
2.819279708950095942e-01
2.892582501968764541e-01
3.178142258695662026e-01
3.094190446134069683e-01
7.641242698096951946e-02
2.189507940779097384e-01
1.436279088680927629e-01
2.272888620991756481e-01
1.408336817805927177e-01
5.475964222339159415e-02
2.417224279821287430e-02
1.641661416564296205e-01
1.543812044674725825e-01
4.566516702450779813e-02
2.849981715976325214e-01
1.657856448229501900e-01
5.816907742839876744e-02
1.844182373499102245e-01
5.414914520741592047e-02
5.397839305457430292e-02
3.724360464990978531e-02
1.278361329796926793e-01
6.190114053628509305e-02
3.228874452225746761e-01
2.444139514731331342e-01
2.997338089086546975e-01
4.100038873437534398e-02
2.736400808056467793e-01
3.206128303180994510e-01
2.863742540276386084e-01
2.241564412740398859e-01
1.041999781429430588e-01
8.945351590434438838e-02
3.258107315663937298e-01
2.749654924091194386e-01
1.193816812806682420e-01
1.630044684040740377e-01
1.934538397567674151e-01
1.041701036249449430e-01
1.802042637737214514e-01
3.279046635665953113e-01
2.524977337768322672e-01
3.177385489753394299e-01
3.283127939312889820e-01
5.135142122746691462e-02
2.707922089777978561e-02
1.688375969279042876e-01
2.218421628069222884e-01
3.141155494520569968e-01
5.361862989126713747e-02
3.171429797358363972e-02
1.574063627248515895e-01
3.271844943596830535e-01
1.272373781738850643e-02
3.280074342746878702e-01
1.802225456421439331e-01
1.661193405834582859e-01
3.120184305386592416e-01
2.545259531896787997e-01
2.408888015570230245e-01
3.898567941542450954e-02
1.450839431601257390e-01
9.807115177598743627e-02
2.089369263875300309e-01
2.091075084003422152e-02
2.341286261762449694e-01
2.000037630078836115e-01
2.007826317784447423e-01
5.029357572247487168e-02
4.991405892053395882e-02
6.064751824709723599e-02
1.562220277367349364e-01
2.557588820132679630e-01
5.345357588793039211e-02
6.247786670465151071e-02
4.766942871757990502e-02
1.835983638342675861e-01
9.186231935517266689e-02
1.953246006627696874e-01
4.366502304387728794e-02
1.801650152705339958e-01
2.614813456297620381e-02
1.984810988911981655e-01
9.675351154754642524e-02
1.359768243563469203e-01
1.003933143793150212e-01
1.508317604484895047e-01
1.489090277398927575e-01
2.982682640744785743e-02
2.169060394329383190e-01
4.970433584055004850e-02
6.987387858831672904e-02
1.763778539957647218e-01
1.568444112789941502e-01
1.224948196459433314e-01
1.410465684669834630e-01
3.192561402215987609e-01
3.042969701291669549e-01
2.059203113396863849e-01
1.002328717523559565e-01
2.445263789435218049e-01
6.648260518606480263e-02
1.246005274764294679e-02
1.160538707981891987e-01
3.047066929031209681e-01
7.629516168068307957e-02
1.330895760884851786e-01
4.413537982715239755e-02
4.105261573756152638e-02
3.042641635914144493e-01
2.678137696427514980e-01
7.113256300150715139e-02
3.401942420574902842e-02
2.740951018425878960e-01
6.601646793217054443e-02
5.942172296819418775e-02
1.391727661860847620e-01
4.933263143296588021e-02
4.450320263405881799e-02
9.866471022583547801e-02
7.664443185620579968e-02
9.542774497184891569e-02
3.229693936474827276e-01
2.657794022980242143e-01
1.034022804962458214e-01
2.964742096926071269e-01
2.010551572586888047e-01
3.277738537179819001e-01
2.562560057464626784e-01
1.638309522561992027e-01
2.422735005489510263e-01
2.435847232645886595e-02
6.960685392329274412e-03
5.279091153153214061e-02
1.763233433658553673e-02
9.199392829115381198e-02
1.480815013140044378e-01
2.375597937498056811e-01
3.112235292229837413e-01
1.364034672942349147e-01
1.231252560967653203e-01
8.983616068323101167e-02
8.816508915588044948e-02
3.275064440526122556e-01
2.290193567471029146e-01
7.978049412027443665e-02
1.348164873834665212e-01
2.064171394828211992e-01
2.091957012989755782e-01
1.642048012579777894e-01
6.013565630980775151e-02
1.471333764983412395e-01
2.740712098421339005e-01
3.281526963895564086e-01
1.815456988531080618e-01
1.768012303298779619e-01
2.918012493635788740e-01
3.088118548294364607e-01
2.063672940411341861e-01
7.997510943771339587e-02
2.332082203507477858e-01
3.066370089017628198e-01
2.298288717044397189e-02
2.748015010346071541e-01
5.136975053975176980e-02
2.663432054142493843e-01
4.582145498891580793e-02
2.084998738853146849e-01
1.826444563399729493e-01
2.922625170315104604e-01
1.982150986234687551e-01
3.001935334931729038e-01
1.509408806845243534e-01
1.480179502054948526e-01
5.412925202130301761e-02
3.016201905470698441e-01
1.892913354538967585e-01
2.347390631967915531e-01
2.406042082650813180e-02
2.603834139925959024e-01
1.248891920232620828e-01
1.074231736583673991e-01
2.584115115628755066e-01
1.746090278799813378e-01
2.180864015904862563e-01
7.537465419498393104e-02
1.205297532564341689e-01
8.579080135848113353e-02
5.309786971866588962e-02
7.249968031106783506e-02
2.208782525598876334e-01
1.066925741012647588e-01
1.296823309459272100e-01
1.717793482742719854e-02
1.613294449228594718e-01
2.526678257734844002e-01
1.189298981990217219e-01
1.067974816196052001e-01
2.460842957944784637e-01
3.118282789659338472e-01
1.401484258710829489e-01
8.664087316419018248e-02
3.214311109920682252e-01
7.669806488440469860e-02
2.980950898759556281e-02
9.347657164477261860e-02
2.240785795624788690e-01
1.729410037951342460e-01
1.262734665867872585e-01
1.186792266560837000e-01
3.294453868121142298e-02
2.406853112140876771e-01
1.143590701231718271e-01
5.275333493890050490e-02
1.273161674731639048e-01
1.359081447948909671e-01
2.821659410708612370e-01
4.547758405521368924e-02
4.526938093244271127e-02
7.927709103860054729e-02
5.213595950229309162e-02
2.738086432907465007e-01
3.892944705615114520e-02
2.405721387322523885e-01
8.698707169613496826e-02
1.333649572703453356e-01
5.412287384806258733e-02
8.433888963352503820e-02
6.805286258682831380e-02
9.908336073900011337e-03
1.599980341753512725e-01
3.132050486117975152e-02
6.347457421818482326e-02
1.017438700341995877e-01
2.949183926891470464e-01
1.471334006795865790e-01
1.687849077830343436e-01
1.902326029091397711e-02
2.301691670461397943e-01
1.002464542442073198e-01
1.519183964818720811e-01
8.809100176430542661e-02
5.360296743521282548e-02
3.970352755764414848e-02
6.202756204096648851e-02
2.128708641902408161e-01
2.539936303713493659e-01
2.031412459245202362e-01
3.009222707009667208e-01
1.102211627118758128e-02
9.654897747851583223e-02
1.881337859056283479e-01
1.866795704571765080e-01
1.394840635696228126e-01
1.257101956103772178e-01
1.734311579439615503e-01
6.884237493583298013e-03
5.323648022311834593e-02
2.191825631101956828e-02
6.682518852106396345e-02
2.475913005835648495e-01
1.344139175434732637e-02
2.112829008459600755e-01
1.094696776877619321e-01
1.802870958772800902e-02
2.946808762427182704e-01
9.401704022301088370e-02
4.884711232511871476e-02
2.107570347115825596e-02
6.255890098155049428e-02
5.684207239181978538e-02
2.108710444936867656e-01
1.331750524506191691e-01
1.351073362020535629e-01
2.513018735558158467e-01
5.731799290201881891e-02
1.401337698303969648e-01
2.902419559018986628e-01
1.196550408598489601e-01
3.220983078149034506e-01
2.435624003894470424e-01
2.533097791305982116e-01
8.716372047743353724e-02
2.883369854382056285e-01
1.960040590144929706e-01
3.148961190323469328e-01
3.180342749685436954e-01
2.807574723391285665e-01
2.615825031684075944e-02
1.820726560514698000e-01
3.272113335086822561e-01
2.271935634090649914e-01
2.642146126458003730e-01
5.930704562337605484e-02
9.301084280974937502e-02
2.444341452427158667e-01
6.195753018344598434e-02
2.805709001261896818e-01
2.108098632024001662e-01
1.105015186513108177e-01
2.376616964263436951e-02
5.532593358399814226e-02
3.065827051940119286e-01
1.290631963541740423e-01
1.637156907633841585e-01
2.998377830649536988e-02
2.072940491340923008e-01
3.360066881169064545e-02
5.678360769705010497e-02
1.962552007872364890e-01
3.218547361061175338e-01
1.511291451480208381e-01
5.254266807895947855e-02
2.533369657110712825e-01
1.076146398577163266e-01
2.165796292789192168e-01
7.433453847908427781e-02
3.042392684222629956e-02
2.167806729116356912e-01
1.391900622462468110e-02
7.369252318971462878e-02
2.204697417816634322e-02
8.241548447181841486e-02
2.981055016634816535e-01
2.360798310689300183e-01
5.682093691476065161e-02
9.499264044788569006e-02
4.198585570208974299e-02
1.310754339844545369e-01
1.430168114349690822e-01
2.226280840111824755e-01
1.895348208866258488e-01
3.100028437249723323e-01
9.234498149736954098e-02
5.214804938727827383e-02
3.064205965218061434e-01
2.921733342982585913e-01
7.572379211355867445e-02
4.399272358900693097e-02
3.142267089543881453e-01
3.276732420913153754e-01
1.646297012983632957e-01
2.980104688667384316e-01
1.317549692648771753e-01
8.154475832363484999e-02
2.768863457302355724e-01
1.175721056617409360e-01
5.470983231489944670e-02
1.779293506506634814e-01
2.730007177266455601e-02
2.895246186590029192e-01
1.155735996576746222e-02
9.164455950740102441e-02
1.795208967796808053e-01
6.984168541244591133e-02
6.117261526125623849e-02
1.113723317864446782e-01
1.840950657139293206e-02
2.507878002026760547e-02
1.105230992412287866e-02
1.676860602252309984e-01
2.271077974157952872e-01
3.088108528267067832e-01
2.065295681927089427e-02
2.140689850542028608e-02
1.109386951870668103e-01
1.144998540349708993e-01
2.349960833646891900e-01
2.073912996013491938e-01
1.404414220390073353e-01
3.217037038124808679e-01
3.596880357281696805e-02
9.830024956270495828e-02
9.304022173476658719e-03
3.012570013242252820e-01
3.112526489223519377e-01
7.344984947397961705e-02
6.352212215718107402e-02
4.622828345514812254e-02
2.809283349872722102e-01
9.964843766471716269e-02
9.156155361587137859e-03
2.866698011024770287e-01
2.373733634489864561e-02
1.722113962781072760e-01
8.431643465873950305e-02
5.881805702947000974e-02
6.874819016629765689e-02
5.502959818690163207e-02
1.982382013577987934e-01
2.215104234376018832e-01
1.863344650368666325e-02
7.158724677385090718e-02
1.992217370649814190e-01
3.211137619277445454e-01
9.400450404175499791e-03
2.123938856228258509e-01
1.204511283724217507e-01
4.730268994276744243e-02
2.177003554248994888e-01
6.493129380902741554e-02
2.282601360837612989e-02
2.655776845054575938e-02
7.480902284910612154e-02
1.719591442318077756e-01
6.482114932782136185e-02
2.315251488150600612e-01
2.395968764058177547e-01
1.387543751426466021e-01
3.093204430602478072e-01
2.266856563084798104e-01
3.850299539604271765e-02
7.110998394714801440e-02
9.732773947187464691e-02
4.082446164982993925e-02
2.111451603882936734e-01
5.328756443148192218e-02
8.046070866643756370e-02
2.323987359019036580e-01
9.504804049292953083e-02
2.842873968010002361e-01
2.509739115495362993e-01
1.614872170211517355e-01
2.796983277622959799e-02
4.887731800927727632e-02
2.470487183951772248e-01
1.071969279213402515e-01
1.703418240055186439e-01
3.024189438337643310e-01
3.247772460309680809e-01
2.329405139437062677e-01
4.530646750359689640e-02
5.520958646145665560e-02
3.137901250879276960e-01
1.704629393365894863e-01
1.815934099294136961e-01
2.671122345986328139e-01
2.204458706050260730e-01
3.037641911651632887e-01
1.836737099246927435e-02
9.696471378513574560e-03
4.604128580339138244e-02
2.697059434609334061e-01
2.013806582354072117e-01
1.291061925135018329e-01
5.203002852770984010e-02
1.837923955300446721e-02
2.917454502647487402e-01
2.604830898191909730e-02
1.616896300382375806e-01
2.988981757826112418e-01
6.244101918592705192e-02
2.156567678529378307e-01
3.108889152527310670e-02
5.066364546843577649e-02
3.468648637734546986e-02
2.806949019629911279e-01
2.118117231906345710e-01
1.935185905534782813e-01
4.828651135959641238e-02
4.960510155154397582e-02
1.591102846136453752e-01
2.657220969247174325e-01
3.172105162976328052e-01
1.046009141289424849e-01
1.790760986751825379e-01
3.151530194793358830e-01
1.813235064297751276e-01
1.742380726669867097e-01
1.280553843799481506e-01
1.309189265182908180e-01
2.104043097035171173e-01
6.831482028321629596e-02
3.071742779065616546e-01
8.398790498458338916e-02
2.716854857449457761e-01
5.942257070543699449e-02
5.682183968192257989e-02
1.796649330660414490e-01
2.139587983985625219e-01
5.892601739547719680e-02
3.010128707716762664e-01
1.340422504831822320e-02
2.618279946260778090e-01
1.128098346094628390e-01
3.121876238172330842e-01
5.548114433897333858e-02
1.123226735950344085e-01
2.146488970055944814e-02
3.649362828928470054e-02
9.917998720958849657e-02
7.797082499031794678e-02
2.042814222360894161e-01
1.044629704631470785e-01
3.262033030545992141e-01
1.513896909112873723e-01
1.256120451865883891e-01
6.508931754466845687e-02
2.351885465111246687e-01
1.174726037144478569e-01
2.783159439462713491e-01
8.328486402777798836e-02
2.359570487035727582e-01
1.136182173524852984e-01
2.726502771999402275e-01
1.813326156557001356e-01
3.066470050497499544e-01
3.038361981325904404e-01
6.712052759772024757e-02
4.888892695981635755e-02
1.396956660458699984e-01
2.222090821488079126e-01
2.380283991573419466e-01
3.166614984245653130e-01
6.330200621259672589e-02
1.415592748467528472e-01
6.336184407414746644e-02
1.818977659663998381e-01
1.206031577331167642e-01
1.086478554612130970e-01
2.478825256606295990e-01
2.882964782337846255e-01
2.353822791189847108e-01
2.159115358797818185e-01
2.750668656483917229e-01
9.388096585937502625e-02
2.621172998833244949e-01
7.890859397088394178e-02
5.650484106798959322e-02
3.180733948899564512e-01
8.004863585745258803e-02
5.831161152826218330e-02
1.043860508624794153e-01
2.363895793188811323e-01
5.107216973720912073e-02
3.501110905409447055e-02
4.482492368029059732e-02
3.023314371014532154e-01
7.426979146187233372e-02
5.458718781362748712e-02
1.974547150400814410e-01
2.656325748825866806e-01
3.611601818161911531e-02
2.640462653972406315e-01
2.999727932872527369e-01
1.685682808747789030e-01
2.370193984427541312e-01
3.815146608549527252e-02
3.093328774168618497e-02
8.789658512550281577e-02
7.964918890278391284e-02
2.169217305992188205e-01
1.024043853063818649e-01
2.326253276278852644e-01
2.252217693385978950e-02
5.627692182648794811e-02
1.151598242198146986e-02
6.360531596444475577e-02
2.663616478734127102e-01
2.806511313960687870e-01
3.061292884472063824e-01
1.923387405331656863e-01
3.276110929634638569e-01
6.197366891007591305e-02
1.477312706801809095e-01
2.300954038147548786e-01
1.198111002496910632e-01
2.643406225308873037e-01
3.556080613975898946e-02
1.982237605235938338e-01
4.094413320629235187e-02
2.038347473640618746e-01
3.269020060192533439e-01
1.386769832316378862e-02
1.423307141588356084e-01
1.538102342215635632e-01
1.325270338685112514e-01
2.641637087570204018e-02
2.022704343807943117e-01
7.082117211125280032e-02
1.009199664080122905e-01
2.116941830650902745e-01
3.362141730045755533e-02
2.846733522923619933e-02
2.691603424560468638e-01
2.554709379958725601e-01
3.203037112122949504e-01
5.727416827946042038e-02
1.396220295150624735e-01
2.566277086923983708e-01
2.759440948094890045e-01
1.419792918527443965e-02
2.695997511033766947e-01
1.884580167255536509e-01
3.031478590201268641e-01
3.254100047906695048e-01
1.310206629055742644e-01
5.389789406971660229e-02
1.678838025128394640e-01
1.872976231062922492e-01
1.479636335594556873e-01
2.181766941404831295e-01
1.938667183787962933e-01
1.278803731812809263e-01
3.130489022798844112e-01
6.968217549127296573e-02
5.928289133379499587e-02
9.101742502162614434e-02
4.394117075982421211e-02
1.955223627868512559e-01
1.223201592439219360e-01
3.239383616528493381e-01
3.221990372480361131e-01
2.802952241471309280e-01
2.017376325915497953e-02
2.743726765477410567e-01
1.644861994865829125e-01
2.486004031297515404e-01
2.965878997532910843e-01
3.041020869806030369e-01
9.786280700668636978e-02
1.921711499106590337e-01
2.015154525876214076e-01
2.063995239902036427e-01
3.596508176511821475e-02
1.067576075177765621e-01
4.939907121237208099e-02
2.981528137144026092e-01
5.161883864515020431e-02
3.084892338772173281e-01
1.088271091749373892e-01
1.121762961101524375e-01
6.637393474851584381e-03
2.849895371142415756e-01
7.067019028920978885e-02
1.595831478343214330e-02
2.626442114950215956e-01
1.173512689942077525e-01
1.433772757915591500e-01
2.903012445622600302e-01
1.215597906906403826e-02
3.037587538915319518e-01
2.519505349409321693e-01
1.553513989111379445e-01
1.358940081681117296e-01
5.989156329219542940e-02
2.927321306038347393e-01
8.298584248947188380e-02
3.229933738493060424e-01
2.489188139084558271e-02
4.211938989093283459e-02
2.284066113939599296e-02
1.148268030278653540e-01
1.835644007596263227e-01
3.245150556563541344e-01
2.592299168749215288e-01
2.696308122894826576e-01
2.420029475730973295e-02
5.309590916421315365e-02
2.876378502431910580e-02
1.671234153460944560e-01
2.450618576791302183e-01
2.960556272695441526e-01
7.821583151478334051e-02
7.096319258284447540e-02
9.217330967906280093e-02
6.090697922664869285e-02
5.432384471172979623e-02
4.332306893099530098e-02
1.382330964191328393e-01
3.518156208794064738e-02
7.190577835928620154e-02
2.236738992215501487e-01
2.872226178322444534e-01
1.500900849589084929e-01
5.335135860587858492e-02
2.571016869905390911e-01
2.474126265941303526e-01
3.200114523984235460e-01
7.705158995676172906e-02
8.165506869214347874e-02
2.482021475131574728e-01
1.615654303635681577e-02
1.896068801164676465e-01
3.195508331290073389e-01
3.333441999143797740e-02
1.176620089415963410e-01
2.921475457432224920e-01
6.055247623052041617e-02
2.362398833423934863e-01
1.362236372222802583e-01
3.234113361698325306e-01
1.635150549590160263e-01
1.222555899984346522e-01
2.286026572216761366e-01
1.001945241901777174e-02
2.331745017187432725e-02
1.519337467314982593e-01
1.238757999355112188e-01
7.749048286492458970e-02
5.209425128211916250e-02
1.496422277494737496e-01
2.902324234459018881e-01
2.531046809067135639e-01
2.488024467951385210e-01
5.779780015724613612e-02
2.477142222058201504e-01
3.189743350041739367e-01
1.269144400416017116e-01
7.115020690716299112e-02
2.708707114872864197e-01
4.281225808184226100e-02
1.808039583807931339e-01
2.950272229492268417e-01
8.745075997245976840e-02
2.837063505375366779e-01
6.337720001613744714e-02
3.077076192312542258e-01
3.139135595116765987e-01
2.246273369955946453e-01
2.869654513444857072e-02
1.435220162036058844e-01
1.124307392992807825e-01
3.149195062156175950e-01
1.172504934771557983e-01
1.222095487215914406e-01
6.158526401065421430e-02
5.710870485719087702e-02
1.955401956698917532e-01
2.680108268028867369e-01
8.320655978033568434e-02
2.414714570983727548e-01
2.487117706152432439e-01
2.709040409942716221e-01
1.759946156116814209e-01
1.687529167003838926e-01
6.722145234767186450e-02
6.553434454861856162e-02
1.816661603870063924e-01
2.570338011486022478e-01
3.203750339058227259e-01
2.505472021638692759e-01
8.328856214227714494e-02
5.168972402822898105e-02
1.621157374262867934e-01
1.091179598716697334e-02
9.724183951831065487e-02
1.176942447009714232e-01
5.084282570552530606e-02
2.354742045915190693e-02
1.341923833911362954e-02
2.419946102031154955e-01
2.091511712938574630e-01
5.351104743572803607e-02
1.901452326116152003e-01
6.560868971687600082e-02
2.558156364040719555e-01
3.247305221177370083e-01
3.266190711868808272e-01
1.060018845212696986e-01
4.571002207802070394e-02
1.652553477530235293e-01
2.912967825157697366e-01
3.186541120310241726e-01
2.992321793340593783e-01
2.177883323309775521e-01
2.157916357234780924e-01
1.968339549687262158e-01
1.311419633696682963e-01
4.721491070245124877e-02
7.738813482034791191e-02
3.046062136461248349e-01
1.051950931121500427e-01
1.366884803537654798e-02
2.939404367784625993e-01
1.418558555739226901e-01
1.141994750125308045e-01
6.785113692419103559e-02
1.267781103165631536e-02
3.219655358554172064e-01
8.577146717398539955e-02
6.783239399474211284e-02
2.927330796603969110e-01
4.839805453382167028e-02
1.189267157553432902e-01
1.383905032932493950e-01
2.949291526650462542e-02
4.626932409639704369e-02
7.202142993597948628e-02
2.887056064639674791e-01
1.834108769447426734e-01
2.812499052734214189e-01
1.025499768279767993e-01
1.427841300341047281e-01
4.406515453153429102e-02
5.302238022365515085e-02
