2.892295224098088702e-01
2.880866290370123206e-01
2.231026275985508456e-01
3.198428539498067713e-01
2.182300948099885340e-01
1.338023717980342531e-01
2.727431987061358365e-01
1.608983645900674553e-01
1.563799497842980335e-01
1.361158795402976351e-01
2.792287877526969386e-01
1.080981700028888354e-01
3.053795872229819741e-01
1.852936778223037428e-01
8.882857228920354453e-02
2.428130185292767806e-01
2.187774016158268997e-01
1.255367318810932387e-01
2.024514344687917411e-01
1.147351155581654986e-01
3.482732105906543585e-01
2.622172977445195174e-01
7.510191391889350920e-02
3.202553570233915292e-01
3.456805798911455896e-01
1.919639173830204049e-01
1.805723536164281218e-01
3.281161885321412508e-01
3.127875621645981319e-01
2.323110264958142546e-01
9.534110053538923102e-02
2.189235021874443854e-01
1.116246334342226587e-01
1.234727154269335825e-01
2.129238950943988518e-01
1.341789492267672079e-01
1.360880273464953327e-01
1.195408803987600549e-01
1.823584368975109671e-01
2.175098662778542358e-01
1.349057478722577585e-01
1.455655414144397530e-01
1.710809791975438088e-01
3.193474810785900675e-01
1.445202836896032073e-01
1.446740292840532349e-01
3.368436867515698374e-01
3.128622184630042713e-01
1.485820020213269310e-01
1.748072400246556690e-01
2.330097507758656650e-01
1.417156430638423226e-01
1.613329530773083831e-01
1.020091270412516876e-01
2.136405949218495581e-01
2.192454687724448015e-01
3.069003161082372588e-01
3.016101135521214727e-01
1.652164374928219437e-01
2.825408481642792125e-01
3.160283178469560084e-01
3.487377248147299769e-01
1.698130734029072997e-01
1.829533216904098702e-01
2.234282673119678264e-01
2.606337110449709615e-01
2.459847553461560477e-01
1.957030602444827239e-01
1.288717819215248750e-01
2.432077942654712471e-02
2.786858674034778938e-01
3.186485895769140542e-01
3.401722786827243716e-01
3.508726193382175063e-01
3.371755185258241694e-01
1.070694601084077741e-01
2.687820674149113964e-01
1.972944418520886922e-01
3.053802033440879415e-01
2.305170893924336495e-01
1.866641137753931035e-01
3.353066988208142640e-01
2.278744043912673267e-01
3.311958854937692154e-01
1.377584740942825736e-01
2.578135509896399280e-01
2.387675011315276430e-01
2.641910622365788996e-01
2.023544754503839305e-01
1.814676697999292321e-01
1.633979076300442757e-01
1.146180569923190423e-01
2.010671208131045717e-01
1.303450182725741369e-01
2.901368587089766526e-01
7.786197065982095045e-02
2.738044689784600583e-01
2.550557789940187114e-01
3.151040038890145500e-01
2.775392384841313120e-01
1.612934710545187444e-01
2.652609169407446066e-01
1.351530433015383503e-01
2.019427609783271960e-01
1.575489720919119041e-01
2.095170545642107418e-01
2.433589762087467467e-01
1.751851028738554694e-01
2.463288710988178198e-01
1.007540559972482375e-01
1.156841965736233289e-02
2.418643492483688040e-01
1.488733655793122723e-01
1.800144743156334715e-01
2.484217235685550473e-01
1.488344832457391131e-01
3.018001858504271162e-01
1.345178349403006457e-01
2.235296906038283515e-01
2.086801303446689237e-01
1.572602871212799291e-01
3.090927107750791047e-01
1.246581526816967628e-01
1.294216760597209914e-01
1.498062350378168983e-01
1.754801742212027393e-01
1.459088253800562285e-01
1.583551604255075962e-01
3.217882130441520605e-01
3.072415163404869087e-01
1.924816826430703343e-01
3.309649456478110374e-01
2.022831827313136266e-01
2.525227854888651979e-01
3.450812350596190181e-01
1.632191166085954492e-01
1.001827420591074186e-01
3.125837707136022714e-01
2.666818181023620782e-01
1.363839077099711916e-01
1.088358067935302348e-01
2.447921425736718226e-01
1.553909795142237038e-01
3.257543577427748915e-01
1.882133272509250721e-01
1.815623630615273432e-01
2.211933201372786040e-01
1.424700177245850075e-01
2.525003763829226644e-01
3.150092493389005099e-01
1.442275911142987532e-01
2.350088457855714630e-01
3.165553812014489377e-01
3.903561691927778798e-02
1.450520071513922427e-01
3.448220491354965223e-01
2.239787108145109285e-01
3.391099133937274801e-01
1.277916127909943245e-01
1.884962689066631836e-01
1.469050856559405427e-01
1.744704121616483528e-01
3.392838948700154789e-01
1.554523822483689366e-01
1.597616135202293286e-01
1.690952912751253479e-01
2.239229214117703370e-01
2.390047166349236474e-01
2.118741724484475286e-01
8.668458262661826730e-02
1.564074859282863217e-01
2.167968217464729397e-01
3.216541362972206164e-01
1.964393417038718948e-01
2.418174905525056761e-01
1.856914989995266385e-01
1.157284481090422729e-01
2.020735686567981249e-01
8.168891472440709123e-02
2.432540450167275659e-01
1.488015706654678416e-01
2.612783873369546317e-01
1.628623080276304924e-01
2.930830973543235296e-01
1.884448620298669053e-01
2.725198082929611298e-01
2.953536135461146683e-01
1.840271357501387928e-01
8.822543470993657322e-02
1.935865127118559514e-01
1.433220042642007197e-01
1.612587912336321816e-01
1.576216595621433292e-01
2.540153560849473524e-01
2.371874125966244029e-01
3.219117165617610410e-01
1.973973712553096782e-01
1.883131569607470746e-01
1.502751575660537520e-01
1.381536817828225849e-01
1.793421875668312071e-01
2.785581012255577416e-01
1.264163722353432995e-01
2.041305587904751473e-01
1.993081570217765941e-01
9.162293034288140903e-02
2.409406950530793845e-01
2.212509081526432830e-01
2.684841230114156096e-01
1.328425170234892316e-01
2.920065307733149540e-01
1.230099366086221113e-01
8.077012297471906433e-04
9.632892162186472429e-02
2.209624955907750488e-01
2.589574381634542344e-01
2.508060128356650598e-01
3.446628777071409910e-01
1.724614355923788922e-01
3.269086916843247370e-01
1.294535708290961706e-01
1.265368781437805068e-01
2.212722464610784590e-01
1.911178217695726211e-01
2.540419890515318579e-01
2.365916484966668343e-01
1.283599679453117093e-01
2.082791501047633054e-01
3.007397202370120093e-01
1.373626389903619405e-01
1.048318687486242268e-01
1.742651573242603447e-01
5.790508724052009781e-02
2.676282918599225957e-01
1.807813584089245640e-01
1.430106415883446447e-01
2.612768042781518640e-01
2.710356968812830392e-01
3.401580857241671141e-01
2.588697700062441709e-01
1.552597089344263936e-01
3.240685872653476518e-01
1.701811164548252542e-01
2.858013806703620929e-01
1.246713112066531043e-01
2.549647548620687099e-01
1.401312644002962460e-01
4.261423664608744721e-02
3.395792803414306449e-01
2.723323400483353141e-02
2.414137932923329510e-01
2.522985767913801247e-01
1.624102504028964999e-01
2.987839239115789788e-02
2.904954020373215484e-01
1.201024997482979251e-01
2.687740924620715677e-01
2.742177461114120862e-01
1.283749299646181619e-01
1.228705802979303124e-01
2.752581711902666317e-01
2.772301730295228528e-01
3.236634480327238994e-01
2.943121900506845412e-01
1.078714822630738590e-01
2.617594703789288824e-01
2.117327537926995684e-01
2.942014717484600639e-01
2.306623955616650679e-01
1.700095064960248648e-01
2.974212573948857297e-01
2.309490724916389015e-01
2.765910390496743587e-01
1.659349410594831431e-01
1.569614370806798609e-01
9.668453956520720038e-02
1.623244889833586058e-01
2.753447722466029757e-01
8.758228223031723492e-02
2.732769182820662390e-01
2.399799338444041918e-01
2.261122850909078330e-01
3.186928211102963981e-01
1.086542826256981925e-01
2.265952288046048368e-01
1.363465046278653781e-01
2.611634401384835824e-01
2.527821150589686372e-01
1.751612539427776505e-01
2.642502049601254677e-01
2.476724044129612612e-01
1.920020069622112024e-01
1.547576679452458137e-01
2.871065182748186451e-01
1.595263690899409725e-01
1.210889237145993391e-01
1.493063843813753067e-01
1.476667522750326478e-01
1.638634304601097047e-01
1.666403864404035484e-01
1.423052395442405971e-01
1.745055144783703299e-02
1.098547002192128419e-01
3.222747963427887719e-01
3.222478557562570289e-01
2.710533814273539260e-02
2.458531253363553659e-01
3.455806998384352569e-01
1.346943521845268277e-01
2.898914695890021376e-01
4.986330172807729687e-03
1.492751929228269825e-01
3.434888455850486078e-01
2.227202835259283475e-01
2.065917646823676457e-01
1.943761680005372527e-01
2.168892587837052965e-01
1.521964238310248574e-01
2.346948249669658371e-01
2.716598736951724158e-01
2.457433162819832040e-01
2.845056706426760673e-01
1.977265557801746176e-01
2.451156987292231748e-01
2.755850062699487513e-01
3.319762256943694645e-01
1.422624517997731763e-01
2.016661309327805462e-01
1.110106733733090822e-01
2.744587024286727073e-01
2.535231515364688160e-01
1.177300394899330888e-01
2.029562731472360493e-01
3.124131238182848436e-01
2.184140379342749683e-01
1.534636780603498007e-01
1.605716368873245925e-01
3.283316158569477561e-01
1.265071514094548988e-01
1.849584107302695846e-01
1.855502465738648743e-01
3.268606958687397812e-01
2.953876580541483499e-01
1.545029110800299199e-01
1.139122785314975461e-01
2.161095928499099650e-01
2.910349075125213680e-01
4.182880864775793267e-02
8.615017995596233047e-02
2.384288755619607403e-01
2.944626066363629224e-01
1.364706655760246912e-01
1.212051722447062552e-01
2.761137968764665884e-01
2.301007137093624977e-01
1.786008093076872361e-01
1.616760283358643357e-01
1.422004742693397383e-01
2.637834245677629363e-01
1.740916689377864368e-01
1.595751879859742262e-01
3.488055764877372456e-01
1.319027340210442711e-01
1.408494785093164503e-01
1.039044175413527810e-01
1.676030924226165619e-01
2.085298293768140798e-01
2.616443447983179404e-01
1.592512422043933784e-01
2.355823362640656060e-01
2.522150788261364185e-01
1.477118071043203029e-01
2.482750634158990555e-01
3.118112812255414701e-01
2.156159390505058282e-01
1.102675289565008820e-01
2.000290813095860487e-02
1.333861109610044726e-01
2.358036275537419568e-01
3.078543455640619930e-01
2.136281952313552057e-01
2.263818863778585821e-01
1.797238251957807842e-01
8.480995009733584278e-02
2.230991554386413112e-01
2.525964983380038498e-01
2.547813978615263153e-01
2.160157944425020460e-01
2.088984657416093904e-01
3.460624583585875658e-01
2.178102143684607639e-01
1.623594334838783237e-01
2.914979544393720978e-01
1.477714750387683351e-01
1.289845669560449604e-01
1.130469899417613777e-01
3.336581659264102329e-01
9.377910319981190568e-02
2.014572716042755396e-01
1.267095627894642418e-01
2.778403202152111562e-01
2.705719383965167757e-01
1.971450264049340317e-01
2.124424909581807130e-01
2.220110503320589235e-01
2.425895818183558539e-01
1.901765239234116667e-01
2.728647560698911900e-01
1.972280652846625792e-01
2.477315130361314732e-01
1.606049912799314694e-01
2.250112604354021217e-01
2.155841724415975824e-01
3.490278811713482532e-01
2.183437499175912566e-01
2.239689603059894507e-01
1.995235761926034690e-01
2.289192415693457605e-01
3.033079789991389719e-01
1.885446289997710079e-01
3.085861044474504378e-01
1.869065781667681447e-01
1.203474076236378809e-01
3.121418945722213567e-01
2.416909057888409762e-01
2.211777460593588596e-01
1.072117793698578597e-01
2.038852061390604986e-01
7.074454160660860469e-03
1.024470589775279550e-01
1.554944129841875078e-01
2.480219193092638719e-01
1.101556193729133354e-01
3.074005532592847811e-01
1.970410981932332883e-01
2.083434904694040080e-01
2.923259218604259968e-01
3.051144185103358275e-01
1.001492583028553152e-01
1.451256346760697591e-01
3.139284376442851299e-01
1.027083931440297693e-01
2.474703995885260133e-01
3.242887277950994296e-01
2.140659181295172242e-01
1.449504302302009606e-01
1.609604074497309190e-01
1.558646358861210668e-01
1.519668382873409218e-01
1.725241569740443848e-01
1.454160417413327411e-01
1.125201116409741686e-01
1.537883749607710515e-01
1.683993805970857849e-01
1.762392748796165476e-01
1.124126188373985313e-01
2.543491735051354730e-01
2.657519569350663691e-01
1.276012494672540687e-01
1.181936908721518964e-01
1.993280853304071343e-01
3.367901727021879732e-01
3.436912515625522024e-01
1.415864420218468367e-01
1.065130134571719810e-02
2.770745392615138192e-01
1.002688260570518824e-01
2.153018591780137270e-01
5.019954081712003219e-02
1.442046406105183531e-01
3.050122046250728358e-01
2.371988952152120078e-01
2.350745642715075245e-01
1.495967999942349191e-01
8.861250107605597726e-02
1.701462271376856239e-01
3.477619025477878267e-01
8.776464981515673391e-02
4.678630710587584028e-03
1.964347192952365651e-01
1.757085985954896790e-01
2.200453683775184244e-01
8.100618793835080711e-02
8.432355556695059207e-02
2.525781138684791705e-01
1.747365415928598675e-01
1.820056609730188457e-01
2.085000140060089824e-01
2.231015244590635327e-01
2.486919487402103612e-01
2.108698769675642348e-01
2.212164859967561126e-01
1.335284948053687970e-01
2.540009164153164689e-01
2.780136836366889908e-01
3.182041882076689365e-01
2.249812551550708639e-01
2.402791807343861441e-01
2.496728832480051841e-01
1.846234965806233808e-01
1.871160100067855714e-01
3.400267785922827524e-01
2.854702983600247435e-01
2.453801982600840315e-01
3.448400517584723768e-01
2.638384651224978672e-01
8.887416188679797546e-02
3.069492910212845982e-01
1.236825239620834710e-01
1.291861221233831791e-01
1.993532701941345964e-01
3.432417987984840990e-01
2.155856976596757513e-01
1.343449864548356409e-01
3.200876447550277115e-01
3.329968398934060048e-01
1.478033627605883638e-01
1.852541160220237126e-01
1.562786942642925281e-01
2.624796815200968192e-01
2.422396216833018201e-01
2.460317633512160984e-01
8.911666492971147269e-02
2.970543818856324902e-01
1.196485053407664589e-01
2.574774306850625694e-01
1.160499228222298534e-01
1.490894868960694064e-01
2.390352975442484318e-01
1.954085625845367602e-01
1.323546884618358455e-01
1.372755181977620420e-01
7.999918432047035954e-02
2.965619568949999785e-01
2.320979717578288415e-01
1.641924906087674774e-01
1.437642172683410435e-01
1.563640439453952147e-01
2.495539503846351814e-01
1.544011610426935244e-01
1.468446040076969439e-01
1.600972315974644733e-01
2.001590505125799557e-01
3.069409638330170553e-01
1.676416426524092729e-01
1.163051011859597139e-01
2.142711986458764040e-01
1.811398892254678372e-01
1.328995710710575984e-01
3.482589374659851855e-01
2.321138417865228065e-01
2.388251395205243655e-01
2.051971391552538659e-01
1.731013467436105513e-01
2.455274124261905000e-01
2.898118209323332084e-01
2.340531180044789494e-01
1.751048260091941366e-01
2.617558770169767790e-01
2.669271532708934469e-01
3.246790575478041840e-01
3.101971359385655713e-01
1.033768638625704450e-01
5.114942625926940240e-02
2.821741578403768047e-01
2.986796208550853704e-01
1.508919371655256247e-01
1.410975391521513966e-01
3.299855163291627314e-01
2.511315652512691177e-01
1.470417575517750930e-01
2.389468207831206281e-01
2.467114638985923036e-01
1.394555586468330388e-01
2.371868310546674796e-01
2.498732577979727587e-01
1.413781964544572056e-01
2.752269938685740214e-01
3.333650550406788149e-01
2.262029163098911722e-01
3.264153597591745171e-01
2.188643765504353911e-01
1.261316718503469880e-01
2.335062202980447699e-01
1.275574334942126686e-01
1.605965141836504517e-01
2.044415968666005445e-01
9.914860759726751294e-02
2.425734464350498554e-01
1.436029523724486057e-01
3.134738453087049237e-01
1.005028605292767468e-01
1.304975806391575344e-01
1.600115800951034672e-01
2.480435978411215658e-01
1.424513607676126115e-01
1.982185680732868605e-01
2.193882066661774766e-01
1.664377622484524699e-01
1.248589873637378500e-01
2.207417461275844872e-01
2.585677367234823221e-01
1.599708298896381775e-01
1.814015171479166910e-01
1.754596351327467330e-01
3.421147902063508828e-01
1.628160341187961380e-01
1.496080950655316599e-01
2.502536571309751379e-01
1.972647462730303392e-01
7.465802119780590163e-02
1.722592731452140258e-01
1.982735876248235551e-01
2.426609608208302182e-01
7.596262642187673331e-02
8.227729708819926657e-02
2.953687466193474775e-01
2.032680545138382533e-01
1.805450611719821297e-01
2.067149948494804990e-01
1.423542731145982509e-01
3.363259704594835919e-01
9.380072538509645619e-02
2.569454716939266192e-01
3.332079414053430999e-01
3.279133736783731989e-01
7.990484035228118120e-02
1.534252281048076039e-01
2.919596614426149261e-01
9.117598368273387155e-02
2.114360978009022229e-01
1.080408470994390358e-01
1.458555459947855626e-01
3.204852004036843893e-01
1.225292027813385393e-01
1.639933969422097404e-01
3.448015639809253741e-01
1.185050908401679426e-01
2.868058196683554439e-01
1.946489131020396890e-01
7.554434033763979262e-02
2.538761132805449350e-01
2.453185812851412517e-01
2.961485803265074823e-01
3.148706093804450323e-01
1.089103185143899949e-01
1.455989706286467122e-01
3.240197629073061081e-01
2.049910729588360903e-01
9.942054540392256112e-02
9.931533197187325523e-02
1.321576239259130148e-01
1.210348136974052080e-01
1.417741464389883910e-01
1.464952047860762774e-01
1.643586759827522503e-01
1.933003038713678734e-01
2.657270819118588423e-01
2.820099302368022642e-01
1.626837563313317525e-01
1.534388148970259047e-01
1.317574814056147736e-01
3.133518341384624040e-01
3.305313123241406803e-01
3.081097335160797868e-01
2.123277591857358759e-01
1.395494450947570853e-01
1.561530668399544186e-01
1.942673031687303098e-01
3.254496967501873672e-01
1.518288640891196362e-01
1.579857381145083617e-01
1.734034255210843423e-01
1.205091500174967495e-01
1.122278848242459076e-01
1.643968621198146074e-01
1.286998489033988058e-01
2.009769660747579290e-01
3.070865941462129212e-01
3.048554852705008256e-01
5.059226052031845630e-04
1.866708029312736383e-01
2.643238339907533208e-01
2.691732747125870628e-01
2.505425317471501323e-01
3.097934097753801685e-01
3.434931352187170495e-01
1.303274134498024761e-01
2.101217928079804065e-01
1.296075419821860475e-01
1.311162429647945438e-01
1.576534015547804701e-01
3.316294441760385125e-01
9.963276013657323960e-02
2.242859420812899907e-01
2.944679359853821787e-01
1.218731440298344709e-01
1.969814216592732092e-01
1.178727403510467786e-01
3.237961669628690586e-01
1.804475840734126868e-01
1.160985130758336731e-01
3.503255242748040121e-01
1.587941720436327753e-01
1.237131287870641833e-01
1.748782343690696572e-01
2.268563846002642215e-01
3.896627253882507283e-06
1.338271701690593452e-01
2.025555479054681751e-01
2.503742466983631676e-01
2.916930580401927986e-01
1.565549419853063118e-01
2.542928109646392376e-01
2.937554230960103263e-01
2.379585817922253987e-01
2.186780899288549851e-01
1.249385755233900080e-01
1.721003040375937432e-01
2.317918129263178417e-01
2.613216805404799947e-01
2.220544232941885077e-01
2.684438415696515645e-01
1.623021113819576589e-01
1.410436174235482065e-01
1.063322823261317329e-01
2.909059864411476792e-01
1.475694734632881366e-01
2.022910251122217451e-01
1.035235855461874022e-01
1.045132085142314177e-01
1.454672354933757294e-01
1.554629560228184826e-01
1.955297589145996440e-01
3.311422241479710094e-01
1.862709179891496869e-01
1.323575472539370024e-01
1.477832947069686598e-01
2.948787308203457691e-01
1.694527318522094650e-01
1.684664110795045244e-01
3.144748919644504981e-01
1.420170969063452859e-01
1.322383006603458366e-01
1.775576260504228010e-01
2.075543880345360193e-01
7.816056344622310248e-02
2.034282821194662860e-01
2.305391254227368847e-01
1.817379499700371714e-01
2.816646029150870478e-01
2.866623390541119254e-01
2.911036247819916434e-01
2.914363388945943600e-01
2.215508770413399664e-01
8.052094469117922204e-02
3.475378517895049146e-01
1.813710350494466550e-01
2.876603354499900900e-01
1.593827616409162762e-01
1.793662065054035804e-01
3.089717386841495106e-01
2.553280720457362651e-01
3.335991689741978905e-01
1.234835633579313696e-01
1.497593067293522540e-01
1.076264909566500422e-01
2.009417303896350593e-01
1.552193264942362816e-01
2.982739923937861581e-01
2.230694986975665373e-01
1.509545566788770554e-01
1.820525965453176354e-01
3.148124892803199626e-01
2.678315986596984111e-01
2.270881646787313302e-01
2.213719970199414522e-01
2.690018920414228298e-01
1.354912448612603793e-01
1.371533385727636556e-01
1.376461724710179302e-01
1.456779033337296247e-01
9.307870740476135996e-02
1.992467130030413092e-01
3.272243883739344716e-01
2.611169902564476342e-01
1.928169592988838721e-01
1.450416908489897405e-01
1.907435034977857935e-01
3.236924429162055805e-01
3.168288286104366525e-01
1.362829620215679494e-01
1.725950018953009424e-01
1.892018974070003579e-01
1.901121379866523020e-01
1.335454641719160951e-01
3.164903771724241199e-01
2.424300406357820792e-01
7.335324811283783913e-03
7.890148716197589729e-02
1.345581500485461823e-01
8.060586233309346982e-02
1.187681215617708702e-01
5.401107815695051044e-03
1.139022694827349080e-01
1.526642605604761060e-01
1.910496049702154753e-01
2.692760046389610640e-01
2.811514748370192440e-01
1.426243294068461342e-01
1.576264476887304644e-01
3.490916154533369453e-01
2.074567608806344721e-01
3.335916286996168933e-01
1.044444864293657960e-01
3.268012001872473427e-01
2.868434325579506394e-01
2.324801507898578423e-01
3.030256370989147241e-01
1.401919170245174706e-01
8.826984121863475086e-02
2.826543091101381688e-01
1.122033474223948918e-01
2.560231803465776723e-01
1.653343445042634585e-01
3.005565372834275717e-01
1.896059342298672401e-01
9.623951590413598600e-02
3.398983690410296021e-01
1.671495605404397233e-01
1.398954748909717882e-01
2.942240696454153648e-01
3.205258119964976560e-01
1.283823297119657258e-01
2.305232169369955675e-01
2.812850185464021990e-01
2.766831776993560754e-01
5.752027314672558678e-03
2.851803564133083557e-01
3.207595637857641457e-01
2.704790600376786869e-01
2.052498896947925755e-01
4.380414461708336676e-02
9.792793668355548320e-02
2.053593174089572426e-01
1.088425350558020616e-01
1.046472009389991659e-01
1.715933110390153171e-01
1.923163859584596791e-01
1.201411678660350979e-01
1.330933604035673956e-01
2.425154497262601572e-01
1.462997110279087576e-01
2.605248743025380675e-01
2.713191939260889418e-01
1.199334157767254772e-01
1.965424351987720142e-01
2.654704733585260268e-01
2.080223731093822637e-01
1.335315422371596006e-01
3.279254099377932885e-01
1.726985048054082705e-01
1.480506746417816766e-01
1.542560794877182451e-01
2.500071671658481431e-01
2.179800307700777151e-01
2.681954131040560352e-01
2.319559879723476770e-01
1.538438977372321159e-01
1.154538584546681707e-01
1.227047607443519928e-01
1.841966596740952367e-01
2.595196346253221265e-01
3.055213147943039997e-01
3.197966809243776853e-01
1.760287429809008486e-01
2.759461043832858174e-01
2.296150499450657079e-01
1.116017395721462385e-01
1.662603720933163998e-01
2.781285901323547471e-01
2.132129121930440852e-01
2.147293073662223106e-01
1.780629619397670060e-01
1.475184626825172540e-01
1.931738023857620667e-01
1.510763220095415749e-01
3.403344012619446413e-01
1.165296557197489091e-01
3.053265621413638886e-01
2.952053510750853316e-01
1.463865349044734809e-01
2.800869427264591760e-01
3.027845906294969747e-01
6.929296903284766496e-02
2.059357884781682080e-01
9.924189431423601632e-03
1.383040944895204682e-01
1.176956519458109141e-01
8.272464214680078087e-02
3.427512791444267681e-01
3.354691670828855443e-01
2.380138135779893138e-01
3.090587783150552936e-01
1.194194664902198250e-01
1.200243833030505136e-01
2.108617272481951577e-01
3.028336352501282969e-01
1.447076590462662848e-01
2.829315527542098502e-02
2.525932971771224778e-01
1.643749091226013592e-01
2.884543506301858740e-01
1.414980726936973798e-01
1.373785663662048240e-01
1.540784419418095852e-01
3.472196554981740735e-01
1.660095148668904730e-01
1.566228803341043752e-01
2.293086745892926326e-01
3.122433930483880515e-01
2.244947414333217650e-01
1.760249208702828472e-01
2.506658086800255814e-01
3.330912777985999274e-01
1.322255511276929918e-01
2.032860891190402253e-01
1.636323468002203463e-01
1.602222188542841430e-01
1.588893880925545399e-01
3.186403042198742708e-01
1.525878147067815105e-01
3.341726787120578579e-01
1.181954856239981894e-01
2.972251144518369692e-01
2.167855909100139533e-01
2.308344802226698633e-01
1.222507637183822410e-01
1.665578085932724051e-01
1.979011795275541497e-01
1.445228450862217628e-01
1.353956469270325425e-01
3.126122436645006886e-01
1.915576107665813710e-01
1.430599233341720289e-01
1.383448703648451628e-01
1.433582906428046977e-01
2.773247977218029625e-01
2.457061542494924922e-01
2.755201009369415699e-01
3.074695727584434990e-01
2.653094882272351018e-01
1.731335110834984758e-01
2.829779580507086334e-01
1.464963037567584836e-01
2.236390591733207200e-01
1.572508916784635391e-01
1.987825424515434480e-01
8.083400984563646197e-02
1.363473784947922818e-01
3.382385635158418058e-01
3.072224850247215477e-01
1.062870037214455471e-01
2.850473710564027652e-01
2.319283630944622421e-01
1.165360100557239487e-01
2.523768115928312072e-01
3.374455254045602426e-01
3.344679938815466325e-01
1.392102312191151881e-01
2.063560658644816581e-01
2.944782656865345682e-01
3.502453747675678408e-01
1.386814724347567584e-01
3.047161178770972922e-01
1.031481081685862861e-01
1.761743653482284178e-01
3.303134200460418612e-01
1.399084781669225619e-01
2.407049114486042585e-01
2.904927026529146028e-01
2.613040368327568808e-01
2.440340205516212946e-01
3.069331850158532049e-01
1.165459697199310446e-01
8.206361255512950766e-04
6.963847318912756712e-02
8.469180686482172260e-02
2.345423583998638428e-01
2.169408613246603945e-01
1.420116588607042984e-01
3.457131523319133537e-01
3.043919502593798176e-01
3.239782682163655503e-01
2.633386501695081372e-01
1.235270349669528173e-01
1.524082416762354009e-01
1.930580933663388621e-01
1.225731311823077402e-01
2.078463066364500123e-01
