2.416975087400989597e-01
1.258039141945187789e-01
1.935369122636318162e-01
1.481142881596498873e-01
2.234270502901747162e-03
2.508387714777431943e-01
2.069153394956836090e-01
2.008864949185274196e-01
1.925207220713023859e-01
2.359666728343664532e-01
2.348398426865961897e-01
1.851686466764477512e-01
1.775661148159154434e-01
1.077575457628012490e-01
1.839177833832844056e-01
2.734196646384528528e-01
6.352029704917327990e-02
1.909588309126188099e-01
2.068284788048405654e-01
1.438940726198455200e-01
1.820452576886453788e-01
1.218680569413612413e-01
6.430030589711543954e-02
1.419298954912385780e-01
2.801652358019782185e-01
1.296728864723585284e-01
2.466435008411703989e-01
2.768761198180207384e-01
2.047946042771200403e-01
1.443270758593660219e-01
2.277800981904266886e-01
2.673537314843633661e-01
1.681648255439430473e-01
9.807587360170202939e-02
1.883605492211777588e-01
6.708059555928279696e-03
1.500424589940947406e-01
8.036246693694171217e-02
1.526038641923809502e-01
2.187761154596074287e-01
2.135317566422034741e-01
2.778324676967049434e-01
2.307330589810842880e-01
1.895521332224555655e-01
1.862710943357001603e-01
2.509508521536475967e-01
1.349867470109760714e-01
2.033745788632105589e-01
9.217714617455885495e-02
8.906265769308925606e-02
2.205551830924870060e-01
2.498556973160460937e-01
1.751703051116630661e-01
8.901891756990520932e-03
9.474566681107635113e-02
1.114899070020797661e-01
2.591840595525243263e-01
1.796458228466003837e-01
2.329931906911825445e-01
1.720683346916467016e-01
1.727928545657927972e-01
1.853591981262888988e-01
2.101647637828522319e-01
1.796756627322269595e-01
2.586411152199842300e-01
1.015239413526189960e-01
1.089870279678750026e-01
7.886857179589785993e-02
1.698636458774701319e-01
2.213821895188148037e-01
2.452491801876454380e-01
4.340317555256712617e-02
2.486206239058997292e-01
2.394084011679482316e-01
1.088507663404161135e-01
7.482426445021992702e-03
1.100555398658752404e-01
8.124698654094332506e-02
2.423736987251135511e-01
1.740528092827570150e-01
9.454600203441940187e-02
2.240617937890042322e-01
1.155912954799472557e-02
1.846497086030701451e-01
1.516253194225246070e-01
1.915222822101357303e-01
9.961564954396268101e-02
1.499904196073715279e-01
2.311545137717610776e-01
2.419253986199911555e-01
2.667851921922287928e-01
9.025486624124745560e-02
1.723092794809679140e-01
9.644966216703003414e-02
6.711719725497011790e-02
8.931825862697223561e-02
1.391418678251329089e-01
1.095917543036469405e-01
1.293267448215963122e-01
1.321403267733892162e-01
1.360009287418560975e-01
1.150890758324902563e-01
1.224330117286217823e-01
2.769609313567787945e-01
1.801716029874420311e-01
1.778315507335442025e-01
1.447471763159093039e-01
1.759367606745198542e-01
2.254051956221936326e-01
1.200691069602765476e-01
2.412723410614431852e-01
2.203311303204517901e-01
2.592473526298434972e-01
1.777501430129337923e-01
1.125477510516046525e-01
2.578266480435176256e-01
2.500260078178259127e-01
2.220556910449989485e-01
2.350621011280134565e-01
2.607130409729387921e-01
2.063204017444138505e-01
2.036066939191754355e-01
2.255180266697725255e-01
2.728726011771852589e-01
2.016966155653249215e-01
1.863016058567691091e-01
7.171666773924696703e-02
2.678610726705162870e-01
8.483558695312820586e-02
1.566818916749338486e-01
2.126706849809331945e-01
1.837231292737747934e-01
1.369040724072908555e-01
1.561172133058006950e-01
1.209865937244964523e-01
2.320262130998693995e-01
2.861795123677397107e-02
1.581511134518334138e-01
2.599288791502559759e-01
2.147747131396040010e-01
1.578857886642622554e-01
2.316215770242745220e-01
1.215372514778629010e-01
1.561802800112289669e-01
1.370011942858074816e-01
2.600773316254909595e-01
1.811309917047874141e-01
1.550675436930428197e-01
1.931680506756157656e-01
1.728309607465382536e-01
2.340156178795695791e-02
1.607309298378580276e-01
2.813394787561026011e-01
1.248494366035827335e-01
2.132775831946437384e-01
2.531728868239283003e-01
1.331065043019212801e-01
8.088242515903712915e-05
1.096679793456884905e-01
1.837791190855451728e-01
1.706560127194166887e-01
1.392256620879645801e-01
2.326101669882162937e-01
1.508857763164773158e-01
2.662081798621085404e-01
2.722470820530563107e-01
1.560328030543358946e-01
2.095109858419438031e-01
2.190007220310706826e-01
1.571159938811435008e-01
6.936480349001225565e-02
9.737078679029975703e-02
1.082381592379157709e-01
2.327033782916426013e-02
1.100554432698178237e-01
1.628384863903664104e-01
7.776184026282499662e-02
1.747734159564729162e-01
1.556499951876860743e-01
1.847133400435254924e-01
1.241850186704949177e-01
1.670626240208036017e-01
1.438070469177700761e-01
4.853348780850695598e-02
1.806433858781726909e-01
2.077123678209194801e-01
1.631194628709276562e-01
1.258465159975506176e-01
2.418023940015076589e-01
2.687783546609934793e-01
1.042429297058953125e-01
2.665364781615580103e-01
1.198290809288109771e-01
6.700400720384133701e-02
1.430053761874355844e-01
1.866054023866967337e-01
1.028270580026216241e-01
7.686392740103319132e-02
1.895555285604394735e-01
1.798961777940173146e-01
1.084237784941259608e-01
2.408531760580419900e-01
2.538054639293789161e-01
1.536754701084932506e-01
9.881607504172373879e-02
2.678518016746046504e-01
2.330818666597450628e-01
1.946598684651329458e-01
8.657418359070806479e-02
2.660162421424471790e-01
1.055904817796664702e-01
5.510238286171486449e-02
1.527431834487021356e-01
1.207805915129444574e-01
1.832858182234015920e-01
2.255182292860632154e-01
2.019336394855295869e-01
2.252890392811225384e-01
1.453382628032417190e-01
1.649333966456979217e-01
1.271926504807322222e-01
2.798369465810899848e-01
2.318524180024738035e-01
2.153133322742002698e-01
1.979309003082100338e-01
9.572058951575064534e-02
2.106505029106829352e-01
2.875040969334497626e-02
1.132340785552776730e-01
2.383280777886282453e-01
2.136108570990236100e-01
2.466541515686647423e-01
1.122085645767541828e-01
1.185912949042363523e-01
2.456722356902885929e-01
7.920073461738758036e-02
8.066099382979138865e-02
1.908442024083613908e-01
1.953345390548857641e-01
2.382407927158390615e-01
1.821896882897778847e-01
1.587150551423948397e-01
1.844857545560725232e-01
1.811963638643722951e-01
1.925541859914917109e-01
2.083657904849026965e-01
7.103445925748212708e-02
2.677994651945766469e-01
1.744395672055716884e-01
2.076216037341658549e-01
2.351992508285268846e-01
1.309572162072898671e-01
2.665463151453731916e-01
2.324718096176342508e-01
1.813299217926435669e-01
1.439093576153321341e-01
2.485811574660674594e-01
2.199914809115073311e-01
1.169026369052623138e-01
2.577076414586466080e-01
1.995559137525972082e-01
2.665528761870962771e-01
9.238721709763263179e-02
1.886234666523199099e-01
2.417838609369190594e-01
1.521836650398833701e-01
2.018449758799461258e-01
1.234310558224714777e-01
1.907210089397955721e-01
2.471044087273546741e-01
1.323268795212474980e-01
1.338258962040043687e-01
9.903464014506739577e-02
2.343767154054349766e-01
3.906803706353625255e-02
1.193066056377696804e-01
2.251508474564448414e-01
2.511174645063739552e-01
1.260833216877186858e-01
2.088369887101887701e-01
1.145778127666145785e-01
1.072586827084630878e-01
1.193620269374959381e-01
1.634092041358251425e-03
2.150887861451220295e-01
1.234145902476829482e-01
1.640817264592468461e-01
2.256818811964749483e-01
1.353794606988555915e-01
9.918482429949591894e-02
1.480638461078661872e-01
2.423961524651594701e-01
1.229370597694207229e-01
1.709749533323667581e-01
2.822976966421150147e-01
1.870392719681386040e-01
1.086953820020673256e-01
1.778367571397152236e-01
1.170738481513686757e-01
2.613638968322777312e-01
3.023526306294567478e-02
1.310878097124451025e-01
2.243487594676602526e-01
2.304198026825663992e-01
1.135710209304648804e-01
1.726444079314590208e-01
9.629581977897214151e-02
2.220291624869384639e-01
2.425194533898186178e-01
1.449359030918646318e-01
9.748161009091683982e-02
2.164782640145273829e-01
6.431523850276608945e-02
2.715628766425765006e-01
2.811313646802152122e-01
1.263601180953788095e-01
2.410858664421414721e-01
1.795967330505736370e-01
2.600696606221143403e-01
1.557748516288731400e-01
1.876817918437443666e-01
2.074495294190185080e-01
1.963575693017863555e-01
1.606191553865279065e-01
1.105806075436307628e-01
2.388462255823439462e-01
1.451726275348588224e-01
2.160512296219468942e-01
2.232425495234355572e-01
1.943086295381495354e-01
1.619033866031288627e-01
1.062255025940192499e-01
2.021904703927245028e-01
2.605214664206847996e-01
1.520729884986645186e-01
2.319019413360812742e-01
1.710231563451325709e-01
1.617418975137036030e-01
1.284824914874513058e-01
1.725170552855407047e-01
5.898675291511390473e-02
2.070523443950619547e-01
1.904084567408692585e-01
2.298982587884281226e-01
1.972387733630034390e-01
2.332416684888091729e-01
1.750904376409518626e-01
2.162038962333874825e-01
1.003839776569598469e-01
2.430132106967010375e-01
1.694875254875712611e-01
1.071981412402895073e-01
2.415826825315391946e-01
2.409732784167739617e-01
2.153627114396843567e-01
2.718069412510931704e-01
2.325990867810603657e-01
5.801120672832804637e-02
8.928769199436925597e-02
1.827712758778854973e-01
1.170133119010244999e-01
1.683936016412758696e-01
9.169795063927252410e-02
1.454834943175198070e-01
8.690107054662213337e-02
1.349208214581862075e-01
1.268902177638784601e-01
2.313242718420487620e-01
1.880910666040522539e-01
1.599546911496258217e-01
1.091835371139611433e-01
9.202194356308819601e-02
1.752566811799322055e-01
1.143623526452814954e-01
9.910758483837982247e-02
2.097770767038050488e-01
1.364203446690172017e-01
2.619992163914471872e-01
2.030036159905835857e-01
2.427386931683122029e-01
6.599917623328972749e-02
1.589218607672911177e-01
1.843540396484548427e-01
1.109268557250105147e-01
1.601064957856518645e-01
1.974076426256387295e-01
2.166143579575939004e-01
1.525510503163771125e-01
1.716441107498261620e-01
2.075152525964668870e-01
1.768445102793141099e-01
1.074078249768339322e-01
7.964387322174316941e-02
1.408533231105950911e-01
1.622841446890015416e-01
2.314043341838847023e-01
2.156934978238263523e-01
6.804776705451921759e-02
1.906590828353056932e-01
2.768337220198211490e-01
1.906470324022413732e-01
1.401710608320020646e-01
1.127691422556587747e-01
1.050712765713988778e-01
1.295131156857238230e-01
2.564379691945670170e-01
1.639653682490168907e-01
1.048719529094000874e-01
2.610927278097774917e-01
2.427584403648086475e-01
2.784283083165985939e-01
7.909985371893619999e-02
2.027464571248983050e-01
1.722905303846724023e-01
2.322820817604931976e-01
1.420502971569324868e-01
2.089264751658496955e-01
1.790664399967349385e-01
4.852337319893083867e-02
1.067363586763554750e-01
2.102906622239104906e-01
3.077477328929589199e-05
2.288614145974710579e-01
8.849163179190791539e-02
2.172043471372723245e-01
2.628424569187107762e-01
9.995669222400896392e-02
7.626372228013510168e-02
2.410732308105908439e-01
1.183646115909038066e-01
2.262313660826773820e-01
1.884522259085221751e-01
1.085716770122251151e-01
9.352162459478438605e-02
1.935118903626279474e-01
1.256127746368457809e-01
2.620092410840864083e-01
1.929433611432155304e-01
1.991557089114418810e-01
2.762204288305202260e-01
3.638261313456366691e-02
6.688104138559865242e-02
8.278479007532030254e-02
2.598905015655860740e-01
2.510107006516736905e-01
2.632161794684099651e-02
1.112749539622853445e-01
1.777095733157736668e-01
1.432794468975092661e-01
1.717115228633148971e-01
1.207831350931278386e-01
1.245987168680057350e-01
2.193605912640130828e-01
2.029440935370163956e-01
1.707368863137623261e-01
2.222862166461720967e-01
1.641242459388250197e-01
1.163788717270168582e-01
1.604288228604582589e-01
9.758082225188574599e-02
2.198163361171109054e-01
1.481775581089146698e-01
1.700158302126392185e-01
2.723427415199649038e-01
2.227277766554449090e-01
6.306956869145301237e-02
1.552871999431678640e-01
2.306912222527957856e-01
1.567115586735832178e-01
1.994830506079268984e-01
1.979946785860709491e-01
1.711803315790545732e-02
1.873970313245676145e-01
2.466268079623589460e-01
2.241082224799627320e-01
9.532245120877476385e-02
6.581320589534449565e-04
8.352569698490902583e-02
2.377742697932331839e-01
1.027520836918458802e-01
1.719031040280518119e-01
2.254416594646765359e-01
1.775078913126760249e-01
1.543028667535350507e-01
1.938794414611005323e-01
1.632740405138337347e-01
1.329015033747925900e-01
2.566041297867838189e-01
2.694241389455470093e-01
1.792320398200960008e-01
2.028260394982839832e-01
1.567096878950638150e-01
2.256694916804793394e-01
2.731134189642099863e-01
1.459828980395569409e-01
1.197937449351709482e-01
2.925369406597111976e-01
7.012776403129571037e-04
2.818155572785853158e-01
2.152111972598432510e-01
2.040714107679479083e-01
2.343221637892080045e-01
2.392228939359252737e-01
2.278781514847278422e-01
5.384899495081905962e-02
2.276120869796868784e-01
1.867514056630084907e-01
2.540300405334209310e-01
1.721306576853472436e-01
2.048664231531764635e-01
2.769343044072297144e-01
1.224860333679465563e-01
2.569615837704279371e-01
1.478584237678517155e-01
9.459610327361374360e-02
1.329279581604423666e-01
2.266632550617030950e-01
1.302605423362376558e-01
2.503781365631325695e-01
9.085668469604274433e-02
2.470969740072704313e-01
2.758943945030666312e-01
1.137774459386612230e-01
2.245557080811836637e-01
2.623555889942827957e-01
1.689890633000277753e-01
1.145832336860414663e-01
1.141293157567459526e-01
2.192714230669960407e-01
1.855528200490902946e-01
1.935455981716665830e-01
1.368154495402914006e-01
7.657032767397642381e-02
1.122599809842851487e-01
1.406788998993125928e-01
2.379751066523851100e-01
2.268687071567622449e-01
2.069217502330830405e-01
1.979515756509993840e-01
2.284219798095883935e-01
1.233337748101945019e-01
6.103460072940267156e-02
1.530926315153740003e-01
9.956098669064902817e-02
1.559135996112762657e-01
1.662341767364830247e-01
8.665896838490343146e-02
8.170788021530417389e-02
2.410575225190236814e-01
2.146281322383239432e-01
2.210330785769065443e-01
1.277499559264557438e-01
2.615242785957072047e-01
1.494624011312546963e-01
1.848742942039540704e-01
2.142987838890457186e-01
1.098370361064137379e-01
2.338531014578346112e-01
2.293857165038529766e-01
2.514761403801401562e-01
1.726254050324058653e-01
1.487860936288975811e-01
2.303790659301744592e-01
1.828239375644523379e-01
1.864029214564611181e-01
1.129786716811996411e-01
2.367703125215467330e-01
1.510602242400404804e-01
2.327178738152380633e-01
2.519037883066175265e-01
8.398423198695914582e-02
1.195818868180749950e-01
1.830129009647544769e-01
2.339544172709724923e-01
1.773749894349020695e-01
3.513482563048368063e-02
1.516738639508609099e-01
1.914613638191127454e-01
2.004788324728948579e-01
1.887691775628615731e-01
2.825784790568272031e-01
2.498524964272613447e-01
8.753875216469887699e-02
2.754958542187156967e-01
2.065183778267566661e-01
2.349597424156143199e-01
2.151297145670137134e-01
2.162918861616283106e-01
2.816142363253505421e-01
2.341719672292634780e-01
1.048018842182270316e-02
2.437875199380741265e-01
2.634678340986633116e-01
2.194017017484626575e-01
1.907228551666925453e-01
1.807844187239613376e-01
3.799146877561061786e-02
1.229269469419997096e-01
3.336276269365233416e-02
2.618169658151611179e-01
1.753218316048901493e-01
2.074472074652516651e-01
1.859690739210447530e-01
2.145661347234302796e-01
2.391037734187031472e-01
3.724968538228243947e-02
2.678806902942669210e-01
1.461820859266560746e-01
2.823467638150345960e-01
2.412623126767942383e-01
8.373832355328786337e-02
1.622053974463193993e-01
1.458481461237792418e-02
2.302188572968985047e-01
2.576031042784728275e-01
1.972076752977262037e-01
1.738174454574047678e-01
1.406797517104575734e-01
2.426520760419952627e-01
2.200496959557551868e-01
1.438811658201057109e-01
2.163446564182638365e-01
2.022837525249233659e-01
2.790395141584984806e-01
2.056203753902347553e-01
2.285149416147308765e-01
2.630785540162994818e-01
2.458490019036348451e-01
1.783164710480093507e-01
1.123151418738228824e-01
1.010639961373358681e-01
9.017699814014924764e-02
1.113826700670103170e-01
2.481430797582746817e-01
9.770428415633368446e-02
1.332249999394298778e-01
2.282553333823914010e-01
9.970483786002676263e-02
1.322292223012091865e-02
6.643807153413579247e-02
3.262017836622065764e-02
7.191405682707522349e-04
1.272594623582024576e-01
2.163396873939981979e-01
2.471242889692360500e-01
6.111157816181921748e-02
1.764463543937086487e-01
1.099787954105723581e-01
2.662308757277512261e-01
1.802383230606515452e-01
2.198652418704504230e-01
2.737224169963063392e-01
2.155800262605546413e-01
1.509609520493547241e-01
2.501746808355667651e-01
1.988854906115836430e-01
9.642285605008989180e-02
8.377951258900728781e-02
1.617843111266917822e-01
2.280236706797285906e-01
1.446936801672553674e-01
2.291317358973613272e-01
1.895556825959446579e-01
2.461050796354266879e-01
1.738472634202582190e-01
1.961753449491469570e-01
2.054985702325788366e-01
2.308477664517178396e-01
2.586466339912607548e-01
2.313045673403968383e-01
1.721196251585674075e-01
2.331071476801080677e-01
2.525810932923528984e-01
1.464129646964992815e-01
8.756891015737454376e-02
2.581657920984905541e-01
2.360182359366895799e-01
1.901565575677084674e-01
2.044976961367144241e-01
1.693193582483754067e-01
7.438394528426239827e-02
1.215144685906902194e-01
8.807726258344469872e-02
1.055467210697205033e-01
1.259769539356931090e-01
1.579398558119980700e-01
2.422313768057149930e-01
2.037819582482398584e-01
2.741853080037007784e-01
2.511868695259044104e-01
8.654213902413951387e-02
1.737396686112048227e-01
1.001301749768404442e-01
6.418706289569210688e-02
1.818871733150389247e-01
4.056084907489532036e-04
1.103837217478695690e-02
2.694404315859479926e-01
1.736556408452636091e-01
2.726920115538847833e-01
1.161646428606539772e-01
2.120438414257051762e-01
1.793877404744724235e-01
2.401697747161957719e-01
2.005617260625444931e-01
2.742883609950675372e-01
1.132021702060697355e-01
1.916506009403220745e-01
2.320796947648144370e-01
1.630517111638024319e-01
2.646366600255607437e-01
1.955009874199858111e-01
1.824433028857951611e-01
2.339924178164023427e-01
1.191236207847058554e-01
2.767936348247837519e-01
2.160828466766248346e-01
9.075640315238217570e-02
1.006301798796337549e-01
1.675564727701953915e-01
1.544185244940278479e-01
2.629874896840992404e-01
1.289122294935590995e-01
1.934822625055040157e-01
2.376558012715504487e-01
1.853930616151164279e-01
1.952495858414829977e-01
2.287360433622799838e-01
2.400940544810861721e-01
2.000033498907833329e-01
2.536218727935770634e-01
7.124416322065871277e-02
2.522140520250214513e-01
1.827058064344292965e-01
2.037696262049624729e-01
7.835750887603064319e-02
1.741451435370087730e-01
1.200226705487434237e-01
2.489939243157022752e-01
2.681251858928271892e-01
8.688142572661894381e-02
2.698447794859578641e-01
2.485734264856325482e-01
1.963247819815915063e-01
1.733825171499530082e-01
2.574840010780429789e-01
9.564619420840934916e-02
2.402645890410930185e-01
1.403684666428672567e-01
1.242680587341699894e-01
2.587515679127060098e-02
5.905473895781419846e-02
1.229400647495816623e-01
2.250193588766171982e-01
2.309388679850083725e-01
1.068255338754924011e-01
6.625711452871339835e-02
1.920323949485663872e-01
2.689818928658992969e-01
2.084344346726760000e-01
1.750083229467004342e-01
1.231708399804084947e-01
1.566225002539937128e-01
1.482927723156777788e-01
2.393767640271881290e-03
2.643177485074988398e-01
1.979132455463470108e-01
2.120716123269966169e-01
8.813760534222965515e-02
2.159861218409357131e-01
1.625896858405941336e-01
2.115252683645161558e-01
2.288322166579540295e-01
2.797975445763539737e-01
6.730399980695757345e-02
2.240806159029195832e-01
1.085552790518141547e-01
2.413994264696772973e-01
2.237123985086689471e-01
1.965381629981633183e-01
1.842646926408765817e-01
1.885422442841949431e-01
1.733248162470173159e-01
8.042921420107221331e-03
2.370250123281981980e-01
1.225245756050877960e-01
1.512491283045035440e-01
1.549921738216565592e-01
6.246701002034692196e-02
2.223253507415363650e-01
2.136562099950060356e-01
1.830700446441430318e-01
2.524103323485519246e-01
1.906353178641130297e-01
2.089048641951756213e-01
2.149629041455442258e-01
1.988124581322381623e-01
1.931505814583246439e-01
2.405355400307592761e-01
1.540104333407615322e-01
2.327831039083159692e-01
2.224336101595318360e-01
1.828981448091787365e-01
1.438345059761522438e-01
1.141394222822338517e-01
2.228862601181785807e-01
2.236504044627334598e-01
1.298189322826436010e-01
7.102169055994861369e-02
1.071133455239436094e-01
1.177484537511921669e-01
4.357204536649239568e-02
2.344646072742891663e-01
2.044144565964848004e-01
9.415351467257916662e-02
2.129270895207673875e-01
2.273402157364568521e-01
1.627185389781232172e-01
1.700299376605496349e-01
2.456813127374114780e-01
2.453906441849575681e-01
5.252221843815335807e-03
1.088003930782258516e-01
4.768201080856128427e-02
2.284484996352911801e-01
2.614441942791202733e-02
2.097008193902292206e-01
1.379897998176845275e-01
1.078336423339411043e-01
2.663069945807636785e-01
2.253683063571484957e-01
1.866310832403380027e-01
2.459039067979169046e-01
9.685637556903282930e-02
2.553608921297304546e-01
1.548276447778337839e-01
1.259632046278425788e-01
2.541545802742105620e-01
1.163302050508670804e-01
1.694261320719453734e-01
1.347163007267589419e-01
2.138054031995128001e-01
1.771047759525058440e-01
2.604666010760247619e-01
1.854468318899085699e-01
2.304062674434146363e-01
1.824949793169580170e-01
2.671033708029196818e-01
1.753019011527966187e-01
1.659515214311893250e-01
1.839538589925145684e-01
1.525266263608600625e-01
2.500197671044204206e-01
1.971758463612625079e-01
1.860235526084062507e-01
2.548130300608028032e-01
1.867255894471203104e-01
1.503519903077117637e-01
2.321122471477569393e-01
2.147920576576306528e-01
1.450596896120976698e-01
9.522233429097991253e-02
2.155046231040247673e-01
1.022635586708449396e-01
1.925409636535812541e-01
2.173581030930452351e-01
1.080005439001276712e-01
2.122499490549206447e-01
3.690016023930114270e-02
1.846181763491196448e-01
1.415867153620464503e-01
1.577809015557085637e-01
1.481410180687780243e-01
2.790453225536921877e-01
2.371279139001939429e-01
2.026164778017880697e-01
1.252367840396968746e-01
1.917540379234243531e-01
1.619909745626672559e-01
1.640476076747527656e-01
1.466614319913535913e-01
1.637888847213289367e-01
1.041942153201950855e-01
1.546725640452624451e-01
1.530387663303408446e-02
1.556059645062413122e-01
2.029135163002007691e-01
1.762306905210481445e-01
1.221897670559460997e-01
1.450064834123799828e-01
2.197092033176630266e-01
1.975466404055586933e-01
2.422875682589503976e-01
1.776291154197470190e-01
1.694019014287584668e-01
1.105923990106170846e-01
9.369413873476348242e-02
2.782013769446931017e-01
2.622766003071940188e-01
1.214833162129865807e-01
2.095005135068877533e-01
1.926236457336496788e-01
1.132560827652615842e-01
3.025997646252571657e-02
1.174567356331789186e-01
2.550889895179491162e-01
2.790729089830051302e-01
3.568282159687654470e-03
2.772539046277896491e-01
1.184538600664201274e-01
2.539236200378521824e-01
7.017917857672524573e-02
2.474815908340565751e-01
2.343327276126777881e-01
2.387358510036166892e-01
6.031461392146788419e-02
1.816037236285224232e-01
1.211142165592106607e-01
2.488515800147701185e-01
8.955734600199721784e-02
2.442819666323468586e-01
1.799088598404638417e-01
1.724670720347029618e-01
2.336131890802304600e-01
2.549626486554551485e-01
4.054067592874627951e-02
2.376319108332056174e-01
2.566395134500380482e-01
1.537822593906024715e-01
1.901265593821305500e-01
1.970616660487534699e-01
1.735107863664516747e-01
2.098695454563378193e-01
1.810615547738282927e-01
2.353073977532308958e-01
1.391406698809831421e-01
2.806968971086511999e-01
1.049510962394134828e-01
2.364301832250893243e-01
1.522951733933361473e-01
2.353274826587181956e-01
1.766220273402453467e-01
1.323480119337909766e-01
1.461635930594786248e-01
1.584326256740044292e-01
2.490586418152966330e-01
1.762406956923478207e-01
2.148368742762365724e-01
6.196735960154781120e-02
1.881553582786488488e-01
1.346642588287177145e-01
2.319653489947249014e-01
1.595903050229740367e-03
7.728301278715121736e-02
1.069119643462872471e-01
1.365496992428929246e-01
1.995427147940040669e-01
2.038846553016089302e-01
1.885581429280272503e-01
2.087395392347608236e-01
1.922427949469583119e-01
2.666934682235243548e-01
2.626621781145148660e-01
5.924185033457977922e-02
1.390829194321207551e-01
2.380999618409525287e-01
1.522406303891446766e-01
8.332106185103106688e-02
2.363203762118004925e-01
1.400091229031844298e-01
1.184350827173147463e-01
2.386128671822544123e-01
1.224042105160236676e-01
1.300080426214190454e-01
1.499997803744422542e-01
1.567017884208626033e-01
1.700451329898263197e-01
2.222720439530511405e-01
2.391643857216013414e-01
2.349740694086772663e-01
2.352326045618559347e-01
1.495713338501110379e-01
1.648867147922288392e-03
1.216645145202589623e-01
2.051916211349515407e-01
2.328069579370218301e-01
8.612708687302610133e-02
2.306718095784340838e-01
6.009925822717431670e-02
2.382980947484844847e-01
5.924388769002706528e-02
1.208348481353820197e-01
1.309487089602926480e-01
1.585014447602961507e-01
2.436640082060148316e-01
8.124894987672792723e-02
1.781202477300974085e-01
2.248031631349443615e-01
1.116379415366540589e-01
1.732923430160115408e-01
