3.044213003753385993e-01
1.239102429728812932e-01
2.820015089373177908e-01
9.868195529595542859e-02
3.186265322179508697e-02
1.576739209333615777e-01
2.230810742328662444e-01
2.252930419613284330e-01
2.922322316607309234e-01
2.913135860000590216e-01
1.320052634043248352e-01
3.119566392394814702e-01
1.309437101854362129e-01
7.447759183842998787e-02
3.449656483965441445e-01
1.107196272809020943e-01
2.241744153307507204e-01
1.903420776353031418e-01
2.767950082275055790e-01
2.186425458754064632e-01
7.907254639864881585e-02
3.166447810358853365e-01
1.596954024226283075e-01
1.216313956459199735e-01
2.379947687638842846e-01
3.028904022526811568e-01
1.212879546431581829e-01
3.156336606665862132e-01
3.350564273281268490e-01
2.962702300468764705e-01
2.164432221574433823e-01
8.616243395437069019e-02
1.374283701941962088e-01
2.142407331775789681e-01
9.603369657862584341e-02
2.446445490943409129e-01
1.188960705889145070e-01
2.116374002018785172e-01
1.218205702089231596e-01
2.154513856414680406e-01
3.277292672479221736e-01
1.549732863800772631e-01
1.065285858311524475e-01
1.756567256177536673e-01
2.134048956198444646e-01
2.607409887673068360e-01
9.128071686575693622e-02
1.993859576588514759e-01
1.485036987940795972e-01
1.280547162310373688e-01
3.176415480008074610e-01
2.975538702068141750e-01
2.568401876257155325e-01
2.753117234153567572e-01
1.678837066417600832e-01
3.035938822978675455e-01
2.133356660925454507e-01
2.077693565825280142e-01
1.903751048577483895e-01
1.335493438001442990e-01
9.666013145518953520e-02
1.107288959439561848e-01
1.002032920678001676e-01
1.499399440009694939e-01
2.822961767066058392e-01
1.916906950567974222e-01
1.317181234795423150e-01
1.702503116828767427e-01
1.090993243628844284e-01
2.952559728136639472e-01
1.128816717699951538e-01
3.037972477867549870e-01
2.301536894072441775e-01
1.169067175672568598e-01
3.008803725836572407e-01
1.920162361244005245e-01
2.557873814901872600e-01
2.672315114409041792e-01
1.764856377281625033e-01
7.131426856744763065e-02
2.265530448485502946e-01
9.290817557236699664e-02
1.290709615226224294e-01
1.913860915268003893e-01
2.571935654677658389e-01
1.498976304326394005e-01
1.769679083242398088e-01
7.901135194596942135e-02
1.341599617270600731e-01
3.429091282846158939e-01
2.960741227716429669e-01
1.207471906112970311e-01
2.034552886115348624e-01
2.615188776811692706e-01
1.039479121297879616e-01
2.964291703456833349e-01
3.482824821764337053e-01
2.416056685724788933e-01
2.737727930918970598e-01
2.167019800780111138e-01
3.357992669140876796e-01
3.336048245324470529e-01
3.218792034668203628e-01
1.846980226899933297e-01
3.277353951415113986e-01
2.052814673528922385e-01
2.035149150675939489e-01
2.746852903208254482e-01
2.087049297374268808e-01
3.191629896715961756e-01
1.325867586257125086e-01
2.466734300268463020e-01
1.394354616672513481e-01
2.157744581126436467e-01
1.898901168287274732e-01
1.582696577139082739e-01
2.893768875982956623e-01
1.164612745631184443e-01
3.013555875360748315e-01
1.537425226385615296e-01
1.278550465264751967e-01
1.215493230534232943e-01
1.150172998136782393e-01
2.002920591780736892e-01
9.989244526906086719e-02
1.335598303540998788e-01
1.497003200410773893e-01
3.124288615770259292e-01
2.990981886712045790e-01
1.076849591902349357e-01
5.161332737489483097e-02
6.148605218429921415e-02
2.366104079267407345e-01
3.465320202040914621e-01
2.613763923786738275e-01
2.261648412775945916e-01
2.149121158920353769e-01
3.408747112492712672e-01
1.354353135955244369e-01
2.523069470545941106e-01
2.606613951914480976e-01
1.392227014128056550e-01
2.850056923257142660e-01
1.425798196025761799e-01
2.837255628658199580e-01
1.543420675670856834e-01
1.224204969957947003e-01
1.779867610292351909e-01
1.124168254365910391e-01
2.422513057705872885e-01
2.869634711905066915e-01
2.953635006611840530e-01
2.345385938137084514e-01
1.862898436293583260e-01
1.158128454346492586e-01
2.708511804090174002e-01
1.182214842961234885e-01
2.018666402324678644e-01
1.595918176501121277e-01
2.704146726340346252e-01
1.877948261932575746e-01
2.262668481315113778e-01
2.231726778042443238e-01
3.301351280531304999e-01
1.424348037362055397e-01
1.463699019883633046e-01
3.251473995146008100e-01
2.814199246461388526e-01
3.357058130520768624e-01
2.806863355895291012e-01
1.513737171722869812e-01
1.840543193519464105e-01
2.411936261047807062e-01
2.757289632260792600e-01
2.573933880445031241e-01
1.387721550764171863e-01
1.459912516433371776e-01
3.035514130080191331e-01
2.637399669755933762e-01
3.384445422199244269e-01
1.085552714676887437e-01
2.127326849812302134e-01
2.248130906526540074e-01
1.415945511317544814e-01
1.501083296819691326e-01
2.722042608660276142e-01
1.644233686095775138e-01
1.032668636363727327e-01
2.182697235564791671e-01
3.300782901753551712e-01
8.826261840630891808e-02
1.816114065833559221e-01
7.611922725989159200e-02
8.158200108092777958e-02
1.499672101659727808e-01
7.229497253200987961e-02
2.509296071268787842e-01
2.255811462166302517e-01
2.761582870583859095e-01
2.567934383924488362e-01
2.101855918927381661e-01
1.574154514434290553e-01
1.846840716614533418e-01
9.387572273181735150e-02
1.262883464019648461e-01
2.025282916295719216e-01
1.046319936310905613e-01
1.219646426000665917e-01
1.293456587636549748e-01
1.430177708042271734e-01
3.375191654513221562e-01
2.402404610690925257e-01
3.280775697896417542e-01
1.880267146030817904e-01
3.073011287394665780e-01
2.943729342452111042e-01
2.360914525111431350e-01
2.975327664770264779e-01
2.705272575449519379e-01
9.609135355802106426e-02
2.619844298987981102e-01
1.100170939622772959e-01
3.070483345614498094e-01
2.561930508906504755e-01
2.705127536306043412e-01
1.459027905282303805e-01
2.032659064397041582e-01
1.623881928068680036e-01
2.119549309862854558e-01
2.666799348837594064e-01
1.616258751965107265e-01
1.260050828208503226e-01
2.673915299616593799e-01
6.546646352971229044e-02
2.125450436444168145e-01
1.962147706642769773e-01
8.188350548127926176e-02
1.390679308793235092e-01
1.462575015590285299e-01
3.130149667237941968e-01
3.351799669638176327e-01
9.559297605281037724e-02
3.344125759413980048e-01
1.549543029028168928e-01
1.774574101829007045e-01
2.812446386898956319e-01
2.820290194882049684e-01
3.403180367849951704e-01
2.112629310435833185e-01
2.703005662767097861e-01
2.848618199872328116e-01
2.234831085171330722e-01
1.712830399436992002e-01
2.815193933699458029e-01
3.188444087894193313e-01
1.634225315224823172e-01
1.490960399315915674e-01
1.347860855176881700e-01
3.168628018297918736e-01
2.296041888483136006e-01
2.915425767383715283e-01
1.959220463585820138e-01
9.918413928251917921e-02
2.337057498781746623e-01
1.170444061500967164e-01
1.521438274438029481e-01
1.054092248750327920e-01
3.213589922146412592e-01
2.994306864196832896e-01
2.686777260068437534e-01
3.323691164461260450e-01
1.319625850123959943e-01
3.099594426783973677e-01
2.821551983022557719e-01
1.110064657195327792e-01
1.037769451593459485e-01
2.188758792579900692e-01
2.332665779998281397e-01
3.274816698643534529e-01
1.139973853909676399e-01
1.385641731367951712e-01
1.375838352167393919e-01
3.087970220707111357e-01
2.977093195795864067e-01
2.367984033727661142e-01
1.077818737122918924e-01
1.866249043659113094e-01
1.488912632954617898e-01
2.766545505777137648e-01
2.326511908434289733e-01
3.042086368391744844e-01
2.251727247001845400e-01
2.824916047850473122e-01
1.979692317011341740e-01
3.493429443745212359e-01
2.787831754875426671e-01
1.209750851427323914e-01
3.372808286508442444e-01
2.974380947194207314e-01
3.117746171780944042e-01
3.358353645036688540e-01
8.833056493342095195e-02
1.288971505113946092e-01
2.787038609622866092e-01
1.127903800783893601e-01
2.568258392554571001e-01
1.160095254369460233e-01
2.240878524532489702e-01
2.605350230053148919e-01
2.327806207852142206e-01
2.186654647349627056e-01
1.181017205314755236e-01
3.091824898255280396e-01
3.055774336360470023e-01
2.394184955128748626e-01
2.026922048448568381e-01
1.194312369104637422e-01
1.194779300133699540e-01
2.843573059749081589e-01
3.154594327994865166e-01
1.084153734422889925e-01
1.450979417657745629e-01
1.488211661490135285e-01
7.322891051784954919e-02
2.782231574797983109e-01
2.954897452566603300e-01
2.422482430512359619e-01
1.101696108747940717e-01
1.335775912897023687e-01
7.413728325490748228e-02
1.233842017827032067e-01
2.698299697687193688e-01
1.206611558072519519e-01
3.228900158853347246e-01
9.523181999548314958e-02
3.401150964373388375e-01
3.074374257672952693e-01
2.644198787437614384e-01
2.230606779955890129e-01
7.729366172058116380e-02
9.037977119229066714e-02
1.188704181111807090e-01
1.398828572082159716e-01
2.703267296456248747e-01
1.250038795768000366e-01
9.734927304155630012e-02
3.239995428889178575e-01
1.171358373004554032e-01
1.301430010618590538e-01
5.307990747043285495e-02
3.434562684762680895e-01
1.163295460751872096e-01
1.530335385413416349e-01
2.415040873138777633e-01
2.991946561967625540e-01
2.974796989561041549e-01
6.810585391466419947e-02
8.476571048625561322e-02
1.699097618187884462e-01
8.234152048259898993e-02
1.122251220165599583e-01
1.997210029279198329e-01
1.201444037893013850e-01
1.763574385470841888e-01
1.539272850724465458e-01
1.051118790553930010e-01
1.605013624511317794e-01
2.849297235627959446e-01
2.864887917610113854e-01
3.094923906647837342e-01
7.207744954052085207e-02
6.690315423987268362e-02
1.119801329005809809e-01
1.395582143156262611e-01
2.895884230738797194e-01
8.677129721811971397e-02
1.259885452347379309e-01
3.160564353575541774e-01
1.814995880845559906e-01
1.041425370591185506e-01
2.214450071219396243e-01
1.290758763429903644e-01
1.283223215070831147e-01
1.649699797895224362e-01
2.989250723982703750e-01
1.288860322921033530e-01
1.278238659933661481e-01
2.750253676273840542e-01
1.669229899004088524e-01
2.308871168168498411e-01
1.780935077572449454e-01
3.122090829917908428e-01
1.329747747588451712e-01
2.790027524747669130e-01
1.372151495152943157e-01
1.830543574307647858e-01
1.861199780864933040e-01
8.066248581737782419e-02
2.621816947138659870e-01
1.192485828734628217e-01
1.240331995217669597e-01
3.398163533245003309e-01
2.632150700540915600e-01
1.468613784110900933e-01
2.999411885780170484e-01
1.544379580552347198e-01
1.895135259558095586e-01
1.705792684309553608e-01
2.927960912306257768e-01
1.430368573803048049e-01
1.418926982546629689e-01
2.967603516431617239e-01
2.243285830588272467e-01
1.305669679361344537e-01
2.740959655600323508e-01
1.544387447546257675e-01
2.686069041937059199e-01
2.640450082020510125e-01
2.888121858255509600e-01
2.954627898006397801e-01
3.145460654644494647e-01
3.209163341295880878e-01
2.562916887090897489e-01
1.284287434147673712e-01
1.003756211371724660e-01
2.179767054584474673e-01
1.624376600185780672e-01
1.188404866597499165e-01
6.833368370578712936e-02
7.564575090543830538e-02
3.432098353703890714e-01
3.312067166777918903e-01
2.168997797509379932e-01
1.110030969374398435e-01
2.691955403519237233e-01
3.405140804522794884e-01
8.575175807820158147e-02
1.115355914592252168e-01
1.315051163801694012e-01
2.960159137551914843e-01
1.754593652687327365e-01
9.160046602437459107e-02
2.603868567204684070e-01
3.185960070560676094e-01
1.970297003537784530e-01
1.657623562717902566e-01
9.658481434028982904e-02
2.534646079466492119e-01
6.554296681670335190e-02
3.230567450190862111e-01
1.325723778809595466e-01
2.962791160302483129e-01
1.598995363378886980e-01
2.203550868257430906e-01
1.650735933321418880e-01
1.617663704542467995e-01
3.136012396609074160e-01
2.189954142431483342e-01
2.927409085928932009e-01
2.537704542011134934e-01
1.358941194093756799e-01
1.870003056061148028e-01
2.438470403677699128e-01
2.927438374616657679e-01
2.093722558987698434e-01
8.383289723766607082e-02
1.620800972714529498e-01
3.356181005678444684e-01
1.160132820709153939e-01
1.149553639291095997e-01
2.558529597795615174e-01
2.882487634687049827e-01
2.390053705277094265e-01
2.008707327194817482e-01
9.462889254991269095e-02
1.619847390948996047e-01
2.204262433411714461e-01
2.414748054778161068e-01
1.299596291502263801e-01
1.183155973643344600e-01
2.748724248627602562e-01
2.915447842307012372e-01
2.657882875465151229e-01
9.641058802514947124e-02
2.298803343273060351e-01
1.158387217893750293e-01
1.316946150363019208e-01
1.490436535079844860e-01
1.751094933112973817e-01
3.245675631495497648e-01
3.118777083660285721e-01
1.582331189384020287e-01
2.697158702100815320e-01
2.171202907715266417e-01
1.589702243918063307e-01
1.266722717786325225e-01
2.986683931112247281e-01
3.093938122573886007e-01
2.465714262958370040e-01
9.152855238507062730e-02
2.508118141861652717e-01
2.885598811645102013e-01
1.179414672598444735e-01
2.038025361507828093e-01
1.573814571958732367e-01
3.035947256659057292e-01
2.130967052261354133e-01
2.013702164747328827e-01
1.856032231307861435e-01
3.083243077000554777e-01
2.933080943038113841e-01
1.394999230784415845e-01
6.133917602638033761e-02
1.090517762152680148e-01
3.282000000944601537e-01
2.007568349588548517e-01
2.380775049587289804e-01
1.267635446954152034e-01
1.203488365092686280e-01
1.881635723441526797e-01
1.170072838636369711e-01
1.283033434864628008e-01
2.555896325708612582e-01
3.043464121031860814e-01
3.113587661161982267e-01
2.948686782570683063e-01
2.830718176724832946e-01
3.493148674528789299e-01
1.882791161384635703e-01
2.995803422184429299e-01
1.047452045899155137e-01
1.031465128313516222e-01
8.265801917992199321e-02
1.007997915538658001e-01
2.049763476973108234e-01
2.162524858703793740e-01
2.223081098914870823e-01
1.296207149747940213e-01
2.724784887459900662e-01
1.006110087021349492e-01
2.322021566952026661e-01
1.084607564297909305e-01
3.103194153604643679e-01
3.438802421530313125e-01
1.830865139600017788e-01
9.033769482582509891e-02
6.961970368608526305e-02
3.390795863408344601e-01
1.766658513567621602e-01
1.604867470189625389e-01
1.232245940774384652e-01
1.087039430601122597e-01
3.339513575153527092e-01
2.783067284807044239e-01
1.852135895005248001e-01
2.311072315652153430e-01
2.707127056488069505e-01
1.195287772087223199e-01
1.101704838582918955e-01
1.228114949586419924e-01
2.007902291200019118e-01
1.525268457550250645e-01
2.418226726678935068e-01
1.371058617783447453e-01
3.021478996844818021e-01
1.671514162695958705e-01
2.000292862627411350e-01
3.057714092051246335e-01
1.585354123740698729e-01
2.503280829463808144e-01
2.805044433220963973e-01
6.937877914595126649e-02
1.953595365226833691e-01
3.323414526322832074e-01
2.899223815923407943e-01
1.646277669734050875e-01
9.657735994463496898e-02
2.292867516043354814e-01
1.466881092972766587e-01
2.354192375031209372e-01
2.500877630997571655e-01
3.361949022831585698e-01
1.439532146348309338e-01
1.473043354870599564e-01
1.256113269040268487e-01
1.220734841879151239e-01
2.460111684526283538e-01
2.491349082519608293e-01
1.723737809666182064e-01
2.186857278325999021e-01
1.200145374513276603e-01
1.012018744006193266e-01
1.902728603286315268e-01
3.225488182645453450e-01
3.506052039725299219e-01
2.637637938811939753e-01
1.129886821602641284e-01
2.672274136478632878e-01
2.619463399841507334e-01
9.202986749473562877e-02
1.023914149771967264e-01
1.338578604923695570e-01
1.319458531564806081e-01
1.387159712409370138e-01
2.266917208714435972e-01
7.277038590601134227e-02
1.354063822053422073e-01
1.929022989422653211e-01
3.490871022597715756e-01
2.105531430507481538e-01
1.895623195014638773e-01
3.495402763912299204e-01
3.270044203355669810e-01
1.119676209402462874e-01
2.093195427142647558e-01
2.930000605339416753e-01
2.631615283432162666e-01
1.009125985899562011e-01
9.208220917534704064e-02
2.642522527479246319e-01
1.252618834591794905e-01
1.637457069550176669e-01
3.476993835963839707e-01
9.991845864150543377e-02
2.698158641245792522e-01
3.314268815691571168e-01
3.333271535061586577e-01
2.060586700376230984e-01
3.138388916760569969e-01
3.150614879206357077e-01
3.062663329953449476e-01
2.102911365158028623e-01
2.772775834083139879e-01
2.602105798263208425e-01
1.781186161785423827e-01
2.360927594024861687e-01
1.363969254099100248e-01
1.401580984665132812e-01
1.942009083810979919e-01
3.323720985973203090e-01
3.472928471913007131e-01
2.085219266983680542e-01
2.772969908523445492e-01
2.102863159817567607e-01
1.827892445954477640e-01
8.484118378910902869e-02
3.023294254748967180e-01
2.983555680906315177e-01
1.271672972175446614e-01
1.501495281650520319e-01
1.296969091530302820e-01
8.362341761569164200e-02
1.892660437203922963e-01
3.119185054966081005e-01
2.310925280682269711e-01
1.674996218757781874e-01
1.694913032569429212e-01
9.725234365305497619e-02
7.540140618916822690e-02
3.448131183962760415e-01
1.937156215447594088e-01
8.459925438564351585e-02
1.313759077758990534e-01
1.207246984248593891e-01
2.704038499706675203e-01
1.257034299788804543e-01
1.388392713630667852e-01
1.698308139128021088e-01
9.848945727225472124e-02
9.053923186246407018e-02
3.499412625523208864e-01
1.154714294570828997e-01
1.595108122115542204e-01
2.795755794070207134e-01
8.180963411919262018e-02
1.147906198862814614e-01
1.260153031606159046e-01
1.241694896142698096e-01
8.845100490989700470e-02
1.389404399161403014e-01
2.794127292702812682e-01
2.648295986413722880e-01
2.357934690909988251e-01
1.004522271409952899e-01
2.092145248922037681e-01
1.002065526627762826e-01
1.917577446446509515e-01
1.207714770760347639e-01
1.012965831704374514e-01
1.293165819300470254e-01
3.316833390208601129e-01
1.763244860065544262e-01
2.567812178936464407e-01
2.997445769004193350e-01
2.048127198467406818e-01
1.902421982611194051e-01
1.820258640629646985e-01
1.609806630115498960e-01
2.765680900906989370e-01
1.837137911406193924e-01
1.088777581987900867e-01
3.449824589603142089e-01
1.218576896026501571e-01
1.857830178482747507e-01
1.280767006262007179e-01
1.354507584206056936e-01
2.486420710956512292e-01
1.369231873342256212e-01
2.581681348502182782e-01
1.535731580566721544e-01
1.421041174771771054e-01
1.333825232018915341e-01
2.677246448254749778e-01
1.006125817938966771e-01
2.912560466422937644e-01
3.271506558186172975e-01
3.189459363522343383e-01
2.632497685829304768e-01
3.335673052428804741e-01
9.357097205389350303e-02
3.151167663715885858e-01
2.908815532121951097e-01
1.650055016252945372e-01
1.190839035619506159e-01
1.321148489325599529e-01
2.580584351228933371e-01
1.327064488473957971e-01
2.781515600227136287e-01
3.411096567653074674e-01
1.295818701251699456e-01
2.696299689444416336e-01
2.975865765859379564e-01
1.924608943984505438e-01
1.451566788726940116e-01
1.671850793821535175e-01
1.868285126389483408e-01
1.551652101892585234e-01
3.431182561270422759e-01
2.458534108340458268e-01
2.487489724315238293e-01
1.766425739866646361e-01
3.039109046668126979e-01
3.309872531397440309e-01
1.213850413153343688e-01
3.285537758961123989e-01
2.638900010553226205e-01
2.249562791251784599e-01
2.658171868185169040e-01
2.922268270148108971e-01
1.834806063138037235e-01
2.527509329029639096e-01
1.729070940419833724e-01
2.825947665768366313e-01
3.410636804696982605e-01
2.483911785970435993e-01
2.534528622830176658e-01
1.309818948622564483e-01
1.709515471521752261e-01
3.487940724257895253e-01
2.419144745464383295e-01
2.358775218497554116e-01
1.612938992083213507e-01
2.115778015362688447e-01
3.205001016528709612e-01
1.059808400768139230e-01
3.481662333303028878e-01
1.431276024190473728e-01
3.188903718189133873e-01
3.096409468619192862e-01
2.605262284364132097e-01
2.744317351455632936e-01
2.986616954952902026e-01
1.098137732540871436e-01
1.183687873788755868e-01
3.317076753948111634e-01
1.327134353762521035e-01
1.149753482049298836e-01
2.035298758746330594e-01
2.684478119002660090e-01
3.163078270739682063e-01
1.364358044243625945e-01
3.282437141176215989e-01
2.638850432480616126e-01
1.467912604934490106e-01
1.771257389123464809e-01
3.447573369063517412e-01
2.571297850439748789e-01
3.390866187878339155e-01
2.130675864716431722e-01
7.927033172522202076e-02
2.646425228652967698e-01
2.457942753263301638e-01
1.312752005290885038e-01
1.649508318991854960e-01
3.009957028456107242e-01
3.225986338354948080e-01
3.071870126452664329e-01
1.306322022931046545e-01
2.460475254960886038e-01
3.145684205180292459e-01
2.629252884361457654e-01
2.718038835027838385e-01
2.332245193878909606e-01
2.551043052542183442e-01
1.178610017659179610e-01
1.136698972956259601e-01
1.754895640415322366e-01
2.252549254732539308e-01
3.045968315062828058e-01
1.913691750648535417e-01
1.423250806347415853e-01
2.432362016295911145e-01
3.473625654176161204e-01
2.713245140099735941e-01
1.237044305558978319e-01
2.511523439770971811e-01
1.361169621578011968e-01
1.953345550241137873e-01
2.937292176732239080e-01
1.086505528521962832e-01
7.758874198836279712e-02
1.823529382957258804e-01
3.023286041406767488e-01
1.773299701396402750e-01
3.019216565589532553e-01
2.483994309764621933e-01
1.264896154701614928e-01
1.569111544375033362e-01
2.804458796060040893e-01
1.957843142728083741e-01
1.288234162056528798e-01
8.413340469063720906e-02
3.185196375842081484e-01
3.082469921170384319e-01
3.360747519433806008e-01
2.728599137956220222e-01
7.356565069661759326e-02
2.612871656995541803e-01
3.047633070853549286e-01
1.977631783280359157e-01
2.842825889147286844e-01
1.032622407115149771e-01
1.800678024420607759e-01
2.765526238183668162e-01
1.867739199829537844e-01
1.208262204656399968e-01
3.396557534354370245e-01
1.450279873319426094e-01
1.563967622443954431e-01
2.472794308489953685e-01
3.463676488158579647e-01
1.211395074743091826e-01
2.679115659121250603e-01
8.905643779278996086e-02
2.956329085649770372e-01
2.083834538348959542e-01
2.127274008225031876e-01
1.647148774924282466e-01
2.448948461435836721e-01
1.257001955359055290e-01
2.067040354725414308e-01
2.730087479202110701e-01
2.332921721146293259e-01
1.694113990817061044e-01
2.537633069848818090e-01
1.737683105298951369e-01
7.386973838023126737e-02
1.294836051746961481e-01
2.973037557379492601e-01
2.798611945206399554e-01
3.287569611000280001e-01
1.354084377949797691e-01
1.648992579882772869e-01
3.008710644947546475e-01
3.473007733853413215e-01
2.414798482368718524e-01
3.452368350016523646e-01
2.141585859427380112e-01
2.733892379454094801e-01
3.107547798876545420e-01
2.439969502447852101e-01
9.067452775626029526e-02
1.853680522325536484e-01
2.351114067562273258e-01
1.192319727910828159e-01
6.897071176131464032e-02
2.191635782271713628e-01
2.225565457595234387e-01
2.300587653297276602e-01
9.472636568134115698e-02
1.515508749725816839e-01
1.493097153433109170e-01
2.523228907132246124e-01
2.183499107700139497e-01
1.293350334959216530e-01
2.265436531496796413e-01
5.842828271934337458e-02
1.433895854467122644e-01
3.328860647465708977e-01
2.286614512721348580e-01
3.309877325725827935e-01
2.111822906637562391e-01
3.319781618515720845e-01
1.623112090516128925e-01
1.581507937625711013e-01
1.517929556878647168e-01
3.184099591097914184e-01
2.608391707275351523e-01
2.090492667889156664e-01
9.873938878927802920e-02
1.158718828766500120e-01
2.413244760317335147e-01
3.104560063196999398e-01
2.596922582963728798e-01
2.393274081978678247e-01
1.784625123249676260e-01
1.180622714087788405e-01
1.358165612770102504e-01
2.379315603318041816e-01
1.074358190137257862e-01
2.818030871876747168e-01
8.485722425730483909e-02
2.919209044960138222e-01
2.481239661061277191e-01
1.578755634193201585e-01
2.428515733115158837e-01
3.382816909948959117e-01
1.585763017978071288e-01
1.694014421594947084e-01
2.903629288128647956e-01
3.025963681968042995e-01
1.092499229218212575e-01
9.122140074031281909e-02
1.460467679734273327e-01
6.384218525186020898e-02
2.856940911929236049e-01
2.935530236510827673e-01
1.218570077114140005e-01
2.920697910613367920e-01
1.262620863094606471e-01
1.202677287888298113e-01
1.490311195134667033e-01
3.278319023795553400e-01
2.655348967699763252e-01
3.089524818532575767e-01
1.169868600630324107e-01
1.331688635046630875e-01
2.340627958715631729e-01
1.491018203692652533e-01
1.041571714355641193e-01
6.639294705349142733e-02
2.037057967105858625e-01
8.756330809747017718e-02
2.257064945946699319e-01
2.619889768227651183e-01
2.696200094682141835e-01
2.691155921387211603e-01
2.670405999678091558e-01
2.571564276463187970e-01
3.427486834605339427e-01
2.890247052523142179e-01
3.275116890799507074e-01
2.783720787652279594e-01
1.708856924520614495e-01
1.979071171607473256e-01
1.449585087141404272e-01
8.913879256068214796e-02
3.121158861675960572e-01
1.533992077239740293e-01
1.406194086500008600e-01
3.223567668060502434e-01
1.943860967614929047e-01
2.660324896578359910e-01
2.696566099987050547e-01
3.458268415104021609e-01
7.764077769704665066e-02
2.718433130903809003e-01
1.539391063812062810e-01
2.009395970587534719e-01
2.977945916958258943e-01
1.437226276128578673e-01
2.322615378416372778e-01
1.009272028478493261e-01
2.546977641854554220e-01
2.668081960624937854e-01
2.394774031092685163e-01
2.357499589044568522e-01
7.371678596366117164e-02
3.299463777474350712e-01
2.076962589274134185e-01
2.164071813839918978e-01
2.360575608062611963e-01
1.242765422639333373e-01
3.420507467727073037e-01
1.320528614695002101e-01
2.711992844054501028e-01
1.189147243206018223e-01
2.815803685336090711e-01
1.456248504833489443e-01
2.266652527181599042e-01
