3.299279656153544238e-01
2.094906171576462472e-01
3.047005856409015778e-01
1.160917690540542307e-01
3.246034507282355430e-01
7.164514152768453048e-02
2.214441449983173826e-01
2.466773258575704064e-01
1.463737640104377513e-01
2.370636194578072398e-01
1.586161559403967969e-01
5.665050896944288927e-02
1.211927527425498419e-01
3.162413154841945406e-01
2.575179429430818345e-01
2.621427937079021664e-01
1.523969263280925968e-01
2.187688515605613060e-01
2.654996925205571623e-01
2.911724992208616913e-01
3.103598933759978418e-01
2.543743427656428580e-01
2.061905220868656963e-01
2.224903591417521920e-01
1.432788185597033415e-01
1.450262830977671613e-01
3.188601214606175405e-01
3.417744554980867711e-01
2.653099579135002606e-01
6.125435573667039474e-02
3.141731406381369496e-01
2.532562300511829179e-01
3.467696427811803317e-01
1.103348010449668182e-01
1.132207005720553272e-01
3.164801129966859916e-01
1.937089329123532488e-01
2.997372117804913971e-01
9.080541035374782577e-02
7.126628381236012333e-02
3.006607310792983045e-01
2.416090616137277491e-01
2.265069901170773115e-01
2.942959442267503722e-01
2.665025288279646576e-01
3.384443586247403712e-01
1.489234850295415302e-01
1.077383368381299306e-01
2.891962105918290393e-01
1.190149982796893102e-01
2.741980491903959205e-01
3.214268431441249518e-01
9.827821385886918726e-02
3.341172196452562027e-01
2.938380309427808257e-01
7.880122545902545905e-02
1.555267496949474526e-01
1.751386485871810061e-01
1.004048495285016079e-01
9.318004428290303787e-02
6.394672383868406362e-02
6.400592306122891706e-02
2.797573919099702322e-01
1.205405391645318208e-01
6.067207753127228098e-02
3.155134029279359487e-01
1.674449368710228259e-01
1.471847863832239367e-01
2.989385852446911351e-01
2.577171060647177603e-01
6.426651037604824701e-02
1.255106958297631803e-01
2.581641263937664021e-01
8.829544494431527946e-02
6.856947188438707042e-02
2.888145714348566151e-01
2.328856610482080425e-01
2.046999533370220670e-01
9.825861440874122943e-02
2.889878111664180294e-01
2.820211719561642183e-01
1.987212310167734142e-01
2.372070852352030357e-01
1.092619496078773705e-01
2.857269273280846900e-01
1.498315856131821611e-01
1.167737547666122949e-01
2.899013219307876033e-01
7.296047362645793899e-02
2.616102006887714992e-01
1.586841619739491338e-01
2.827017539148566905e-01
9.754655620993393783e-02
5.798433885928436227e-02
2.302900242011383380e-01
2.919186999308168717e-01
3.307867766109620078e-01
3.163644869073807819e-01
2.453818648730919094e-01
2.805836860904485919e-01
2.326170510957519533e-01
7.039925278541518672e-02
3.446965033683062063e-01
3.165736375499306754e-01
2.614588475107679222e-01
1.296109690512085022e-01
2.397812114244364523e-01
2.489479771324957513e-01
1.268412074642074061e-01
3.062239678752741168e-01
7.472255367984778629e-02
3.078224635921794627e-01
5.795803272277555429e-02
2.155677137213172501e-01
3.262268012534160211e-01
1.216430266020616241e-01
2.552510929648554305e-01
2.029363985722537067e-01
3.042248233188759032e-01
2.894502007295787216e-01
3.127811562596965467e-01
1.237066431854060566e-01
3.468411182399291914e-01
9.892802536890057952e-02
2.831313307696717296e-01
1.742603463281401643e-01
9.823621381984691536e-02
7.366262506397423804e-02
3.133217002992444988e-01
1.289856242214500737e-01
2.930403682325112835e-01
8.409184042127022807e-02
5.053518619113329946e-02
1.080839751887140987e-01
3.274958152387912880e-01
1.794336174525769656e-01
3.363183417983673373e-01
1.708717395077490320e-01
1.338366512071498815e-01
2.959828759667181841e-01
1.475078755486735060e-01
3.243137220031220291e-01
4.922837435108511767e-02
5.123669003570210934e-02
2.649102465163636899e-01
1.065025804975766183e-01
3.123741298371399133e-01
2.150757128245257832e-01
3.468540549814472240e-01
2.602962453610817573e-01
7.216626775848224151e-02
2.107281264571014279e-01
1.051438563645983731e-01
3.371171101300565187e-01
1.059949491150578155e-01
1.470433456909836234e-01
3.166791189243702287e-01
1.227495143619119211e-01
6.874609230363719348e-02
1.004510604981306704e-01
8.915057062017202327e-02
6.539661694555820581e-02
1.003721839273023081e-01
2.992820883402128596e-01
1.307712250349783445e-01
1.841262459043312150e-01
2.548245106849419961e-01
2.738827919243080888e-01
2.629824479942555193e-01
2.616958209729496887e-01
5.268598207433077690e-02
8.404677965468279610e-02
2.772284769294557916e-01
3.257333322975360934e-01
3.028483629273286404e-01
1.352335300439152233e-01
1.950802339567129784e-01
1.903616187080993394e-01
9.137364234008349406e-02
3.065070617204149750e-01
1.691643426389931593e-01
1.565437655056155786e-01
1.067096769574370774e-01
9.639508615252455337e-02
1.588587367511994641e-01
1.754320328982113819e-01
3.153212644977984036e-01
2.963063570289624082e-01
3.154981624857259304e-01
1.259869000523590465e-01
3.208330448560971493e-01
1.756029789369455696e-01
2.377284815594885858e-01
2.599833928430204111e-01
3.208444675439960370e-01
1.958554428231417677e-01
2.933897260854213540e-01
3.161090640592507661e-01
2.748585858799028059e-01
2.946721284199078084e-01
7.894969047587008237e-02
6.911463932943706645e-02
2.249095146874346973e-01
9.289392074200229776e-02
2.498946675209124946e-01
1.459267377187921377e-01
2.633556850005706051e-01
1.600161816017280081e-01
1.693677329206838278e-01
2.544738507214992507e-01
1.948794814271017362e-01
1.007288485742608014e-01
7.595607976879169276e-02
1.748898525279380667e-01
2.579182247830686947e-01
5.084569312706587602e-02
8.581896670951723316e-02
2.274408123025545014e-01
8.160569611170893911e-02
1.799250711817734216e-01
8.195851113742823324e-02
1.668503747704380979e-01
1.155919101323355791e-01
1.002444486537076435e-01
1.328795112801163802e-01
3.121443567116927720e-01
1.029665156669396092e-01
1.862792256534343827e-01
2.561518575147057053e-01
9.503114330632679574e-02
3.457894689426480039e-01
1.393809196114308147e-01
7.405268561311306730e-02
2.853004476303316328e-01
1.866207264629351770e-01
2.762550180896640728e-01
2.951925691043722488e-01
4.888470233085239619e-02
1.125648801954366313e-01
2.449380645841476578e-01
2.435305676051847945e-01
1.645334715687936100e-01
3.189127667366577490e-01
3.122203005794702557e-01
2.776111929104702614e-01
3.443410796061336376e-01
1.448727480424777947e-01
2.234807827852971218e-01
2.870513140477349290e-01
1.396867059972103087e-01
2.447109145613478032e-01
9.810070233451992361e-02
3.361795471584395067e-01
3.076954296313754722e-01
1.116719462839784877e-01
8.656267244594588461e-02
1.918720825817529507e-01
2.682857866457458718e-01
1.893950341314558361e-01
1.720271651435359983e-01
2.550969264773154110e-01
3.280123988977353688e-01
1.955367844151422174e-01
2.646669549669355970e-01
3.396625725436488441e-01
1.004014322385440028e-01
1.062008263347793829e-01
7.648833434794211072e-02
1.384038413515194521e-01
5.329662545282275177e-02
7.922109256251115561e-02
2.653480810630139963e-01
3.416286227872826209e-01
1.633498894187793704e-01
2.332567151508429804e-01
2.967428105336867850e-01
6.639215216103223904e-02
2.914437180833699403e-01
1.969974640825203349e-01
1.003506583562380344e-01
1.577055748919310441e-01
3.330154452640748941e-01
2.958554864492202729e-01
2.091982788381669678e-01
1.924421158391666220e-01
1.524075789042892981e-01
1.735236994603415739e-01
3.223508559833271891e-01
2.868126341074554442e-01
1.113104789600005140e-01
3.279106080277910951e-01
1.963685292005402649e-01
2.745396363756839042e-01
1.056933577785741790e-01
3.120380111354477681e-01
2.659266239319412195e-01
2.201779954462166899e-01
2.914619944975516685e-01
3.281268611323869266e-01
2.289299223210568834e-01
1.702119266836833178e-01
1.587823264750501118e-01
2.730911712236083200e-01
2.818593378765113511e-01
8.329188268605315637e-02
2.512931205551084957e-01
9.578800430160168411e-02
3.008173544009092870e-01
2.211102996786349362e-01
1.532980153464361672e-01
6.774117219502011344e-02
9.689780773698065952e-02
1.157056735769251277e-01
2.512777377225002828e-01
2.858597383928965230e-01
8.494363986419151136e-02
9.729724577892528981e-02
1.007482279248528012e-01
3.104624917609711265e-01
2.156834651593405039e-01
3.370274095688720606e-01
6.839531596950200465e-02
2.445044245342538058e-01
3.127736895935693817e-01
1.015634059826078101e-01
1.624397040325362696e-01
2.193263938442835126e-01
2.220802651163005792e-01
2.583573828091993430e-01
1.040122344804057797e-01
1.017368785673948423e-01
1.279101723380096089e-01
9.297544176106518898e-02
1.663607781127578178e-01
2.498374062065424062e-01
3.293275672161136147e-01
3.334878859647168459e-01
8.480570517148804111e-02
1.202961223819321024e-01
2.596645534960337343e-01
7.075503064038742018e-02
1.395987743243660983e-01
2.448692483698419464e-01
3.453756371246632928e-01
9.905555180591399389e-02
1.959251426002010243e-01
1.132681580562915763e-01
1.552813840356329356e-01
8.693753491732489347e-02
2.540002801359047546e-01
3.280712943668595560e-01
8.530252114363323646e-02
8.337651918169072807e-02
3.027255200876405872e-01
1.822266521299299724e-01
9.742323374855721418e-02
1.622251903099252990e-01
6.612869791360678762e-02
3.381776281955353736e-01
2.555282109677570190e-01
1.025547771722975926e-01
2.926757616900613201e-01
2.969946299180393212e-01
3.174292704388053110e-01
2.831779156200481817e-01
1.822740322403947899e-01
3.138619449961785324e-01
1.458678566750321315e-01
2.059363370428078932e-01
7.670479548320086050e-02
1.995919122783528787e-01
3.387534026450246816e-01
3.059598175988352264e-01
2.911054848803104056e-01
2.193650547167497467e-01
2.715574147655678283e-01
3.251658028858931404e-01
9.696553977124296175e-02
3.341999146360956630e-01
1.853139575651784887e-01
2.448440524951174813e-01
9.879825875500435062e-02
1.450518449274382227e-01
9.573889559269270488e-02
2.293162356255929735e-01
8.092323792247785308e-02
3.313382592445490715e-01
1.379436777624566401e-01
2.518202616884596123e-01
6.045749474629420056e-02
1.630644635720902014e-01
2.240361105341996673e-01
1.004239592571350842e-01
1.281878448473600662e-01
1.036583083379805231e-01
1.214210082896774595e-01
1.930008886069677632e-01
1.288480791427043526e-01
7.296028773721066618e-02
3.285530618047611262e-01
3.383646632300028045e-01
9.369454895833029262e-02
1.048176287108018440e-01
1.195963110463297702e-01
3.175395308505520320e-01
1.055546346198603658e-01
2.293823542113789526e-01
3.123598720989298472e-01
7.463869632754796535e-02
1.797875458407093285e-01
9.666696058774265632e-02
2.404466507058233837e-01
3.348544143042077037e-01
4.771052471830509317e-02
1.626460292414715625e-01
1.179829365631455268e-01
2.831578578901666199e-01
2.188626481758608466e-01
6.580066943652182476e-02
7.114765363948059862e-02
2.405929143947266591e-01
9.789982382429485153e-02
3.099727760675535793e-01
3.079587013298100140e-01
3.238814574218628617e-01
7.255242031232167488e-02
1.408249158881156871e-01
2.841555431685446886e-01
2.151171648856745611e-01
1.124065981720677176e-01
2.627496695080439038e-01
2.051639068289868029e-01
2.939392782647211044e-01
9.325271627597096769e-02
2.593760563486866566e-01
1.073616482782539377e-01
1.247910252797035935e-01
7.767159074617664694e-02
8.253891197955436076e-02
3.116135768736402745e-01
1.162606783364306395e-01
2.906045883494250970e-01
2.452062398183952607e-01
2.729409601034067934e-01
2.645136151281948789e-01
1.014068560432862809e-01
1.188762875541413550e-01
3.299955890983691797e-01
1.796740462477703082e-01
3.032598969349297735e-01
8.500919390806217779e-02
1.349933345670111529e-01
2.191184127517732394e-01
1.969408126399845027e-01
2.726322152038767044e-01
1.076362332322825105e-01
7.472237175026402722e-02
3.341251379016663692e-01
3.060886738153103526e-01
2.817729590624996616e-01
1.099726176038871156e-01
3.094716110219637439e-01
2.507320748375471697e-01
1.957304106292690193e-01
2.708903829633629856e-01
3.058694824814500723e-01
7.776548550073822397e-02
8.335538023043156941e-02
2.062010460418892688e-01
2.009858628367663380e-01
7.249527327769267337e-02
2.218402925479616428e-01
2.749630095842847122e-01
1.187290027511476304e-01
3.456595373083412026e-01
1.150599077995263092e-01
3.109136644745917888e-01
2.392501922050754848e-01
3.137014096267766172e-01
1.651397660531766232e-01
2.035004730377882043e-01
2.251924415835794002e-01
2.843378478518293617e-01
7.788442698183146995e-02
2.917726222526567659e-01
2.202924344620707520e-01
1.191445456423712579e-01
3.205590020315721711e-01
2.548643549739735281e-01
2.675791798705503544e-01
9.389052809577076719e-02
1.287344460256590606e-01
3.216423560129464398e-01
1.992678326954760437e-01
3.397051733182652189e-01
2.717492748169761940e-01
3.359570009829976334e-01
1.003602836894297440e-01
2.951937787755078424e-01
2.085198918282423763e-01
2.832909716512331255e-01
2.651891911043735561e-01
1.505402239576192347e-01
2.575359395546673036e-01
1.203286019402169532e-01
1.038996580458286384e-01
2.211983895824507496e-01
1.143393258031883131e-01
2.368888048346142472e-01
1.503636483612573460e-01
2.833020278727985120e-01
1.337464185773820091e-01
3.337543327564834739e-01
2.647683649878737611e-01
1.299433970440851405e-01
3.182231576515920368e-01
2.918775298108181593e-01
2.260185319671694226e-01
2.305372569910575375e-01
3.093157938142597763e-01
2.801048116952892797e-01
1.537865265447415086e-01
9.493659695638541340e-02
1.779843394718493843e-01
2.807410129180623048e-01
2.885356555883945573e-01
2.949905499431688116e-01
2.914204692797987550e-01
8.402804333501655287e-02
2.335407660151668507e-01
1.235749041602119541e-01
1.606108827539379502e-01
8.599234942214251110e-02
2.379372792947772874e-01
3.121276939851380661e-01
1.568986784567397152e-01
2.231346528910526372e-01
2.695425666282525445e-01
2.704314583280953421e-01
3.379096298090088490e-01
9.021145130288157898e-02
2.887228904766543369e-01
2.280157758536917323e-01
1.344102225606001455e-01
3.210816055293663207e-01
2.664550716324680657e-01
7.314432409241895805e-02
3.375554454359900314e-01
9.813325426817470776e-02
5.097159571258996769e-02
3.014883295331609592e-01
2.315473233043507661e-01
2.006570148668000431e-01
2.732760711057755643e-01
2.959132808419985272e-01
3.205840421877132473e-01
2.519847143858384708e-01
2.680542325913105040e-01
2.599720731198301715e-01
2.905075531401888900e-01
2.046366098575052028e-01
2.952123335958942718e-01
7.945165310085479382e-02
1.611017388615990364e-01
1.886472240753495622e-01
2.229344351675986990e-01
6.875524099465007977e-02
3.110402739534674499e-01
1.401541511710654164e-01
7.385716926945803951e-02
2.285575040086031684e-01
2.774592669458935679e-01
1.876684725285615307e-01
3.373354336698274891e-01
2.981732033836163587e-01
2.263218162501599018e-01
1.626237952804426845e-01
1.398804079232276176e-01
1.156774385480368456e-01
1.058315399967289933e-01
2.331338298566818790e-01
1.975919902359957459e-01
1.522569059141561099e-01
6.664034613069264035e-02
1.035413149426443885e-01
3.282106424735895533e-01
2.983984691146978618e-01
3.354309914654556302e-01
1.112156440928145779e-01
2.488957552811002505e-01
3.338482587967077642e-01
1.376010920149861871e-01
2.557780326585596953e-01
1.243009817996574007e-01
1.086456029165614318e-01
7.860891437075699650e-02
8.054311744192176048e-02
3.133578529871242080e-01
1.338001414424800639e-01
1.364695745181817854e-01
3.405380019483784659e-01
1.219686831769208751e-01
1.558308596789746703e-01
1.921395064288194676e-01
3.128038925071722764e-01
1.970964527035765912e-01
1.100389928826853991e-01
4.776918875180524715e-02
2.448168057664199260e-01
2.639772049498399498e-01
6.195249153157672550e-02
2.058580605822658283e-01
2.561586098851675874e-01
1.147514338514386556e-01
1.578642744271913922e-01
9.603120768513158378e-02
1.991298125333350044e-01
1.385143968220233779e-01
2.762186082947526433e-01
3.012065949524533326e-01
2.883889607231698293e-01
7.111574688115916698e-02
5.685934260227452908e-02
1.976003156563327923e-01
3.031648051797447008e-01
1.787833558657041244e-01
3.078534519228065536e-01
1.730909072800823068e-01
1.084138899202558293e-01
1.342436910100138492e-01
1.725382349164976126e-01
1.194367450407325254e-01
8.227961862263996617e-02
9.017210446191535611e-02
1.015230024370980533e-01
3.274190929656472515e-01
1.521801801169682944e-01
3.217589014764521971e-01
8.895612245767269000e-02
9.672272630724526588e-02
1.686351589133039119e-01
1.627474113270299672e-01
3.053735312981289418e-01
1.054850540486761135e-01
3.343761387255810846e-01
3.413920679528341662e-01
1.722457392137662635e-01
3.256211234012075240e-01
1.053361931890556963e-01
2.454834970933890415e-01
7.637456411477992757e-02
1.158938546739414904e-01
2.911771415072471059e-01
1.832267712373432389e-01
7.648847898482528940e-02
1.778748015431730334e-01
2.811294416223555914e-01
2.624518079795872816e-01
1.348416255328441504e-01
3.339698758931666789e-01
1.893333993250561620e-01
9.464473887890620385e-02
1.486434209661858796e-01
9.594373338763090286e-02
2.666644538835837852e-01
2.849403543330620292e-01
2.926295833949366099e-01
3.060098656069819012e-01
1.435153105219066916e-01
3.366704181801042917e-01
2.328805702255730969e-01
2.770690254811257747e-01
1.178069147048816240e-01
1.082305913215659970e-01
3.290347590469446803e-01
6.568329972102350534e-02
1.078904093559514277e-01
3.180461204351107685e-01
3.121582591903200310e-01
1.808958486512811104e-01
2.590058224697930345e-01
1.034255123763048595e-01
2.080229505192358053e-01
9.553560332046649728e-02
1.014660991881837643e-01
2.738628332202573401e-01
6.811055694671444560e-02
2.514433443267862778e-01
2.844405674565917974e-01
1.628426557547489328e-01
2.540713667427896283e-01
2.016242338211173546e-01
1.321618403320639346e-01
1.266485637574064904e-01
3.458058970173898405e-01
1.556935751775558596e-01
3.267849267173145722e-01
1.473619237015468819e-01
9.514290275597017676e-02
1.299932217628808895e-01
3.202055428273329341e-01
3.413044935000842384e-01
1.694245287002318634e-01
9.356866479303439788e-02
2.331382711760991155e-01
6.045846724266807498e-02
2.034327627910238467e-01
3.276568841897354867e-01
3.440475530920910074e-01
9.384132312997972569e-02
2.663022855419979185e-01
2.045895128568895882e-01
2.759945784843063632e-01
2.965762427020610104e-01
1.142710331806091884e-01
6.910318597751577419e-02
1.077794752562210023e-01
4.824425776528263460e-02
1.821211933084608270e-01
3.386675113897712475e-01
3.256488050475112583e-01
6.490791490533924513e-02
1.507168486764269844e-01
4.653532089170626246e-02
2.310599614872045626e-01
1.805697776477946104e-01
2.907573500760651797e-01
1.910521771834515214e-01
2.272698930777183879e-01
2.075437468504018057e-01
1.778923688504422951e-01
2.981609308967644312e-01
1.646084644591059853e-01
2.963501338884036440e-01
1.832298639936727480e-01
3.016272373770690907e-01
3.366568611401447586e-01
1.102022027230036144e-01
3.261022662982058784e-01
2.414052039699617347e-01
3.112083080203268404e-01
2.973933253371693897e-01
2.068133801774026947e-01
1.484254909806073108e-01
1.745661905108067125e-01
2.798130181900948532e-01
2.733729597333087735e-01
3.230343745849431625e-01
1.444642843057945547e-01
2.832728677692584185e-01
3.279311040470004879e-01
1.634911794653658434e-01
1.010399470934882082e-01
7.844007845366930687e-02
1.153576173833100321e-01
5.280203452300259032e-02
1.201858460091660835e-01
1.691310234489699360e-01
2.008448166404641633e-01
5.976003921579890049e-02
3.310487383797561245e-01
2.999014325059873864e-01
6.055215127638616940e-02
3.242347068036559032e-01
1.530327028240764942e-01
5.746572834135966340e-02
1.418227281152364405e-01
1.709480590056998706e-01
3.284973542588244810e-01
7.975537856070552545e-02
2.851316919626531998e-01
1.761788028816859419e-01
9.490404250773161465e-02
1.178016862705050793e-01
5.234350459440018782e-02
2.108798926589477707e-01
3.137969918690597937e-01
9.996412939193623226e-02
9.390811100312904114e-02
1.981022029967615394e-01
1.045246245955500225e-01
1.049038193386034462e-01
3.192753457535018047e-01
1.457986324745991213e-01
2.418081282586378722e-01
1.256020136470280824e-01
1.880062746703245469e-01
1.077208878343214465e-01
8.008117816269556821e-02
1.794733073230962428e-01
2.930121181928174723e-01
1.404771833137338222e-01
8.160737218710847896e-02
1.609609709464554228e-01
3.000684103307314499e-01
9.018069860597202614e-02
9.171189947950315891e-02
2.875693858867962582e-01
2.946909120259615933e-01
2.585177932144002155e-01
2.453150292167178559e-01
3.342645510771690143e-01
3.365727432080141135e-01
1.524001940920757803e-01
2.215678597678099326e-01
9.795718234154145165e-02
1.315506861416321227e-01
2.603013239098816989e-01
2.933952367442534959e-01
1.879204040944049414e-01
1.447004365700132744e-01
2.305992494509278568e-01
1.775829746461672631e-01
2.899593060246797305e-01
9.361026250105868030e-02
9.811808310957298440e-02
3.208689706577869671e-01
9.096774698838701323e-02
2.061181484394658259e-01
3.145225652550841522e-01
7.978523377077081924e-02
2.265126582080927709e-01
2.671299662362201510e-01
1.869231724822351115e-01
6.668926221219956263e-02
2.032847384803261326e-01
2.079537573739047018e-01
1.055753451278362565e-01
3.364251593369075310e-01
1.905507642263771784e-01
2.030484952175969360e-01
3.358956859494300340e-01
8.414867384661860183e-02
2.871455341632636604e-01
2.776683363167518070e-01
7.948786816616926210e-02
3.025983269876230675e-01
1.219017709100234381e-01
1.240651101307216064e-01
9.968043399630589774e-02
5.627118776693201818e-02
1.864765771877995859e-01
2.023588485278793037e-01
1.213965852009558644e-01
1.706902754624371188e-01
3.264377389860159684e-01
3.140436843586087434e-01
9.630298903708574276e-02
1.412162382480255385e-01
3.409974637569508360e-01
2.892533933165873372e-01
1.331032138445215895e-01
1.561721350954690113e-01
1.110156171308845502e-01
3.457083276121695747e-01
1.519468947660879143e-01
3.253815756786527236e-01
2.427617378312498519e-01
3.418006092975728882e-01
2.719698297514961949e-01
1.284063681287282987e-01
1.715276933160847783e-01
8.996173075798527541e-02
1.978022717053198876e-01
3.037819865681762321e-01
7.031265647119815110e-02
2.019382939006679756e-01
6.484776564427666146e-02
5.932106201374010013e-02
8.777790214910898003e-02
8.640344163463480054e-02
2.120988007296864264e-01
8.171805115952544829e-02
1.869500469385003971e-01
3.277999513002050613e-01
2.146566919721563660e-01
5.465760606322051657e-02
1.810291551393937159e-01
2.688373944643731028e-01
2.424495505311762833e-01
2.740862089138616509e-01
1.340348473536924490e-01
2.472978604809499548e-01
1.569229641224471339e-01
2.692559485867272451e-01
2.632700047049814640e-01
5.320545734042912006e-02
1.679253492881589704e-01
3.270344424772015923e-01
1.340272491150929224e-01
3.056212746435694738e-01
1.079453277907710118e-01
1.012975842751281247e-01
2.644891660291221469e-01
1.465925248498259614e-01
3.076632254897790908e-01
2.888682248070689185e-01
1.358113891615172764e-01
2.831491832224148908e-01
1.229630074909538878e-01
2.013922705188557205e-01
1.985151571016348371e-01
2.442544804102348421e-01
2.732860241455026817e-01
3.393829726527846646e-01
1.671517221034649892e-01
5.429611595244810546e-02
2.093330672550113569e-01
1.819643420749341711e-01
3.066289705029774382e-01
7.176379141425048847e-02
2.932964876280114153e-01
2.459450354395839589e-01
1.130124497702210407e-01
2.937734118057122590e-01
9.714866604884311863e-02
2.046351142046981264e-01
2.564520226480315190e-01
2.336300757856384358e-01
1.750197206570115183e-01
2.468722897764445423e-01
2.574277734026745867e-01
2.593449017073248819e-01
2.450702762375592536e-01
2.809349933702847135e-01
2.914714902113111905e-01
3.403929738245031200e-01
1.072039976713939496e-01
1.602466287078103402e-01
1.827475918791197085e-01
2.644370444018584454e-01
3.030262856081074596e-01
3.342161059891379238e-01
7.619487058367437060e-02
6.049353200595065233e-02
1.775380271000950305e-01
1.209316840683758304e-01
1.710457346125384970e-01
3.304408401340964141e-01
8.777703685011273294e-02
6.763447353193929867e-02
9.558351829226781338e-02
2.975678409706721261e-01
9.934763588654613176e-02
2.889037956744484603e-01
2.616236207318928808e-01
2.923072464571178641e-01
2.251273170177286176e-01
3.251418988590523140e-01
2.658333578848799950e-01
1.422164863893428943e-01
1.090832181686244851e-01
2.560120659904425722e-01
1.146711428788148857e-01
1.162031713917568709e-01
9.681643417135381291e-02
8.611819051820505944e-02
3.399781489843003990e-01
2.655835521806542698e-01
1.274338016077936342e-01
1.461868819241428918e-01
2.160395677763850830e-01
2.309048602267676775e-01
2.367759301617475554e-01
1.664891394172933192e-01
2.625493985570616085e-01
8.891718787094479715e-02
1.483724063096098500e-01
3.449354371438290712e-01
1.371337898409291378e-01
1.053780963210043525e-01
2.698846763766007961e-01
2.507265568109848242e-01
6.939594785074656991e-02
1.059537018678718412e-01
9.156785596149454032e-02
1.033825264132210431e-01
1.113276450732144790e-01
8.880678258117102875e-02
3.132573692159891787e-01
9.955714073580754220e-02
2.608403664032787894e-01
2.813800871466140552e-01
2.311395632979177106e-01
2.123482428366679498e-01
1.506717910745289934e-01
8.830457750425084462e-02
2.913788314105333899e-01
2.224726917949501892e-01
1.957356247178587971e-01
2.395850810114458773e-01
3.101156498888495983e-01
3.463672491397031261e-01
1.598502326935216378e-01
3.142812998872772656e-01
3.463321340061509823e-01
2.774472774309201806e-01
1.106560200151267409e-01
3.021068913602957262e-01
2.385558370029504660e-01
