1.556287572830858945e-01
1.139377039699856070e-01
2.735630692904330585e-01
1.319742762536549874e-01
1.536103253595161311e-01
2.537361087374556123e-01
1.359679044465875453e-01
2.651801100265345212e-01
1.065272869771857062e-01
1.529928010157900475e-01
2.972904074359288273e-01
1.856682840629701181e-01
3.312417727965838998e-01
2.633852371727898878e-01
1.182492527395514886e-01
2.674006734220834569e-01
2.320378957063894410e-01
2.547774545513560585e-02
3.243937273170221514e-01
1.348097177439622207e-01
1.229672412418093969e-01
1.403292961672029104e-01
2.594712760837693533e-01
1.863515587809859708e-01
2.652946563777041633e-01
1.653926689105329473e-01
1.106627092478692648e-01
2.925714874788954423e-01
2.364870753452642249e-01
7.257432226845064727e-02
3.346016525991536983e-01
1.874561947010384144e-01
2.117391953609160105e-01
2.705099626917578104e-01
2.885700554346440350e-01
5.378658301870621085e-03
3.275275693969978419e-01
1.370919022781168506e-01
1.344292616451674138e-01
3.305561097395847692e-01
1.861476425226712694e-01
2.688201817025384077e-01
2.649601995841082691e-01
3.039744293346104409e-01
1.692995720563771622e-01
1.599459006680278572e-01
2.931700071071364211e-01
1.218433708670567661e-01
1.518506442535020318e-01
2.129240970300671221e-01
2.385533904776423464e-01
3.251839348843501010e-01
1.938281818364494813e-01
1.831619228241477271e-01
2.890304779328939921e-01
3.044714501201238877e-01
2.627074601469184811e-01
1.229254276230390269e-01
2.421328145971000656e-01
2.662385546343919995e-01
2.014777501401359694e-01
2.439516596727125952e-01
2.786732787207417128e-01
3.279745327852257586e-01
2.691174049942618995e-01
3.351653791248490610e-01
2.738537634212436789e-01
2.922271358193671564e-01
1.290864631128728901e-01
2.989923166694738454e-01
1.353507413519947356e-01
2.447981901272626992e-01
1.590828113948458133e-01
1.206808467855020328e-01
2.167608191024438524e-01
2.274423200636443987e-01
3.308700562603179574e-01
1.823421542422926922e-01
3.485031074853267019e-01
2.314143464748172618e-01
3.238657008625567824e-01
1.250931484173391783e-01
1.038494271274335162e-01
2.212328515831431253e-02
6.824505792217085143e-03
9.207595425188096205e-02
3.002342799052493127e-01
3.018091380955860159e-01
1.220663331575092408e-01
1.172158681187696616e-01
3.397700736224276707e-01
1.372324265835961343e-01
2.287472175183016543e-01
1.169077618469102214e-01
3.144519900678988122e-01
1.444465039313367893e-01
1.780181244008375574e-01
3.247824516020944019e-01
2.410215075312800159e-01
2.317672753580616307e-01
2.271585339428620065e-01
2.510562705430823272e-01
1.972502907405402350e-01
2.895930247059764762e-01
1.184567668558566961e-01
3.382401790511558315e-01
3.476515592759035211e-01
1.298024366024259080e-01
2.326739575731318066e-01
1.115696399401570754e-01
1.258832234834299513e-01
1.071931782045354442e-01
1.427109122897742000e-01
3.146748293075155023e-01
1.521656802836115485e-01
3.239158400046645014e-01
2.452499882119851815e-01
3.257560126605172357e-01
1.799958380618407738e-01
2.909796255649224062e-01
1.001611524942249004e-01
2.164353059090775855e-01
2.039156451649150881e-01
3.017261117603539100e-01
1.373873996194127922e-01
1.596903650259546004e-01
1.370514966961703385e-01
2.772028956137173039e-01
2.270696413894527921e-01
2.675267243544300899e-01
1.792559191710341726e-01
2.917979853696782144e-01
2.956436604670356627e-01
1.293826480075964125e-01
1.481120324210785377e-01
3.405361342988091899e-03
1.145738459455273583e-01
2.238701149158164594e-01
1.349710285542658761e-01
3.094397076912218658e-01
3.077020674112191934e-01
2.960466586763080277e-01
2.935848400991977747e-01
1.118952096581012218e-01
3.326142604305426520e-01
2.123504749600217123e-01
1.393341307580893140e-01
2.878324057607776210e-01
1.622850802323537178e-01
3.274434077408995281e-01
2.846976435243713244e-01
2.507381807143724273e-01
2.846866786060809895e-01
1.369195660802942360e-01
2.234824426739304981e-01
2.788260578359642028e-01
2.293589097606786587e-01
1.247713208108861410e-01
1.493504809579703219e-01
2.587100721674833737e-01
2.730749013977001871e-01
7.532353682469898615e-02
2.797176339860957262e-01
1.857093912662506896e-01
1.666725597709342310e-01
1.411595214242585550e-01
1.874286219452864777e-01
2.205785775554827965e-01
1.680320552547523993e-01
1.238667253646757171e-01
7.310412610298804015e-02
2.228752506896773400e-01
8.930777605820221232e-02
2.039672917850050837e-01
1.233927389345843700e-01
2.989738819420956761e-01
3.467945618265571017e-01
1.311409263392787072e-01
3.302893114043067291e-01
2.558551278061787504e-01
6.682112381113811117e-02
2.658033044580298543e-01
2.178022581248703904e-01
1.351720937222343488e-01
1.792470961312100375e-01
1.362625648849591364e-01
1.026138218157508358e-01
1.352809095414619356e-01
1.878685628940094388e-01
1.058052039402451322e-01
2.626276465408052818e-01
1.429000340346985032e-01
9.585263596719786894e-02
3.323943859916965171e-01
1.329823021180857323e-01
8.610386929309647719e-02
1.254088594817741042e-01
1.987481960615236354e-01
8.245794652284592352e-02
2.081900422054225874e-01
2.704863761319076798e-01
3.187332531073666098e-01
2.875457140358029240e-01
2.127224350382120321e-01
1.105481250777960167e-01
1.522571777709034735e-01
3.039356738349769382e-01
3.257320483124735988e-01
2.790774548577467096e-01
2.963249537895027985e-01
1.222853513055865010e-01
2.479130431052779804e-01
8.208078127815461589e-02
1.761127155272017852e-01
1.237322256262398112e-01
1.836028486911823465e-01
3.371740575209277169e-01
3.200703213146521842e-01
1.591447315361860515e-01
2.889690794833275067e-01
2.435069013845178598e-01
3.392206227964654763e-01
7.854572327382400299e-02
2.692806774663251690e-01
1.134994312953590684e-01
1.016939507246083368e-01
3.065292396551295151e-01
3.050033885491215679e-01
3.004501407239278388e-01
1.924257609707723526e-01
3.004862998262792795e-01
2.612581303426412815e-01
2.631951705511846873e-01
2.060639132382544314e-01
2.140349507012080654e-01
1.815217974972605508e-01
3.139716730593081206e-01
1.861695621578182414e-01
7.207315375339332260e-04
1.111894943221927307e-01
1.414623031968122446e-01
8.921515194249100833e-02
3.117049799142138644e-01
1.756181280345000262e-01
8.567485896264101508e-02
3.302324824827823635e-01
2.298182910465748074e-01
1.534736517088768071e-01
1.774100246107542314e-02
3.012170200988129598e-01
1.091969033441730769e-01
2.731718963542982825e-01
2.449453448463380645e-01
3.206166303649000127e-01
2.715427762495631336e-01
2.123251305183623261e-01
2.251478991764960802e-01
2.029322815153788706e-01
9.967859228533866578e-02
1.418378803214767891e-01
2.426191297955908321e-01
1.262507180665167206e-01
1.495051482219924843e-01
2.368053504322278069e-01
3.081263012831096937e-01
2.126947852790974924e-01
9.296449841070188180e-02
2.362945193949261280e-01
2.562327837161805788e-01
1.121449917502174709e-01
1.424971939766631057e-01
1.692596962682436368e-01
3.202582685830064335e-01
2.589605702487658978e-01
1.444022802665903549e-01
3.256548631390288051e-01
1.339419752398670616e-01
2.488587063411857037e-01
1.103908228490208948e-01
1.718598843475889759e-01
1.254483165074408435e-01
1.610616986738363787e-01
1.436624706375864702e-01
3.102180542214268422e-01
2.820353602049562314e-01
2.763257780959226806e-01
2.720212698825520414e-01
1.168977340160708284e-01
1.515010018585045970e-01
2.122844479411881147e-01
2.231812149239803533e-01
1.454604695295869665e-01
1.435961684969773722e-01
1.698562773590511221e-01
1.627782390557661885e-01
1.912704335955942025e-01
2.817954911623120062e-01
1.424675142395182836e-01
9.409999424694041881e-02
6.762417451594492090e-02
3.440147934266606367e-01
1.670589964099852553e-01
9.736769833420272358e-02
2.268020742465100825e-01
1.461836846674519075e-01
2.081540571448257937e-01
1.900355179854160692e-01
1.897731158919442607e-01
7.213027192529153364e-02
2.269132327651868786e-01
1.945514694177902237e-01
2.079924627274973015e-01
1.086452610380668621e-01
1.417978668985428459e-01
1.356031386376061743e-01
1.312363871953277361e-01
1.763114567991472259e-01
3.048130820752830705e-01
2.295866667899211233e-01
2.745820151420249600e-01
7.787108080222478190e-02
1.711101945643990485e-01
1.323077319953330777e-01
1.238291357239513224e-01
2.202810503583521040e-01
1.690980822978664366e-01
3.060175858886076128e-01
3.275314564725181343e-01
1.208386023774725287e-01
2.461373781593680365e-01
2.300527348350121515e-01
2.681215240503418973e-01
2.679521067121990452e-01
2.667138926838401036e-01
6.980764616901198594e-02
1.071312183884625818e-01
1.403589656241487071e-01
1.975312077155845503e-01
1.270670102834699777e-01
1.857738679293720330e-01
1.128169530096594375e-01
1.966378421147164934e-01
1.993684537764018050e-01
3.089598248423028881e-01
1.066099495789227108e-01
2.357430371828067583e-01
1.103056598917160069e-01
1.190471454594944634e-01
1.574242335843965557e-01
2.547005263372053574e-01
1.298308028764680322e-01
1.217769973870464761e-01
1.554039161746532394e-01
2.685711759772428375e-01
9.943088502333077838e-02
2.091665980954926507e-01
2.435992118278135776e-01
3.260011636705993920e-01
2.681375838790137633e-01
3.187409870363723807e-01
8.814581994159131906e-02
2.149890098134811800e-01
3.036581536114031366e-01
1.421088679735293403e-01
1.749443976103071119e-01
1.730898390171678736e-01
2.588600180834855768e-01
1.154218318251570147e-01
3.052866851748249344e-01
2.399748806420669844e-01
2.664715398244293931e-01
2.510261852161334017e-01
2.678817901756656572e-01
3.194498916101438657e-01
2.314363484821979622e-01
2.425267335118244383e-01
2.639602467121614504e-01
1.957912602365538268e-01
6.401146424417776537e-02
2.924485296760669928e-01
1.669871807827746080e-01
8.717326718318202383e-02
1.276494713534551129e-01
1.949383360658465680e-01
1.510777103342806071e-01
1.121171328070984796e-01
1.017086967528115782e-01
2.785237125482408760e-01
1.453452711371465422e-01
1.274592995471097723e-01
6.814420710544508153e-02
2.539533076750512541e-01
1.351388818532664460e-01
3.489565642493493991e-01
2.018325318519528788e-01
2.995690179543329945e-01
1.922856360784927776e-01
2.355210980306251256e-01
1.897448370320174993e-01
2.524853748084484040e-01
1.383938297748622814e-01
2.327471041910447458e-01
2.020586846661365232e-01
2.810473488546660348e-01
1.249428757436747278e-01
2.989930188611465978e-01
1.342347579943612979e-01
2.310841514178266776e-01
1.078004088974000435e-01
1.328932229182454849e-01
2.234072406704454006e-01
2.556013062417282211e-01
2.519924579973102929e-01
2.912547490759312963e-01
2.883761853050118562e-01
1.376927626945657068e-01
2.935547505589733430e-01
1.304551900931597008e-01
2.382533397552205889e-01
2.949649952506238071e-01
1.079186390244305516e-01
1.758036296903857931e-01
3.134686402609314637e-01
1.855823847592795450e-01
8.702705483442511880e-02
2.026126076499228934e-01
9.295284124640276757e-02
1.278723950814386612e-01
3.308904266449638754e-01
9.911452168681844643e-02
2.790753424147754957e-01
8.682065743883875253e-02
2.257817782769245829e-01
2.268299666114760027e-01
2.225274959133893005e-01
2.849253883948670851e-01
2.835087529210981727e-01
2.711517618664399665e-01
3.176605546821945625e-01
3.437208123617522815e-01
8.659282949910164506e-02
3.064499357469682717e-01
1.379008041285599007e-01
2.092872486330241699e-01
1.542600652372882464e-01
2.668224107782624088e-01
3.166808376602645581e-01
1.819106103751134129e-01
3.117176083639708883e-01
2.993541193333739692e-01
2.243413277804044981e-01
1.442248251588496566e-01
2.712607282058323577e-01
1.841000972462305818e-01
1.541510579284231242e-01
3.440219867789711117e-01
3.447303541175966157e-01
2.789574569149775307e-01
1.035873456039905077e-01
2.420457786914552989e-01
1.966967182854307550e-01
3.436256923122327778e-01
3.441749155109465885e-01
2.320710354244064078e-01
1.433141082611615880e-01
2.577458941616486143e-01
1.141471453414465015e-01
2.518833482845411198e-01
3.101941928635739143e-01
3.238221833242662662e-01
2.649653431830010786e-01
2.805599238610698154e-01
2.339266838022831807e-01
1.231728213256856053e-01
1.013064164079879037e-01
1.852614625223576172e-01
1.468193748062648629e-01
2.140889391872205505e-01
1.102253333859735257e-01
2.667866017076997442e-01
2.050535468123635408e-01
3.137870142396022022e-01
2.926103559062550596e-01
3.061293157680453070e-01
1.355136508024787356e-01
2.647921730613403968e-01
1.464168348798473018e-01
3.255720326868735137e-01
7.113282619583584376e-02
2.242009554436244778e-01
3.045888482900504513e-01
1.226886929270748633e-01
2.317873292267312590e-01
1.353247367259347855e-01
2.402880054171031843e-01
2.366715717939763541e-01
1.900788649461875590e-01
9.525577169285386059e-02
1.394191030672791431e-01
3.464656149831831233e-01
2.778476115385699052e-01
2.780516590144724853e-01
2.187502762118789974e-03
3.087222978104874338e-01
1.761691621908140770e-01
1.694082220210206269e-01
3.209641779405194018e-01
1.174791269657268628e-01
1.990492708628372465e-01
3.262696821322961793e-01
2.398746244576471232e-01
2.486934228976209749e-01
2.720323922080671863e-01
1.012845103975759803e-01
1.290195717521244456e-01
2.721704319510920289e-01
2.370464499074491083e-01
3.236001463113478138e-01
1.125429869414734385e-01
2.606999071465997408e-01
7.669902112125445703e-02
2.598014834368022052e-01
1.724749461499652525e-01
1.783276625356892686e-01
2.038298644071308285e-01
1.211191834071954909e-01
1.209021089167091334e-01
2.679800502375180860e-01
2.863130748518468716e-01
3.162647871456804594e-01
2.965213311505600635e-01
2.531586945335674299e-01
7.561408844040656829e-02
1.670556960667892166e-01
3.278079920890898946e-01
2.889925088218454063e-01
2.519131747979930225e-01
2.628305412386438000e-01
2.654531462086544003e-01
1.232680603438249117e-01
3.380590647143931204e-01
3.486416014894397342e-01
2.511170026345120876e-01
1.047108941312015207e-01
3.350639897848305404e-01
1.242954841682914480e-01
1.768728128249078824e-01
1.918289326611604118e-01
9.630787541867595614e-02
1.622324039774669380e-01
2.209626084357151632e-01
2.830217785262599817e-01
2.015041573638241545e-01
2.146298563208319798e-01
3.039349863588056699e-01
1.122383248392861410e-01
1.136860920925073654e-01
1.018312618788519280e-01
1.761252797002248183e-01
1.547033843680632459e-01
2.498692226214321299e-01
2.834339189705578077e-01
1.769344196609190512e-01
2.737616506971689567e-01
2.639680910265557179e-01
2.378553769098690207e-01
2.160379834338370386e-01
8.480401838129762726e-02
2.614597235704449463e-01
2.952160981825437958e-01
2.663605420911458466e-01
3.411500711134912156e-01
1.057876105796051874e-01
1.774657800262394725e-01
1.928101643437656332e-01
3.320164978040549553e-01
1.071178951083777559e-01
2.761870783052111644e-01
2.751694253298608284e-01
1.826721145787111589e-01
2.052009894871241746e-01
1.322601981126224069e-01
1.388305622407200179e-01
2.191996103503573989e-01
1.244882398412297808e-01
1.654537270102348356e-01
9.916480528478512080e-02
1.551116097221401924e-01
1.411829196240971251e-01
2.266866775769895148e-01
3.457416376945999237e-01
2.720753347710269110e-01
2.895506889385759397e-01
3.313697462185161147e-01
1.878774707089553853e-01
1.915124858184764078e-01
3.336051702894931026e-01
2.097005177856908487e-01
2.588534957746055909e-01
2.493843559578878266e-01
1.225410251603377271e-01
3.192947575461784759e-01
2.921497800210021700e-01
2.854138641065510629e-01
2.196040134205680949e-01
2.269958502812381984e-01
2.136845700246698676e-01
1.556195091128948216e-01
9.848630841229087662e-02
1.477472300493904434e-01
2.324236569629992977e-01
1.704846406467454833e-01
2.711193723469559891e-01
8.854340140320789143e-02
1.111608415980122333e-01
3.195366825970780700e-01
1.121347549438878460e-01
2.573878099831046207e-01
1.343778616305154883e-01
2.793688394316348744e-01
1.773035349208988698e-01
1.439423427721563675e-01
2.243500710491063699e-01
3.096093546519659845e-01
1.550226893936430816e-01
2.493836182047839967e-01
1.872378942092516874e-01
2.393461153445488876e-01
1.550912978903765393e-01
2.548638649601761563e-01
2.757802842062019866e-01
1.342710909005671027e-01
5.889764041962892993e-02
3.305489089251597012e-01
1.459093292435996170e-01
8.522973960612970079e-02
3.415100480242874159e-01
1.544370420375361930e-01
1.967455026014056918e-01
1.795346264487573673e-01
2.646944350859583572e-01
1.966927693840302416e-01
1.255393712730473454e-01
2.608627657294875224e-01
1.414167659605915783e-01
1.124198965339380796e-01
2.704044039335025129e-01
7.564034714714407137e-02
1.564795463262536601e-01
2.463514880922347827e-01
1.913673345818846516e-01
1.597036330651154801e-01
1.375891157778376672e-01
3.493274992632623976e-01
8.741691353871600123e-02
8.792219343595997216e-02
2.655449263727800990e-01
2.954536871759052552e-01
3.213819329613077369e-01
9.291048318242620119e-02
9.817376501408588141e-02
8.678406712665924505e-02
2.104469746526426988e-01
1.797236104853671967e-01
2.619070489827911019e-01
3.015965808945976767e-01
3.132929107805638713e-01
1.915634989422808909e-01
3.034689424733718055e-01
1.143268199421031417e-01
2.163752345730969584e-01
3.117186320560749180e-01
2.304502637794964559e-01
3.049387820321788345e-01
8.399797902457842302e-02
2.061081080834577806e-01
3.345901109276114282e-01
2.214652637918003986e-01
2.785733308540044861e-01
3.309881566980852896e-01
8.094368479989391685e-02
2.556451895902723259e-01
2.656559766358215224e-01
1.854974273102253934e-01
2.506485297093346554e-01
1.353498193185461163e-01
2.333910187108305667e-01
6.525020017945362683e-02
6.542178188491527824e-02
2.500364049285817569e-01
1.740526850131888792e-01
2.675376980726587028e-01
1.488620305850433534e-01
2.983292987035515709e-01
2.191709735522015812e-01
2.562519898299924215e-01
1.596015251135831370e-01
2.087996721610615725e-01
1.353813463533998507e-01
1.393624379319706175e-01
1.177576672163710009e-01
2.391846155391394169e-01
1.960581506718650779e-01
1.478684323085911190e-01
2.508103357724926208e-01
1.892398007025194728e-01
2.450702827085311508e-01
2.513093632095120822e-01
3.300122400333380113e-01
1.009983325928553305e-01
2.746625161814351124e-01
1.996688058758064599e-01
1.605288471291240193e-01
1.032205306357185798e-01
1.699800412796677873e-01
2.675632100494127474e-01
3.300207649803754695e-01
3.323626592323264406e-01
2.868885101167347185e-01
2.063739610875609531e-01
2.902505436440441788e-01
9.085707534595431666e-04
1.767286603406453827e-01
1.251984623513937300e-01
9.024836668979246967e-02
3.482664998674263046e-01
2.866797151403641108e-01
1.119253984515174299e-01
2.126311796501472173e-01
1.643518914607170200e-01
3.067859990300290662e-01
1.405039169893240458e-01
1.738472843162449932e-01
1.429323350525523451e-01
1.357642458192357959e-01
2.059618949842229041e-01
1.374759480489833041e-01
1.887384527119201350e-01
2.122976116093273913e-01
1.403233685309043521e-01
2.326255162490074302e-01
1.599783993589277142e-01
1.836790101213378046e-01
2.233899726087124060e-01
1.245650350023577435e-01
2.090207443659574393e-01
2.854191723880885601e-01
1.677064284878902745e-01
3.403545603867890179e-01
2.484304793716058946e-01
1.549730948647657369e-01
3.433974243135132776e-01
2.317119778857014978e-01
1.479970945013151240e-01
2.101129152957158797e-01
7.629336510939255245e-02
1.981166450420824565e-01
1.283818861806285683e-01
1.777666902729629905e-01
2.397830236783380087e-01
2.658017700986859411e-01
1.820981889174691781e-01
2.274198409912500940e-01
3.227878593647875438e-01
1.024363002344990808e-01
8.578103157888658514e-02
3.273838179308502516e-01
3.279831352831106273e-01
1.093042294526181540e-01
2.565117148101858091e-01
1.527896205585317080e-01
1.135455087703113597e-01
2.002620300769077932e-01
2.449942196579788789e-01
3.058906114394365772e-01
9.487642257045734995e-02
1.664190705605920750e-01
1.421122195858142978e-01
9.506120970319498209e-02
1.094708176135665706e-01
2.831154133830810493e-01
3.363046217065079335e-01
1.064891705385198756e-01
2.022473701744845476e-01
2.239600126310102857e-01
2.041893951297725496e-01
3.014351416397818006e-01
2.413107016356849377e-01
2.435826955762526724e-01
1.665213392049207930e-01
1.952682030984175254e-01
1.564134945740978666e-01
2.008728178890788751e-01
3.071358119295607980e-01
3.094961368989562756e-01
1.533168291274226158e-01
2.906038546935775790e-01
2.579500088800442681e-01
1.691495865798793019e-01
2.456736768452328079e-01
1.082795713351579203e-01
8.455190696287036289e-02
2.381715619290175057e-01
3.221680682252154870e-01
9.650887059411378255e-02
1.358702028464847111e-01
8.376072834017353475e-02
3.322127903857763354e-01
3.277245068618383494e-01
1.552612092392476051e-01
8.908366244379375964e-02
2.955119131890274753e-01
1.791526069212640015e-01
2.441476576342792026e-01
1.626883230730642171e-01
1.654256748569020996e-01
9.043525899520010736e-02
2.770373186571379875e-01
2.080325139496275455e-01
3.202224748384991937e-01
3.268111822901972885e-01
2.943886138894840077e-01
2.642536822130049368e-01
2.110753472125934116e-01
1.619130545108613262e-01
2.379747318136726519e-01
1.159349958244822315e-01
3.116700952412939096e-01
2.485970302219519257e-01
2.470166767538793939e-01
2.304301117087564632e-01
1.645750439719061431e-01
1.079340674463994398e-01
2.863979216673149253e-01
2.518838638224055737e-01
9.725338419295502523e-02
2.063117775465546366e-01
1.057267347699738652e-01
6.632996736293435280e-02
3.376099108864633047e-01
2.831847223609216258e-01
2.667488204487867831e-01
1.616986013358513441e-01
1.227877940191591105e-01
1.239544478097643898e-01
1.673244400555990441e-01
2.073755955298215436e-01
1.593338529663680114e-01
2.638611584328775517e-01
2.718101720789945497e-01
2.492350476891673217e-01
2.694384970811574131e-01
1.476410703860187024e-01
2.593090368158648684e-01
1.573356631716211484e-01
1.989590614714040195e-01
2.194116328829582574e-01
1.614855861757938937e-01
2.237176344001970130e-01
3.161459705004965315e-01
2.741886976235453632e-01
1.993554531658806306e-01
3.446820786452472474e-01
3.254877024244263173e-01
2.713373378582110695e-01
8.225898104298519364e-02
1.128999470987903653e-01
1.062931327940003640e-01
1.896952930418145666e-01
7.382591004043072280e-02
2.152892155290008769e-01
1.952716165639869494e-01
1.013642266473241960e-01
1.378131479913437540e-01
7.840901117243760654e-02
1.121206366223273659e-01
2.108529541808903673e-01
1.576182232424653551e-01
2.845073572571024112e-01
1.218515612073356735e-01
2.576114726710342917e-01
2.828248526190214052e-01
3.448187457226266073e-01
3.202442620358619263e-01
6.489343959282573016e-02
3.216749232021313687e-01
2.666252285125977339e-01
2.422506302902370512e-01
2.352582440367934902e-01
3.059176750181912263e-01
3.289179195755420615e-01
1.672543491320964415e-01
1.806484423174968545e-01
1.690612940693747290e-01
1.669125187643669683e-01
1.102207465947289688e-01
1.604756911501142858e-01
1.351184997346434880e-01
1.698026844780526068e-01
3.346886571260444532e-01
7.715409648730647829e-02
1.021938008321160024e-01
2.061195141869973380e-01
2.484832606049170722e-01
2.814861275598491974e-01
1.240284296734908559e-01
1.017456578122945127e-01
1.454284164892367948e-01
1.866485339494279583e-01
9.071053814882330812e-02
3.469583032968955316e-01
2.002196934516055349e-01
1.046565738964022885e-01
1.705620505152004862e-01
1.858022444255697792e-01
2.614478401034121546e-01
3.398673344883910152e-01
1.383213883989345139e-01
3.168725434151076770e-01
3.234405070898567214e-01
3.229801843931985328e-01
1.162074449652197305e-01
7.835244559108740792e-02
1.458977993193938671e-01
2.188018574095620117e-01
2.479172063852577157e-01
1.902201289642905802e-01
3.325894944189485281e-01
3.366809772795695266e-01
2.099530859463751287e-01
2.855126419036539964e-01
1.530644442461122079e-01
1.212100669863768326e-01
1.142475489554468510e-01
1.123776690146304352e-01
1.874432389116545417e-01
1.861591748988325468e-01
2.350498821216242540e-01
2.295750510622349971e-01
1.028992203698692598e-01
1.147830198804628971e-01
1.550677707681956397e-01
3.031520993713218703e-01
1.316049234961657322e-01
2.010866356374409192e-01
3.308191854462460002e-01
2.812559649111770477e-01
1.531584555826985827e-01
2.847087784563712698e-01
1.177943595617718248e-01
2.994346714843944546e-01
2.460617108846984147e-01
3.125165590265844284e-01
2.445090733402330019e-01
2.359176774074374650e-01
1.317747489573609931e-01
2.767876981203425402e-01
1.914469990986969739e-01
2.804830926764956822e-01
1.607883365933378550e-01
1.251732822914973786e-01
1.330604189785872526e-01
2.448697131342067734e-01
1.177589141901259767e-01
2.883558539821683420e-01
1.695288695516873889e-01
2.797081899860721088e-01
1.503558014405487475e-01
1.289814042795864313e-01
1.116659539044265875e-01
1.598601419683351732e-01
1.726237666449984276e-01
3.021572129542431373e-01
1.281157127624224790e-01
2.810824905952897246e-01
3.124021367676156347e-01
1.306213327387740208e-01
2.029310652380493241e-01
2.897796233273793876e-01
2.317247208198533470e-01
2.145070185241753358e-01
1.561731137805933700e-01
3.353684863431259378e-01
2.275518305347190573e-01
1.254180010470850593e-01
2.669219427380524201e-01
2.366776143031094348e-01
2.283338917576027693e-01
1.298851236876619741e-01
1.217759804637621873e-01
3.400124539934301637e-01
6.740588757776710960e-02
7.761472398046780075e-02
3.039777536568991634e-01
6.517284498553749250e-02
3.055599261614939111e-01
2.549345834278478051e-01
1.274096452100319521e-01
1.210032124935324915e-01
2.009893911305887793e-01
