5.795400779348231640e-02
5.358125184307120648e-02
3.415489713117649262e-01
2.611384836039384871e-01
1.252585785165286625e-01
6.643016987014956076e-02
3.373467547432578706e-01
1.833670096462342580e-01
1.213394770760839458e-01
1.284988170276333552e-01
3.060187787553553251e-01
3.527447577985813321e-01
1.098586783342850454e-01
3.762640021490997605e-02
1.850982826279758409e-01
1.404492638543533289e-01
1.574848464016334881e-01
1.536291767246357465e-02
1.387905882413530481e-02
3.174337088468642265e-01
4.400165381919691338e-02
2.315609381842420045e-01
2.222407474687612960e-01
1.413326947434714598e-01
1.646931364602362835e-01
1.360424414221750589e-01
2.893356252360324010e-01
2.579912443034647063e-01
2.288246002963109649e-01
3.395329937765212969e-01
2.037156903441337263e-01
2.545099899366216056e-01
2.839981514558896358e-01
3.006924543799741056e-01
3.497226155825158833e-01
1.503679868393766883e-01
2.128313233920751113e-01
1.426566367583470274e-01
1.442486766131108322e-01
1.976636815548443726e-01
1.158658410053811511e-01
1.066332407635148111e-01
2.190537885906417570e-01
2.719535952124690903e-01
6.486232989649044767e-02
1.898629546633096854e-01
8.614422415069054872e-02
1.665438624721941596e-01
1.118594677051231862e-01
1.264609416785715812e-01
1.675434611210273594e-01
1.938811614936974126e-01
2.990143424888415669e-01
1.522607902933685864e-01
1.378309019679409275e-01
1.993117246377279217e-01
2.928084860320741556e-01
1.975356263580750060e-01
1.522729939754237372e-01
2.111438630919627302e-01
5.622427890266411266e-02
2.175441310104081205e-01
1.172960636471227780e-01
1.274783218628701975e-01
1.045520184520840890e-01
4.225090006005877141e-02
9.700681943911913796e-02
2.358721078926503678e-01
8.761001161986363157e-04
1.178279993665424380e-01
2.122353082270570790e-01
1.361236757033379152e-01
2.665652122353880937e-01
2.622224938697041985e-01
9.691124293296429770e-02
2.875041568163235750e-01
1.476117422729607276e-01
1.795034014176482007e-01
1.323822194941914610e-01
2.819006022809457113e-01
3.110262913591058664e-01
1.536636074664742280e-01
1.761423032892080187e-01
2.689076146773064502e-01
1.081430808457371495e-01
2.248302943328211179e-01
2.868217700595970254e-01
1.890935082903532904e-01
2.958369146422027418e-01
2.424366284553337303e-01
2.642042250794608416e-01
3.010297106964465175e-01
3.469689417307267876e-01
1.508179687072526143e-01
1.036974911421534168e-01
1.362531798719479048e-01
2.100620586038492998e-01
3.377108635725833419e-01
1.435781747621200088e-01
2.670139167627834653e-01
2.589186826223461302e-01
1.799451627859778302e-01
2.523783313134086437e-01
2.480043460890106188e-01
1.256275670838355174e-01
2.134607113061279260e-01
1.432366765193250069e-01
8.186622819565199383e-02
2.729962202019495243e-01
1.379033349844603629e-01
2.781898337061856560e-02
8.419678162887175854e-02
1.779378604783970474e-01
1.860241674599082407e-01
1.717581101383274245e-01
1.549645426996555941e-01
3.298096307912879999e-01
1.163587880283626086e-01
3.350640423856057759e-01
1.423764437501579549e-01
2.205218284857272393e-01
1.003149856377679727e-01
1.111199703205330153e-01
2.045558880689259396e-01
3.563698793166882040e-02
1.766451283159673202e-01
2.319429512907374979e-01
2.119556483226773813e-01
2.968870272196823534e-01
1.603240648309613992e-01
3.147165081026017108e-01
2.084334835283294940e-01
3.083400266462369976e-01
1.599335867406442846e-01
1.547899174331777428e-01
1.230957677802060335e-01
2.603178245778323130e-01
1.461632337502717094e-01
1.460118211464675742e-01
1.718701343573435236e-01
2.519227711982915396e-01
2.410551739691015882e-01
1.799733207789486200e-02
1.956229214974170849e-01
1.825307899548187784e-01
3.349124261153574311e-01
1.171705644437912031e-01
2.521047287482990340e-01
3.524801990696209697e-01
2.061309048160871737e-01
1.445492843053007292e-01
1.857382093982163085e-01
2.386631794427237219e-01
3.198649903677031059e-01
3.020101624063618595e-01
1.711594320419739801e-01
1.712027783664102076e-01
1.334453127621596236e-01
1.162884950458775851e-01
2.439368621633003498e-01
1.122405214668978773e-01
1.654361939432550943e-01
2.285632009877977544e-01
3.211017238554538800e-01
1.547124058102587610e-03
3.115596894152599106e-01
2.812497552299206283e-01
3.344217997517487939e-01
2.346583765649128961e-01
2.746117633299118843e-01
2.415928796492800290e-01
1.711439593109300439e-01
1.183015168815678836e-01
7.667761134777920096e-02
3.472253566743704889e-01
1.889511706584964534e-01
2.213250323514318052e-01
2.599211610051736510e-01
3.246886362009120952e-01
9.499346512026446421e-02
2.593071685149042627e-01
2.109636644088622726e-01
3.233969128509491253e-01
1.158691562562413901e-01
7.059050965708488223e-02
1.690823204956369008e-01
1.608374644426991684e-01
2.709703285729800903e-01
3.035887974310441662e-01
1.491766100496904612e-01
2.430013324995998758e-01
1.661720374830923386e-01
3.485923506541452888e-01
5.557385223294338678e-02
6.190591823311984709e-02
2.242346206248713170e-01
1.467841540699345859e-01
3.162193237364913090e-01
1.584430883401737322e-01
1.836695965488084892e-01
2.378282619106793505e-01
1.113213805604792023e-01
1.494612142628392037e-01
6.235076219354396265e-02
1.768161336602233624e-01
2.950618939185689071e-01
1.901186299628581100e-01
3.443758302235339630e-01
1.368813094898140015e-01
1.065703160148086664e-01
2.971010793350458146e-01
1.276858299026504273e-01
2.643932058327996826e-01
2.586119140929891633e-02
1.934791080579519873e-01
1.700343908681695715e-01
1.385025421816142299e-01
3.295623179699574412e-01
1.265092314965625409e-01
1.974652704881275922e-01
1.578347432345181267e-01
2.670223679844069276e-01
2.058935995806207009e-01
1.433838107980183185e-01
2.262988788138435292e-01
1.370571426216503075e-01
8.801629919060315055e-02
1.798094684697673917e-01
1.751893792155811702e-01
2.661964936020159711e-01
2.598050248922685324e-01
2.042258350847953874e-01
3.505235442698764192e-01
2.423798942853284122e-01
1.173621948351844108e-01
1.924545806837787698e-01
1.469854937851463039e-01
2.398499726573654345e-01
1.341977631495653300e-01
2.039137937007511336e-01
1.943009862738746540e-01
1.186701114006525615e-01
1.880238534805964423e-01
3.310708595783918295e-01
3.202606748834885830e-01
2.165558220859316318e-01
2.178461010611292270e-01
1.616260325354207383e-01
1.557972272160687288e-01
2.094638718763570384e-01
3.344057494013160103e-01
2.240009180650898712e-01
1.987505078773522948e-01
1.497441792060941190e-01
1.487902633280104581e-01
1.937936634951138992e-01
1.290856921961831549e-01
2.578413707458301896e-01
1.162217548085031985e-02
2.676670808503087695e-01
1.773457300492909117e-01
3.316046637337487502e-01
1.874784903383708012e-01
1.338567631937626068e-01
3.432386674082593681e-01
2.590965069705724599e-01
1.686387195791751517e-02
2.320820552012194671e-01
2.576258078285948994e-01
8.060685268793643665e-02
1.825357655681019431e-01
1.410015687874839607e-01
1.935817825118989755e-01
2.386800030953997453e-01
1.197874832250512417e-01
1.099533851653306249e-01
1.736316152953037983e-01
2.385131131263423521e-01
1.338686433228485073e-01
2.673578688620653065e-01
2.676417556523658647e-01
1.452326404717732000e-01
2.157041618533769300e-01
2.479422848405218038e-01
1.971323515168895701e-01
1.522207561501665862e-01
2.124478120122127167e-01
1.887780889736380419e-01
3.361591533240310681e-01
2.470771433410770268e-01
8.860276728148082370e-02
1.359651554355703340e-01
1.507646035287562858e-01
1.793872622225640701e-01
2.422859733308717622e-01
2.717922227817085035e-01
1.930293474470081150e-01
1.651371198936883444e-01
2.845110964958826871e-01
2.186314441391498664e-01
1.796103968779475257e-01
2.899656054137047523e-01
2.801451048129293131e-01
2.437387740335471009e-01
1.866980910678149863e-01
2.154460237363615971e-01
1.249337198475612004e-01
1.909576162358030682e-01
2.239823079763808289e-01
1.590586619016391146e-01
3.357236681881726748e-01
2.199414946315676467e-01
3.158938210738984620e-01
2.517101097590010994e-01
1.051833606115652880e-01
2.344109824700849887e-01
3.073654978127403070e-01
2.643013372480221279e-01
2.002289362974609965e-01
1.498607122298927508e-01
2.296735839191948736e-01
2.406095157301147702e-01
1.591603152340675953e-01
2.282348068961669307e-01
3.403128736732587978e-01
2.652583590260646496e-01
2.183949944354737554e-04
1.336938142282415587e-01
2.011330703636975692e-01
8.239885861205430151e-02
2.656306522627673861e-01
3.001190908217659103e-01
1.287085518335218670e-01
3.485703897158933251e-01
3.448437880536908140e-01
1.611203186114356922e-01
1.887628458810427790e-01
1.350753684777009078e-01
3.087040667395242188e-01
1.300843921080705179e-01
1.544338487436882068e-01
1.896212564931153699e-01
3.293135328830403830e-01
2.501354305251188292e-01
2.398695671386058548e-01
1.606385056866662109e-01
1.549513543176814223e-01
3.127814701198632918e-01
2.129256731560215388e-01
2.133716496578359212e-01
1.091330265661723947e-01
2.550396635880883278e-01
2.914031722864801055e-01
1.354350920782970702e-01
1.135731383632341274e-01
1.776656569440358824e-01
1.952976029238862876e-01
2.632326638498573290e-01
2.394190394740174088e-01
1.014177354308345991e-01
2.155960006023978359e-01
1.162465855421515037e-01
2.499230471244978935e-01
3.122815367365868733e-01
2.188839979161431304e-01
1.659618088955554793e-01
1.012823792657623900e-01
2.190417271537689337e-01
2.238643702921271628e-01
1.448422261850290382e-01
3.199756758737127282e-01
7.153826009064009894e-02
3.045153599457994242e-01
1.073818140937517207e-01
2.966897128411430384e-01
2.503396916830938346e-01
3.026617983647866272e-01
1.686699678541888903e-01
1.992073254808686134e-01
3.505890690625340089e-01
2.925332669867580226e-01
2.309968510801249653e-01
1.707295934778492175e-01
2.467976254299404093e-01
3.084740628214550084e-01
1.457570730772507206e-01
2.906403882818147655e-01
2.409717946527803745e-01
1.518324811021810328e-01
2.666780343811999132e-01
3.383252447772895910e-01
1.631741146677326004e-01
1.998534631122333705e-01
2.395339011859372591e-01
9.340457741074131848e-02
2.874671777688249108e-01
3.137446475464193973e-01
6.684680022285965917e-02
2.214638149450481874e-01
2.302421879894354650e-01
2.680534968248658723e-02
1.989000067442831809e-01
5.400849881679996994e-02
2.183644185487702838e-01
4.225313368012627302e-02
1.657593681884659276e-01
1.710401946554003239e-01
1.135571883489205902e-01
2.092364108025598357e-01
1.191965750224691090e-01
1.532595174337127442e-01
2.524789775695682748e-01
5.096063762439063255e-02
1.747686001386027921e-01
2.382548688582262209e-01
2.783166329383565119e-01
2.069071638315453932e-01
1.808495439855589415e-01
1.625674163645151327e-01
1.297477964844783727e-01
3.319703638554941660e-01
3.142298422833707527e-01
1.500855252910478776e-01
1.651051898825721953e-01
1.820118374188700039e-01
1.743736943519025029e-01
1.008932648130115295e-01
1.845136779354329126e-01
3.520022391514200377e-01
1.328039986654638016e-01
3.302742377102603766e-01
8.811144115146997413e-02
1.534002188482107010e-01
3.193837893487577184e-01
2.750280893748672240e-01
1.048454146113261265e-01
2.913920388164881747e-01
1.491402772093327056e-01
1.747173370961233874e-01
3.211803903621254785e-01
1.809111682983274572e-01
3.059028333978823233e-01
2.142660616533414442e-01
2.433192918876846411e-01
1.391498734877813226e-01
1.841596583822966982e-01
1.443266809018218522e-01
1.701748415080240884e-01
1.485968570137292943e-01
1.696788154560823769e-01
2.344738823157344332e-01
2.127452993773946699e-01
2.679727681453862864e-01
1.643172100140893321e-01
2.351967791393045348e-01
2.434449202224887032e-01
2.248402938677712404e-01
1.492319312312453683e-01
6.615406632252410213e-02
2.851533626852948422e-01
2.738861615627701251e-01
1.450834347900953059e-01
2.347938125475895754e-01
1.006441664576968875e-01
2.453641450160815030e-01
4.674790782233415043e-03
1.539289721719767912e-01
1.530019880529996379e-01
3.331847137070205189e-01
2.585016719154742404e-01
2.685127042396732167e-01
3.466709542627165463e-01
2.584240503983903370e-01
1.866059583615515272e-01
2.935785294935657763e-01
1.641638976497185320e-01
3.514363244809763920e-01
2.048474248293417899e-01
2.851978190626788257e-01
1.365246645141357240e-01
2.951902454721557767e-01
1.752157781859005059e-01
3.164166664999035761e-01
1.820601664105541140e-01
2.639411707932944329e-01
1.538011272388709050e-01
2.477268032261432940e-01
1.077672093717731289e-01
6.357167303056529030e-03
1.593393939212353616e-01
1.506326018379299247e-01
3.113390534058115278e-01
2.829486537184702222e-01
3.401352250782833653e-01
1.724149852152490336e-01
1.530451240175181582e-01
2.045680610600703053e-01
3.003804565842952967e-01
3.290372902629620233e-01
2.506747235327944079e-01
2.901701433142061526e-01
3.447246280347316949e-01
2.824170608079624167e-01
2.468172802771479712e-01
1.564411282382996982e-01
2.297856802633773399e-01
1.631130592922323541e-01
2.098115151824805347e-01
2.298332579448432444e-01
1.417883476052556324e-01
1.760780549049027754e-01
3.046936847719202701e-01
2.957703254063550058e-01
2.641385902854155865e-01
2.085948304598473635e-01
1.777761664665533370e-01
2.865671948965833327e-01
1.598279097835328122e-01
1.961858211497230497e-01
1.221473348395168412e-01
1.410038508184301431e-01
3.156993231952718859e-01
1.652174464288389821e-01
2.052726814519707788e-01
3.377373207471788819e-01
9.115246319693894039e-02
9.689862201840727940e-02
1.100068865673158314e-01
1.909096478712502265e-01
2.538956683886871568e-01
1.121557805892348381e-01
7.399029687960631714e-03
1.920051891134116062e-01
1.457719125481108657e-01
2.010495206451472505e-01
2.016027635026324816e-01
9.492488786688517421e-02
3.116042659129787395e-01
3.388494294434377663e-01
1.221632604941208372e-01
2.872451203857001034e-01
2.867404196266651328e-01
2.359179551333275837e-01
1.220073713612503108e-01
1.802974847163338334e-01
1.854141893488010229e-01
2.408684441976436108e-01
2.315504355131103309e-01
2.759806823448754387e-01
2.758457949189830338e-01
1.510392542007694683e-01
1.031479280298051304e-01
1.140089103694113815e-01
3.380641581233201909e-01
2.679864885969518995e-01
2.469956685323343171e-01
3.032814469733850493e-01
1.252022180552319064e-01
1.706651006816078675e-01
2.038961971835403508e-01
2.792963286314931182e-01
2.552387419085458964e-01
2.168078664823997748e-01
2.042902070204299231e-02
8.966527980381432117e-02
1.187795236711303992e-01
2.561049847186817607e-01
2.656541721746544238e-01
1.961864184252281595e-01
7.172538015973792258e-02
1.298444283504543786e-03
3.248747299649999976e-01
3.185992651374341400e-01
2.210411740901141175e-01
2.246162761002773178e-01
1.620400732933854893e-01
8.664596901872106960e-02
1.920300152531843330e-01
1.809814331581058033e-01
2.485131929738424450e-01
9.003221852731164987e-02
1.242955435870711084e-01
1.382822110514860259e-01
1.836263508387998566e-01
2.504416651613379785e-01
3.426608675356197509e-01
1.052480705532560651e-01
1.085285248366420485e-01
1.539535163440340915e-01
1.977897178616176699e-01
1.399161202930193915e-01
1.225204295316767861e-01
1.753124112912320676e-01
1.068456459900122002e-01
1.830661887781630526e-01
1.410545840363536529e-01
3.018305212599214360e-01
1.317391856149533469e-01
2.461274866511066195e-01
2.506857487871215207e-01
1.608424997268585455e-01
1.711621422206434373e-01
3.363677540008847000e-01
2.131017341559151290e-01
9.691992592002068863e-02
2.250109382843764050e-01
3.513476241682972345e-01
1.227384801842077988e-01
2.262352134471921905e-01
1.260528788680020940e-01
2.760064452222626419e-01
1.867231269229009949e-01
1.635479311324194163e-01
1.804053033096106873e-01
1.881918747509145895e-01
3.172368396650220301e-01
2.173120928257231410e-01
1.396585761738340925e-01
2.216374455412478961e-01
2.946312048960029184e-01
2.452795579057208963e-01
1.553677572072466873e-01
3.538242478519203205e-02
2.622423067893074333e-01
1.304429896603598871e-01
1.568515908644642354e-01
2.388031562110757566e-01
3.067369541302454872e-01
2.673736057697495561e-01
2.374530115017430554e-01
8.824772683079354363e-02
1.522090979671752720e-01
2.835043789689162264e-01
1.415137929962348613e-02
1.630203475633417720e-01
1.543978374469184012e-01
3.477471315102255711e-01
1.260070787621628829e-01
2.585242911228887164e-01
2.627825800177497340e-01
2.372376929576310856e-01
2.881933666411646278e-01
1.280825048636611008e-01
3.147960590187508512e-01
1.114679875956543775e-01
1.843271210215245148e-01
1.580164148051597939e-01
2.148805964727660556e-01
2.079545483299511666e-01
9.074287744397226130e-02
1.318626061280366857e-01
2.865863373380702073e-01
2.389024051712642094e-01
2.718649729776160817e-01
1.830285443348983188e-01
1.446032023381622622e-01
1.968162718418593471e-01
1.926870704202773288e-01
6.769804351469159258e-03
2.876627437397184517e-01
7.561474033808573449e-03
2.720738221632367226e-01
1.471562319170260369e-01
2.030473900126081310e-01
1.187630126208797099e-01
9.875529228045175356e-02
3.157614865944761706e-01
1.801645495837859295e-02
9.604564579244691258e-02
2.791479726273621842e-01
3.419977061030463061e-01
2.630709726777816226e-01
1.746381269975346151e-01
3.533552201535354320e-01
1.194587440162220571e-01
2.215125742840310663e-01
1.244513061556777600e-01
1.941344929446516265e-01
1.439646180128653918e-01
2.446054972482668566e-01
3.053029414689040211e-01
2.298656482546038160e-01
2.445923290270334283e-01
2.086931859521713450e-01
3.202120009396798861e-01
2.723577797367838227e-01
3.331609321382708044e-01
3.383934098550573366e-01
2.109572940140831410e-01
1.954055523201481681e-01
3.345378634575414956e-01
9.646106877841841010e-02
3.406528794694657636e-01
2.221445822760225453e-01
3.222444118179880190e-01
2.142291910218714623e-01
1.885040314148463680e-01
1.313267630470582314e-01
1.498252883546036252e-01
2.283319623218132421e-01
1.569875855634476070e-01
3.097795487380867741e-01
1.130634847837446305e-01
1.860629498946180516e-01
2.422342846865466748e-01
1.896725161667430215e-01
1.272321752863435074e-01
1.811178281158503656e-01
1.519987089063571661e-01
1.845722227314285369e-01
2.895949619933725905e-01
2.099055938637655605e-01
1.452774471564284298e-01
3.509277758452403195e-01
3.239307095840762707e-01
1.932689925105380013e-01
2.552066009477149122e-01
1.371074439078663054e-01
1.282693354929924923e-01
3.012954243756432726e-01
5.077744925789243885e-02
1.923294677311372103e-01
2.250617877044381321e-01
7.902139529006806107e-02
1.444419733270822237e-01
1.108166950170666049e-01
2.723947640000493609e-01
3.035043036297006003e-01
1.917801896399661810e-01
1.170681254560348994e-01
1.872676810617373566e-01
1.354248548836053390e-01
3.196622021667847591e-01
2.979172049102752351e-01
1.758200357403617575e-01
2.189559530482715621e-01
2.534513161448808116e-01
1.416067371385895945e-01
4.199181814139842962e-03
2.192026628687924750e-01
1.665001143069390899e-01
1.299383597409781155e-01
3.073234625314202884e-01
2.176429716445590357e-01
1.584446854471676103e-01
2.403334346895672491e-01
3.011604852753549944e-01
2.527636280116076772e-01
1.218421876359425948e-01
1.256679460715960372e-01
1.842149680115938715e-01
3.257901410947412479e-01
2.495203576495872710e-01
1.332879045826315945e-01
2.467180076583629644e-01
1.973470237332388688e-01
3.173841355389748209e-01
2.748283822946008814e-01
1.612791702110758785e-01
3.326424455092132360e-01
2.686828111822738840e-01
4.856445638576607771e-02
1.735055327729795316e-01
2.604928752381784340e-01
2.001016235784374431e-01
3.140418522533587331e-01
2.082451776193684212e-01
3.205594147259104854e-01
1.586508431887933002e-01
3.305567364480580528e-01
1.430518683575239536e-01
1.777681864317597060e-01
2.215079465423065996e-01
1.018183110441876760e-01
2.328748941178699055e-03
2.277726763585387337e-01
2.240261230744599041e-01
1.144511373294927470e-01
2.486775116377598627e-01
1.958812959764039408e-01
7.100538255994826020e-02
3.319205707301776109e-01
2.130553242497908728e-01
1.322205665082964998e-01
3.218555582070629084e-01
1.499174774718914915e-01
1.796413891157167264e-01
1.011569373072063321e-01
1.679611062079063577e-01
3.077065458232730588e-01
1.734398846739730327e-01
3.145513417757428432e-01
9.881902792451709161e-02
2.609155450673152910e-01
3.576324524254219546e-03
1.402389864598308777e-01
1.965363077863477581e-01
1.494447268808574425e-01
1.382415619765725301e-01
8.185856515791889443e-02
1.317007621037458998e-01
1.741378164583251842e-01
2.025403944117235011e-01
2.326764106963551682e-01
1.901274789027397050e-01
1.783589392588724731e-01
1.514043379413234358e-01
1.484302889375295753e-01
1.628433457447400479e-01
1.679507279342389936e-03
2.226813025979482719e-01
3.177766508445805105e-01
1.999556057089961758e-01
2.842461623531083448e-01
2.131644578446357241e-01
1.448218210054519894e-01
2.079118883483225821e-01
2.395151760457786272e-01
1.885261444091261007e-01
1.654595909467001247e-01
1.367368091541427688e-01
1.054062086140147708e-01
1.770153468020982390e-01
2.695688796825465583e-01
1.481462949037278265e-01
3.515037110643124407e-01
1.889405820739029074e-02
9.364355977793993591e-02
2.535945296184145548e-01
3.101312922137691164e-01
2.034519465572703911e-01
2.455400094388468513e-01
1.475361272998357287e-01
2.550128700050757757e-01
8.301882982086743190e-02
2.720426941535535881e-01
3.245880597019650815e-01
3.209075958381600868e-01
1.213144703283722259e-01
2.164923541481443281e-01
8.707636589983831776e-02
7.665861320963811287e-02
2.422090955427723125e-01
2.825814387544637318e-01
2.626131163545076808e-01
3.234774373772211220e-01
2.435685717224347069e-01
9.744959794063612346e-02
1.960621526708594409e-01
1.820349744314433416e-01
1.236143082472450638e-01
2.803707860038552324e-01
2.530869224868856349e-01
1.285573552930519281e-01
1.341449382969722159e-01
9.360291716876388557e-02
1.500749190929929477e-01
1.245043307760078377e-01
3.381435825802343587e-01
2.567687551027004189e-01
1.502530861450775412e-01
2.107502082748586858e-01
2.094304163673933461e-01
1.719160778462903438e-01
3.212485171190865296e-01
2.757419632148567779e-01
3.267281512861909820e-01
3.183548206995387431e-01
1.652108055345922477e-01
1.999418101379770440e-01
5.192337243742525810e-02
3.047042332039326396e-01
2.213399757992667582e-01
2.067339834527753550e-01
2.873511422142281391e-01
3.307467056332772382e-01
1.362704764777122324e-01
2.923277237599180012e-01
2.957172135930210555e-01
1.399039890141085818e-01
1.605677557140426093e-01
2.619055455419199152e-01
2.075971741765425815e-01
1.565039859568343739e-01
1.824889451620115566e-01
2.597800241333192428e-01
1.064443751245142296e-02
1.846418055821005544e-01
3.283336614448885693e-01
2.312923186028381373e-01
1.462319814117981620e-01
5.674905153148775833e-02
1.411904944108471061e-01
1.569119618807291727e-01
9.250282290566747001e-02
2.012889913873026071e-01
3.136316819299642122e-01
2.584873128472824910e-01
1.989563938181325431e-01
3.035606158620569039e-01
2.818758067379026344e-01
2.096611537729951846e-01
1.689802324764589636e-01
2.267134690273035769e-01
1.725386754674342604e-01
1.969135426667317779e-01
2.325009779016963263e-01
2.680988316752727640e-01
1.182237868632149969e-01
1.840027036444018315e-03
1.420961625889768376e-01
3.698488791507842377e-02
1.323597453940034974e-01
2.908667798621152323e-01
1.525693803853812591e-01
1.346288340165064379e-01
2.118273308005765299e-01
1.598519577293103511e-01
1.333643475065810491e-01
2.398483048975672272e-01
1.810532343348392192e-01
2.316992176656022806e-01
1.456296598712694679e-01
2.806151686984535432e-01
1.954822226034696186e-01
3.461059374419190315e-01
1.996893221103144545e-01
2.095610897019701824e-01
1.326342881695029008e-01
1.801100774011837324e-01
3.860779017499206892e-03
1.679587535473326121e-01
1.295068515955520583e-01
3.194992811391236254e-01
2.019993371331398613e-01
1.368701093534413493e-01
3.253265165796247471e-01
1.259311346068429927e-01
2.915534826063422361e-02
1.669027244172268110e-01
1.882648314697935726e-02
3.143471763915044875e-02
2.651589129706258263e-01
7.241825031601688625e-03
1.892021309623966308e-01
3.016511394892480991e-01
3.136580236850499137e-01
3.473285068497341394e-02
1.575118579055481971e-01
2.612300630993022454e-01
3.090373716967544926e-01
2.555101775505425055e-01
2.190890369982944619e-01
1.260177600701370138e-01
1.849387353974714376e-01
1.654321890310853360e-01
1.142453958967328681e-01
3.243654376829754882e-01
2.965049519614139095e-01
1.780041423967307079e-01
3.041656191477767890e-01
2.236010385310716886e-01
3.082276510971068695e-01
2.042106560503310630e-01
2.095772723335198318e-01
3.928148152033957702e-02
2.813345199173740707e-01
1.814693720178517655e-01
1.948953519102498144e-01
1.746868666807384340e-01
2.611528551699081602e-01
2.901288672643436706e-01
1.516078048410319790e-01
1.696022192116071192e-01
8.685279017315606157e-03
3.219090019594793572e-01
3.038347403055060014e-01
3.162417644157761165e-01
8.972654254744821811e-02
1.430357572042197656e-01
1.715083207106638530e-01
2.172491295420849178e-01
1.140312552312243710e-01
2.798083452755408818e-01
2.275598585492296655e-01
3.112316821945155243e-01
2.324030731582371334e-01
1.343323223680073231e-01
1.543951772490850249e-01
1.975690090806091759e-01
2.418592944709835879e-01
1.682694689931631404e-01
1.601468266967146226e-01
1.243671026525355189e-01
2.375213664208698228e-01
2.817391964807319238e-01
2.092653300493877155e-01
3.272457088912381074e-01
9.058562394586940070e-02
1.110650164582500515e-01
