3.350252124796582742e-01
3.175271630410707036e-01
3.329768947514967214e-01
2.689969868559162758e-01
2.228353157176064803e-01
1.516595157014122563e-01
1.223910442490878797e-01
1.994470802866463444e-01
4.415864391083678536e-02
2.820586462413228190e-01
2.174865467797239826e-01
1.679878354448414712e-01
2.601466717605140921e-01
3.298954511132582978e-01
3.000432718802907295e-01
1.507730543706301829e-01
2.633076029112297323e-01
1.379085174265707314e-01
2.828894348193698449e-01
1.244970712755454345e-01
2.382190974288511121e-01
1.798792516581451395e-01
6.819168064912080329e-02
1.523724982013588691e-01
1.653696551744958665e-01
7.424035886185402500e-02
2.884712238915481675e-01
9.275555112523185819e-02
1.053678640016749990e-01
1.003882910814412471e-01
6.773667935011000452e-02
1.731240316425221304e-01
5.541878964044510275e-02
1.127440819532785632e-01
3.111310247135480878e-01
1.946443584209772149e-01
4.344458069794641941e-02
1.138815065033839391e-01
2.420613669993498251e-01
7.171371556676751913e-02
7.038737833484304263e-02
2.601897065906122464e-01
6.068312292829883270e-02
3.206215713619371410e-01
2.134994717612863913e-01
8.159759192681133311e-02
2.998007797114130568e-01
8.353389328587836060e-02
3.126221082933264839e-01
7.245363845468086317e-02
8.621309550371793196e-02
2.908883753769893055e-01
3.170066917510125926e-01
3.317122328151608790e-01
1.831098688688301002e-01
2.568340513599060015e-01
3.057492532439601840e-01
2.321519206140510438e-01
7.077927038284578809e-02
7.618401732333864029e-02
2.557193373242111489e-01
1.277833484216367443e-01
2.828514194803578019e-01
4.109216960839687238e-02
1.083711457842651549e-01
2.761206400803026817e-01
1.274800243374245579e-01
2.606279698344587392e-01
1.175841189307762213e-01
3.064898409187768458e-01
1.002829939974825002e-01
8.623103767509882056e-02
5.792397215024223250e-02
1.404928302950005647e-01
2.950799659221416404e-01
2.437048252848514895e-01
1.847359619365161465e-01
1.940891629708160204e-01
3.116559970599592222e-01
1.159943297898502201e-01
2.771941299203697917e-01
3.856707640013943422e-02
3.205783670771049088e-01
3.345063820936184373e-01
1.868607198461789409e-01
1.112926316608663091e-01
2.390795707610025855e-01
3.096445359688628773e-01
1.058125840385632510e-01
2.861426174556737645e-01
1.991213518695062745e-01
1.551590099463809325e-01
2.084568830835106246e-01
1.615812957328105481e-01
1.503556210187091402e-01
2.304844077682237646e-01
3.261641011421127501e-01
3.093310131215229464e-01
3.140167576792505244e-01
1.162464591639803674e-01
9.922580880325877761e-02
2.064457543134662065e-01
1.255629872578256090e-01
8.767202119739765653e-02
2.387628196959711291e-01
2.092941052238265209e-01
2.626368457974110893e-01
2.498238305211640253e-01
5.944808171298313765e-02
1.524900144876541186e-01
1.266796065118860615e-01
1.566883055033840566e-01
1.316725076636732772e-01
4.412584464270026541e-02
2.465845886378905671e-01
3.146844143960541573e-01
1.904802811828538445e-01
1.206972812464639361e-01
1.191947395106834895e-01
4.958692458428500677e-02
3.141137508435376535e-01
1.977130434682753402e-01
9.972253226805506687e-02
9.705703577370007606e-02
5.197622823165918421e-02
3.185534550141223553e-01
3.330328241589531335e-01
2.363751490933090893e-01
2.897781529324846006e-01
2.615499594734763678e-01
1.536778722566310429e-01
1.203028211271927189e-01
3.233198128467388299e-01
4.760835601391619903e-02
2.815745196066373746e-01
2.919237765737254242e-01
1.537306784954696193e-01
2.518310644366833495e-01
8.289908726824928020e-02
2.756622652547202068e-01
1.289444117629398034e-01
1.890954225483252593e-01
2.567461755317013150e-01
1.925553218833963298e-01
3.070482700353499017e-01
9.941728601687596645e-02
1.800421179458130405e-01
3.784213387935780187e-02
5.096677755548088135e-02
1.798075657601242161e-01
9.825559976488511260e-02
7.909127992581947708e-02
6.204654331086049274e-02
8.892987595615772789e-02
9.706289462830373915e-02
1.145941893479730106e-01
1.204073262737679895e-01
3.239404693992682382e-01
8.755576920344591840e-02
3.212480409254277469e-01
1.312726762012662585e-01
1.034440462355329660e-01
6.645111345103324463e-02
2.162182865291001899e-01
3.071034994811376873e-01
6.667707721915808183e-02
7.535642270676970456e-02
1.329865341746698515e-01
2.979651737147345214e-01
1.124902602810242402e-01
5.862594853320693411e-02
2.838385970739316089e-01
2.882858076799993396e-01
1.072260385064314064e-01
2.053939291323402805e-01
2.672985150705132762e-01
3.335383608896685947e-01
6.092447535265040764e-02
1.904125782961522129e-01
2.054422646233273198e-01
2.102277928246945038e-01
1.522730169631306418e-01
3.159233405028293723e-02
3.160691990220105274e-01
2.948442573692899860e-01
9.273241487113217940e-02
2.492742723297323992e-01
4.642298724087206424e-02
8.702752130204916003e-02
2.459922903885292389e-01
7.304836767910641293e-02
2.070851069905977337e-01
6.143094216182129474e-02
2.726503155618720253e-01
9.471927140554069202e-02
3.003812033364757772e-01
1.931963332238669229e-01
2.449995824157747693e-01
3.320221477622320450e-01
1.719611560701130304e-01
2.995819819874959156e-01
2.800782929802424492e-01
7.367766013451101936e-02
1.925742533679296875e-01
7.882195055391859329e-02
5.176732733384094287e-02
2.493148090004782269e-01
2.043555732193915730e-01
2.323698322335154554e-01
3.195245754753662376e-02
3.208195240815153726e-01
3.346518996577291793e-01
8.257698858849067680e-02
2.215397662262470202e-01
9.956419570754471149e-02
2.775392204329814594e-01
2.819058149056374862e-01
2.510764902471110394e-01
1.167133486910002793e-01
3.249864602806172287e-01
3.310033022429660354e-01
1.868074414491367741e-01
2.647017153662660216e-01
2.659894266480081204e-01
3.061203359464291229e-01
3.130146932884356192e-01
2.862056734892789445e-01
1.364530287807763642e-01
1.113859207410401453e-01
1.424426941614444497e-01
1.946638306919567518e-01
2.856502147872242992e-01
9.430495781943620814e-02
2.221567523642603292e-01
2.961343498434866328e-01
2.873474548594380784e-01
3.357824323859729954e-01
1.699094301804393858e-01
8.851880705471432131e-02
3.275034910764924034e-01
2.958804864890874353e-01
1.027617108403361956e-01
3.090126280043872242e-01
3.476086676546389503e-02
1.271255557536453973e-01
3.108083879311110964e-01
8.007949807472398984e-02
1.727518361934995139e-01
3.252697870052421725e-01
3.268710380343067268e-01
7.618236348891462006e-02
8.246294324134324782e-02
1.426079731818773177e-01
2.363323047436391433e-01
1.609550514802867149e-01
3.254899035418979403e-01
2.914685934180947235e-01
9.635768891772308886e-02
2.127640525671243010e-01
3.339515283673650248e-01
3.073162513697492160e-01
3.316452340511594765e-01
1.126495494537920472e-01
7.837540425504335717e-02
3.041831262187432161e-01
8.637341864211307840e-02
1.215451505946348598e-01
1.363918494931708469e-01
1.423467754737028634e-01
8.211697341901191827e-02
1.545261359585938243e-01
6.054270172320456306e-02
8.789604168629656933e-02
1.162063443419641406e-01
1.599138924764385017e-01
1.205013894616675657e-01
1.643046149064501527e-01
7.942651125315491889e-02
1.032351065611837038e-01
1.117964722549568968e-01
1.103670971952756125e-01
3.167282410993769171e-01
7.119684506884536856e-02
2.188454166579176241e-01
1.601220310591246754e-01
2.908132561793983495e-01
1.802442425642474810e-01
2.172471980518445311e-01
1.383535706142601795e-01
2.142181885521712015e-01
7.050601257764148311e-02
1.917489174398908369e-01
2.195675962636625123e-01
2.221374141166097549e-01
2.642522983063143038e-01
8.217405011858427977e-02
2.956507146551520804e-01
1.488825212727976910e-01
3.246366435131926576e-01
2.063684229338313969e-01
3.300720755965337316e-01
3.766403943985566216e-02
3.218075389241250028e-01
8.097461962822499748e-02
2.759269530768440615e-01
3.121215929225645280e-01
2.922789825370506467e-01
2.722957671945545610e-01
2.509515269672180082e-01
1.669158481424858342e-01
1.818765526527039988e-01
2.415910482798114267e-01
8.929522633221875783e-02
5.021257990435532004e-02
2.855655645798618747e-01
1.489021405376073914e-01
1.653086871318143747e-01
2.002903073706939208e-01
8.464064002838529721e-02
2.988418777424245443e-01
1.070601118386449585e-01
3.124957009208923497e-01
6.954726233855376694e-02
1.164354979249464378e-01
3.054606589611800205e-01
1.604783206976043153e-01
3.193849986526997031e-01
3.710777116919775076e-02
3.121045564278080997e-01
8.280134754147285003e-02
2.693449769597651144e-01
6.906427729088496226e-02
8.795168258409384598e-02
9.061000561049542545e-02
3.278223795896830772e-01
2.330076308380561734e-01
6.311583293690574414e-02
7.047553437162497325e-02
1.938061077194302984e-01
3.140209411485423430e-01
2.680070090808781558e-01
3.200922640630965987e-01
8.143323274147327984e-02
8.283166934150512639e-02
2.283674402530821990e-01
9.808483985441471265e-02
2.006599534274437491e-01
2.701649443085307190e-01
3.054692157966915067e-01
3.269670409747871265e-01
3.192683121771310306e-01
1.860365414956075547e-01
1.296306792227644999e-01
8.694799870928764107e-02
1.231145826648812475e-01
2.128786942585272624e-01
1.659556682986674803e-01
1.586868986426701322e-01
1.788393833437724179e-01
1.618407810844866845e-01
1.483330357800025090e-01
1.070070147644611586e-01
1.101658582082389870e-01
2.027397006694181825e-01
2.470717423816130853e-01
6.064305581646595167e-02
6.413716267846747421e-02
8.278302525299045811e-02
1.341705911530090833e-01
3.044325102672647554e-01
1.004830385611788224e-01
3.092550273476923350e-01
2.973892799136226284e-01
2.471975465099303937e-01
2.668468473025560894e-01
3.300865684914779941e-01
2.010908455087623836e-01
7.617179582594341136e-02
8.195879587246555908e-02
4.188416709342396987e-02
2.353525946607641361e-01
1.670700181190734324e-01
3.096635531335806824e-01
3.006425217414815942e-01
1.953803096614285251e-01
3.093197885106188649e-01
2.698148105087485593e-01
1.812350482351702541e-01
3.892911143662629303e-02
2.950933694475522673e-01
6.253366231456709834e-02
2.936749976210844548e-01
1.680983694055136479e-01
3.228085246007852405e-01
3.220365687586664860e-01
3.360629357635516179e-01
9.855253948114095497e-02
3.034118456674647080e-01
1.567481126644649780e-01
3.260928331859904161e-01
2.940182726381079803e-01
8.377897371746666211e-02
1.744591187061949877e-01
2.184351376249047127e-01
1.011613575631667289e-01
1.157671688375371821e-01
4.034628243007106624e-02
1.443907355013293314e-01
3.067032844679820069e-01
8.986055930100968203e-02
9.482938215858204012e-02
1.191788496741135600e-01
6.296764907611783479e-02
3.306993946893762581e-01
8.206379147542068597e-02
7.571382828908482243e-02
2.948959820111201058e-01
2.274033689125268820e-01
4.817347263161805837e-02
7.169857619729735898e-02
2.176316496688443514e-01
3.055720016399176009e-01
2.430580134060577879e-01
1.008989768931237291e-01
1.221258781154317963e-01
3.343912523463241082e-01
2.719833654025597958e-01
2.048944061762164037e-01
2.453009360316096010e-01
2.427475776473536073e-01
1.119345498164163871e-01
2.586452640275804238e-01
1.249871040133971184e-01
2.134074511943227226e-01
1.310155834131670749e-01
6.934924617334010943e-02
4.135066439043129372e-02
1.640948315210669084e-01
1.000369758450046359e-01
1.097026093631726235e-01
2.036467750516472996e-01
2.930578390460949478e-01
1.501998195474128495e-01
6.785289001285256527e-02
6.566783042800114489e-02
3.478400634182076540e-02
8.148815844120238516e-02
1.938438814202883276e-01
5.013880754025561853e-02
4.630501147476411006e-02
1.017993734408152440e-01
1.270345935586108532e-01
2.425195734223339894e-01
8.384922035096363524e-02
3.210563634671284583e-01
1.943560039006258788e-01
1.547818398317540312e-01
2.877066574143137268e-01
7.705958389155852239e-02
3.267739238263246415e-01
1.067437660793077864e-01
2.492734765617545256e-01
1.466126049586117253e-01
5.105783737004233186e-02
1.956267470598375136e-01
3.324991045607886275e-01
8.890230666722163944e-02
2.799652606563284851e-01
2.305098612193807739e-01
7.503311045367544452e-02
1.249445822619768137e-01
5.914116238515581409e-02
1.557650208669049685e-01
2.333613520275657216e-01
1.397330118349922601e-01
3.078818047589331197e-01
9.541324900554905286e-02
4.450110093179646120e-02
8.679305901144311608e-02
3.200850996044998786e-01
8.101339354668717074e-02
3.349139360755283290e-01
2.088540873175368240e-01
3.015228966149142154e-01
7.409522688542567737e-02
3.669598752642114214e-02
2.920602630239814146e-01
2.532933445811819118e-01
3.096755317632725601e-01
8.266936277178388304e-02
3.046891847961899491e-01
1.935639115211231776e-01
2.950828501108039292e-01
6.665454691462106840e-02
3.160070683781845413e-01
3.259370334362864385e-01
8.290873130553309822e-02
1.431326344377846227e-01
2.194083214736352316e-01
1.064218976950181972e-01
2.547967728621421957e-01
1.082484109437908820e-01
7.127742390263148986e-02
3.038782220136500567e-01
2.536899190930615999e-01
2.447153912786223795e-01
1.030635298604845873e-01
2.379889614857429170e-01
3.083767827749031021e-01
2.523465257780345694e-01
1.511165813420628778e-01
9.528531550350220758e-02
1.927907366495731634e-01
3.294073200681727487e-01
2.024965377120011290e-01
7.616209885323654838e-02
3.041254873239118695e-01
3.174488955227359188e-01
1.172285024603545306e-01
8.051251442500417799e-02
2.828730348504027714e-01
7.809738212416364456e-02
2.230586760251136169e-01
7.131279322800147813e-02
3.007178650271168929e-01
2.772072267151455272e-01
3.208568809282398293e-01
2.369742066578028605e-01
2.203069709655322006e-01
6.241420484394358259e-02
8.872007918754169775e-02
1.114827011463342260e-01
3.400163316290057136e-02
8.420279425493118475e-02
2.658330354553609665e-01
2.844880353046658761e-01
3.180887667385904338e-01
3.246411742269805223e-01
1.269332711661760316e-01
4.059957783573712314e-02
8.796625734982861655e-02
8.771494982694685860e-02
5.109356235644071931e-02
1.685270499978167025e-01
3.253082128233023562e-01
2.272561275400002412e-01
2.731711379768082537e-01
2.866770659301186019e-01
8.890673568849563613e-02
3.338232226738809816e-01
2.188971499640041674e-01
1.979494334228775465e-01
2.358456613133684820e-01
8.592859544239579705e-02
9.485607251573750787e-02
3.123870576793477127e-01
3.151129152915394527e-01
1.533586106970151464e-01
2.672241316145422263e-01
8.598785053360623321e-02
3.295644029975492439e-01
3.058453041845194398e-01
1.498992802038318639e-01
1.088510312353261206e-01
8.588507225286419466e-02
1.669246956954005545e-01
1.309110580458940354e-01
8.002517535401727777e-02
1.261589000606714583e-01
3.144291542305743259e-01
9.408787254861711302e-02
1.651796419824909101e-01
6.871321004697752977e-02
6.452385352555324582e-02
3.255804597761167152e-01
3.215160497948062468e-01
3.076059683307459380e-01
3.018187966791046617e-01
1.162389540349700739e-01
5.207152484753006794e-02
8.436089881495563436e-02
3.061178703061932516e-01
2.676748401738945349e-01
1.619804519687625122e-01
1.666614861375945167e-01
1.657279446672013656e-01
1.100722513790140800e-01
1.022555834536939962e-01
2.578696781573379115e-01
8.086602440847592832e-02
3.285514144603395303e-01
1.163369485721126029e-01
1.697596018827409181e-01
2.350844155832525761e-01
1.445393092108013811e-01
8.176551525282273192e-02
3.162007812252610184e-01
2.740852893133324808e-01
1.778116493258065367e-01
1.887592719581442924e-01
2.659119920227024925e-01
8.366814311352716027e-02
3.127197703449129396e-01
2.603361324378317687e-01
2.905827470657023626e-01
1.687267364672844772e-01
3.270172634350567153e-01
3.464390570633221755e-02
3.315113792524300163e-01
9.336852512542570537e-02
2.024558557892654764e-01
1.711911128706405938e-01
3.359032792573999893e-01
3.051673882385357861e-01
1.546158932409940068e-01
2.045326537679056367e-01
3.265716902101439278e-01
3.126296527491845834e-01
2.693097471906460982e-01
2.960507348519461068e-01
5.116848912011071754e-02
3.090691617791239132e-01
3.141311175870151740e-01
7.822193343549552202e-02
1.429342828064236737e-01
5.490184298439892974e-02
1.782333015884639549e-01
1.270940700190307526e-01
2.772541428178070255e-01
1.454622987856689920e-01
1.737936703035184716e-01
6.503561741877648961e-02
1.287712980944900609e-01
4.040407108340815512e-02
2.475192148728927177e-01
1.131550722439709084e-01
1.564042995982458661e-01
8.559543679650501169e-02
2.861266406008300955e-01
1.927049952854122394e-01
3.197843432812820796e-01
1.374589649704528738e-01
8.154418875551748547e-02
1.594761414441073222e-01
1.021239117333197360e-01
5.762521222476272437e-02
1.692768764481336896e-01
7.511460368784418640e-02
1.114423784665746348e-01
2.125053465655444562e-01
3.163434035505805486e-01
4.732962831514354873e-02
4.895948501040854606e-02
3.308995193425748882e-01
2.647378567782152636e-01
2.520941235977868788e-01
8.103578696491788025e-02
2.881145296638890629e-01
5.511961433532514693e-02
9.440139062934412018e-02
2.017687725124155396e-01
2.741765072489314448e-01
3.159554763338021099e-01
1.722239743384983424e-01
2.777152433604069826e-01
8.984874392496276785e-02
1.280393008398431065e-01
2.216539312905280168e-01
2.879929468782416735e-01
2.490033988278284593e-01
6.954931454182107509e-02
4.741601939194878268e-02
8.664126543182998352e-02
1.088771593483610911e-01
9.817553562011975543e-02
3.753805911792840871e-02
5.925712596637382895e-02
2.547567625108542178e-01
2.825523129085185103e-01
3.717060705592716008e-02
1.831596502186036424e-01
1.101164191520890012e-01
1.758268347448661562e-01
1.179731520812187934e-01
5.736216090808887030e-02
2.958423608205009159e-01
3.263571276849838165e-01
1.058917281970954000e-01
3.044125167423323286e-01
9.357272340029558488e-02
1.498902146528356683e-01
1.228916454246183065e-01
1.314437015975275791e-01
1.303904319015625757e-01
1.044593807976310768e-01
1.341563629684719983e-01
2.546007471426500191e-01
3.046675402881708905e-01
1.936207411712015936e-01
3.103836273414630198e-01
9.593093775973358939e-02
2.920521661734079566e-01
3.186988254575824353e-01
1.508990392099647249e-01
3.330777829122052447e-01
9.425330745796635379e-02
5.228866215885325658e-02
3.341577901124499483e-01
2.219705909166744262e-01
1.216355209373571056e-01
5.328727136635464517e-02
1.466936872626620203e-01
2.058767839414977763e-01
4.645244947914475148e-02
7.871030596715659911e-02
2.243187618867287514e-01
2.689928351807030493e-01
9.144289930448279424e-02
8.925006751442512987e-02
1.355932777068723782e-01
3.192043662077961308e-01
2.241076494426457733e-01
6.387793174207599678e-02
1.735457175734166635e-01
5.993862662668237445e-02
2.050779478014796431e-01
2.878580661437150079e-01
2.791312174248272715e-01
3.232439883076259624e-01
9.323927283375342545e-02
1.107360225386545965e-01
3.036377583245801759e-01
2.893150668970658201e-01
1.668099059147394037e-01
2.394504952357565108e-01
2.476398711381186668e-01
3.342242010969077165e-02
4.814381881389960538e-02
2.457034074422274339e-01
2.516890625076292909e-01
1.283063493514116638e-01
3.335502224621391121e-01
1.898760252350981392e-01
2.262771889659920543e-01
1.225226754030346171e-01
1.341601986783416411e-01
1.449798881058714239e-01
2.724908204634917119e-01
1.003409996732511772e-01
1.760434514213590484e-01
8.538037100028153525e-02
7.967526485518826307e-02
1.668148221612295312e-01
3.160196247708209616e-01
2.199464960997717100e-01
2.054218115995911642e-01
8.812551175294286443e-02
3.226213890775467275e-01
2.965237803979555165e-01
4.235257004186863961e-02
1.213054042760136342e-01
2.776393718518770370e-01
6.655500935443681154e-02
2.117581613553174424e-01
2.808549234901889236e-01
1.921240399898730411e-01
2.552965550643239157e-01
3.019358696628580141e-01
7.462868295598916457e-02
1.405049177930672022e-01
2.210892743625847978e-01
6.265915549913392280e-02
3.210687334076051669e-01
1.351796708532070346e-01
3.057936544491451358e-01
1.337619213627854187e-01
2.627636493831009834e-01
5.589862669193833289e-02
2.595687435272575616e-01
8.718251762787625203e-02
7.727291126303686974e-02
3.192599562099623367e-01
1.775502251997995717e-01
2.553840590151987278e-01
7.220677566370456435e-02
2.944941481416946671e-01
1.895687909013371863e-01
2.138722525250951190e-01
1.379104650310292723e-01
2.531492533093018249e-01
6.190015635445106357e-02
3.181409986927958289e-01
3.088483912995007019e-01
1.151662062435930972e-01
3.169111943244832252e-01
1.416012050566074210e-01
9.349009578001564458e-02
9.573863196304989442e-02
2.671953291292737398e-01
2.388469569310733565e-01
3.247024972583544833e-01
1.201769339374582080e-01
8.527079601808519593e-02
3.280873202198276162e-01
2.722231023025820651e-01
3.330446353704227258e-01
3.302519073498282887e-01
2.634934499566873867e-01
6.398383374062012463e-02
1.628968982396468146e-01
1.948724083058249734e-01
3.002021989862510565e-01
3.198454785020336533e-01
1.010939697091385869e-01
1.290852095018276691e-01
2.181667045418951012e-01
1.541061284460076286e-01
1.473104904632305534e-01
2.319759437657472056e-01
7.226651465193212331e-02
1.418735109379971326e-01
1.032110890869412240e-01
5.187233390776654907e-02
7.517799364795499373e-02
5.797388279915017401e-02
2.395454905486935349e-01
1.094801599314084994e-01
1.363664367188544835e-01
6.181988137745764167e-02
3.008232797049124607e-01
3.062916901286035221e-01
2.350007566084828248e-01
2.639083086412011281e-01
3.105636773292320685e-01
3.219514934121354699e-01
2.705979135501488386e-01
3.567474624974630720e-02
7.602797807447579659e-02
9.739835438408324386e-02
3.162532436331694785e-01
2.735541545929406904e-01
1.393154778385501669e-01
1.587243129345878301e-01
3.290557620066038025e-01
5.347225749709806630e-02
1.949925342256238758e-01
1.330028808845155619e-01
3.245856875110963990e-01
8.269355037516702700e-02
2.830896061903527827e-01
8.818476459574171866e-02
3.009489916928737019e-01
2.768638476219670852e-01
1.126391835421555743e-01
8.368234445449446168e-02
2.254394243866660597e-01
2.341868963881524324e-01
3.340677254635610605e-01
1.673948895984826157e-01
2.124988104918834053e-01
7.807323211744258973e-02
1.424796434506898912e-01
1.044650907282499708e-01
2.767955903652635774e-01
3.351894133878262627e-01
5.770301014682242130e-02
2.161629203635686003e-01
2.623786952260735439e-01
8.429904694402336196e-02
3.322353452437642463e-01
2.376022135109068234e-01
2.958553997260582880e-01
1.424664353447207543e-01
3.003095651299025337e-01
5.511172945349598895e-02
1.317127287463589480e-01
1.354723550339861915e-01
2.963196851191643444e-01
1.249621949048941583e-01
3.192503159194183815e-01
1.607423977229977263e-01
2.565329060050251520e-01
2.947955424568790561e-01
9.462970848655478939e-02
2.538915581657170129e-01
2.011534477023090017e-01
8.622208595538734255e-02
1.873923223030327656e-01
4.202535945467021639e-02
2.270604758011362800e-01
1.152035293958214857e-01
9.924012286432222496e-02
2.600369293830490092e-01
2.894956259563588596e-01
1.585212909466396369e-01
1.777916874901728228e-01
2.335495318858309688e-01
6.746824784867694325e-02
1.425088645765464346e-01
8.118152371781184318e-02
9.054949214141963520e-02
3.291643100022726975e-01
1.102556145103115448e-01
2.537536380906814104e-01
1.440030961135334575e-01
8.504021813860269952e-02
3.155334366129974311e-01
8.898593820886732675e-02
1.118086726872163789e-01
8.685814097037863890e-02
7.725714246395229412e-02
2.941061606704699072e-01
1.764093911822184613e-01
1.921257284397883125e-01
7.691314812094916797e-02
7.464155427555585476e-02
3.271693411451465083e-01
1.517163521488638644e-01
5.243500175085745452e-02
1.977468925148438694e-01
2.282811715572613531e-01
2.520940633374029183e-01
2.262561564604365916e-01
2.756617986580808810e-01
8.581559542709629729e-02
1.224352751216488816e-01
7.828153851443257760e-02
2.608707279481426444e-01
5.135811442821579947e-02
2.224595760041815085e-01
2.247160305518124956e-01
4.977837146275034680e-02
6.793978704860736961e-02
1.871574880477627212e-01
3.256201107470829692e-01
3.251297508796096580e-01
2.527665112235573663e-01
2.339207151085040404e-01
1.902878530633999310e-01
2.528705508083657350e-01
2.127484747800935105e-01
1.889956966146753015e-01
1.781829689458427901e-01
9.052350279430722291e-02
7.776954689310348889e-02
3.168709414812387326e-01
1.498767401263275956e-01
2.651691207181806065e-01
9.352652654915569186e-02
1.783340404581200966e-01
5.922521785324471461e-02
1.127481700173519202e-01
2.507741970240464080e-01
9.458621409965763116e-02
8.314076444874578253e-02
2.277875733393008029e-01
1.085666404092249931e-01
3.087719641235102674e-01
7.236875221759014876e-02
2.446258221356994444e-01
1.774443546971958274e-01
7.274356723740046937e-02
2.962453158244182094e-01
9.795799862270496150e-02
3.522931528070843976e-02
5.141918084058390293e-02
2.105939864968058017e-01
2.265578617770059311e-01
3.117805758036590880e-01
2.027084439215167955e-01
1.045264908405237197e-01
2.820830485294060774e-01
2.806756028301697903e-01
1.588677550306510089e-01
1.623694678962019633e-01
3.247952115574832543e-01
9.783335865251015229e-02
3.186675479690216917e-01
3.158071360061928123e-01
1.477163363904769600e-01
1.752440171406426939e-01
8.248030182404837707e-02
3.305414683284471633e-01
1.345566077757069101e-01
2.371612665655602747e-01
3.072414680871088377e-01
1.516497199549271258e-01
1.762880204878324031e-01
7.424810097075033866e-02
2.983322042134071705e-01
8.342462758407752366e-02
3.356089869686761928e-01
1.010192114109969008e-01
1.295854160280508760e-01
9.547460743027894048e-02
5.275718986734438676e-02
9.420858234417144039e-02
9.297332859233319036e-02
4.097699817803499706e-02
3.580348527403454800e-02
