7.898615170820048881e-02
1.092880325189841267e-01
2.079319572409070727e-01
1.821567527032834366e-01
1.815686038167519945e-01
2.004910927997256287e-01
2.010589971979376278e-01
5.883847962821328603e-02
1.906448203864797852e-01
1.605388194878566155e-01
1.658987531516079583e-01
1.857512965862881948e-01
9.324504466502328559e-02
4.661777653716437514e-02
7.692576305758083710e-02
1.668649422332750265e-01
1.693067009685339241e-01
1.897698592612186430e-01
2.072066227495309165e-01
1.394235306319908108e-01
1.433990051975579383e-01
1.659517263008722932e-01
1.140063845727057323e-01
2.011551731313953872e-01
1.122048727114058897e-01
4.884195327069315584e-02
3.305002410981505018e-02
2.009030040611145262e-01
7.956372005984073403e-02
2.105191403752263990e-01
1.872848631030510913e-01
2.092765968785192110e-01
1.423414885740414970e-01
2.000198675966150252e-01
8.758592866069232763e-02
1.075156069712168705e-01
1.893953076916438938e-01
4.173832969750313837e-04
9.504732339634118510e-02
2.031908777834201540e-01
1.958134501874403410e-02
5.774494075350200539e-02
1.362859283169868818e-01
1.561471525022324891e-01
1.806906927345287850e-01
1.103180025205282855e-01
2.000860095690992213e-01
8.602312713646387277e-02
2.795984875409718989e-02
1.432869845060842362e-01
1.291335223799604248e-01
2.028618328021230266e-01
1.690902327118915804e-01
1.177361103666902664e-01
2.061492481903780538e-01
1.794762212020143688e-01
1.074050039523154199e-01
1.617280323722957436e-01
9.735999734283395934e-02
1.770031966803342904e-01
4.502026494593019262e-02
1.481980464746144310e-01
1.953959249733335235e-01
1.349385616008969280e-01
1.492586307215924279e-01
7.844306503209705350e-02
1.654397002945683648e-01
1.746557611887043504e-01
6.293844099412176929e-02
1.057579432986190393e-01
1.895708523487389385e-01
1.798203393193241184e-01
3.274315940260386776e-02
1.991808965786379948e-01
4.698485775559729100e-02
9.042303161110687437e-02
1.255025275240202742e-01
1.366877526046997304e-01
4.395131169467005744e-02
1.595990737688175176e-01
5.380314451649258764e-04
2.277735100416368452e-01
1.479513983913169073e-01
1.077642422722184523e-01
1.770677096530976491e-01
5.358718812565611139e-02
1.641960667653795669e-01
1.116142680278804644e-01
1.938583743878811161e-01
5.761404034469773394e-02
1.479462448911115224e-01
1.279378855170831553e-01
1.728198580072104751e-01
9.627577584678335965e-02
1.359349541083398893e-01
1.190633117473925140e-01
2.114247432405303717e-01
2.032760984669310655e-01
7.893502045194579486e-02
2.459089172649447652e-01
1.295282355780077721e-01
1.726866234076803730e-01
1.014458677568756406e-01
1.362617994507956398e-01
1.098918458031023504e-01
8.976227087717526809e-02
1.862003509872221241e-01
1.034175489458169228e-01
1.989793325953310987e-01
9.481027065355267236e-02
2.022966727830033118e-01
2.253790156966255509e-01
2.096637784919963554e-01
7.925873546296156869e-02
5.603842078891617395e-02
2.556529511385798314e-01
2.041515835966538073e-01
2.077585857207852604e-01
1.730680914892445896e-02
5.822992508766215020e-02
1.891868626100718931e-01
1.240248221100744425e-01
1.131287031743481580e-01
5.012957110287137585e-02
7.178522813892920795e-02
1.265915700875157035e-01
1.888051998621760597e-01
6.397771875198741964e-02
6.627199416321963299e-02
1.734362040781687042e-01
2.001911356706983364e-02
2.136576500317520222e-01
3.269945978554580912e-02
6.675933832645373003e-03
2.397962853482678638e-02
6.804920688175565557e-02
1.963805125610123270e-01
8.145298819834503878e-02
1.150482515317682031e-01
1.478719848069120768e-01
1.980174410361492388e-01
2.165265905071873387e-01
2.036825669072237777e-01
9.561317550425432743e-02
1.741674307180617609e-01
1.078059376139385572e-01
1.368867100769502465e-01
1.669372384317268920e-01
1.524989822326816569e-01
1.715421004043770070e-01
1.536898462350056449e-01
1.575777113178348787e-01
1.637410562655094437e-01
1.619119914590356479e-01
1.817314889693325830e-01
8.616105834147468057e-02
1.823671044442297384e-01
1.108697440918194332e-01
2.126168559636073541e-01
4.193504624273539788e-02
1.077653819921754880e-01
1.042592004989551513e-01
5.298810385284677404e-02
1.670813449197138811e-01
2.038941548951241634e-01
2.059637635198790229e-01
1.465709664210012031e-01
1.528827258696172919e-01
1.665334835065629127e-01
8.684647636136423599e-02
1.982613007296643304e-01
1.074977021025609325e-01
1.961500394902579991e-01
1.867094086942521491e-01
2.040593864075499475e-01
1.934093408939192849e-01
9.314319063606855964e-02
1.797242775791517699e-01
1.539122851058828678e-01
2.128052114274611439e-01
1.549381580084735199e-01
1.222829322404999364e-01
1.406064529689079745e-01
2.072634162198389862e-01
2.101092982889054064e-02
1.307111139621453533e-01
1.950788943310018952e-01
1.978344592381943434e-01
2.090414694656199945e-01
8.225300024608481197e-02
2.021731615708692864e-01
1.640425193234053558e-01
1.725182163020550219e-01
1.687634899983931069e-01
1.607088671100419530e-01
1.148062027397255547e-01
1.791608857444987324e-01
1.521831231085794545e-01
2.047964291170571716e-01
5.569892370896815936e-02
1.318786482358374479e-01
1.355180572217334622e-01
1.646255726075291914e-01
2.136657833854126720e-01
5.438202466911992022e-02
1.403021226314694059e-01
1.933207955631322250e-01
1.902833641334462644e-01
1.642542919847265748e-01
1.766917338152531325e-01
9.785305124465348836e-02
1.913185589807310794e-01
1.353094130298504449e-01
9.256474184999365085e-02
4.157738491507309564e-02
7.618745991253669803e-02
1.435663209507083704e-01
8.794400623046470800e-02
2.105754529445009182e-01
1.729752768672873364e-01
9.228455588178903490e-02
9.382097603569232447e-02
1.850564271301988750e-01
1.733615734948339149e-01
1.829142389247691847e-01
1.079972550910533735e-01
1.257533735471285108e-01
1.177456915164174778e-01
1.432857951641505756e-01
1.175627965948620457e-01
1.484941163631853800e-01
1.191571090477644562e-01
1.662655815430212902e-01
4.711628195269063762e-02
2.908144759616602681e-01
7.901600811235438837e-02
1.763070454500088036e-01
1.881366843962065660e-01
9.642584387360077225e-02
2.112610555354870745e-01
1.654470816355899931e-01
1.464334158343132963e-01
2.196719022211846006e-01
7.349930182548294888e-02
2.049596422318882283e-01
6.799136422499295340e-02
1.097602916538214790e-01
2.060215555130405496e-01
1.479691413967391678e-01
1.198291355566965810e-01
1.331014498664749406e-03
4.290434824420451265e-03
1.634111699931952433e-01
2.110171162516589205e-01
1.498887344374470187e-01
2.056624675076043629e-01
1.588728283210026904e-01
1.217037638045047193e-01
4.942444514205923678e-02
9.882556919937426909e-02
1.253324163828196391e-01
1.246523099564548903e-01
1.943565108221012028e-01
1.162252218151755973e-01
2.112467005887166405e-01
2.029967720505790885e-01
1.911298068819400897e-01
1.316370751216808521e-01
1.291142357229113080e-01
1.588953510909140721e-01
1.334736398302220350e-01
7.345022226001671206e-02
1.786125888820205843e-01
1.241354405539798200e-01
1.606451251412705228e-01
1.822674932640728496e-01
1.652103300550138987e-01
1.863324713306559466e-01
8.086793509916215261e-03
1.842672187739406164e-01
1.898385283670032675e-01
8.951024484583719465e-02
2.081033447950470239e-01
2.022111315116800478e-01
9.170985400904535512e-02
6.717078161206441189e-02
1.015403486441090186e-01
1.980770578317286867e-01
1.650883641805945268e-01
6.582455854529507822e-02
6.013074877346086949e-02
2.108609837004782050e-01
1.394494942802374793e-01
1.098571355867534183e-01
7.143497204601186208e-03
2.062118957538480180e-01
1.112582298049342583e-01
9.377318781481529600e-03
1.338935332093276198e-01
1.252707398706615072e-01
1.578384648944789470e-01
8.614883464732987772e-02
1.315910182960630948e-01
1.015671343681993494e-01
2.040245908303178479e-01
1.196475263676665401e-01
1.743275226202669892e-01
2.146696519183058371e-01
1.726812000502075950e-01
2.037722078850039698e-01
1.873997411081357589e-01
3.428732952186899774e-02
2.564015958040404830e-01
9.363830273764747747e-02
8.683324054777066814e-02
1.594613456189519218e-01
1.766469096215171064e-01
1.500802281230652624e-01
1.936385315519953965e-01
6.355978333781478473e-02
1.944462283207564479e-01
1.508686650140375618e-01
1.311719865244429239e-01
1.576761941316575655e-01
6.846230809481418378e-02
6.640774422268422295e-02
4.230373954311936885e-02
1.490835290338602959e-01
2.213423774693390467e-02
2.067723993265877802e-01
1.660698825549934143e-01
1.196788604369856818e-01
1.341301454261822623e-01
9.260634688284680172e-02
1.351035171491823672e-01
3.321257449275383800e-01
9.332589464781802790e-02
1.293864311562797909e-01
7.933557690485666669e-02
1.784981320795424320e-02
1.560429607481106096e-01
2.046503253124513089e-01
1.061230625296506469e-01
1.824931696074800214e-01
2.174339383489087563e-01
1.117427051428362128e-01
2.064833245244088733e-01
1.318218063568686316e-01
1.562496905031533490e-01
5.121281678924284597e-02
8.990351504239423031e-02
9.081488599311486609e-02
5.941796018150355136e-05
2.080270050295109086e-01
1.981015111579867427e-01
1.980881486849331852e-01
8.608477962512812998e-02
1.447111183968573522e-01
1.067110819425127755e-01
1.699705288233071057e-02
2.011719634999712680e-01
1.397875528319604266e-01
2.203190698224834210e-02
2.108463733871672463e-01
1.718119837145963835e-01
9.562020700199370948e-02
1.381196275831471643e-01
1.669017951215820694e-01
6.017736575743250216e-02
1.889626559765368585e-01
2.039968434021399712e-01
2.857335843539389186e-01
1.963817132966677315e-01
1.823269818650147811e-01
1.874509358747886989e-01
1.055609274171346174e-01
8.147398206330859483e-02
1.305848989872442356e-01
9.857668651816486882e-02
1.281164276487147258e-01
4.939663056598690011e-02
8.379942596237091590e-02
1.933493797646738954e-01
8.255514607429549623e-02
2.050948798203792445e-01
1.320690656982252686e-01
1.848028094202326943e-01
1.873594632408020211e-01
2.129985728378744614e-01
1.880065986609830431e-01
1.920801197054382015e-01
1.795202788671369232e-01
1.374165141590537043e-01
1.988915091629035459e-01
1.802038132138397419e-01
1.621133180773963733e-01
2.111652024200232070e-01
1.774760642752288842e-01
2.164030581258231112e-01
1.312195116120910832e-01
1.208857380015537636e-01
1.851589704781632095e-01
1.692634006742207708e-01
1.949057691070122111e-01
8.302724196731378625e-02
1.754715210490607191e-01
2.023413012136679456e-01
2.029280369255613004e-01
1.339930598954875429e-01
5.508632005900297030e-02
1.937742057357773606e-01
1.533246651623921264e-01
1.933973738248890850e-01
2.191861980592217929e-01
1.848700791818654321e-01
1.156300673678169327e-01
1.860445526277745565e-01
1.220435881490645746e-01
4.929048283457360818e-02
1.127932461531911124e-01
1.257463877950489584e-01
1.680021234366972926e-01
1.214991466174548118e-01
1.853041041483428075e-01
1.707838017516727369e-01
1.182933740551315012e-04
4.134594126448729208e-03
9.423866789322873916e-02
9.113571316845499315e-02
2.031642387274655015e-01
1.036029206211793591e-01
1.506567406033804644e-02
1.557929980830378702e-01
6.572553971236244630e-02
2.041337161845736270e-01
1.563058727139123860e-01
1.055454612498572253e-01
1.660892062683011761e-01
1.421769619258148876e-01
4.718358206973297109e-02
1.673619026545128119e-01
1.979498248474961530e-01
1.143876823946257115e-01
1.955897647080407642e-01
8.979607140014082833e-02
2.011907236920831288e-01
7.499847038817762657e-02
1.639265689490664868e-01
1.323092328943221152e-01
1.832831392158191242e-01
9.302671465371052661e-02
1.917825831179101603e-01
1.256190658180982855e-01
7.024321433542393689e-02
1.954286314540351066e-01
2.104418999894983044e-01
8.960371617118868814e-02
1.867184981963058155e-01
7.750240370372446508e-03
1.619833125240777716e-01
8.348185107264323446e-02
3.796834380577287366e-02
1.179969921882193795e-01
1.385811105216880057e-01
2.073216281739431177e-01
2.182430797492950214e-01
1.638146649389590759e-01
1.959808897571548303e-01
1.193482780151977479e-01
2.194740609658557273e-01
1.257993602313508541e-01
1.717132723617760814e-01
9.402355105758515574e-02
6.011033845368454059e-02
2.392003469318306624e-02
1.869811756714886419e-01
1.811589898351972927e-01
3.839549808725768038e-02
6.336986250110852870e-02
1.598353675587986522e-01
1.687967782587700416e-01
1.965989320873939572e-01
1.424296253421573066e-01
1.245336525943793460e-01
1.415191210051245096e-01
2.103904928552344789e-01
1.364957202023650840e-01
2.050001005590379455e-01
2.713582701990243651e-01
5.316377709044886601e-02
1.981177459221896420e-01
1.690072730657338207e-01
2.425827799119146810e-01
2.048707371073165695e-01
2.047522870619391533e-01
1.562279544570899792e-01
1.577332863629908322e-01
1.953193935563021510e-01
2.195121780843297954e-01
1.116552369379911341e-01
2.463115365959730931e-04
2.014785328800938191e-01
2.061142309070156386e-01
1.154703338170423171e-01
5.475673436218980034e-02
1.474455041652403264e-01
8.091348109570362102e-02
8.807620958339480721e-02
2.159518909284248445e-01
1.988340649942145211e-01
9.067453158006842651e-02
1.519790244084165964e-01
1.310591874928619671e-01
2.117822701481193171e-01
1.701420882362997822e-01
1.988850014987557091e-01
7.594393156646032927e-02
1.964378860615841049e-01
1.707051411745065528e-01
2.050255217808650832e-01
1.374721705973195596e-01
1.765233831066852499e-01
1.091358151210285038e-01
1.330842906065310971e-01
2.072592302424387245e-01
1.990378468750592378e-01
1.533750108854117500e-01
1.615317660868601790e-01
9.807323910188910088e-02
2.061623452441573856e-01
1.401841492651414167e-01
8.516304222013446057e-02
9.885309200865854962e-02
1.906191443368649152e-01
1.544582888536407128e-01
1.953347035246971453e-01
4.070898144800674107e-02
1.474745168138460183e-01
1.345301590500259104e-01
1.917060556940976546e-01
9.389275400108861025e-02
1.707167380387782929e-01
1.852681726999908518e-01
6.896908879471319587e-02
1.011255858614052844e-01
7.412864324307369933e-03
1.232263858756805774e-01
1.546425014004322029e-01
1.597300149917903755e-01
1.774462190326695221e-01
1.485745438844709443e-01
4.391721683231562118e-02
8.840596874779423076e-02
2.373652687272955197e-01
1.936999668304369704e-01
1.611736950619991893e-01
1.714473518495792104e-01
1.721695318254987672e-01
1.935724956332109947e-01
1.853288297247710492e-01
1.837754971204155208e-01
1.776701224642443511e-01
1.038310375365074090e-01
2.139352247364768311e-01
2.000795265054781946e-01
1.332435485411516234e-02
8.309475136557316344e-02
1.609950766447648673e-01
1.838259854647126545e-01
2.126990425756712655e-01
1.968812987942920034e-01
2.131807591762009957e-01
9.216450543687608465e-02
1.443057712007383975e-01
7.001605663083437792e-02
1.850584063842633242e-01
1.428805646191196599e-01
1.013070333648896509e-01
1.419700517532737349e-01
2.184051300305628607e-01
7.454783956591960747e-02
1.120765059357458626e-01
1.229163681816489995e-01
9.105706387694591231e-02
1.119996991459183827e-01
6.859001306909472129e-02
1.491366668421173769e-01
7.467034511219981796e-02
6.830341591393399026e-02
1.899048919715074224e-01
1.821558889763066624e-01
2.109961401474705622e-01
1.600102306918024797e-01
6.974219370583790989e-02
1.207583796071141219e-01
1.876290414563034914e-01
1.851477333065318087e-01
1.824526040540798144e-01
1.929317018021994290e-01
2.009573681475907703e-01
9.122285937264446032e-02
6.350218266628987474e-02
3.996053496146591971e-02
1.687533433038086450e-01
1.147315047366214563e-01
1.875445983725440857e-01
1.296407543583621980e-01
9.765975388874410801e-02
7.969244464906144465e-02
2.086583247836440169e-01
1.986131657071806556e-01
4.305874966358554101e-02
1.678024091046693422e-01
6.863004426695466786e-02
2.057859419593789929e-01
1.628053077436925067e-01
1.274492594632285758e-01
7.387860633933561461e-02
1.710966678454687584e-01
1.547046042219284157e-01
2.069737349764136369e-01
1.254980042442162547e-01
1.682064131559944387e-01
1.733669976012189307e-01
8.162446034300722963e-02
2.003002984400944764e-01
8.730599337868633070e-02
1.447579270581669519e-01
1.732806624412869256e-01
1.738609329889974631e-01
3.513390756276253690e-02
9.792337532123038257e-02
2.142127148824032878e-01
2.184857791255115922e-01
1.439235339890620746e-01
1.429901107906164093e-01
1.891423295067331811e-01
1.694736737214856404e-01
1.804499775255575533e-01
1.737455991182514370e-01
1.605193330543761565e-01
2.205133481679303342e-01
1.703767161516632489e-01
1.594600528967149988e-01
1.365370205244994910e-03
1.220483223807531381e-01
1.739222563198113136e-01
1.829884532382317075e-01
2.067435084184646166e-01
2.059279864819896777e-01
1.834857522713520817e-01
1.927472650285289857e-01
6.200948262447582293e-02
1.188826762911687762e-01
1.628928442372931107e-01
1.207201538905695731e-01
2.017282046278244256e-01
2.685387849777366026e-02
1.655263028068696407e-01
1.914173149657369954e-01
5.191863274507568099e-02
1.904095990252602788e-01
1.417651794461992354e-01
8.451316088162648399e-02
7.473837977955183343e-02
4.619267410217837294e-02
9.457116627251929697e-02
2.078268239724640198e-01
1.956194643114101961e-01
1.907295671931389658e-01
1.193707092771911921e-01
1.464078216926304743e-01
2.172987761041026977e-01
1.723154308052806949e-01
1.221513639672503065e-01
1.594810473153719932e-01
1.842652382982793435e-01
2.031034114417357705e-01
1.346776569381241961e-01
1.168314953671206052e-01
1.625007016752965106e-01
7.429965945394541478e-03
9.630717294051743815e-02
8.987974168148356313e-02
9.979992823358836695e-02
1.971008007342184287e-01
1.811820543437360209e-01
5.505505148893297812e-03
2.135559660051324637e-01
1.965304862343143499e-01
1.278470269950162108e-01
1.667360509940477575e-01
1.408503882446746347e-01
1.793978069631627648e-01
1.990968051657399929e-01
2.057151067195206462e-01
1.721712256497895943e-01
1.541691204884935440e-01
1.776241597984769272e-01
4.288383182533712923e-02
1.109632403764644754e-01
2.018789259754294740e-01
1.653244618096446350e-01
8.337218985288653850e-02
9.070943838270385806e-02
1.037035698195720307e-01
9.988397568595758225e-02
1.127773864046115043e-01
2.012396395445338881e-01
1.932272832555666231e-01
7.607988793011911943e-02
2.134535766109096899e-01
2.042299061551100525e-01
1.245258437599036511e-01
1.523135380386086424e-01
5.242528009880514234e-02
1.160825242725135875e-01
1.458419802353113359e-01
1.944950026461863546e-01
1.905311864500454644e-01
2.049259115653773999e-01
8.339228997582734393e-02
2.011474717251198474e-01
2.084580881294119947e-01
1.712318043491078967e-01
1.118779975322206216e-01
1.946133570880552444e-01
1.090928541591136974e-01
2.020427054355845575e-01
9.128376735688981114e-02
1.768117710315113833e-01
9.625346130626230567e-02
1.054644543051415362e-01
2.089003222092476741e-01
2.820665418249824197e-01
1.302414996134520775e-01
2.008024649367242120e-01
2.186324819628609750e-01
1.733707693766791402e-01
1.043330351700436504e-01
1.531435849149953565e-01
5.202548966376992906e-02
1.957515798491448467e-01
1.988365762323548169e-01
1.672751406754142411e-01
1.615432352290700757e-01
1.928022030056766312e-01
1.086132979967089213e-01
1.658931376605273234e-01
2.136593414834611071e-01
2.019217795536251137e-01
7.565671970906334004e-04
2.043450777668147367e-01
1.643938071046373295e-01
2.189261984106726788e-01
1.582674261656835113e-01
1.840524846832065353e-01
8.526749297397817617e-02
1.605663681959475508e-01
1.004603800766197819e-01
1.459502036374211720e-01
1.800704237146915077e-01
1.374670252705937346e-01
1.638361653814633112e-01
5.299624586755426886e-02
1.295823770464412938e-01
1.246177248905433466e-01
1.377670533996226965e-01
1.959177875468151309e-01
6.125435682329613551e-02
1.171637499614415073e-01
1.886027753036961796e-01
1.330527941672167147e-01
2.079166746432753628e-03
1.820819799426680596e-01
1.559864603191017662e-01
6.963880060535379557e-02
8.290151148243246615e-02
1.425750450110492840e-01
8.358921580759369474e-02
1.734937059730957687e-01
1.053469756426293202e-01
1.345008032443837376e-01
1.136677355355488195e-01
2.145844678265664829e-01
1.401233190861823630e-01
1.043509172538487351e-01
1.381204035156996246e-01
1.133318974812233121e-01
9.270700531517542253e-02
1.445395211774677391e-01
9.944011712768190125e-02
2.175440312394439912e-01
1.016327767280200550e-01
1.535962736378603255e-01
1.903357116458296860e-01
1.860744777105406977e-01
2.036436608477839860e-01
1.183622682781729774e-01
1.876512806538585820e-01
1.370614424018724575e-01
1.369398929513687135e-01
9.632917194977289044e-02
1.716801049965928638e-01
1.490916549002393732e-01
1.196074113068170547e-01
3.610352721221308375e-02
8.483565658423568301e-02
2.023645169989918002e-01
2.076572476913024212e-01
1.677613471129053013e-01
9.357763882208511297e-02
8.953786809296679361e-02
1.963921523915607426e-01
1.787894384533209313e-01
2.186664249431414797e-01
2.108888228676011611e-01
1.908615320045406738e-01
1.231409227746369933e-01
1.939469425417505999e-01
2.046533097541612389e-01
9.685752941944092420e-02
1.243015824000029135e-01
1.762722828148509391e-01
6.823122674120557507e-02
1.840740224761201194e-01
7.106477941315364477e-02
5.707908979256200860e-02
9.285722038969136888e-04
9.175973341323774568e-02
2.089508464170564406e-01
8.746342688635712348e-02
1.104982498522778106e-01
1.569717752006242750e-01
1.971519310286057036e-01
1.260090365950359559e-01
2.168793720303396344e-01
1.332097608303743907e-01
2.086746561588411208e-01
1.019889382527706945e-01
2.053345890276097319e-01
1.255694964053600537e-01
6.437400010945103224e-02
1.717309562071746287e-01
1.080986481229245233e-01
1.949582953269124730e-01
2.458014324883754653e-02
1.526561507535070805e-01
2.109727019096269418e-01
1.097346033288966738e-01
1.162187195537297407e-01
1.596116015548638689e-01
1.201899543356925865e-01
1.887650030967562842e-01
1.657045669333132576e-01
1.686156043530389337e-01
1.704210079348756623e-01
2.043692337869697506e-01
1.743939235161327816e-01
2.069982126614642592e-01
1.038122844386188542e-01
1.576374586076835227e-01
2.058890109543077829e-01
1.931237166021884943e-01
1.091702524263122170e-01
1.186007152789277097e-01
4.647079159906027795e-02
8.283599260259832953e-02
1.747324101260066820e-01
2.130839113542588314e-01
1.796843237353993039e-01
1.653034276954041260e-01
1.170599611821580566e-01
1.654097332640126761e-01
2.068961326252025945e-01
9.981282091340451523e-02
2.081948936956752039e-01
1.867610398388846460e-01
8.549810622275093308e-02
1.802787778920868222e-02
1.483737527994654359e-01
9.867204015869932010e-02
5.592954641726989584e-02
1.339848882482234660e-01
1.593536211934397373e-01
1.498070637161147134e-01
1.570024296655196105e-01
1.056302019965436488e-03
1.409635818094731319e-01
1.462991311323384447e-01
1.998842808401035676e-01
1.455791149375158244e-01
1.768096105770777526e-01
1.084233738042827966e-01
8.311246746441408595e-02
1.715835953644459788e-01
1.739231968833158670e-01
4.606206218857991468e-03
9.992929115760405823e-02
1.968471246271192299e-01
1.677206968860747438e-01
1.974972516004014633e-01
1.265968419835155484e-02
9.071793881577269736e-02
1.698487259027677276e-01
4.538550238872249808e-03
1.981957212592161399e-01
1.779078687865607578e-01
1.690756918132742537e-01
1.896537154018641813e-01
6.513287280690500947e-02
1.837360040484816714e-01
1.681355534660277651e-01
2.183317254615474157e-01
1.825616290751359005e-01
4.714659122716443468e-02
1.855025590260151735e-01
7.693510412661563880e-02
1.800099037171111194e-01
5.513808436877347396e-02
8.788421886165820318e-02
2.203583893311237552e-01
2.086645890534804537e-01
3.325657965451108145e-01
1.494508299792138284e-01
2.047263438918064671e-01
1.670292047067170604e-01
8.525736269803693701e-02
2.155495860400848951e-01
1.752077898151269963e-01
8.620038940393343063e-02
2.062289401077513351e-01
1.704754827712562648e-01
1.310397653401751128e-01
1.913556032433560705e-01
1.984485165674571561e-01
1.130223772687712347e-01
2.047903437926973103e-01
1.155162995038093304e-01
1.847078936765366164e-01
1.507214872126294569e-01
7.196977351156104430e-02
1.925650950311136034e-01
1.966547682272035691e-01
1.321515356479002201e-01
5.281961638293249106e-02
1.171738389379487627e-01
1.123586451818984339e-01
1.189492438812700392e-01
2.098162858644786466e-01
1.266927792785023654e-01
1.627824266578962176e-01
1.295492555407659341e-01
9.122324495721975679e-02
1.699359376151189094e-01
1.758440774956076258e-01
1.747298077954724804e-01
1.543807365537847309e-01
2.176437454321616116e-01
1.605150832931609151e-01
9.664903507028779761e-02
9.062033579217195628e-03
1.048915781149565990e-01
7.574313414880931572e-02
1.607392210092357665e-01
3.671222963250335425e-02
1.956181317582367241e-01
1.024769546735091463e-01
1.094251232251789718e-01
4.805085874891206615e-02
2.182843082694891634e-01
1.837092661289805584e-01
1.182765400226506725e-01
2.180855631683704943e-01
1.819253468359536274e-01
1.746692170574390135e-01
1.307276434801115661e-01
2.142669871635176915e-01
7.645731331449008572e-02
1.705945632737365103e-01
1.028294345564266660e-01
4.624974458796115434e-02
1.246503563784917279e-01
9.256261607339334729e-02
1.750453930892851007e-01
1.140442818867925118e-01
8.665246077037844219e-02
1.889673289022722469e-01
1.828343694299552902e-01
1.415291785917416334e-01
2.401448308611947857e-01
2.107730640963922097e-01
1.827145931197074191e-01
2.240284050351720182e-04
7.989402743860242462e-02
9.025343595441298605e-02
1.489589125737458830e-01
9.191962934535050089e-02
2.079133905150208350e-01
2.182050016209306775e-01
