1.063456682139835990e-01
1.008173086918065231e-01
4.489135795190589417e-02
2.354874716482645292e-02
5.380673708268335353e-02
8.527292963994316521e-02
6.032498036425827659e-02
8.745330806571067692e-03
1.288473401148760786e-02
4.981568629315846763e-02
3.087079049680968579e-02
8.169814301831898606e-02
9.550418967246469826e-02
1.035510092590500170e-01
4.969150775185216667e-02
4.423475903600473241e-02
7.910576541277671014e-03
1.482644583501375015e-03
5.865338062762665700e-02
4.981634030870858709e-02
2.011110286135103786e-02
1.147211451867185261e-01
6.803953968183436285e-02
5.517439273919205744e-03
1.458775946819605533e-02
1.134599381003088825e-01
8.571264036207552894e-02
1.509265052781267984e-02
1.546656637240971565e-03
8.662453207354450790e-02
6.168567581072822298e-02
2.786788905842369282e-02
4.431952256667982815e-02
1.038236637259620093e-01
1.036010664576039325e-01
1.515024899379812350e-02
1.327739366151833161e-02
3.193345444630085045e-02
6.703231549636610997e-02
9.896401761388551321e-02
1.444398941595666751e-02
8.528379451950068510e-03
3.461825465822786219e-02
1.871388121182814349e-02
3.195922924360806994e-02
6.186580459823268208e-02
8.708741427671590207e-02
9.344956727986354628e-02
9.237260670684649400e-02
1.125304534468454659e-01
1.410063106838528244e-02
1.049634451529626589e-01
8.524899989485973384e-02
1.034380268510248779e-01
3.761234505129712469e-02
7.179603729113821775e-02
8.277554796033693985e-02
9.497558858836194218e-02
1.052854438486601346e-01
1.269617884761983263e-02
5.883764770870109073e-02
8.028923550221893357e-02
1.113881963249211682e-01
5.921371455789629229e-02
4.842872443476892164e-03
9.879977724229103975e-02
1.662214642573161399e-02
1.558433539282505324e-02
1.132619314800287769e-01
7.019909452130815297e-02
5.246511557720128470e-03
7.243772300358966576e-02
1.077390414421842968e-01
9.590260814824573543e-02
5.753551636772669814e-02
6.383456341382248711e-02
2.583692801670466749e-02
2.769216807097899490e-03
3.719654717493831031e-02
5.472810023409278163e-02
7.212465554465150031e-02
9.303031385164035882e-02
1.021622406832634888e-01
1.385949710659264110e-02
5.669441191020795773e-02
4.095454455177043041e-02
1.987398936030775401e-02
8.578907187661828637e-02
7.053750165745611977e-02
7.386207464469156381e-02
8.168029711967797479e-02
8.759104993621776025e-02
2.528537574584641470e-02
9.295593198841479998e-02
1.415916656244098478e-03
9.120081743212143932e-02
5.902933140201874901e-02
1.046282273550066810e-01
8.127092886303408092e-02
2.851074507939299618e-02
1.822327189691457655e-02
7.773131780102324195e-02
5.680393817764178149e-02
2.712306067916976995e-03
1.022521283729973113e-01
4.242310768581110218e-03
8.960145689892866361e-02
3.481668127271898838e-02
8.647463340665606513e-02
6.365055791065983570e-02
8.306749126363639768e-02
3.844424782076943936e-03
1.088304028109225580e-01
5.871014765090248194e-02
4.594380319512275657e-02
2.236667158098331817e-02
7.200021533180060024e-03
3.867877409991134913e-02
8.035264949119641509e-02
1.272183548515838127e-02
4.321250204031729797e-02
4.878598333640215548e-04
3.220303910500852112e-03
9.935630492739130903e-02
1.150798406796851303e-01
5.386344078228992582e-02
4.967636852349938820e-02
6.012640926756918081e-02
9.784851491801757617e-02
3.744067267111453410e-03
1.931204325780591299e-02
7.114115168701595771e-02
7.015399967253052593e-02
7.675010676415693067e-02
8.910712970929403343e-02
5.595583369610894475e-02
2.500510396677895278e-02
6.824268228837629402e-02
1.549539202837884634e-02
7.769781117758364775e-02
1.035747705199542290e-01
5.767065765864153037e-02
6.864737455446418002e-02
1.739772319150286600e-02
1.434636779989817770e-02
1.792150712568336274e-02
9.307442593769942041e-02
9.711682543999859696e-02
1.661506618424237261e-02
7.364320600540863460e-02
9.237212270175057527e-02
9.140180995176759929e-03
1.077149691050927199e-01
6.856689583718429681e-02
3.969720849457064604e-02
2.291152774851084109e-02
8.661463012334419398e-02
9.174038041934270971e-02
1.792405510054907725e-02
1.030204404844340393e-01
4.894249561353902420e-03
2.317476068203164555e-02
8.603144675477869541e-02
1.063764811443271563e-01
7.877269922814192360e-02
8.391488703472294031e-02
2.307645621579227507e-02
9.577017391862585605e-02
1.019628757394230728e-01
9.554676929383244810e-02
1.531360846503014919e-02
8.607517913017961875e-02
2.164619243851723107e-02
1.134679553218566686e-02
6.551816531734369620e-02
3.680674168880547492e-02
8.605571586160117026e-02
1.516388694073460275e-02
8.109219536068004719e-02
3.521745836571170407e-02
5.736329167593346573e-02
9.116319089801906694e-02
8.194476327182248498e-02
1.612716796103287609e-02
8.382573593896039399e-02
7.104923338468593919e-02
2.232844943633151627e-02
9.039801823290099375e-03
9.218925830134343247e-02
7.736641784061290550e-02
8.477640444362308236e-02
8.777041708405859677e-02
5.583525655378725194e-02
8.695149406507447776e-02
7.219640555353952494e-02
1.886745652152188243e-02
4.704814310869660093e-02
2.538900844893531364e-02
2.847438907578343434e-02
3.253915008769944078e-02
1.078681221233903503e-01
3.483069067244746325e-02
7.097041716109300791e-02
6.620640872648364712e-03
2.256433476231109805e-02
1.516866007290850957e-02
5.812311357769454206e-02
4.127422439941458299e-02
2.948109474711969880e-02
1.080492365973861751e-01
7.007514582476863374e-02
5.360994296777399359e-02
1.145816167838895200e-01
3.920593708565753288e-02
6.450896288157240144e-02
4.493013823859449279e-02
6.853231282897966070e-02
9.619427352333266568e-03
7.806051906666081064e-02
5.676208569640481261e-02
6.620669256293484906e-02
8.971048494955355390e-02
7.181908617179703913e-02
2.446376859253856714e-02
1.063158152960081426e-01
9.822770164160547768e-02
1.128951909288633954e-01
1.807796581701346175e-02
5.450803632085619160e-02
5.442499802528744102e-02
9.927256857952268532e-02
8.301272828560740669e-02
2.392692816414284177e-02
3.160817363964121829e-02
8.007975232630011597e-02
1.128852069429145816e-01
9.599220260461228948e-02
5.742608669392560566e-02
2.563726860506056887e-02
5.311076203751221442e-02
6.378356998208992157e-02
8.540275649047213147e-02
4.285509851376636398e-02
9.104797040937102903e-02
1.424921806397057853e-03
1.677134287502390908e-02
1.041227983805629448e-01
1.019685139435560772e-01
3.807584581782061037e-03
4.113322332429476293e-03
1.107289360170353593e-01
6.630812553110716767e-02
4.358798985301355622e-02
7.414646785729235579e-02
1.110943821585323177e-01
2.743821274327452875e-02
3.785175809326717794e-02
9.891929486695703877e-02
5.841382108680475208e-03
2.180116483655453186e-02
7.605188227963068093e-02
8.355164864320284435e-02
3.466515702639950958e-02
4.274447631328392311e-02
8.257087255076195342e-02
8.425527033481314265e-02
8.756163675111323930e-02
3.718083630675104306e-02
5.527127286267864183e-03
1.113893623584111953e-01
6.610028482042447362e-02
1.135160175225708029e-01
9.468453455384985562e-02
7.549748599116394565e-02
4.114790746077239686e-02
8.638061939021031421e-02
4.154172202215541954e-02
1.033930921967762401e-01
1.780694618283881758e-02
7.036739098985630991e-02
7.746771023419536661e-02
3.983563487182337215e-02
1.123856820562444681e-01
3.404729334557234782e-02
1.096001536561974216e-01
5.099941781993630463e-02
2.347510545679825505e-02
1.143739963996021070e-01
1.163827883925781237e-01
1.084885313781962582e-02
7.610108690257032238e-02
4.481049247197497337e-02
1.377339511496658390e-02
9.793001112886732043e-03
9.228703466633010610e-02
4.800176834938650605e-02
7.785555533619907542e-02
3.162667936788266659e-02
1.093654831306175787e-02
1.089237299175606216e-01
9.282690913895455531e-02
4.474705392043158182e-03
1.094954854741173184e-01
6.054632381755495341e-02
1.133771361755657181e-01
9.702700868937801093e-02
1.158017684883160536e-01
6.482450016394418479e-02
9.485457600206148587e-02
3.837964736344992057e-03
4.986435842881480757e-02
1.043377981568859164e-01
8.493568675800916568e-02
3.447691115404342282e-02
1.164398552804204179e-01
1.012299865567259510e-01
2.875288446533343090e-02
1.183951009077116763e-02
2.968677026385438747e-02
8.939971757819907550e-02
6.087024889678043817e-03
1.059717042702607165e-01
6.356180615851875215e-02
1.982917878221511152e-02
4.487359465527600982e-02
1.987269139750211244e-02
1.124334621002850004e-01
3.046751261851953201e-03
9.575735111867182681e-02
7.629081252211285247e-02
6.344384850215954719e-02
9.473828993263994080e-02
1.140301916319656078e-01
5.011682202710858458e-02
4.348128793909842443e-02
7.904675710824312501e-03
7.918047521461257787e-02
1.759876489800767455e-02
1.090336965972880517e-01
8.035438962291480136e-02
6.371122277731350314e-02
3.520414391082974520e-02
4.544625621775845448e-02
8.538960392296426893e-02
2.381352721108326471e-03
4.704821124580087915e-02
2.478864497149657273e-02
3.186237007379856545e-02
1.040965171241120674e-01
9.458066094737055396e-02
4.628270780436086890e-02
1.033501828370060327e-01
4.483745270672667010e-02
7.425018582590131588e-02
4.627828761590688234e-02
1.852515722111320109e-02
5.866953784611214162e-04
6.411821259923877747e-02
9.472990470203659918e-02
4.387389010030908615e-02
1.043426989879625982e-01
6.532146247603538847e-02
5.160578716722448618e-03
1.669350088702682006e-02
6.134798397823684746e-02
9.833902939178917630e-04
9.171894450580658775e-02
8.607135566510031727e-03
9.499449003398105495e-02
1.135782761102648447e-01
6.467197994945646233e-02
8.168846554644895730e-02
9.962802950982350969e-02
8.482595246275058398e-02
3.246064514352954566e-02
3.325512438959087047e-02
2.069086834839058142e-02
2.138379076965821191e-02
9.505974325945734660e-02
9.501445104623937321e-02
5.540471381981787458e-02
7.935659938615372000e-02
1.200612782695864578e-02
6.598683160730065000e-02
2.156355038771587407e-02
4.354002183235573115e-02
7.317694973028411598e-02
6.781785013226750147e-02
6.129083501882982843e-02
6.740412584848962108e-02
5.495201644117723994e-02
9.757760811165699932e-02
2.382953858316054843e-02
1.103098053291024644e-01
1.050767287135812716e-01
2.021827190893768847e-02
7.005448980045100686e-03
1.048444356905240127e-01
1.904490162178498411e-02
7.598161750772757309e-03
1.833635224058749458e-02
9.161022092432836994e-03
1.249275823410255296e-02
6.091037904984717907e-03
2.683104303205059715e-02
8.840867523410832207e-02
7.575690367308147988e-02
9.130937661144460787e-03
3.946403297755474160e-02
2.263615347106052653e-02
3.174164475846026623e-02
8.534584545730376781e-02
4.988753556319847765e-02
1.600779715326053690e-02
9.579951158899928376e-02
2.161064986553803795e-03
1.023862357209518181e-01
1.029614279916284264e-01
5.184890266009564708e-02
8.104965939026084754e-03
1.075842261910918592e-02
9.455920089576408394e-02
7.930078524058588318e-02
8.290104925574594275e-02
9.187810554394618134e-02
7.035260457536338108e-02
1.781392736043812056e-02
1.116287988998824615e-01
6.895686990903970859e-02
9.570718854500032124e-02
9.044392506062697012e-02
1.914871070672334932e-02
1.132117856324582200e-01
5.403381091730677377e-02
6.914792686544489475e-02
9.040042640317092620e-03
8.997152091076250635e-02
2.279058843423762901e-02
4.536549906633580848e-02
2.038189427212177066e-02
3.109330011751500894e-02
4.846781660894415589e-02
6.270024615085043052e-02
7.755844608464884660e-02
3.723330715431791976e-02
5.499051889786663733e-02
4.925866909521656872e-02
1.040842943878259180e-01
2.076227888760903348e-02
1.063663670506789505e-01
3.585965615970723025e-02
1.156802858594150329e-01
7.264516293003007996e-02
4.160247837305331570e-03
6.105972156816697610e-02
1.040456189919687496e-01
2.390999782223052206e-02
2.785127431530738662e-02
2.764526779752416591e-02
9.463203986371809817e-02
7.193064403296307863e-02
4.503969398757479842e-02
1.016880224303697983e-01
2.250529155411173585e-02
1.954552974956166173e-02
1.031614327842461237e-01
8.283230152614683151e-02
6.172249759809263214e-02
3.485981300142158845e-02
6.481904834999849263e-02
8.032532895886441981e-02
8.231382078841377459e-02
4.374451718503905018e-02
5.684333770489668342e-02
1.694296691085745224e-02
2.457564838122458170e-02
9.173146932204603865e-02
5.963107489783247422e-02
4.080484780977738923e-02
7.484731005606648502e-02
8.355767907978832801e-03
1.074554008206735078e-02
9.758630853363779722e-02
8.612470714409964367e-02
9.119321368993071886e-02
2.204098723793775777e-02
5.888888760351415619e-02
5.482642629022446007e-02
4.866457776106040273e-02
2.929102297470261365e-02
1.033393808121251395e-01
9.104044581619416543e-02
1.030216505627348095e-01
1.006837635501382638e-01
2.309612884302711356e-04
3.359879578750562396e-02
8.057768897565260879e-02
4.540159731769026485e-02
6.779863028627342025e-02
5.276283855493767855e-02
8.977272002920558269e-02
1.279699303071983076e-02
5.140394577770553836e-02
4.098671524383699222e-02
4.966058613335680438e-02
1.103905051364977158e-01
1.040679239730648853e-01
1.139881408383747463e-01
1.017934118278323447e-01
7.074077071125686733e-02
1.051635476253791057e-01
1.555857794700283431e-02
4.324518692024246352e-03
3.178700749537716197e-02
7.334641059742074386e-03
8.425688076213609656e-02
8.423611232190998319e-03
1.057329203349227226e-01
1.137802097017901609e-01
9.628759899743868922e-02
2.887314592408216432e-02
6.711884891007005582e-02
1.002108368176491543e-01
2.646779658389639134e-02
9.320978806142270201e-02
1.149650001401745086e-01
1.069065587821180496e-01
1.081119619855814978e-01
1.092251201516200587e-01
4.659126548634121012e-02
1.828417184769393078e-02
8.739540586737011563e-02
5.145267540884593260e-02
6.805806383550508376e-02
1.589416469560224823e-02
9.283638639945761273e-02
2.945978215345245940e-02
1.018154149675788572e-01
3.675175432229152439e-02
1.151805805357587580e-03
5.116946011290676027e-02
7.575875735481479856e-02
1.978363425869031009e-02
7.995393479062289088e-02
5.989207500873754836e-02
9.859420117401522521e-02
9.203675613802553279e-02
7.296209933564793727e-03
9.825590011614440678e-02
1.311181998430603450e-02
7.321298339322859783e-02
1.140635217621621261e-01
1.259990821389050768e-02
7.466110088989323483e-03
8.022625370677043122e-02
6.519774034300447607e-02
7.575895142781133296e-02
7.087267900550355167e-03
9.939466560316176369e-02
7.804790376792716811e-02
5.917647900671904604e-02
8.415063506991969644e-02
4.669187573402308611e-02
7.980020267483484142e-02
4.129603128485037633e-02
6.762633921984094465e-02
1.889117275956481851e-02
7.581692741114884337e-02
5.340698484515922495e-02
2.694558925247714579e-02
7.761224136183980486e-03
2.746404923557619476e-02
7.891424712256907281e-02
4.790203047113528873e-02
2.366829445278280028e-02
7.918545548564613623e-02
1.618199863115257764e-02
3.264983986825755607e-02
3.440465135877154856e-02
1.048798578742699966e-01
3.212637746040746672e-02
1.981113682969152731e-02
6.103163542429865945e-02
8.717574285004084378e-02
5.543513880653023335e-02
7.665940951671464283e-03
2.858523799143641159e-02
9.724178536741292025e-03
8.613325195222312769e-02
1.030543509003598729e-01
1.028287006941097925e-01
1.675243877366030740e-02
4.833328618587301451e-02
1.089050188420505466e-01
8.437929942266984840e-02
5.680530236920563504e-03
1.048339633516528688e-02
7.246711186330848098e-02
2.094087862721741300e-02
2.818938269246401215e-02
1.020946212151212784e-01
5.015902119289023658e-02
7.667782008029026819e-02
6.679140967828085806e-02
1.112861146992532024e-01
7.606258393659628969e-02
3.529771176825220735e-02
8.193922041343564000e-02
1.093317525071109270e-01
4.710052720951003746e-02
1.057624087965787218e-01
9.755418432861119593e-02
2.391826501656734577e-02
2.169604900743512393e-02
1.810869112722913662e-02
7.527533616663188709e-02
1.107224293505819773e-01
7.554807149150341572e-02
9.268939702640741074e-03
1.406768250543213167e-02
1.173966135239951948e-02
1.881615627418260772e-02
7.108704513728686392e-02
5.370876617103322731e-02
1.007434768919703710e-01
2.893596402136856469e-02
3.892093262042940066e-02
8.758661315421084614e-02
3.655526260240477693e-02
1.157007885925774165e-01
9.416242409962582993e-02
2.569141777676946237e-02
7.977425318988240477e-02
2.285365366730637837e-02
9.405075882638232188e-02
4.200167153658743852e-02
8.969948555661141909e-02
2.661020022006437002e-02
7.354520167220357160e-03
1.004437927060616333e-02
1.468033783090283255e-02
4.161566869747188036e-02
1.073294531003931296e-01
1.984602753690992150e-02
4.449358016930395066e-02
4.813777181259869253e-02
2.082196288359306965e-02
9.985475055562714752e-02
8.610386022694813124e-02
4.838412118553877400e-02
5.188982440762731838e-03
1.005557414085032492e-01
6.945550789836042738e-02
5.513073836734438959e-02
1.114468307388799123e-01
6.856701529197029021e-02
1.097582509165622028e-01
1.079095645653079666e-01
7.018501124553992720e-02
1.163195256214902135e-01
9.127420086350654382e-02
4.225649991819121348e-02
3.628143847456283266e-02
3.080610219369043709e-02
5.166142358810743573e-02
5.049035434819640344e-02
2.125303200556615327e-02
1.085215302872715448e-01
2.077871135742956343e-02
4.829491947425121334e-02
5.872168840698748643e-02
4.081350382088103079e-02
1.795933450776909454e-02
4.135838560847440726e-02
5.341845206430676646e-02
2.367083510208361011e-02
1.151885062566092299e-01
2.997143610689473325e-02
1.919594265709016409e-02
3.598658817763651652e-02
1.070327785673529514e-01
5.949479692772807748e-02
1.081672957174528715e-01
7.478531889662370924e-02
9.129890350580481539e-02
6.582234208783988016e-02
1.006439746254949308e-01
2.779548171178621366e-02
7.376264533806500823e-02
4.031346059343312443e-02
7.984573165024818481e-03
1.118425291486652706e-01
7.242785200622622876e-02
1.651092016596867815e-02
9.649752917897051752e-02
1.095894442086058074e-01
4.302384148864512453e-02
5.997675517398372985e-02
2.987898416190803291e-02
3.075853313588887070e-02
7.771793651270418601e-03
9.929913826123957718e-03
1.076044124148154979e-01
4.361713410716699241e-02
1.077929564144245872e-01
9.627423972998758184e-02
3.173740202473487870e-02
6.918763136603567343e-02
1.613963137301369088e-02
1.859351643590962180e-02
6.082458369599855717e-03
8.322747133105341810e-02
6.870872692988029898e-03
9.910881162606055561e-02
3.759535439764814455e-03
1.572148237532688259e-02
3.443594384484737619e-02
2.262969662371418569e-02
1.061927684795568178e-01
9.703963647805391446e-02
4.945231063641754993e-02
1.333941041344386368e-02
8.265407062673393868e-02
9.576864782025526490e-02
2.092081866746893851e-02
1.123122282596253213e-01
3.195625712015660869e-02
8.702892195315918566e-02
3.549622640917691335e-02
3.467944379129111326e-02
2.145240546495918305e-02
6.223731950079445380e-02
5.337114966880774497e-02
3.670900195562663837e-02
5.964391073002935778e-02
7.741385083178395354e-02
9.634169451706463619e-03
2.399793834066194995e-02
4.956665455288534160e-03
3.184360971453357309e-02
9.138792349133316451e-02
1.985381728691278450e-02
9.703427163490992158e-02
7.569834560841286197e-02
2.396727488432196310e-02
9.219196933937512384e-02
3.330396035159814694e-02
1.146891273204377754e-01
6.163021916205808221e-02
2.181849465134473587e-02
1.994044530117673047e-02
8.171690818958907143e-02
3.742969928054983714e-02
1.115369738513395242e-01
3.814364448646977851e-02
7.580009570957772780e-02
5.510056168807659499e-02
2.203930597312627609e-02
1.255589103351817816e-04
2.750422946599312066e-02
4.018074905030936950e-02
5.399646249317609226e-02
1.892623904285244130e-02
7.767671514198998262e-02
7.484725229441600847e-02
1.591148849392400033e-02
2.899717189751449195e-02
2.654722316316206893e-02
6.602692298824522354e-02
5.729023026784885175e-02
3.469656153427588124e-02
2.595955024805020328e-02
1.024428939079880113e-01
3.019618352248979246e-02
9.862401474695417503e-02
6.647798650899364170e-02
1.385671025634518938e-02
1.104340862825979180e-01
7.433592235483733879e-02
1.139711964378168352e-01
1.019176195464712997e-01
1.084402618448985778e-01
8.864496334494757768e-02
4.444614261639995637e-03
1.147019559524797699e-01
4.844347168873864434e-02
1.028802924836995369e-02
2.250067221517488419e-02
3.217006450165162817e-02
8.578750413572524755e-03
2.160280545984767306e-02
1.002993187215593524e-01
7.575141997711716535e-02
7.695888367575742794e-02
1.022329078118267565e-01
8.899377352865783797e-02
1.979015281167069776e-02
1.077997176277425452e-02
9.733153887307623153e-02
4.883958021469411714e-02
3.744944575337029458e-02
9.006363241174218659e-02
1.116977219343202321e-01
2.918729246705558875e-02
4.668308625823819336e-02
6.664710103529863927e-02
6.535637931046560378e-02
9.174270431312847585e-02
1.099862031306931553e-01
1.001821543564336559e-01
1.063783823000178236e-01
1.077276914570743510e-01
7.286024376186453488e-02
2.910400776579375945e-02
1.163934561557233294e-01
6.476672290156135214e-02
1.164857430978945424e-01
5.495602272253461568e-02
7.457939717766595526e-03
7.807550688805679762e-02
4.627191468840693295e-02
1.153990141510330136e-01
2.215414584394116704e-02
8.842069764510624222e-03
8.760173945297154707e-02
6.855812895249265015e-02
9.099129889029475976e-03
1.091306083307049535e-01
1.468002190094529549e-02
6.117032790373001100e-02
1.524788354609824675e-02
5.297937596070683222e-03
1.076903566742378887e-01
9.723638523113947718e-02
7.976569850123421679e-02
1.231962507262766328e-02
1.418866049739949883e-02
4.264906989834748446e-02
9.562066328921890734e-02
1.156975782035934985e-02
3.490457098670319419e-02
5.559809647648674032e-03
8.409122781292681370e-02
9.088009465465654579e-02
7.383532272688266007e-02
5.192214945855942732e-02
9.280464819823077902e-03
1.076416018705796535e-01
7.004212435654859348e-02
1.045691983797435026e-01
7.940721088845978382e-02
2.208344762729889596e-02
3.487106787079176373e-02
1.553859443978119342e-02
4.280217967160643983e-02
1.085897825564882957e-01
2.741273593188566990e-02
6.505404695603203558e-02
2.204113201109167419e-02
4.317242127810970442e-02
6.534055923345398822e-03
7.927401954430639275e-02
9.027943382509266701e-02
4.105383130842404221e-02
1.453764796206324754e-02
8.284052774690109366e-02
5.111171397293320061e-03
2.135072350965121907e-02
7.733433130086810048e-02
6.149092551818222813e-02
3.217622177174116194e-02
5.526915896863998298e-03
5.953211759586712892e-02
4.451682942050139494e-03
8.052535997448689864e-02
8.928509607814098803e-02
6.396143552385304132e-02
1.694068025763920821e-02
8.293511653370694292e-02
1.088461074688911318e-01
4.168060223867240538e-02
5.751708566180117194e-02
2.677046637379806165e-02
3.815288836170836750e-02
3.405278124719383903e-02
4.134818002262698189e-02
9.448246211144775697e-02
2.877415807611044540e-02
8.677223706689282667e-02
1.805530966436979384e-02
6.204793250966531698e-02
4.378012652734424026e-02
6.293323283423897518e-02
8.568412278717046915e-02
1.830911536062058628e-02
1.765959104768855328e-02
1.918704204392042076e-02
1.133326738590630239e-01
5.743278308137794719e-02
9.694696535737575005e-02
1.116473168622609223e-02
3.512912986211855909e-02
8.087168041474318558e-02
1.062936816844025148e-02
2.879066527442026430e-02
6.561868505528678508e-02
4.179274498815001293e-02
1.015112272351726130e-01
2.907809618866772847e-02
4.462786064704874628e-02
1.000152092765509981e-01
5.268596422084731445e-02
1.019577534830031496e-01
4.234989275315152388e-03
6.555660292962288589e-03
6.714738033822142613e-03
5.862976253742788885e-02
1.065769181915537760e-02
7.587822193702912360e-03
5.573015354435114505e-02
8.929313085455579946e-02
1.208530516845323678e-02
7.826343123562415349e-02
9.741052563319477914e-03
4.723865504027376094e-02
4.655390786083615784e-02
2.264358653389514364e-02
1.083043255837465857e-01
3.863729482860792097e-02
1.021028302803936166e-01
9.370026024079325389e-02
4.564612588347696093e-02
1.349373078901575616e-02
8.053928781509239743e-02
7.923515888452820066e-02
9.166009835909641121e-03
4.233787110649350066e-02
5.927358853699172397e-02
6.560041308235552149e-02
1.073337734849254682e-01
8.749136708840749010e-02
9.514421110559645456e-02
1.143640664678031854e-01
1.020802090928606271e-01
8.539707399837061230e-02
1.724430795515060483e-02
6.355033642557271489e-02
1.748275745311220555e-02
4.194955327793686156e-02
9.479816666617647825e-02
2.876426117349558092e-03
8.534536300742861722e-03
2.618663511089238533e-02
9.640859380510449772e-02
3.766214552151796874e-02
6.241493438461037657e-02
7.145985538216497075e-03
1.451399675820110383e-02
6.088612757009146531e-03
2.990749954115291820e-02
8.121891605647744983e-02
9.541669011599683559e-02
4.111248270718549647e-02
7.444465822112926456e-02
1.139059277735363501e-01
7.735180163109366125e-02
7.058462141450634608e-02
5.505106666177222996e-02
5.616568179932890370e-02
2.053857188236173081e-02
4.843368535680426384e-02
1.805964397906976299e-02
1.005638771095767187e-01
9.639936627884321263e-02
6.824686031067750402e-02
7.037060714279198825e-02
8.284211122471558941e-02
1.032778633403876462e-01
9.578207436054421431e-02
2.010508031737864507e-02
8.447838951127442653e-02
5.541203678328493476e-02
4.108351112788428267e-02
6.552153339185333263e-03
9.343640163522681785e-02
9.876324638429170855e-02
9.965230621758341956e-02
1.058697741809506848e-01
8.346322033578425226e-02
9.461199155924696069e-02
7.508295147058956058e-03
1.248700602533968189e-02
3.098266021182982319e-02
1.042855432180171960e-01
6.675477253333599037e-02
3.960644215664885226e-02
8.209147480212691805e-02
7.942133843060628084e-02
9.242208250256768454e-02
6.589932241486558262e-02
