8.193876557163683183e-02
1.095252680512749793e-01
6.187793846031491851e-02
9.364246375721614613e-02
8.671351515057623693e-02
1.060072697454469415e-01
8.267778079225217291e-02
8.461613665159765929e-02
8.489802575800955986e-02
5.083162466039745087e-02
4.327069370330527409e-02
4.641566045832964255e-02
8.086319604207600764e-02
6.504011054130066916e-02
1.101306602463609924e-01
4.240211565433842783e-02
2.020142829370796811e-03
2.248332703020306314e-02
8.282770216990202605e-02
4.993041423169539833e-02
1.084236166566605458e-01
6.018589588701480329e-03
5.475147289312695675e-02
8.113541065151441689e-03
4.661724248402984716e-02
5.897459071045055290e-02
5.467109554438560545e-03
8.886080345095959121e-02
3.636642866882814490e-02
4.562753504172342017e-03
6.160538886583607349e-02
4.929436724498369171e-02
7.879877517696383393e-02
1.066093512533699689e-01
9.379095600360384810e-02
3.305190717603857797e-02
8.542991358108963096e-02
7.976395575131864368e-02
8.120298104341043544e-02
8.022973909081144994e-02
8.709905509420079461e-02
7.332956432586541784e-02
1.005817531364883721e-01
8.506899839580621403e-02
3.549230440822593452e-02
7.811078713052024489e-03
9.051400890237530639e-02
2.072858376645476605e-02
5.401200305746560112e-03
8.444883130063098042e-02
1.108296273942745297e-01
7.853299209070709053e-02
1.061927385942883079e-01
6.545081155680242124e-02
1.031430754039195652e-01
9.361581425574083681e-02
6.919565566666778522e-02
1.069098904558758029e-01
8.305129753328163722e-02
2.952465195607088116e-02
9.590546802423535744e-02
9.425477614476442112e-02
1.029512880415674875e-02
8.866112234721119922e-02
9.491487150985346288e-02
1.003023595043146254e-01
7.183213224644988126e-02
2.428312314407096023e-03
1.097988258439604875e-01
7.743623913673705964e-04
9.299325276048252265e-02
9.691310510399607503e-02
1.957802417184725113e-02
4.527122541798748838e-03
4.464174578051942691e-03
1.030149776102488694e-02
1.071980369680102380e-01
6.731236249772037938e-02
8.339760273209474717e-02
1.362862803563877345e-02
1.028418689486105680e-01
3.017080668190096765e-02
7.338202186849956954e-02
2.259889926321725917e-02
2.132941302760025127e-03
9.641056052283331068e-02
6.860234197864741035e-02
8.318461792123180154e-02
5.914122244775527754e-02
1.050867527362354947e-01
1.709661664796479708e-03
6.212401859608492755e-02
7.994347432184788216e-02
8.997116496985088641e-02
4.616943175757245305e-02
6.414494044772526583e-03
1.008502315457407705e-01
1.033944295100573119e-01
6.075747919227028615e-02
5.889479139368194484e-03
2.251146237672973355e-04
2.711636118592098549e-02
5.310873172017487043e-02
1.250930183984457801e-02
4.143933570540151573e-02
1.104374301988681334e-01
1.065036693590008243e-01
3.210891434123041427e-02
1.650681351506776791e-03
3.004323107329322229e-02
1.066203064964862390e-01
6.554548763466765127e-02
1.147574528054524749e-02
8.785829653254313698e-02
3.163751955612485733e-02
3.940456484859754249e-02
9.817340861990948853e-02
3.704885902843221140e-02
8.385907813605755767e-02
2.603331985790476380e-02
8.462628425979923374e-02
7.890431037886871946e-02
8.439207556605944930e-04
4.391703354399882978e-03
2.174054229805585242e-02
1.008445644779810968e-02
9.375008117899893967e-02
6.981370582408708003e-02
1.090728310354070058e-01
5.937740940615208324e-02
5.995731259410131547e-02
5.673022914942805334e-03
5.226084804867425510e-04
9.094606720648652776e-02
5.365352104229389324e-02
7.486128462566453770e-03
3.981742805149814102e-02
3.467173506117591890e-03
1.474541933761762142e-03
8.675839642650648442e-02
5.779047475898117098e-02
3.013787261881904420e-02
6.431433433696043256e-02
7.757145626378970926e-02
6.303018957463399352e-02
5.979374782199693705e-02
1.033736324922155114e-01
9.822021015739951233e-02
1.571140764592575054e-02
1.014037723635736882e-01
2.222115282520243859e-02
9.801036061826101653e-02
5.865197608626514930e-02
1.213407829609203063e-02
5.880206486389931431e-02
8.729020471753579091e-02
2.086333613515158752e-02
4.611381292285075123e-02
4.240585785442992778e-02
1.010020185920817992e-01
8.422212793819554288e-02
9.454007306898687402e-02
1.047915733262468896e-01
2.364311196234914272e-02
6.787567171809331945e-02
5.790328851320697412e-02
7.831970788166287001e-02
7.604701149611396704e-02
8.078847032795632988e-02
6.385934217095290411e-02
8.511827150994867586e-02
7.671658304744017817e-03
9.959420722793251024e-02
9.535481828206598953e-03
7.025541618704493618e-02
5.593263667259473076e-02
9.414879826300820431e-03
6.933280730371695413e-03
1.358343811762648817e-02
3.094403851387732968e-02
7.728130099878448766e-04
8.370674790870730186e-02
3.016415204268632286e-02
4.687956670355290789e-02
4.402002637540979035e-02
7.702955370406797120e-02
9.694402591661308022e-02
1.056137550146553361e-01
2.676677884767992427e-02
2.861992141804533055e-02
1.060464316444611060e-01
9.249564890094782998e-02
2.487530118460968762e-02
7.324486451811383636e-02
4.916591413271570454e-02
1.014841123935508738e-01
3.496797194285835436e-02
1.761268792299757607e-02
4.641001640694448517e-03
5.576209048387700123e-02
9.983271078851414793e-02
8.821792758863434072e-03
1.047756910789375828e-01
8.815415892223234240e-02
7.517112880798682006e-02
8.415443838457350306e-03
3.843606641500633969e-02
1.020551861194421844e-01
7.397271205054828380e-02
3.340609420164870197e-02
1.351520840561497641e-02
3.248016684917934271e-02
7.985897443943984486e-02
1.099724044302908682e-01
7.885676417557047069e-02
4.782545840712996293e-02
7.550377424318775732e-02
6.892567874424959662e-02
9.423417896261601645e-02
3.365462863776690072e-02
1.855111584615561082e-02
7.293732786751984387e-02
2.229185020572977544e-02
1.986946639609409038e-02
6.071607055695505545e-02
2.031871199171928974e-02
1.975265263000004767e-02
1.066110912910431946e-01
5.549808679924032179e-02
9.209894607041954617e-02
2.246459152398862236e-02
4.058331768762685199e-02
3.718788298870647629e-02
6.342680097878192202e-02
1.764533617375755540e-03
5.404187391696457093e-02
1.578616243346046485e-02
7.621976347338994817e-02
2.606584985580254546e-02
8.936438186975911857e-02
1.056128772970984508e-01
9.538005528925451448e-02
7.269365642639433189e-02
1.166077063233180800e-03
3.027646907098593618e-02
1.009392099103330054e-01
6.903085907583400571e-02
7.804938619347709383e-03
9.951231942100927097e-02
8.527937796351202360e-02
1.777494572473481069e-02
6.481514632496691852e-02
6.645396541851295025e-02
6.313429813331902785e-02
2.240761168574744930e-02
1.028509417349264404e-01
3.641168811063316951e-03
2.155985380403690685e-02
1.576491739601462369e-02
9.285058636854841285e-02
9.913805879772097374e-02
7.956716092608850932e-02
5.329312530328497027e-02
9.277226116066353279e-02
9.322706952878603848e-02
4.421128410266778747e-02
1.290505394130353088e-03
1.015184277602014656e-01
6.986440813028725605e-02
3.055196509444612490e-02
8.948428774282034259e-02
2.658913768561459168e-02
1.669854929003856611e-02
1.052875148207687850e-01
1.026454083942436590e-01
2.757857620712697230e-02
1.097903249041748130e-01
4.337265556389475335e-02
3.948022839703804743e-02
4.436233388795533025e-04
9.742717847108268991e-02
1.829390308104477877e-02
3.322938000851081985e-02
1.065468368429960677e-01
6.964463564653934624e-02
4.926762510542475465e-02
6.028299083618635784e-02
5.216550777312748592e-04
7.519721546673646673e-02
7.928500319875693425e-02
8.228671996089828578e-03
7.185117413081967830e-02
1.471445588873659081e-02
7.102113826037299849e-02
8.019931419820235108e-03
6.450393892801910105e-03
4.314579715003410976e-02
5.274033323839072765e-03
1.094770634363309222e-02
3.274104035770548926e-02
2.814648382811978100e-02
9.450930975435370418e-02
4.496028358100163241e-02
4.747789141090524856e-02
4.509364730926895826e-02
2.286460507604646739e-02
6.866936715529810276e-02
1.359454893229184586e-02
9.103632832876186465e-02
2.158365075176853914e-02
2.775089539404002742e-02
5.477246196053540961e-02
1.041260669655876131e-01
4.426494324378651979e-02
1.309968661488428859e-02
5.541574879282729765e-02
5.321789212612958002e-03
1.013568597785569764e-01
1.076324945752499783e-02
7.368419112228377643e-02
2.819757915512408411e-02
3.336116700798492929e-02
7.454733797905414329e-03
5.442277514630249752e-02
1.057414169085873351e-01
4.741738963382890332e-02
1.737757879466378039e-02
5.205559002460437290e-02
1.078938603052012335e-01
6.697657488622794919e-02
1.054424343401965392e-01
1.072388848145701679e-01
9.842196982453882415e-02
1.042213858062726872e-01
9.200549392119498904e-02
9.615941632816328577e-02
8.142370829146651414e-04
7.416361327497908440e-02
6.243612474126700868e-02
9.769343428617255354e-02
2.143400174051922347e-02
1.051116074460919092e-01
7.906596456379616500e-03
8.970015580997154486e-03
9.359726055063305461e-02
4.753143568429199495e-02
7.166199574434548025e-02
1.007172781098521208e-01
1.092936421245142009e-01
6.554976518672660062e-03
2.138127041884095927e-02
4.562239635058965015e-02
8.739200810252349683e-02
2.194262693833298056e-02
3.070063848571411100e-03
6.999976638979404919e-02
7.215012664510458973e-02
9.863107586127040083e-02
6.519823195417509543e-02
3.806204211139619514e-02
1.007259340309913515e-01
8.072301465628309303e-02
1.109140877859115110e-01
6.546213224552582810e-02
7.553544307157365745e-02
6.634607206591253484e-03
1.565057236546783456e-02
1.063171415751256316e-01
7.800720649807459106e-02
1.076793293914671545e-01
3.822786803996781196e-02
2.667982202910857119e-03
6.807214950094037965e-03
6.261316554521695332e-02
1.054869754525666337e-01
7.295519683961088075e-02
8.185023807773805782e-02
6.984220849494901517e-02
9.656876113384754712e-02
7.171822974371015735e-02
1.076072416080092187e-01
8.360809526516083112e-02
1.016996241423182429e-01
6.950840728106749689e-02
4.595730352789793166e-02
4.849285987067726567e-02
1.026079908448361971e-01
4.784525392577741731e-02
6.348504507590448098e-02
3.409530674261432304e-02
5.259816656491368703e-02
8.085683674459723941e-03
5.833908130675892478e-02
6.776401308094483211e-02
9.799783820459916084e-02
4.859733996170753634e-02
4.960557675788988125e-02
1.014174147702411460e-01
1.168499154077677800e-02
1.064424701212788628e-02
1.638979829313282760e-02
9.578280509538826537e-02
7.259949488916594973e-02
2.496806290391128877e-02
7.612641013204132778e-02
7.875491624015838743e-02
5.669274478642029325e-02
5.868913664885179460e-02
3.066282509697643068e-03
1.059592057209970545e-01
6.471035953137973043e-03
1.326046632158547900e-02
7.046796028426492199e-03
7.286075415860640558e-02
1.270802036588583941e-02
2.217344044583962129e-02
1.789769966004142385e-02
8.722589982341033554e-02
1.089396590232192576e-02
1.051694939567265480e-01
1.075433224531819609e-01
3.717328169515898059e-03
9.485053048757240146e-02
5.988210596881907155e-02
1.827462533234221545e-02
4.326790431069246073e-02
6.223210698226788046e-02
1.016883143261311656e-01
1.734427340051995781e-02
8.747192908505829756e-02
1.303960109507197422e-02
4.164746365938325895e-02
9.555011797464106615e-02
2.896048891474065426e-02
1.202003765057517090e-02
5.374456798960135229e-02
8.396759499507069902e-02
9.816506881036991816e-02
1.096925332098837580e-01
9.359095670544057347e-03
1.094051879100974532e-02
6.910848714272882498e-02
1.110598682340509652e-01
1.405135859948332747e-02
2.098806863060809907e-02
4.177378532398318828e-02
1.015974968282523788e-01
2.264283674470724678e-02
1.043439651650243799e-01
8.291636451362097149e-02
4.376156237619079070e-02
5.835769929475648210e-02
6.893126669493185310e-02
8.685395838351678277e-02
5.631639595887313193e-02
8.232772562938235270e-03
1.040761332658182298e-01
4.358216197678440283e-03
1.037309269632177705e-01
8.044876211298478130e-02
6.229040978207995433e-03
1.062957960216896064e-01
6.071925093538973160e-03
7.222252007104321136e-02
1.055755213567226430e-01
6.519743781827394558e-02
9.219651612579503330e-02
9.461958962480065960e-02
8.487580191885331360e-02
9.642039859769645227e-02
9.643104607133078099e-02
2.211292731818334783e-03
4.150973103290271637e-02
7.433454047098657369e-02
1.437320104750137995e-02
5.124010830739438721e-02
7.630438240146476814e-02
1.117019092715117699e-02
1.008293177091971887e-01
7.558940567183522474e-02
8.436869206840653945e-02
7.721195696859939339e-02
7.447981585903962198e-02
7.906224553670335164e-02
3.316357445455828112e-02
1.615718548532042026e-02
1.031138957112336246e-01
4.158441624692754690e-02
5.779568009086480385e-02
9.282588133384493678e-02
1.474459883812767082e-02
1.013632885485406948e-01
8.322465254022927417e-02
7.549528402062159749e-02
2.600888083619600985e-02
8.910535542848971313e-02
5.480805724276945068e-02
1.120078392156919310e-02
9.787929320148786722e-03
5.112347079638245029e-02
5.214033817271449163e-03
1.212132588476697026e-02
7.459254014478355899e-02
8.143810170565563000e-03
1.300079595268582508e-02
1.008498119253563724e-01
9.406926981982850766e-02
2.064841637179975695e-02
2.484299709532763328e-02
1.081816940510972186e-01
4.483942773647197483e-02
7.885020964967172363e-02
6.519190646299248548e-02
4.696505220054166679e-02
6.405604058870036088e-02
5.950600951223399687e-02
7.183875854030606634e-02
3.324793534534462719e-02
8.313187189939051647e-02
4.881562748545479474e-02
1.100479450399360903e-01
5.162522404874285258e-03
1.014998687136307587e-01
4.894202218349050920e-02
6.824861013302919999e-02
7.717394448028726262e-02
7.387891534607914090e-03
9.404492774906450525e-02
2.345205844808872370e-02
3.027743759068403373e-02
3.001575021430294768e-02
6.901542301882911123e-02
4.919436781473992409e-02
5.707519057384814742e-02
8.450118005748638583e-02
1.009665426745373074e-01
4.080407844009048546e-02
1.969828222186707778e-02
4.742656876159083434e-02
2.122583898583941045e-02
6.472231646439408070e-02
1.081603252632025725e-01
5.431996474110235146e-02
9.262136763138742457e-02
5.184072106225776772e-02
6.913192751043328865e-02
4.517599126497553325e-02
9.464411255320549776e-02
1.050254222637103385e-01
2.095985754463458237e-02
5.928609885629133880e-02
1.249294284243356382e-02
5.896005050922197704e-02
1.231100397755084154e-02
3.987315789414994788e-02
9.570587533871736940e-02
8.666929443826297541e-02
8.427066559957652192e-02
9.524719367992730105e-04
7.843620684170424240e-02
8.902630773163988653e-02
1.044739037829202355e-01
7.254459502047612418e-02
4.086664354127529653e-02
1.594481255324421004e-02
2.277228347667704933e-02
4.164845798196275400e-02
9.252790470378734200e-02
1.004145960686369382e-01
9.774146591340959755e-02
9.654794230638651109e-02
1.349620961166793712e-02
3.288514220400651916e-03
3.768380180503305699e-02
3.118216434486107552e-02
9.631502246858050786e-02
1.079417336155419210e-01
5.034847463691151728e-03
9.296357520042192180e-02
1.105253855871980301e-01
3.004643214239281768e-02
9.185062819264320469e-05
3.227080774243079597e-02
9.662539603027806012e-02
4.321434821471045740e-02
9.169352479765600916e-02
6.425085491912423119e-02
7.556960156333729361e-02
8.127813071624311048e-02
1.632797891387207170e-02
1.092355549677201665e-01
5.518131251422062761e-02
1.946909314386410447e-02
6.104872256695321325e-02
1.164228811677486125e-02
3.224073874306603027e-02
5.436081653148808202e-02
1.094788326640546740e-02
1.083025107734646858e-02
1.986152550724257920e-02
9.745391968800921900e-02
8.403892531775639108e-02
8.460264574278951455e-02
9.570180124118389531e-02
8.545568741699437199e-02
1.314280997730549704e-02
3.638891865005254578e-02
3.609711832607557375e-02
8.560930426561591533e-02
9.812464299760996489e-02
2.941697070271055703e-02
5.148606506949746087e-02
5.565358573338102105e-02
7.462695325037954630e-02
1.032628194986662112e-01
4.541676115659801227e-02
1.056391137244051467e-02
9.644394607651989026e-02
4.475201704176306333e-02
4.193795056097935486e-02
7.671416494391068708e-02
1.049001139046574910e-01
2.887290167045754655e-03
1.192681542287761000e-02
9.839180807838387652e-03
1.205617415177841038e-02
9.598973871456177587e-02
8.852436758172674280e-02
5.470363519665383950e-02
1.829232532124261401e-02
2.064065038924533732e-02
2.035494964810408841e-02
8.611487493957785400e-02
3.285025068289732387e-03
1.051233900840443797e-01
4.020059918262335052e-02
1.078478461426543994e-01
2.642842275024912674e-02
1.334714557854152148e-02
6.834435003527497554e-02
4.256864046673203457e-03
9.910433738229061651e-02
6.903814178890614606e-02
2.487104423059586025e-02
1.008266617655135811e-01
9.884854453746172789e-03
7.405090052243522292e-02
1.062822375621140930e-01
3.982187871712417754e-02
2.662296869685186473e-02
9.730132670976686382e-02
8.956119449127609988e-02
9.252050217423023193e-02
9.602263297571643486e-02
9.690958715777346633e-02
7.646485080959017355e-02
7.534481303133183649e-02
5.099983856238237551e-02
5.595297759050886499e-02
1.016244617670798989e-01
9.314832736910831634e-02
1.805309602078067691e-02
7.139013254641167483e-02
2.319343022934347923e-02
6.195711192923893107e-02
1.805794936394735511e-02
1.072979031760306345e-01
4.946711009880040699e-02
7.774361009353177032e-02
5.219424329945022284e-02
9.910550401652398755e-02
2.773411837241734641e-03
7.625769992728077817e-02
2.880361819355091446e-02
8.627898075246895684e-04
1.345614109125860226e-03
7.049163293884556925e-02
1.994203740633671701e-02
7.590832212662551592e-02
9.379515132770954722e-02
2.171684791578634005e-02
5.081644431189311084e-02
9.783684126745596787e-02
1.357871597025956008e-02
7.252553342346418699e-04
5.035762767017720742e-02
8.059911537241166990e-02
4.630309359595914664e-02
6.026139376478330256e-02
4.595289015423992610e-03
1.200175529239052609e-02
1.863963991796344435e-02
1.717076624292059039e-02
4.893412318598003991e-02
2.201276324206970225e-02
1.103095127571156325e-01
1.042877988435978315e-01
8.107290085386516243e-02
5.478360707722693124e-02
2.634754921265001354e-02
6.183124781462114028e-02
1.081939868754259876e-01
7.582268374242380482e-02
6.165105100564238078e-02
1.784570971632822023e-02
9.298113631621361674e-02
3.873507989311654465e-02
7.047229468020300980e-02
8.318625636093432418e-02
5.100836815623741027e-02
9.985045425833988242e-02
1.006330028944959348e-01
3.774506909987122936e-03
6.788240852149496352e-02
4.884544047673163719e-02
4.415930274792891769e-02
9.824062212453178733e-02
3.836937294438558937e-02
1.192155773596636180e-02
1.057838641435388666e-01
7.973928153988485423e-02
7.908165650708480487e-02
1.133867409732962003e-02
1.107514660637550219e-01
1.274285909810346160e-02
2.204143269248495102e-02
5.487142866261891794e-02
8.648233719411405063e-02
6.153918026365476357e-02
2.228408915201331858e-02
2.788402384181652011e-02
3.828360981037542271e-03
1.029802420852554690e-01
2.114505235922205847e-03
1.098300124551193288e-02
1.095634346476149767e-01
2.366358949065896708e-02
9.576408128457647440e-02
8.050264095739115278e-02
3.648237693579423069e-02
1.037896590714982165e-01
1.426694958955391493e-03
5.092707458716080188e-02
9.654280236438152196e-02
8.129556650906027970e-02
3.924733617364235122e-02
9.434395825622660103e-02
7.980071020783525981e-02
2.531765501391502592e-03
9.807789353914572739e-02
4.434168691087499170e-02
6.117094774521023709e-03
8.014673338552655291e-02
2.866017945629679292e-02
6.952536210168401565e-02
1.771015377535713892e-02
5.240299290967208312e-02
8.808388723999514835e-02
6.169162082090341725e-02
3.698447509176878978e-02
8.036149505485325195e-02
4.581481915428863017e-02
7.931086635888250427e-03
6.417018589876910539e-02
7.247701418040362886e-02
5.463913253792291452e-02
7.820802119549302711e-02
3.639269955278646301e-02
5.850791818268407524e-02
4.477817368573919210e-02
1.514838258797876307e-02
1.066516403868653963e-02
1.020957473705621094e-01
2.972192790485705255e-02
4.799539235397261988e-02
9.439604289023779612e-03
8.209104005813293303e-02
1.046295297923284656e-01
7.643633298415983268e-02
1.095910310778288738e-01
1.292531666381082321e-02
6.231132876092764644e-02
4.355278690655852575e-02
2.836599997546593657e-02
1.107303653162923784e-01
5.511068496260906197e-02
3.918588695915691152e-03
6.418076860198339284e-02
3.077579274750576882e-02
8.649191438891369946e-03
5.487829455305885673e-02
9.583810503686557292e-02
4.166450600966267737e-02
1.090870580368095560e-01
1.079671346017066075e-01
9.259848137302896520e-02
1.780549021337819032e-02
3.473448073410342202e-02
9.263329719143512109e-02
4.808880906138819980e-03
8.427419556852457083e-02
8.048687381191479973e-02
6.559299481606052640e-02
2.171367044600091070e-02
8.607300793159260166e-02
1.018421324578397819e-01
7.756578406068714848e-02
4.546902299136879738e-02
1.026198462133247474e-01
9.100367492889366305e-02
9.980678973540857424e-02
3.424526071267765259e-02
1.000574133220668016e-01
3.716743052003621678e-02
4.057612301970807411e-02
9.599854934935704576e-02
5.530001278246144542e-02
3.523049109985988692e-02
1.531389694236493567e-03
4.794063296440891075e-02
8.577571672157302540e-02
1.902023908014814678e-03
2.843714150783116512e-02
5.519589833493556384e-03
3.235912166316721322e-02
1.067005456320868212e-01
1.645513647177912139e-02
6.853241207873959906e-02
1.034450667873080126e-01
2.789276125102480713e-02
1.018897608159637230e-01
7.049663948372560454e-03
2.446193391201055556e-02
8.289965955676274756e-02
8.455438144022052460e-02
1.274288926535785405e-02
1.423325155277695153e-02
2.542248107846587120e-03
7.431260695667382676e-02
1.883486038269903060e-03
4.259042301647298495e-02
2.692391377626050103e-02
1.185065632191511197e-02
4.350365050948043488e-02
7.548083562190724405e-02
2.447662507484501399e-02
7.205304675629234379e-02
9.722385436094201083e-02
1.082630334457807819e-01
4.002154853169975594e-03
5.411516330594605406e-02
3.162827145505715982e-03
8.945398394289194588e-02
3.037891654016551535e-02
6.994488529654167841e-02
8.661917040759470332e-02
1.628469041746029300e-02
5.522332174869894195e-02
1.033197891462204754e-01
9.684898767295202493e-02
4.127058180470068866e-02
5.924882808975601850e-02
9.242425953882039968e-02
3.934947153510223034e-03
2.996198300630789624e-02
3.125656611589199951e-03
6.830411764684607423e-02
4.243583347840160919e-02
1.868588475292092335e-02
1.088237258749834013e-01
1.523791722107504555e-02
9.774982034652193730e-02
1.682792058648417688e-02
9.650517484873283314e-02
3.723927927032545659e-02
1.090560875738676022e-01
9.749489554024685922e-02
3.316687936661325670e-04
1.075032533281787273e-01
7.802327947736317770e-02
1.147113482815810374e-02
2.177671008368346761e-03
3.463107968041663487e-02
8.826736645242055923e-02
9.060862925064873397e-02
8.296092465143349581e-02
9.753029098582732814e-02
1.257694297557293735e-02
2.731557171104209356e-02
4.655952496709335475e-02
3.388216854522476534e-02
8.531741110947674289e-02
1.039103577391218142e-01
9.441060777514727331e-02
1.507879326106206265e-02
1.984906036259045242e-02
1.452630148746987190e-02
6.985849480497227648e-02
9.224638094661843923e-02
8.150668514389268829e-03
4.888893637690910204e-02
8.929620819573119705e-02
6.771488906442785227e-02
9.590011829432021351e-02
1.562791159291495105e-02
9.558826033252879051e-02
3.317096666756715745e-02
5.248385641391593165e-02
8.700793953308498530e-02
9.956615868371070099e-02
8.110596701840316891e-02
1.567265044426218931e-02
9.838342426617538439e-02
1.083125608328509293e-01
9.565418869244957101e-02
9.738716416760849481e-02
2.093350680551981507e-02
3.410063077977842222e-02
8.196523172083589048e-02
9.956096895995809881e-02
6.494685966741901850e-02
1.599931739375910766e-02
8.242772321469378494e-02
2.934407524198528322e-02
4.432010736067633350e-02
3.581571791260095179e-03
9.476779278800792627e-02
1.063039174672760073e-01
5.914374032756148291e-04
6.431693336156328079e-03
8.787924168608522713e-02
9.212654048911643467e-02
9.446242210947591866e-02
1.072646259949106423e-01
7.694620579934437210e-02
8.994816000728558802e-02
4.458238703245346463e-02
2.869050858376333973e-02
6.371492841013487451e-02
9.957103612219778133e-02
9.597733692058926791e-02
1.024041866889852104e-01
1.077200740672517726e-01
1.001015529152226857e-01
7.955922110649157192e-03
8.246700235027645820e-02
3.794143983329371743e-03
9.916422865733420799e-02
9.599446691142578258e-02
3.394501464731271984e-02
7.714112605192216532e-02
1.027471384791596165e-01
8.497349662125562586e-02
1.010893126146901050e-01
7.866290568158801344e-02
7.705643442315997238e-02
8.857808810142189793e-02
5.176016576852771750e-02
8.027421752816499279e-02
2.554593520676675181e-02
3.465126908364176642e-03
3.532193768119187144e-02
2.355858623831509624e-02
8.967074212542175404e-02
8.553940283531426270e-02
7.193181348052649082e-02
5.746992385912185614e-02
1.311347407277243041e-02
6.046316164458090392e-02
4.865847846824506578e-02
1.432008305821294049e-02
4.367535481848432849e-02
1.172327369339841788e-02
9.888409671979309090e-02
9.406687764189607115e-02
9.896392398822012604e-02
9.946518027735865020e-02
3.387559832608121393e-03
8.282608755452292026e-02
6.796152942348031301e-02
1.407093458462301341e-02
5.833943896041433874e-02
9.361259836900748255e-02
8.229398837754442475e-02
1.069626021175112129e-01
7.155873091508005435e-02
1.039556815979659071e-01
1.011730261987246193e-01
5.532488982868013355e-02
7.495524755565163844e-02
1.106027220770086361e-01
1.052231428200492841e-01
1.025044789993129341e-01
2.077611794633534709e-02
1.322009834194947525e-02
4.242990139781717407e-02
9.073021577364664969e-02
2.060481222159714007e-02
1.023390494451387189e-01
5.595285612928663221e-02
