1.041084815944704096e-02
3.370121211993695048e-02
8.937919717270688055e-03
2.032720380730991191e-02
3.516075098671262583e-02
3.238805831113935468e-02
9.417275391029920895e-02
6.928344882742278055e-02
3.034916307282893924e-02
7.084568680717863443e-02
1.000295967070709280e-01
3.223929303637082435e-03
1.826671139217145995e-02
6.598518785109618034e-02
2.672223276721794397e-02
1.356739562851726894e-02
8.420171271247099687e-02
9.790941415659194791e-02
1.041874733092196526e-01
9.949562970805342355e-02
4.451357173184154054e-03
9.718724932786314274e-02
9.848444905021541684e-02
2.541750807693518577e-02
3.632913365583968074e-02
4.837288875207298305e-02
8.234860055864748341e-02
9.804652519226922380e-02
8.644547514357869833e-02
3.264582188895662207e-02
1.061563706195151058e-01
6.826513814554970028e-02
2.281733485890914681e-02
9.427433389475951830e-02
3.156871263241987913e-02
7.057824091133188538e-02
7.180985773957339335e-02
9.634233464069585917e-02
1.067173117092727469e-01
2.502132319792799500e-02
6.777291655892325739e-02
2.651418089379770516e-03
6.078167017150390428e-02
3.462997599714159880e-02
9.251812942174005364e-03
1.209623720303836707e-03
9.534905528261168606e-02
7.178757671976068733e-02
7.691866561227651486e-03
3.904949779825327150e-02
7.711264235387087218e-03
7.396985428299009124e-02
1.985301171932589426e-02
3.370849148124015898e-02
4.998647551044797799e-02
1.075769062403725690e-01
7.975159955564699310e-02
8.366917757080773177e-02
7.177168163299857406e-03
1.882469145870089428e-02
1.091965546457318859e-01
5.054598915343831711e-02
1.002463103803515887e-01
1.502847469359315860e-02
1.387260282866657583e-03
2.055419471407122015e-02
1.009726681139474086e-01
9.616400897649871049e-02
1.569496191082522720e-03
4.852281311959721205e-02
9.264676120148565563e-02
5.495008193627805987e-02
5.024537976295606612e-02
1.152149997001597134e-02
6.271602150174677634e-03
5.004041395276399157e-02
1.136881453332941050e-01
1.464060188665605375e-02
1.050684462737877245e-01
9.065959837128395593e-02
4.186429489255850955e-02
1.103180413279562788e-01
1.803623375337196771e-02
1.028245202914783996e-01
1.036312396017768055e-02
1.767360479440410748e-02
2.194260871869153570e-02
6.809405747473851189e-02
7.289646636540830782e-02
9.058225510421839821e-03
6.458105152390650194e-02
1.054467642321949145e-01
9.883059304383420840e-02
2.076927628744318702e-02
5.409484846146401637e-04
1.103025853659704292e-01
1.041241552511106144e-01
9.918756163387015823e-02
4.824395572478588912e-02
9.836041554495020267e-02
1.767752735921167620e-02
9.318694795619650653e-03
1.054678007075307844e-01
6.553062217957561497e-02
3.996552092495836428e-02
3.796218077737340945e-04
7.799407672498459565e-02
1.036054323034602820e-01
2.692504336244358476e-02
1.217212757022964782e-02
7.974369231379616063e-02
1.102655202974788667e-01
7.077130796657245260e-02
1.158421505621090412e-02
8.611650342126667135e-02
2.647641001927206281e-03
5.220301572259298389e-02
3.619575956542324391e-02
4.429250736034628932e-02
8.204151067992110011e-03
4.196101018894193325e-03
1.022741600077293166e-02
5.887319398216807635e-04
8.407109576392089723e-02
9.584742888782904480e-02
3.939318781452912782e-02
6.215651217327160249e-02
3.207184660448963998e-02
1.006930477416147218e-01
3.689574971818467691e-02
1.122746817903764599e-01
2.071173263555209712e-03
6.758519508807062093e-02
2.928084661314754242e-02
2.365090924176960468e-03
2.396296875597180021e-02
1.125429215196270399e-01
3.651131612929525705e-02
4.133518884365736806e-02
4.280876269123334854e-02
7.717440705429283454e-02
9.381982400164988467e-02
9.728740469675227487e-02
1.036866759498013824e-01
6.743163334848813195e-02
5.523738332484092600e-03
1.065046785799182716e-01
2.529705027575024009e-02
7.612337340478884939e-02
1.068822007471880164e-01
8.517269620020397058e-03
9.747462965974343363e-02
8.992988780051104636e-02
1.039747698999064357e-01
1.093765949969680851e-01
5.490284111620755830e-02
8.570300068875652544e-02
5.460460316769778256e-03
1.182036682790958693e-02
3.128830881865888019e-03
5.284187363223447065e-02
1.485489305027377221e-02
1.129513973474039618e-01
1.622591182744680767e-03
5.145725020580051851e-02
9.678214005789398389e-02
7.584704197403457915e-02
8.335514334422367000e-02
1.054474802879126483e-01
2.083278712490691312e-02
1.136485163139458326e-01
1.612496355033044568e-03
1.335481880306785447e-02
1.756832759753421125e-02
9.923193461827810313e-02
1.376815213853051570e-02
1.050302924329024057e-01
2.569049557952310728e-02
9.781889244147987106e-02
6.991810429996186960e-02
4.958772808695540574e-02
2.034917513119560966e-03
8.845566548037893384e-02
1.061972129125373851e-02
8.631714893370055763e-02
6.884310061287821081e-02
7.827266017686858313e-02
7.978154456916125570e-02
1.009137936008644154e-01
1.129468611466111355e-01
5.154793801733363601e-02
7.758711786848644654e-02
3.659356284609318472e-02
1.430833497923436268e-02
8.944780900299796611e-02
9.945495175195924464e-02
5.835416176481542094e-02
1.733838257010991354e-02
8.574144623966081791e-02
8.702155501622668710e-02
8.366675566397958896e-02
2.706646848918018572e-02
9.277364997250651165e-04
1.719104490917306230e-02
3.126831127426599188e-02
2.437510487298348572e-02
1.092566901633040960e-01
5.528247674602421169e-02
4.574922215836246808e-02
1.066562544092481135e-01
4.154060776006981287e-02
1.073264550536548456e-01
1.084195336123378872e-01
1.040082078090775047e-01
2.312519798084523848e-02
4.324955018756577313e-02
8.218549523981190374e-02
9.893884017099284500e-02
1.037379394970864982e-01
1.852577222837651499e-02
5.081449577778844595e-02
1.825018803086171301e-02
5.136269327941651169e-02
5.376989935869228715e-02
1.263293605264846110e-02
4.726442182251141405e-02
3.530950813653989384e-02
4.518505332656087836e-02
4.034319445155991335e-02
1.523270078760896075e-02
2.929327540436556417e-03
1.334756420109980621e-02
5.108034378557773682e-03
4.214403250586896965e-02
1.057156741379191994e-01
5.730146821136211654e-02
1.114803842299183223e-01
7.766251614364606988e-03
8.047756295372411953e-03
4.913751060151722722e-02
5.982190081831351147e-02
6.926461292288338574e-03
1.028871707636841715e-01
2.826610552483523574e-03
1.079118199928681132e-01
8.795117101594304709e-02
2.153555253445846914e-03
8.793922984448764024e-02
8.278742742729951198e-02
3.053056054971929265e-02
9.521472466026562401e-03
6.285471224327827955e-02
2.692496871702258418e-02
6.408724579964313744e-03
1.013544461335427055e-01
4.808917042339699854e-02
5.114122575300500406e-02
8.548738369731657960e-02
1.094813167414948885e-01
6.484836379951218477e-02
7.368005409133529526e-02
1.154811582676898429e-02
3.466159087611319256e-04
5.192579717772843884e-02
1.121356392470281155e-01
5.433397120755736887e-02
1.048240111870925861e-01
5.106207460353996003e-02
1.528665459094827143e-02
1.129258744507049828e-01
1.860366855776747833e-02
8.584771921776673809e-02
9.125208007227125773e-02
1.056578714086575249e-01
1.077365721074411697e-01
2.434368600943532732e-02
4.586224708225958638e-03
1.099280801062275104e-01
5.356616568625643254e-02
9.642686858673273076e-02
3.423265644487358435e-03
2.271192366022573711e-02
9.105416137086347339e-02
3.270808542193711504e-02
7.648181529472752871e-02
9.835894674388787062e-02
5.788481441440872406e-03
1.045450747552664345e-01
2.750181405524521061e-02
1.021861884363575862e-01
8.001488364272150988e-02
1.100207326981261502e-01
1.930689742794522781e-02
1.010981793955602892e-01
1.068432586649985944e-01
9.628010622994548351e-02
9.581425838450552401e-02
2.333166253996993983e-02
9.504499767080389072e-02
6.893372432869381873e-03
6.754415798861472531e-02
1.113364783254890689e-01
1.540271511474563572e-02
6.775463937535314285e-02
7.785695429657152333e-02
1.046379037340050278e-01
2.257842565937463394e-02
7.195871114413356084e-02
9.828532393645254828e-02
4.860903427866866688e-02
4.008724319156060922e-02
1.974281909310386662e-02
1.020027675184547872e-01
3.392272452439586139e-02
9.144259504711937936e-02
6.757881266067129744e-02
3.269117348584988508e-02
3.409933544857130655e-02
1.101372061429968102e-01
8.023514957248668866e-02
1.091966661706452596e-01
9.873630595897907314e-02
5.317618361570466273e-02
1.070675649532828455e-01
7.608882560757834757e-02
9.807486782708899065e-02
1.976615507041749528e-02
1.039820606587528312e-01
6.519282088317888968e-02
1.048010747347803417e-01
3.283771708889504648e-02
6.258354173051791473e-03
4.372092612571345377e-02
6.066066012640619620e-02
1.058590120107494592e-01
1.053213204926502777e-01
1.076734175299444152e-01
3.924656922706529216e-02
5.899599932985347128e-02
4.501738466949901235e-02
9.920889694722331842e-02
6.463596211433156324e-02
9.368083468172748451e-02
1.080732045022949200e-01
7.974165377972540492e-02
5.029710272247749775e-02
5.237699086781739261e-02
7.658255300121945275e-02
5.341926351675767987e-02
3.803202896409964978e-02
3.284380117126720153e-03
2.295851630817381459e-02
2.507439615621960896e-02
7.189296166519536235e-02
1.047427379447400317e-02
1.059337589319448436e-01
9.538975850208991636e-02
3.406156833893574792e-02
9.888580990075787613e-02
1.049949816127443425e-01
6.184070909912432745e-02
1.024859905719952419e-01
3.643551092212510712e-03
6.586217450338220647e-02
5.668595804023021656e-02
5.405931479198205353e-02
7.545055190525044864e-02
1.017818452105143101e-01
7.007498302463001372e-02
8.394957954024507164e-04
7.338803132888806202e-02
9.348830994246859483e-02
5.789147622800687454e-02
1.713774315097774115e-02
7.668899876376655995e-03
1.077017431294224753e-01
9.599257600272349811e-02
6.009618289379924094e-02
2.301237367877490350e-02
1.057850585412069624e-02
1.034834889062204999e-01
6.885521410689178501e-02
1.063338766754836073e-01
1.090234499971791532e-01
9.210327477258277440e-02
1.844603735448234125e-02
3.961818485945253765e-02
1.014072450599212138e-01
9.786078735909813087e-02
7.515821107699613424e-02
6.531513663876892771e-03
1.524375167049524943e-03
3.441916085246748188e-03
1.014401490515281223e-01
4.699638683473696121e-02
1.483665471107721047e-02
1.059624397580367777e-01
8.879963410742627850e-02
6.968591990975676886e-02
6.643969423856990741e-02
5.793098845688815501e-02
3.823154003483071606e-02
9.332654754654123863e-02
9.173708717716969052e-02
8.126276414580206608e-02
4.461220365064313097e-03
6.039312170088317888e-02
4.188262903614734661e-02
1.078239729524510526e-01
5.532952236685786257e-02
3.756917654965347825e-02
9.374420805779863641e-02
9.650764865920697169e-03
7.616201242712655750e-02
2.361814974776711706e-02
7.757930608783580873e-02
9.794286983281864922e-03
3.757853063682484174e-02
1.112978522742970322e-01
7.365890320410696523e-02
1.007817519930272491e-03
2.090471298320880841e-02
7.844091136282007465e-03
5.181004934137106548e-03
1.083801678836681381e-01
6.334117225509351690e-02
1.026503981383341223e-02
6.860103139009984807e-02
1.038539197620274718e-01
7.626534230428956562e-02
1.074450962950837946e-01
3.800445817320449032e-02
4.141504043564079446e-02
9.862722555930200641e-02
2.810802686891225588e-03
5.284952966424617815e-02
8.556137697411768384e-02
1.026347967803506872e-01
1.044120102891282070e-01
3.390680476572598134e-02
2.980543346231913360e-03
9.584252580814481282e-02
1.107153110673428226e-01
9.199893974749890832e-03
6.483655801542707875e-02
9.321241662040144482e-02
7.976806166748338922e-02
5.631320674621167338e-02
3.449412302041243716e-02
2.796077215541398642e-03
6.648080122082533107e-03
9.004844152638150079e-02
1.134527854221789311e-01
6.722419694407155699e-02
7.350134452564564824e-02
5.032531332495193688e-02
1.036234045025398731e-01
6.767700224460404534e-02
6.899568044215734393e-03
3.368184414213041405e-02
2.385090963944752965e-02
8.148998592110502648e-02
8.379367027032809390e-02
2.100726827704308894e-02
1.346995536141334070e-02
8.336901884315392475e-02
9.564732787600069633e-03
1.067905815629049404e-01
8.819851188258348573e-02
9.312189726495563591e-02
1.276565794691542251e-02
6.859609098834194840e-02
7.156330896817481024e-02
9.092300983210525878e-02
7.348688612367862416e-02
3.235855758301652008e-02
1.102637728641029380e-01
1.068161405043742823e-01
3.692934805790316129e-03
9.814100196504525753e-02
6.820623760552380239e-03
1.266130355419835566e-03
1.389494087380996855e-02
6.441246645347431174e-03
1.109460760214042579e-01
7.620353078670595581e-02
1.243439833245333455e-03
6.949814296824899373e-02
6.836532895835750745e-02
8.043407087939752342e-02
4.218741112743292811e-03
1.033456829697153578e-01
8.844550953243404678e-02
1.941571693436776758e-03
9.614009074596725768e-02
1.015953075281388757e-01
6.536996078818896327e-02
3.755928120577882445e-02
1.020558831097125446e-01
9.718719343791282217e-02
7.603947556185901291e-02
1.983316194575832081e-02
7.547383853272067976e-03
1.106989124574901812e-01
2.312833707149515583e-02
8.769825964365254856e-02
6.945395088422412488e-02
8.027529932396305912e-02
7.486669857739204625e-02
4.930448721698666575e-02
2.771373977027511565e-02
8.212701072852607309e-02
8.028807176601736317e-02
1.108503277122075206e-02
1.756791372330672452e-02
8.636534160702950824e-02
7.167461570698854811e-02
2.601581209169376990e-02
2.297845854855438616e-02
7.398430492499605271e-02
4.303601171483866644e-02
5.446772703653734310e-02
2.900138312877439603e-02
1.084606915196863752e-01
2.373563566601228855e-05
1.134723899456509394e-01
8.097034769595495840e-02
1.047028661525735149e-01
2.052659153871705736e-02
4.928817104760620932e-02
4.988432499362011052e-02
9.962232089309042138e-02
5.959368750200277898e-02
2.505793067901222054e-02
7.516963857358819993e-03
1.009833874920856717e-01
1.484421640983499963e-02
7.181071324666364782e-03
8.551349674919089816e-02
6.910003808837537898e-02
1.016383589155627210e-01
9.060120649501662848e-02
8.454788076126378005e-02
4.684521054195956574e-02
8.053986101056076485e-02
1.115919369851602755e-01
8.040099601855323075e-02
4.645984400766169781e-02
9.420775591127739101e-02
2.824285161421526483e-03
1.028082777672850723e-01
4.046824453930494142e-02
6.704611315154164475e-02
2.077166983027889033e-02
1.042754549650951323e-01
1.099394269564656912e-01
1.012782303354748115e-01
8.519613867751192615e-02
1.034991410909111564e-01
5.815263563761359500e-02
1.030838559609883881e-01
1.176642309542697343e-02
1.079273511539231012e-01
9.818342235924264194e-02
2.958231041575296039e-02
1.324880729486438598e-02
8.827587304491192263e-03
6.425431424999331065e-02
9.900452890293084951e-02
1.093230281884584459e-01
1.468164039558401968e-02
5.039580608598679963e-05
5.320925545648514526e-02
9.353038345400886688e-02
2.790915399825535936e-02
7.992833556364223324e-02
2.934470703576504136e-03
1.746899128121323337e-03
1.082848785292674088e-01
8.798642490998881405e-02
2.690800147247613544e-02
8.410322674475140259e-02
6.192714757082672800e-02
1.108934350359541549e-01
7.656982979035815984e-02
5.744749048427356258e-03
6.901589389387460804e-02
1.069079628258501058e-01
7.275885299800789741e-02
1.870204507479032718e-02
1.029259893136849624e-01
1.928370457499714932e-02
7.104540154331273616e-02
6.574461667622684413e-02
5.197310184013020917e-02
6.447995408229718894e-02
8.971142424782686808e-02
5.848297661835398509e-02
7.445233318741145689e-02
3.773244591862825494e-03
2.191853306464322873e-02
1.015390650337272965e-01
1.209384291577752374e-02
8.517644175914777793e-02
1.136220657492310465e-01
9.102598293499000737e-02
1.007998023737861071e-01
6.401043252041044296e-02
1.151286440605116604e-02
7.985789357092855367e-02
2.337818809002748660e-02
3.406871694666597367e-02
1.095024608814700456e-01
1.073068019252388233e-01
2.499277445070536771e-02
6.080563231821971282e-02
5.971244298344513535e-02
1.081309100676277890e-01
5.611422712377282795e-02
1.032030712479970087e-02
1.072727784713621985e-01
1.035524672251999095e-01
3.285850448694802722e-02
1.052639517502732963e-01
1.076195148713340322e-01
1.141207734585078341e-02
6.184423475623045813e-02
5.690961490459064964e-02
8.342884390307335127e-03
6.366608412456808974e-02
8.070013253283588039e-02
1.269697118490546207e-02
2.180028046273017189e-03
2.990658220268436335e-02
5.583979919552792270e-02
1.588728109595758655e-04
9.209787410561032228e-02
4.883512981814599335e-02
1.099699080757646913e-01
8.225033437527284885e-02
7.046342210571933384e-02
8.347238031660754454e-02
1.036490131692292260e-01
1.054618194515379026e-01
9.879699745432189706e-02
6.568457346656905727e-02
4.261817269135277642e-02
7.121497116275486705e-03
6.868388167747294104e-02
1.090696573881594009e-02
1.035780034150184381e-01
9.493928214434539659e-02
5.237311198298076620e-02
2.599361046924550389e-02
1.454710255660672177e-02
1.978068934025947051e-02
3.657063276642708721e-02
5.011728798362145507e-04
1.097288451363425954e-01
1.386594686541565459e-02
8.866082577042752946e-03
8.972055857102864684e-02
1.016420114182269852e-01
7.261941190613618868e-02
9.151710686526065563e-02
5.521831661371367442e-04
7.391920885735743518e-02
1.079935705828150710e-01
1.022664684881931761e-02
1.078530507143998507e-01
8.805459005249528792e-02
4.740577595235630215e-02
7.724515730639609778e-02
1.666492680661670056e-02
3.796545355027521398e-03
1.250374795367982256e-03
5.442221304653853398e-02
1.065289098924473571e-01
3.454104643640947686e-02
1.780695142307035794e-02
1.127124792224623445e-01
1.054074948207051193e-01
8.071449380536462048e-02
5.784602807306986338e-02
9.753276456281481308e-03
3.825429188228820360e-02
1.457491855274771313e-02
8.971548563971554202e-02
1.009207280391887784e-01
1.041630585074772852e-01
1.086274325469915591e-01
4.744635333088393497e-02
4.816160092411166105e-02
3.995429982391440760e-02
1.337185716061544544e-02
5.940089989809117094e-02
7.193505728996257842e-02
1.053184385756137237e-01
8.431432339256064723e-02
7.455103442645351353e-02
6.729146394587890226e-03
4.999440633428086506e-02
5.418367882171874761e-02
9.527926764802939485e-02
2.736311371876581564e-03
1.998262977279294944e-02
1.862711912343162791e-03
1.965637100514298213e-02
6.248408353031704998e-02
8.885822935913618992e-02
1.125683181069243866e-01
3.725922970618660707e-02
1.136309920493271119e-02
4.487085758796282436e-02
1.017479549348813267e-02
8.178663844331950095e-02
6.415624522528592943e-02
1.089458464428175594e-01
7.960935931529669607e-02
4.645583311781349700e-02
1.093957596851046349e-01
3.021330589308931103e-03
1.100462059185965402e-01
1.119400961467775096e-01
1.580104730070779756e-02
9.521877974538010825e-02
3.076246318057050677e-02
9.569884803517508462e-03
9.244824895855255353e-02
4.211276576322647153e-02
9.760548560236425794e-03
1.041225955259790781e-01
3.446487647994009394e-03
2.005209534848749822e-02
1.043881873016800022e-04
6.655776414477260206e-02
1.730134108487221475e-02
8.469450884811616231e-03
3.838517513160600442e-02
8.591070065903298747e-02
7.356220436076066349e-02
3.651760019147945457e-02
3.041031170222999874e-02
6.707956537248534190e-02
1.096806971119046459e-01
5.046142894632044823e-02
1.050756386843137991e-01
9.504874362290630097e-02
7.577952151745115383e-03
7.497458558128597406e-02
1.341733521754307802e-02
9.105872798275717328e-03
8.268092714794132714e-02
1.117751651618013736e-01
1.106621305315521192e-01
7.083058374564672396e-03
1.743743574043194952e-02
3.165477419100523604e-02
5.478411765094331337e-02
5.938147984084406195e-02
9.443086375557746548e-02
6.914029120307506326e-02
2.795823473503057655e-02
9.490476967727648483e-02
1.024553304913629337e-01
2.465316533136180377e-02
6.290607337185594172e-02
8.978757555634794829e-02
1.130637812723877117e-01
1.067512980117161364e-01
1.621027085616636582e-02
3.627812640355567581e-02
1.714431173929058597e-02
2.249614470324777862e-02
8.396581327157720542e-02
3.038065192347900361e-05
8.079077766828687834e-02
1.128159906002566548e-01
7.339118679675118995e-02
2.607633017461208694e-02
2.061412260913806933e-03
1.052682995405789836e-02
7.096515707303854836e-02
3.124632221722742700e-02
5.644648303985026760e-02
6.173306624429802242e-02
1.327884762090595673e-02
1.023802370557625602e-01
4.713386579723312375e-02
9.629413013191701065e-02
4.761555210608352934e-02
1.544430246912163393e-02
3.352607855550708560e-02
1.063094409850967592e-01
1.755816596657875164e-02
8.979776747430971706e-02
1.449828875690542009e-03
1.069975350043405188e-01
1.023499661116991089e-01
8.799900026358076569e-03
1.300766719649101150e-02
2.525284251141957440e-02
5.753624443103690783e-02
9.844894521911992658e-03
1.206753383211499678e-02
9.158014503572516063e-02
8.553709703933133623e-03
7.749354902732888406e-02
3.045864178021998308e-03
1.030685029681636250e-01
9.679104136306396211e-02
2.646181818333151123e-02
5.702554492652091300e-02
1.101992984249374474e-01
7.163812526243435418e-03
8.654482945601102428e-02
2.125306054969805167e-02
2.400721216932456478e-02
1.247825081706223100e-03
1.042101753028731176e-01
1.111470921931838746e-01
1.100682979383398041e-01
6.049651652122540330e-02
1.870073195405641195e-02
1.136769357188326390e-01
8.628809080932581255e-02
1.032626672571685666e-01
2.159382774563328028e-02
2.298382286708575140e-03
4.995790955756455876e-02
1.057686605334259428e-01
9.573187082856197960e-02
6.614656106034287608e-02
1.352930994150954719e-02
7.182224330297309542e-03
1.517699428197258164e-02
7.596476028244666945e-02
5.764747340245382490e-02
1.786832451428730035e-03
7.982097741080990128e-02
1.784197659382740636e-02
4.702907786125127762e-03
9.944530424128041057e-02
2.671028913127545742e-02
9.971452087862349434e-02
1.129972686247492780e-03
4.844132305563422086e-02
8.427482605159299089e-02
5.279699221197468872e-02
7.473085061639633819e-02
5.258393810328598067e-02
4.958931168645608345e-02
3.604063751406532713e-03
2.821617960634568989e-02
9.589102457126093271e-02
5.176796877484834275e-02
1.068778891982047341e-01
1.620983004310658226e-02
7.869091667502760290e-02
6.644379832004043522e-03
1.097828661578335446e-01
7.704866795989194495e-02
1.127412318441978062e-01
2.863597696492350617e-02
1.982356352522266982e-02
6.002047972516475621e-02
2.726764973619535048e-04
1.391185485251795854e-02
3.054836067864538651e-03
5.607057332491266477e-02
7.185693794123101941e-02
9.374256027077740305e-02
5.721635833046311709e-02
6.024638286250621338e-02
6.061999351837611683e-02
3.482408760796946307e-02
1.874885044191348460e-03
1.042461800453196169e-01
5.434327206784084208e-02
2.396388287638124767e-02
9.834208716170264250e-04
8.895503127147605382e-02
1.117541080734214820e-01
5.958068459915321930e-04
6.261086257673287130e-03
3.824421459503245940e-02
1.113536170083018056e-01
9.564650338023773790e-02
6.080475427692871859e-02
1.130024826596083276e-01
6.137035831368858191e-03
6.474182424381418055e-02
9.550553136640546614e-02
1.017240990311366888e-01
9.176804713105002342e-02
9.610258907334686546e-03
5.885469790738497020e-02
2.284255334460386436e-02
9.325723115717995948e-02
1.582161625265480695e-02
1.113321829502873922e-01
2.606999541377213667e-02
8.061169710945763345e-02
8.583509118443960473e-02
1.015116000050168277e-01
1.392632778433035116e-02
6.844781780343428199e-03
1.010111986793792438e-01
8.732282695478597520e-03
1.969823137851538231e-02
4.376962658963739344e-02
4.519317938126697631e-02
1.028637006693747524e-01
1.322462735995551773e-02
9.478711990275583144e-02
5.967045280506223098e-03
6.477068194578755600e-02
6.629219224358556817e-02
9.812892422961971839e-02
3.497061718452609564e-03
5.883940454490470262e-02
1.088353649361322867e-01
3.560404573447326776e-02
9.425949971049266130e-02
1.373707323458394497e-02
8.860679693787389122e-02
2.896533099783857659e-02
1.003151398055664723e-01
9.504431031681148667e-02
1.119990300392110366e-01
3.152145941876828561e-02
2.356007500914786626e-02
1.125748230553194895e-01
3.965679168930776738e-02
1.081989284845349120e-01
3.190544990722982144e-02
1.055007905961231479e-01
5.669162884731693969e-02
8.659308024838704987e-02
1.223823992265881712e-02
7.921922968344746047e-03
7.913272007142946318e-02
6.818586697094903247e-03
6.910093654747222550e-03
9.664112524291110229e-02
1.100246896778412087e-01
9.032816643523166114e-03
1.097986183982740116e-01
9.937452629083361189e-03
7.655662926094851384e-02
6.758058599241620334e-02
1.117991819740829507e-01
5.699328430572079759e-03
2.730576965397677565e-04
1.135059889643664187e-02
8.146911230684474037e-02
5.735169131366879211e-03
9.616705310497634940e-02
1.562728714154306212e-02
2.080007613115415072e-02
5.375423603779403911e-03
6.251512125655643570e-02
1.067836625381177323e-01
9.320906431137025716e-02
8.238817377686107057e-02
8.026409698687748950e-02
7.505214560063302662e-03
7.924371323908725728e-02
7.505674644987596691e-03
6.067922001736828462e-03
1.087245264864994537e-01
7.671634868408717944e-02
1.114792621350870899e-01
5.221806747476107763e-02
5.144466157322749589e-02
9.590879007840626136e-02
6.361831768849905699e-02
1.138507406918500275e-01
9.789239178240072281e-02
8.871341691647893768e-02
5.050742184010810487e-03
9.773868073471167484e-02
1.084742911193529030e-01
7.258906177189386466e-02
2.816595789459810234e-02
7.405146635313282488e-02
6.658111136277171382e-02
4.026857405645436344e-02
4.800732382374992176e-03
3.973815203222266605e-03
1.517794543193391743e-02
9.432787917752884221e-02
5.636334180918737419e-02
7.280980306148436554e-02
4.367155650326329415e-03
7.071716355043179691e-02
7.414534514553436373e-02
1.146882316555840504e-02
7.815117069508863840e-03
1.097292851292083204e-01
