3.517431673214455740e-02
8.377507685396615167e-02
1.046191939183599012e-01
6.310125934039752249e-02
1.026091120227600739e-01
3.604310129951090319e-02
6.563333762721962339e-02
3.434941950856522375e-02
9.251503989788974203e-02
6.357319419335462352e-02
6.287296264373641586e-02
1.234409682849307160e-02
8.543844471407593608e-03
6.086059831521680591e-02
1.360537527526864583e-02
6.920684528775949973e-03
3.518669342824736618e-02
5.466479976806815078e-02
2.991597419556038875e-02
8.306349822908595804e-02
1.049255403279512056e-01
5.409591922028818972e-02
5.217019728343651706e-03
1.030030537821014502e-01
5.190586343180634589e-03
2.750448192372667230e-03
8.998292492549836430e-02
2.488864675242921307e-02
6.007666612189443284e-02
1.008538347229278043e-01
4.700657063145646103e-02
7.407632729992823239e-02
7.969743540570364826e-02
4.309198055926345694e-02
1.288700278856095942e-02
3.183396181943686648e-02
3.582922924301391865e-02
9.807455932581930769e-02
1.341811894036081670e-02
5.069126028406768791e-02
4.583665183768601903e-04
2.088933358949535829e-02
6.112182842147330375e-02
4.854703374617182210e-02
6.479134746675446754e-02
3.838075132915848287e-02
4.286537484123537772e-02
5.371793199151498471e-02
1.072354905442717693e-01
1.590138354757786310e-02
6.882347788330533955e-02
7.011390052469981815e-02
2.318119503066810860e-03
2.569048961572053310e-03
2.708896325706152200e-02
7.891174694904086462e-03
1.088982823142000955e-01
4.016492569527706225e-03
4.481115644509150314e-02
1.061133922199736235e-01
1.988318110779570269e-02
5.446752159026145568e-02
8.382882782056712279e-02
4.849181216780169487e-03
7.871078449800401888e-02
3.591526560935818678e-04
9.963199871589120682e-02
6.516677560619991202e-04
6.271107363631529819e-02
4.458452245761764139e-03
8.532302573286203173e-02
2.703380888974777491e-02
3.872004782163977754e-02
8.363793438975072880e-02
1.566406218089110708e-02
9.058194663621151055e-02
7.638337570618712602e-02
6.222337874044438916e-03
1.286279373805975651e-02
1.011518754407870861e-02
1.072768901691062843e-01
5.476906397828692347e-02
7.966138399368530298e-02
8.121127465092753547e-05
8.960743559923901869e-02
1.046315983960049295e-01
5.898188876105085743e-02
2.076676747845679349e-02
1.075326056521338086e-01
5.268588624429410006e-02
9.487374934778711189e-02
2.411623284786890836e-02
1.719453685893087072e-02
3.163081208913239711e-02
1.081400401056661492e-01
8.027191003487126053e-02
8.257440458722295484e-02
2.685879688665778961e-02
9.302128080345029026e-02
8.120755194915885156e-02
1.759359863815761205e-02
1.042696801485763491e-01
9.121880652427499792e-02
2.064760285112046505e-03
3.836019354378331341e-03
1.011358607857565511e-01
1.120149743773858619e-02
2.897326392232029563e-02
3.666294332225714797e-02
9.467997431245661621e-02
7.622701206509362171e-02
2.759042828516607062e-03
4.881228119073736590e-03
1.073974704727189700e-01
1.079226636653309035e-01
2.009926448874985172e-02
2.643066808527463549e-02
7.414786999567167525e-02
7.095885846920417517e-02
9.824050119988347873e-02
2.314757660456781552e-02
9.221488192550822416e-02
8.823080947054638343e-03
5.071530504827335972e-02
5.557242670876109264e-02
4.209125029366758003e-02
8.831829335588269048e-02
7.437373311326736514e-02
1.318095627574813328e-02
1.791671372575738162e-03
8.966519133916249495e-02
3.712465585871652096e-02
4.227456108626953535e-02
4.270691844673217552e-02
2.575388249551719896e-02
9.311396860312536050e-02
4.140961262135208799e-03
7.523839657283809546e-02
3.509824808632325960e-02
4.721977213039994965e-03
5.737531977414676160e-02
8.522931644601391965e-02
1.066295940670935055e-01
1.070015034123330752e-02
4.701184521351238488e-02
1.063711970136597129e-01
4.379526378566669931e-02
4.804038206447543147e-03
9.369339550196864597e-02
6.132146307587917154e-04
1.090467504646448482e-01
8.983573586332475880e-02
1.119783731996062612e-02
1.089213191401335878e-01
9.193728902043860063e-02
1.979240298250958471e-02
8.652737237884455812e-03
8.928268306947761968e-02
1.534926732766598786e-02
4.639320272985351934e-03
1.444433318877306463e-03
4.921116272707085071e-02
1.930721084133667914e-02
6.992912540018449141e-02
8.252184503930345971e-02
1.505924604117210054e-02
8.451377508938999819e-03
1.027347507143960975e-01
7.146844005944347569e-05
9.305248856035321092e-03
6.121697885491968194e-02
6.740694397970156682e-02
3.512602338636704180e-02
6.719483158555322744e-02
9.241190284605918515e-02
1.003083783936236095e-01
4.401094655787753107e-02
7.616994084331422943e-02
6.482392307191869180e-03
1.439381374039193709e-02
6.531771985493932398e-02
9.328294022509389660e-02
1.498633175522985639e-02
5.733582235276588057e-02
8.308205689498326940e-02
4.701418886774336170e-02
3.955257507247253446e-02
5.552088949541306162e-02
5.439902975130886560e-03
2.265474665597234233e-02
4.825446946600688708e-02
8.495542089133674424e-03
6.470353461685435237e-02
5.553048210474999941e-02
5.975888066652300379e-02
6.015962760506834983e-02
5.185679971289951576e-03
1.025078292209345571e-01
1.551488531068988437e-02
7.663442031093496698e-02
4.375578820069808694e-02
2.020063413626658338e-02
1.348289167565525602e-02
7.804547173077064359e-02
1.047376150033661399e-02
1.059754238036782065e-01
2.259748241117457909e-02
8.406415074664089215e-02
6.779465637141585121e-02
9.635517973230976405e-03
9.166970369555997589e-02
1.714678913777908584e-02
4.981259863741190064e-02
3.696159271107753164e-02
6.531272304715772525e-02
4.863933564892675837e-02
6.484205863140014847e-02
9.011125623280537289e-02
7.852711502932981091e-02
9.156989317685861052e-02
3.864541183937297147e-02
3.580290873377469513e-02
4.177727298064938186e-03
6.068611223933469655e-04
9.859142479034177509e-02
9.050010044446685220e-02
3.869721251998614608e-02
2.247692297581655417e-03
2.842738133115593757e-02
7.339968016292726383e-02
3.810207956461889728e-02
5.561350849186036394e-02
9.035348095922011991e-02
7.002276682004419071e-03
8.236388045982796779e-02
3.238481848003634672e-02
4.833675763035352735e-02
3.612596731065953037e-03
1.018595198850392458e-01
3.978499124766388118e-03
1.741466011048714568e-02
1.552943623959812669e-02
1.936007521892293970e-02
9.904297179941105866e-02
7.933974775338259455e-02
3.625300654327801714e-02
3.426370300076949510e-02
1.197179621909103854e-02
1.049947071151529354e-01
9.136383192698022127e-03
6.105706165719756301e-02
2.471467853116372793e-02
6.194842383421964201e-03
1.560194490698097076e-02
8.243705258139090442e-02
1.931206246900843415e-02
8.132345468693706614e-02
2.676277444620909704e-02
5.128115809844763229e-02
5.468055888259917841e-02
2.065907418160116069e-02
6.653077195043380354e-02
2.845022679086269858e-03
8.626551589631845096e-02
5.732413401257340640e-02
6.846834257183405381e-02
1.508662238405891927e-02
9.412285452013509357e-03
3.450827641133149670e-03
1.996257614130457145e-02
3.655284902281347170e-02
1.028996947989641031e-01
1.426282468618202820e-02
4.883440399946439858e-02
1.071084065879260167e-01
4.301602971643746914e-02
1.061949898218396138e-01
6.656776043866291515e-02
1.051889072001610248e-01
9.236462672680272046e-02
4.990352685744661558e-03
1.236802845265372146e-02
1.061256170016907363e-01
1.959555027461103507e-02
9.157376715631071473e-02
1.096456214780310440e-01
6.083914070438484201e-02
1.021817728806492624e-02
3.623917861494763484e-03
1.064679333670551092e-01
1.053858628160346707e-02
8.936904411498261536e-02
4.109060152850713826e-02
7.372604250880259759e-03
6.960757725294379819e-03
2.798199236650472654e-02
5.286322784454050572e-02
1.034832589741552372e-01
2.880338371165869216e-02
9.101427907754724989e-02
7.808018437667205158e-02
7.308401896334719948e-03
9.531151089716198566e-02
1.077834275322526181e-01
1.090871305653824397e-01
8.578393834937883544e-02
4.860104652327927599e-02
6.631291349459137070e-03
2.716899268752484076e-05
2.049836580798545735e-03
6.138543857781454151e-03
4.229398017543221922e-02
2.320599545772741249e-03
1.060569861475735981e-01
5.119639095804173236e-03
2.787416653811008310e-02
8.909499008149800170e-02
1.039797024360604311e-01
2.265426943348140126e-02
1.359939274539169810e-02
1.034459083355437764e-01
7.420798514231635723e-03
5.504026628375338626e-02
1.043017313756074843e-01
1.604371131157324853e-02
9.440507368379288944e-02
3.291806969689801965e-02
8.464193063248809379e-02
8.131676688593424129e-02
8.471218235808975622e-03
1.654839893990732794e-02
7.154378393439676798e-02
4.602227666026076358e-02
2.352443756014373916e-02
1.056485486138825508e-01
1.082350116343747809e-01
6.617957434728455324e-02
9.529618348357679625e-02
1.005434396747611342e-02
1.089510829715605728e-01
6.844773190986609690e-02
1.518623484968878792e-02
3.814216388188576556e-02
2.326573710119371127e-02
1.098612517173627595e-01
9.775518230247978724e-02
5.075231709031025745e-02
8.314342779136942030e-02
1.687848022671257012e-02
2.851531482118968043e-03
9.015684279867446430e-03
4.544272025806881526e-02
3.434071587820140825e-02
2.701687742274413301e-02
5.203778272122003973e-02
3.766672422682516841e-02
7.133452760557690807e-03
8.533020936598689765e-03
3.578430275463222870e-02
4.812322085885957501e-02
7.387525065027755744e-02
4.524387955920665914e-03
6.971374442539709539e-03
2.218874735516971827e-02
4.996874741860913433e-02
6.025956031090368842e-02
4.969042242771862933e-02
6.440942605127131237e-02
2.514698173612279694e-02
5.711450686710858177e-02
4.881224814888432406e-02
8.751702854456265557e-02
1.070157437175812548e-01
1.005327388749015366e-01
1.081507652209580915e-02
2.295568580363846825e-02
1.097104767737613756e-01
1.079921209315389957e-01
2.319794336247602354e-02
6.393948106307470458e-02
2.804452143266376180e-02
1.022738176562754814e-01
1.081691543912764730e-01
1.065190865240703555e-01
8.509937319126445465e-02
5.663951921495231218e-03
5.807063178478352738e-02
7.090725192409928768e-02
2.898514122677761651e-02
1.077211298773814996e-01
6.741835025502161856e-03
9.963962110237922776e-02
1.309573006466584894e-02
2.255347973112267063e-02
5.140151080789524818e-02
1.131688295918329389e-02
6.965435816458030727e-02
1.427866135896262677e-02
5.078806217835977327e-02
6.778462533101312082e-02
4.643126865100950795e-02
1.795155441768332694e-02
2.425599993333623847e-02
2.089248843622720439e-02
4.764865982464891632e-04
1.036673807738331954e-01
5.236420937150118582e-02
9.874657460343266857e-02
4.183706843331629066e-02
4.727860669809213351e-02
1.132209508907444304e-02
6.223818738039241932e-02
1.770288871545802264e-02
4.999550110707650513e-02
6.546828592465996077e-02
1.005480698854218230e-01
4.379413218173849875e-02
5.944307222154913972e-02
2.258928104127221753e-02
1.004471175453344745e-01
1.045218436443159371e-01
8.913158013217875597e-02
9.795641670789349831e-02
6.089328711402297589e-02
1.086770699533840118e-01
5.232573961498506593e-03
9.087343824770532930e-02
5.436479228266005020e-02
8.645224815873782387e-02
7.855847356561719563e-02
6.220421829153654353e-02
1.043020453099227640e-01
4.520256059137938570e-02
2.542284456290462569e-03
1.078426230378668610e-01
5.049054351331408452e-02
3.094584211281491831e-02
5.209116832519981866e-02
4.263162270198173759e-02
4.740694766005968536e-02
1.093187828032161496e-01
1.483628718448509742e-02
6.981698765860821533e-03
4.919857770715546641e-02
9.570288834547853452e-02
8.061313536498251886e-02
8.826874055888560278e-02
6.069823992485463143e-02
4.485173356710719927e-02
4.194521476623130386e-03
3.737219030852823726e-02
2.723917650041273938e-02
1.044946561940981455e-01
1.476750052375261769e-04
6.063554212105079673e-03
4.826659177323086580e-02
1.533012863741323867e-02
8.637843271438143400e-02
9.712368681352571975e-02
5.735705924871468270e-02
7.871601982460121882e-02
2.059578486506286055e-02
1.004531684023604182e-01
3.573489483504753601e-03
1.840550667335905458e-02
1.023792479058045768e-02
4.933688759196958040e-02
8.424060432484999084e-02
7.419764305537388058e-04
9.980164694959378635e-02
6.628088971254744721e-02
4.770727381187273713e-02
6.283347614536507510e-03
1.267481871549379704e-02
2.039969568985919302e-02
2.324310446782196574e-02
2.678847841112007647e-02
1.061976837417025893e-01
4.108146509725614515e-02
1.685227726386683347e-02
8.658656009641840789e-02
1.638205335546026598e-02
2.160617203811921253e-02
4.372165377001029085e-02
5.378679004677881792e-02
5.855359619936414961e-02
1.963501446544553899e-02
3.836050336026082096e-03
1.589185790642672069e-02
4.247726709169616366e-02
2.126314743043202643e-02
5.569344817095788630e-02
4.363740764230825131e-02
1.072146010334400351e-01
1.118804141858276147e-03
1.098248543343290362e-01
6.028040715407333161e-02
5.382990474010457965e-02
4.903415289345597339e-03
4.992067669472076072e-03
3.841373611148325880e-03
5.381422946450746536e-02
7.740445909091473418e-03
5.037907372474433043e-02
1.002732381323689914e-01
1.025606416408595262e-01
4.063989638913737684e-02
9.606144238226328042e-03
5.970047617430718906e-02
1.695473037465818761e-02
5.812654445847179920e-03
7.498829585183909574e-02
5.289800738485394421e-02
5.028455896523799373e-02
1.050752807825415802e-01
6.658850466295994364e-02
9.286073867674603244e-02
1.267464148967707704e-02
1.035435525309137683e-01
5.149795234809349809e-02
1.364400994254934447e-02
4.566821718866821700e-02
6.589232784197925769e-03
9.439191195436427012e-03
7.380761625278428606e-02
8.106301197651154256e-02
9.681669418489001477e-02
5.776461342739683084e-03
5.013610493532467960e-02
1.133571402301916317e-02
3.476413924290529256e-02
7.464431199426097008e-02
1.043353678623820252e-01
9.974867283643010230e-03
5.692026415977040343e-03
2.268148663596561768e-02
2.997026756676031412e-02
6.894252054646697776e-03
3.060266126751033655e-02
6.924744374441232919e-02
9.111960150789788493e-02
5.460023980867304005e-02
1.959102624986077540e-02
7.850356387369031297e-02
2.268917814993109527e-03
8.108479871440023301e-02
6.245629797715454568e-02
6.422551587327872185e-04
1.010081369763677211e-01
1.089137887533391386e-01
6.017342298615702134e-02
6.515766212283986489e-03
6.013840596067443478e-02
3.447358727493168157e-02
3.275679046647462372e-02
4.554416379474305644e-03
4.770130700124958212e-02
5.023308320274715022e-02
3.533387392452779635e-02
1.514011821829786865e-02
3.303771940767413762e-02
1.024579887522596433e-01
6.121808267029152373e-02
6.338807129195726808e-02
7.297203837179692953e-02
3.773500976350160907e-02
4.672208022241475245e-02
7.608330531080778614e-02
4.772746156214791730e-02
6.865047571421870054e-02
4.380692393667600520e-03
3.367444691837261778e-02
2.461746123589345428e-02
8.660433399118837305e-02
8.299452364562739937e-02
1.883641214723917601e-02
2.578239791991585386e-02
1.028557994710135870e-01
8.022341347831726810e-02
8.129469264559555097e-03
3.868449295402597715e-02
9.836015295750257653e-03
9.143532944923690731e-02
5.462954850935359402e-03
9.052672257880934811e-03
8.637809713521205079e-02
7.018090638586899077e-02
7.481463844761786219e-02
1.001469380044607733e-02
4.019621850289807619e-02
6.111658597350052083e-03
9.400446045092301917e-02
1.067336717270673391e-01
1.730272559939096538e-03
1.178863910219515474e-03
4.633273708486570358e-02
6.973511042592359099e-02
6.308638073112253497e-02
1.086449251935409921e-01
4.207631040285065432e-02
5.344543514385240168e-02
6.806795285269968965e-02
9.815716360504027609e-04
6.865199490270988691e-02
9.458478527523249413e-02
1.867796997445456478e-02
7.609724075114734920e-02
2.587392925640379787e-02
9.361028345558961017e-02
9.670605245789329341e-02
1.526801661020046441e-06
5.254230992462519817e-02
8.760259231459796569e-02
4.244784108557110580e-02
3.108320138937905111e-02
6.980029143981009154e-02
8.665412423537309505e-02
5.910521020730988284e-02
8.908767582056167922e-02
9.880799586414536206e-02
9.788372426759572864e-02
1.022138652785682250e-01
9.395247138057220837e-02
5.618050031710942332e-02
8.434840409533840566e-02
1.066948325252626700e-01
4.329209772051176124e-03
4.194424200435654948e-02
7.055022280014734692e-02
3.729280044757037060e-02
9.526611752157623444e-03
1.477117752868055411e-02
8.877894981657218076e-02
9.475950859317594510e-02
9.238066975573808604e-05
8.908419349122764785e-02
6.176823339491681851e-03
2.833124962980200154e-03
4.767842569685964982e-02
2.603903683785007903e-02
2.686132488588120846e-03
7.253647993660489179e-02
2.163620181085551195e-02
3.438877384608615695e-02
8.397207756656886735e-02
5.306295621980195582e-02
5.584119568437278386e-03
1.588781094090598381e-02
1.056973952522250182e-01
3.174943425795395680e-02
2.992975938624891155e-02
7.735526593300225129e-02
4.483929120804876906e-02
1.304504955808237499e-02
3.080303747594021965e-02
6.541026234434764441e-02
5.310954997246732090e-02
2.798192961838750353e-02
7.704747417498430950e-02
5.895602550287397381e-02
5.696637781133177120e-02
9.329594575233808584e-02
1.514439508108418424e-02
1.094790810745852466e-01
4.241751006104492981e-03
3.144110944913196953e-02
4.164768104803999449e-02
1.095823102003963823e-01
4.613671341200866610e-02
1.048966045197092245e-01
7.358934517478050996e-03
9.963928504987203463e-03
9.673949178039321917e-02
7.374463975738386294e-03
1.090710912451270560e-02
5.136827142834934218e-02
2.120250948658133211e-02
9.314502912559013970e-02
1.167002164724266489e-02
2.569457708808104562e-02
6.439283971112490235e-02
1.238779456075845761e-02
5.843532706047459280e-02
3.345436739282064195e-03
1.278607968024876584e-02
6.162371178410582656e-02
3.738447693363046442e-03
7.697727360831163601e-02
1.020737385972890210e-01
1.087595256909191233e-01
4.092338497227673150e-02
9.452484131342020479e-02
6.503991220496106729e-02
3.131332362916505047e-02
5.650746367896784111e-02
2.908262396011431113e-03
1.025035400425046428e-01
1.088276687666707571e-01
1.618966686730170801e-02
2.152738771329913096e-03
2.738581498127766467e-02
7.559684642839956115e-02
1.841821629529513324e-02
1.048978149517249131e-01
1.051869061172200914e-01
7.903521449799236209e-03
4.536383398306570447e-02
5.948031778293248750e-02
7.767700321215671722e-02
1.027643942082081228e-02
4.911647804716925969e-02
1.019667656942277595e-01
4.655263856344243195e-02
3.962963700619866886e-02
4.186083565584394588e-03
3.809950541775188049e-02
7.491529144476372082e-02
7.714697625094141253e-02
1.098404780081524007e-01
1.077941596887347919e-01
6.695495512601798427e-02
9.951215689043620138e-03
3.057256005547950503e-02
6.148540808270313435e-02
5.435387732266698524e-02
2.999911668757626257e-02
4.075626364176309496e-03
5.468742465083531457e-02
5.932371916190755726e-03
1.481017880325079597e-02
5.179391687955945886e-03
9.615978668551936753e-03
7.343824015289855851e-03
2.364948322539219341e-02
1.004741081185940160e-01
4.612575450458032689e-02
9.504205349497620026e-02
1.577904963996855023e-02
1.079660864034718004e-01
9.907336765394899464e-03
5.257590287253786215e-02
4.327400099195490013e-02
5.648068192095811318e-02
1.089422224372894599e-01
1.084927755565452956e-01
9.542035828544548348e-02
6.828335658004837383e-02
8.249201944047840351e-02
9.605126940199562591e-02
5.635820203542050294e-02
8.931128949668874772e-03
9.211805080385979116e-02
3.219706762310038575e-03
3.387390717224207648e-02
1.080139033133432486e-01
1.012670028597063010e-01
2.789747568627599233e-02
3.680562328290937213e-02
8.472145293461919024e-02
9.409485962636290890e-02
1.015604452082137371e-01
7.426043979193805433e-02
1.276083051331028048e-02
5.083416917029110610e-02
6.477788735261294506e-02
1.620378851958914623e-02
3.007355184422109626e-02
1.032250183792914056e-01
5.714477752361698387e-02
1.690773685701569759e-02
2.837092134772568885e-02
7.045577967657356069e-04
2.284733236561780831e-02
5.976120488302253363e-03
4.048031623379448607e-02
6.549654745725583260e-02
7.328732079882642469e-02
2.227827554788583062e-02
5.189013091618062401e-02
5.007202014969593801e-03
1.085950241299640934e-01
1.082745996320985116e-01
2.143780839918562123e-02
5.189018338169761047e-02
5.018488711993266543e-02
6.017890597993822560e-03
9.078878086079171517e-02
9.147849192993141865e-02
2.920284116273055147e-02
9.110292118793042460e-02
1.762202719116072111e-02
9.768407082314943535e-02
2.892185523694762797e-02
5.325394085092498286e-02
3.962051643056169192e-02
7.048255176478449013e-02
7.896270696105450737e-02
7.697652565998519547e-02
4.038622668443796367e-03
5.589569719639832929e-03
1.598364386673465157e-02
3.869332870951906062e-02
8.633144629017924787e-02
8.987871240359216612e-03
2.435109319241422765e-02
3.240536099538881415e-02
9.363101525109791129e-03
7.897105239049734271e-02
9.411502044306564035e-03
5.241840367338129053e-02
7.767018388450695754e-02
1.190596438461735858e-02
7.943078847043220925e-02
4.595277633495272601e-02
1.031245967245925273e-02
9.958732309286344453e-02
7.377030544488502595e-02
5.037980645637721300e-03
1.463445694759250848e-02
1.264776581890243203e-02
1.024644630318751193e-01
3.665753132613858850e-02
6.004269099190844700e-02
1.808265215009743909e-02
8.831651283180526335e-02
1.031430471033240870e-01
6.936114091542829041e-02
5.470901890379568228e-02
1.359149560584108594e-02
1.035179011541365879e-01
5.800729376148958116e-02
7.212454424551533773e-03
5.976669889833289943e-03
9.905152488356720741e-02
8.860915615601415440e-02
1.047313968875358547e-01
2.862749588237157097e-02
4.202366232775358451e-02
2.773889686990883147e-02
5.015673785052096600e-02
1.088219510274689716e-01
6.215252333356214437e-02
1.591425829329203012e-02
1.565934022661756575e-02
7.334799388577539769e-02
1.018331726933291853e-01
6.131359258752295399e-02
2.931788890702882733e-02
9.165894593959506009e-02
1.051169763763220300e-01
1.514409378840826095e-03
1.775061459817027162e-02
6.194582242171631919e-02
7.139677708182966265e-02
4.640866197666315002e-02
3.632543705744509938e-02
1.066764662027090138e-01
1.009064397244516381e-01
7.424098307977543276e-03
9.152624726542972315e-04
6.408085131047726313e-02
9.648593045942106816e-02
7.513321116307258851e-02
1.537657537917048144e-02
9.631852140576291701e-03
9.731020018971286989e-02
3.575925847298972934e-03
9.948432983488672554e-02
3.861696234710649406e-02
1.169905420950345838e-02
1.096181448002768039e-01
3.070036047297004453e-02
8.719713564357055302e-02
6.230243915618207881e-03
8.598475462374537137e-02
8.271782357468823732e-02
5.686858518312385563e-03
6.722283565746689504e-02
7.671832615635902630e-02
4.900430319798095014e-02
6.526862447699678660e-02
6.889231667536316328e-02
7.358079805084115355e-02
4.779604023589672547e-03
1.014562712204346434e-01
7.364000188377418932e-02
8.765363075747663324e-02
2.336755928326745071e-02
1.574423606497109621e-02
1.985819410238474914e-02
9.075533179920147742e-02
8.408010688948878986e-02
6.644034371900443825e-02
1.047806269952181457e-01
1.978800933451221877e-03
8.165438423485006300e-03
2.036327891972102185e-03
3.570620916355398550e-02
5.121383304803769215e-02
1.429669739183120044e-03
4.176138083363288740e-03
1.033276347162444125e-01
8.081503510778059729e-02
8.809675614636389152e-02
4.603839099923030982e-03
8.794563880537040190e-02
2.526287255989034114e-03
1.008730868612716103e-01
7.242261184980633426e-02
8.666566064634891736e-03
7.912656430878503566e-03
8.452472609849094598e-02
4.551097185723758376e-02
7.585633174876871276e-02
3.248849231825748363e-02
4.282876470143270192e-02
8.581473885261450829e-02
6.734923367631905078e-02
4.456333138201403615e-02
1.250078660076417436e-02
7.393075758117746352e-03
1.044115801586882469e-01
4.092496805632498541e-02
2.218416702282539205e-02
3.243493427776367177e-02
6.101746438393285989e-03
8.122046120160210381e-02
4.004620244100867005e-02
1.813446592276730246e-02
5.451708013626815202e-02
2.934954915001276171e-02
2.871365088627763837e-02
4.578512327158014428e-02
1.090565373149105094e-01
6.135560516487225530e-02
1.077445912522504434e-01
6.648358125778772165e-02
8.731276176825847335e-02
4.376173942927561594e-02
1.027020102411002438e-02
2.873074023345970410e-02
8.268281634750784814e-02
1.071835610812876122e-01
4.911277881820950986e-02
8.068553547791171288e-02
3.738465665193951154e-02
8.302242384718037937e-02
5.700717416883398225e-02
4.655335081047244465e-03
2.026914665278902600e-03
1.065129103537169886e-01
4.294618741491063041e-02
2.987221537522224621e-02
1.119624066394411506e-03
9.114403427258598034e-02
6.358542686530056776e-03
7.224137635053255735e-02
1.193239177145574877e-02
5.806664043731272346e-02
3.207048904281195600e-02
2.174296127448908239e-02
3.270358406540744764e-03
2.508434318907839383e-02
2.833116518010026993e-02
4.819763075856753516e-03
1.068950835402732447e-01
3.474753232063426331e-03
5.811291183225965329e-02
6.064751297450809292e-02
1.004598074109022826e-01
8.470668773912348043e-03
2.490002199884196188e-02
3.944708614844283996e-04
5.522427730725412709e-02
5.628971201662644197e-02
5.551494104462856467e-03
2.660859633615402994e-02
9.500920646239340017e-02
3.859129689186916509e-03
6.335616493593880516e-02
6.669923815786800436e-02
5.119009046489186171e-02
4.070664764553592191e-02
2.000819446798131460e-04
5.741580554272874420e-02
1.053282360038697574e-01
8.875383905704556375e-02
2.348714940936076287e-02
7.393699539323765613e-02
9.477860140657770605e-02
5.698277034219275707e-03
3.772234232533848430e-02
9.254197192856188081e-02
4.414330193299735583e-02
1.069041514202619669e-01
8.685410094151512937e-04
9.749345605275643034e-02
8.875394240023705764e-03
6.278926247639771141e-02
2.941403834698980840e-02
