1.012754763061484570e-01
9.167103764640334440e-02
1.110273536207892764e-01
9.893319434665438436e-03
3.279063633471985401e-02
1.077115652611181779e-01
3.773349610430825479e-02
1.616957775284829160e-02
4.447061163568989672e-02
6.454508500546575489e-02
3.500377061552312902e-02
8.759308045901796624e-02
1.136906168998036242e-04
6.128840916472141909e-02
6.621131406543270814e-02
6.660117683470746786e-02
1.112686812573160725e-02
6.777814864469097755e-02
1.034947377056826684e-01
4.375234838500815376e-02
6.554706201041674007e-02
4.742975425498113795e-02
4.825585341173660447e-02
8.156425378637623125e-02
1.465578459604681416e-02
1.614354992104297115e-02
4.791591543256814439e-02
1.829059495977813574e-02
3.069494519134940633e-02
4.638778013798159489e-02
2.580660374297805669e-04
8.559268906498990193e-02
6.031569056635148474e-02
8.481633567955911002e-02
3.142825916328716163e-03
6.476499424806704715e-03
4.238174943994796329e-02
4.597464150961685925e-02
1.400016089744437163e-02
1.001651362058700034e-01
1.670375838652817663e-02
1.166775628890523095e-02
2.316694813374877565e-02
6.435563321218147614e-02
1.028004723307816316e-02
1.961797480814237229e-02
6.477447493375076970e-02
1.393329105390538232e-02
3.714880015787369594e-02
7.513892488901155464e-02
6.865797596710293549e-02
2.726352995170000168e-02
4.651396434617886821e-02
9.374985831102937428e-02
8.680128447292337346e-03
2.111526914574432881e-02
1.131908058292108443e-01
1.014955200726345291e-01
1.016779238444165401e-01
2.628579034234303224e-02
3.461775475372565886e-02
2.466639353200762372e-02
3.523363231979093069e-02
1.351230649431758857e-02
6.649416587401534018e-02
1.017820306014171339e-01
3.273830022122464767e-02
9.829511343415470517e-03
8.796314253103346137e-02
7.233225704481922869e-02
4.906000936141291513e-02
1.608716476625777700e-02
8.495682810466041734e-02
9.675512564962261697e-03
8.732659055932674719e-02
1.062764840551152223e-01
2.001609991976519357e-02
9.084583697988030115e-02
1.983447710285262192e-02
5.757132535560854913e-02
4.530276700084688579e-02
1.019033746318719590e-02
1.311393541052034185e-02
9.238660782743608746e-02
3.846692502648559053e-02
1.634057593422474919e-02
6.856103331125845690e-02
3.234163281952848190e-02
8.440488488703597192e-02
9.466837461199148485e-02
7.674169800223672178e-02
9.253692461784944479e-02
9.517909873900214091e-02
5.099400691118608636e-02
9.057972533924070480e-02
6.022307566858670080e-02
8.985441973749999645e-02
5.780154154222877372e-02
2.137351875725399669e-02
1.094894785430741146e-01
8.168367861955985743e-02
3.595591309471796171e-02
6.597866078042190739e-03
1.072191212162089818e-01
5.142890301643775197e-02
4.930835858241566089e-02
1.100596872786506752e-01
6.568715841835290337e-02
3.219365058783314054e-02
1.079080581966948699e-01
1.032639590554473019e-01
6.995424465341430753e-02
6.552069849877119323e-02
1.091900235461844143e-01
6.982554138822232026e-02
6.329927793914303822e-04
4.040079513123102928e-02
1.082572170216796470e-01
7.391511057220558067e-02
5.181874238617301814e-02
2.905010333760210325e-02
1.008828324731878001e-02
1.108754657599117927e-01
8.265528772657938783e-03
1.080428377836300385e-01
8.838290624150837993e-02
1.077981835049791198e-01
5.156602322808637867e-02
2.185684189297915775e-02
5.565700415748710966e-02
1.077400661134407522e-01
6.426285132420180186e-03
7.078516246052735106e-02
1.521591388649280209e-02
6.052750485142827097e-02
3.286391650952055071e-02
9.319142447658750050e-02
8.145523355497624740e-02
2.873360701746881934e-02
7.728169736924388189e-02
8.719418952184811167e-02
4.150760449148487713e-02
9.423662710298691403e-02
6.274842409857836478e-02
6.465960649455733400e-02
1.096156132969609565e-01
4.587495066787591891e-02
5.467474592077816581e-02
6.036212847110740409e-02
1.987819786738760641e-02
2.303029700579655240e-02
9.054371216202407313e-02
5.820938813802411377e-02
9.787824547606177594e-02
6.615614155539766006e-02
6.335496696213979706e-02
8.914419418209539037e-02
1.524530888380591469e-02
2.136363488850953618e-02
3.666790563659197422e-02
9.811701268533115639e-02
3.152505989289389882e-02
1.116290586780733785e-01
6.278011491224397538e-04
5.936643533598259803e-02
5.111649061778168052e-02
8.599889496287839441e-02
3.364060813970116970e-02
1.060142736603218727e-02
8.755876268130133311e-02
8.562350335959974246e-02
9.321139827798494149e-02
1.039371712487753736e-02
9.737382998306054471e-02
1.112060074315800728e-01
3.781287281857791116e-02
7.646003991225681917e-02
1.030071767447769543e-01
2.804189326185307918e-02
9.178703918405731188e-02
6.015300324957331690e-02
8.903442732722839648e-02
8.524317284574664533e-02
3.199486971535644986e-02
8.063775836276992903e-02
7.633813782554316196e-02
1.047730793214588785e-01
2.890204924385674987e-02
6.511552769847075983e-02
7.432473016980128445e-03
7.538087029311178744e-02
4.361579258848338053e-02
2.551145473806934807e-02
8.066505520791784553e-03
8.893127813268382476e-02
2.438817547964207411e-02
1.862399727238813916e-03
5.473056176322536881e-02
9.113309609873920802e-02
6.394664923167284187e-02
1.033773545164975993e-01
4.762602442911028494e-03
1.889329585360893446e-02
8.380872463177200735e-03
1.068110398341667183e-01
3.244137118516640661e-02
1.022379164260278361e-01
6.283259592926586368e-02
5.559216272314988772e-02
7.289856152148022073e-02
9.696693978660567148e-02
1.068535310029960876e-02
5.338496642387439983e-02
6.420860738722483640e-02
9.750768066524148625e-02
8.474547985476002521e-02
5.229694638464710277e-02
5.892034837210081283e-02
2.899430766419099775e-02
4.659914986735465281e-02
2.744224810921067417e-02
4.486618356833759619e-02
8.761508259395592302e-02
2.639098779007751153e-02
9.011953810620405500e-03
6.523202280379576667e-02
5.007860930678566941e-02
9.844073876962453062e-02
5.081920807103783300e-02
3.012809923284765282e-02
8.633628482280324146e-02
2.233161306764922319e-02
1.645298854945107664e-02
1.149228234607655753e-02
1.080940853630815157e-01
6.577951218953727308e-02
6.487931593392726182e-02
1.059720798529545649e-01
2.319422896342008059e-02
4.216587456361958058e-02
1.288980400816642710e-02
2.652480752735526456e-02
1.715583162682548374e-02
8.686837270583175341e-02
7.690847454987851002e-03
2.667208250114180487e-02
2.544566429118950979e-02
1.104010818050272374e-02
1.785794836422813225e-02
1.184492392542941044e-02
9.691980500863335568e-02
5.654265095086090376e-02
3.776556117769993420e-02
9.101194794565528601e-02
3.992136792140162788e-03
8.098371570301685085e-02
1.662489970245699389e-02
4.350793460642218141e-02
7.143312863980466609e-02
8.720388625251582204e-02
4.520709742127951292e-02
1.111678004293920052e-01
4.767886866894662651e-02
3.715542728082844859e-02
6.034723720436339922e-02
7.832102873125491860e-02
1.030137202557163956e-01
5.374914023597277685e-02
1.090192813068767697e-01
7.683312100087112684e-02
8.768334796048014856e-03
1.273215833822316685e-02
1.047949957428704476e-01
9.549236061078500426e-02
1.551587114306296825e-02
6.401233245663823235e-02
9.492750530430961453e-02
1.008676618114819901e-01
3.380080655557446412e-02
4.499115632811780813e-02
2.670651724995894497e-02
6.363176683880987505e-02
1.256294150522137970e-02
9.224933232110543724e-02
8.856298438886810176e-02
9.653426462428915666e-02
2.453128458802486186e-02
9.830769662006626219e-02
4.662556885464965578e-02
7.377718796342437602e-02
9.745075378327866522e-02
1.601993301848416394e-03
1.450433314488310324e-02
5.089615869194372144e-02
2.753452451245984658e-02
9.831548056540974356e-02
1.673562217192328975e-03
3.145654352915173285e-02
8.948975787003522753e-02
9.283722166734779957e-02
9.047487739826852449e-02
1.486345186121679728e-02
9.432931924187680506e-02
9.541290740096648737e-02
6.349914270059299481e-02
6.799124019188727136e-04
5.444171319362194061e-03
7.784772845204145086e-03
2.111309944660240412e-02
1.118683673306185428e-01
5.095535387144637524e-02
3.250450189242325844e-02
1.088232041060671479e-01
6.267380671009707693e-02
8.210917753580138090e-02
8.851099382847833763e-02
1.263588222473945553e-02
1.595473712366701421e-02
8.940910751130125289e-02
5.322659868277917865e-03
6.687138844361943668e-03
1.621260365601513015e-02
9.582693161013046412e-02
6.136857459525167646e-02
2.033818606570901924e-02
6.956401137231866573e-03
5.900392771234114903e-02
4.607094004993389502e-02
9.671893123386694768e-02
6.609367020052320241e-02
5.566245726309278219e-02
1.129501080733529145e-01
1.814493160843073591e-02
9.668064534910938979e-03
7.094596844182987638e-02
6.147913930168357605e-02
7.968189723506532984e-02
4.822142770655796912e-02
1.048756768233955611e-01
6.066215057015522660e-02
6.982783184260647757e-02
9.262415442666208781e-03
4.708385679735622997e-02
4.343158283255518781e-02
5.843510973151152393e-02
8.893631526492419559e-02
3.198408647920995829e-02
7.922875850585722746e-02
7.281956583093365798e-02
6.960290377085383284e-02
6.837055519677583126e-02
1.101864118988044317e-01
8.332332406506272326e-02
1.927938849126561950e-04
2.633829576416139157e-02
1.700747470256750229e-02
3.175319858660259620e-02
3.371387347213833374e-02
4.708394386567782419e-02
7.923378968336518280e-02
8.081766120667457920e-02
6.349001916126942313e-02
4.582756789992141477e-02
1.957856095531516297e-03
2.348922439931534593e-03
7.661742701986219706e-02
1.079063093228782855e-01
7.820457388272189503e-02
2.930420044820766009e-03
9.968949086309582264e-02
6.844916827222560785e-02
4.152271502662979036e-02
1.077752146799869498e-01
1.695455698673137279e-02
5.673278558224711943e-02
3.742885460885519988e-02
5.436573967112233452e-02
1.825453699000920485e-02
3.466773667922030955e-02
5.988118417795271209e-02
4.697329931004780301e-03
1.106191149467193741e-01
6.249902622735784702e-03
4.018291230856857466e-02
5.531368570314577904e-02
9.258410312980581980e-02
1.122634885033347019e-01
3.893220780155829449e-03
9.348785396090504574e-02
6.583312765349878110e-03
4.355404772639723948e-02
8.755580013508107440e-02
3.742339167297233093e-02
1.134830798657177481e-01
4.121006086128228135e-02
8.598801376924949946e-02
1.098687460570309943e-01
3.731086280562938284e-02
2.820477812945931806e-02
8.987606898009460610e-02
5.240287673132715957e-02
1.554131980117261572e-02
1.555697273027819086e-02
6.086906798022081316e-02
8.828748587408723203e-02
1.012739731406623184e-01
1.798491664913128701e-02
2.314870226985824356e-02
1.521713513993428607e-02
2.487300656780818114e-03
5.477029341180193051e-02
1.734608725863594908e-02
6.966032860335368004e-02
9.142358399587113826e-02
7.350634351421572732e-02
7.621089891577319947e-03
4.095278423148301927e-02
1.014853880079907705e-01
9.284373541102694527e-02
7.820960061999181201e-02
6.929171493965755046e-02
3.995910114931530005e-02
7.160206017737036355e-02
4.059859350837006359e-02
3.564401866618852055e-02
4.292294863264889578e-03
1.060561039499736263e-01
4.501466064543718781e-02
2.374438636957095991e-02
8.571167364872581129e-02
6.217867088636238465e-02
4.449325124541043258e-02
7.800888377324383116e-02
1.051025347351754458e-01
2.172959875667044780e-02
2.112986729115808038e-02
9.541256026191081985e-02
9.039126261844132593e-02
1.524470206566283688e-02
1.330871429602441432e-02
9.406291957662939185e-03
4.455951473354523990e-02
5.237374884050205459e-02
3.195215697259878862e-02
6.628500390094280159e-02
7.732920911640174533e-02
5.053667586585772198e-02
1.040145644692715421e-01
1.725188220688281260e-02
7.869896093848414986e-02
4.897707249273040853e-02
2.407406201490978198e-02
7.571084829245366965e-02
2.007562734893619111e-02
8.969190452527256441e-02
1.720760072887313197e-02
1.011720822880093906e-01
2.175225798644400341e-02
1.040907971513535257e-01
9.995539491788156539e-02
1.090616304149587684e-01
6.383666136424870352e-02
7.890289315243631529e-03
2.653481594994434173e-02
2.036194036528972059e-02
9.778361243467187380e-02
3.540748733923517605e-02
1.227374110358177110e-02
1.404714387616838242e-02
2.154852641079706144e-02
1.496929804858318329e-02
7.340114181764079149e-02
2.045019764472642035e-05
7.080355935604806805e-02
6.293083054833999157e-02
9.497897749395267653e-02
4.204376230592818398e-02
1.031349057121214441e-01
9.209461703096993856e-02
5.917442262597626818e-02
7.993653933484091978e-02
3.882221743663012183e-03
1.136491894314367729e-01
4.767587918948946318e-02
3.932794775953808719e-02
5.988495867916615589e-02
8.568202178480961717e-02
4.108938738171881433e-02
7.652663790800329213e-02
9.601085477311274707e-02
1.114257360557231735e-02
8.367846662160149940e-02
7.660376339080936237e-02
7.025322134110033312e-02
5.225374872635791396e-02
3.842043429572639807e-02
1.054529093267540241e-01
1.006351558601289997e-01
1.000575159975483630e-01
1.021127892484244015e-01
1.942750854139549399e-02
1.766698772773195661e-02
6.274820357178334529e-02
8.180522512828514170e-02
2.196982866509667939e-02
6.643577241824549784e-02
2.110060147846618689e-02
2.780311968973283449e-02
1.488131496147095459e-02
8.011888191543281579e-02
3.470422067561414886e-02
5.910418388590662347e-02
2.802068042954899973e-02
5.725613691477393630e-02
5.669580364356940905e-02
7.067245436069164929e-03
7.418039471462530010e-02
5.125363384347934176e-02
9.992293169629333505e-02
7.130113015652589023e-03
9.369126061415632145e-02
7.504624174426660632e-02
4.077619964667621166e-02
9.458925872289213055e-02
1.084812022023272510e-01
1.119108947562048040e-01
7.603838739153044590e-02
1.093019513517583946e-02
2.614498128586118311e-02
8.464563934482047247e-02
5.758726935150894691e-03
6.869651098168311210e-02
8.732849820161901755e-02
6.236837670808108129e-03
6.858435812542905408e-02
9.708672586247310554e-02
2.324924611959882509e-02
6.800037865184695163e-02
1.444702032281588479e-02
7.804714154948531879e-02
1.893509218743984202e-02
3.384272006337243205e-02
1.012129432066590472e-02
6.128690489769892530e-02
1.034325740661132809e-01
5.383476747398664025e-02
4.915588199012629195e-02
1.697068241100473454e-02
5.565896333740195934e-02
8.510128383966941712e-02
9.547582708170906929e-02
6.040827468293132974e-05
3.824653090856239279e-02
9.585926435050438899e-02
7.043735595520692061e-02
3.342087210487621612e-02
2.140164818045852541e-02
8.855627848434059757e-02
3.167727358159963535e-02
9.108657100331910353e-03
2.745656583682688778e-02
9.207368162228000974e-02
1.016989898034259404e-01
2.629268257609245624e-02
1.119508449416909412e-01
4.720043686322016735e-03
4.522745534628198893e-02
7.441333055265650365e-02
5.611809879053727274e-02
6.729991034879424794e-02
6.226604436715613144e-02
2.002720147466048942e-02
7.737567050643401334e-02
3.611373486239984054e-02
7.925329337818948217e-02
8.933734128196352264e-02
4.652667521096314623e-02
1.484686785362536628e-02
7.602014148405731100e-03
8.580989819777029570e-02
5.960212816320869383e-02
7.730629302450890000e-03
8.860066606690342184e-02
7.758942005596465574e-02
8.504570492237192858e-02
6.642675818895661666e-02
8.588585923773056630e-02
6.600007012740811974e-02
9.599075267357532913e-04
1.941825897977150425e-02
1.029011646818941972e-01
4.541934516951000311e-02
4.340378831694124279e-02
5.768775395448537402e-02
7.867365059683452400e-02
2.231835889932299102e-02
3.115402695173715222e-02
7.808221236589958647e-02
1.132320380792993519e-01
7.117864424629330444e-02
1.042796741887281331e-01
5.096166440603180220e-02
4.221595641682249905e-02
2.019498979685513916e-03
6.904606481035448218e-02
1.096904000959807030e-01
3.426921421482443525e-02
1.508556232149570880e-02
1.903328058975319037e-02
2.385578699980602999e-02
2.395430273392183326e-02
7.063353957663136284e-02
3.496605873888333771e-02
1.893789099304661605e-02
9.429487143214944356e-02
6.564400060706236661e-02
4.158947236485006915e-02
1.979960123304333811e-02
1.039086704607886658e-01
3.512448410612049876e-02
1.122588897306859013e-01
2.105199121521439051e-02
1.465520057952295757e-02
8.178512205120221090e-02
2.453476114210869155e-02
1.015589458269426509e-01
9.244772527614920909e-02
9.786436564963532647e-02
4.937137551838842453e-02
5.911068784954096045e-02
4.753092646707265099e-04
7.112946661073224486e-02
8.010338239523136228e-02
4.117094411702199724e-02
6.664091514351598577e-02
5.787442848577447306e-03
7.299280810440024990e-03
1.063686568442735736e-02
3.149239207782766198e-02
7.318935436466944555e-02
1.223293173331667025e-02
1.059196145025792096e-01
2.912355517064553478e-02
5.614535347552653682e-02
5.614897275180616432e-02
3.112815065593232955e-02
2.683061541106344580e-02
9.991422928275051074e-02
1.690490126087145287e-02
6.090198895246486110e-02
1.011253348884253445e-01
2.430983851781622421e-02
8.711339363489339904e-02
2.346998392953431045e-02
9.671914239897859422e-02
5.814844333794739334e-02
2.179924120238889082e-02
6.243147403807078333e-02
6.229956691230085358e-02
9.259868906875676209e-02
1.105116904269738340e-02
9.737381133448495818e-02
1.074143710564189405e-02
6.020573838544184160e-03
2.826996871513844448e-02
1.095860562920108194e-01
7.985485678256223907e-02
3.868101185692227051e-02
1.195548886670838758e-02
1.043831881536224082e-01
4.062538138133472282e-02
4.204189947043731300e-03
8.702991034040596929e-02
7.561286220857642466e-03
9.902483082657517754e-02
5.741394686439228734e-02
2.777915053747312055e-02
1.426568856352598835e-02
1.059364028696928861e-01
4.459908750694949187e-02
2.078568690383742965e-02
1.003397878478968080e-01
8.303485547873337702e-02
6.073107015216542420e-02
4.725697900535612284e-03
4.689090968567172918e-02
9.552957315017948647e-02
1.114971478956194584e-01
5.550211315464791823e-02
2.327470192478206523e-02
4.456727991274739287e-02
9.771129266685865677e-02
2.431104087095598693e-02
1.115857595454480544e-01
9.369474623481330311e-02
1.113301627897110568e-01
2.311663754303075469e-02
3.752354510962843670e-02
2.099367011607907244e-02
3.190156020471712761e-02
8.512966052598248956e-03
2.562024511235455604e-02
3.066384315922255147e-02
5.396374291151458114e-02
4.609543435981730553e-02
6.823278321203483932e-02
2.674208657966901936e-02
2.629954684057500894e-02
2.225928243510029783e-02
9.181358472728756714e-02
5.558849875150720377e-02
1.296008978781853713e-02
2.710131545428473912e-02
9.301058877043134887e-02
5.449973822946874158e-02
9.867630784966630042e-02
5.488074797776126140e-02
6.608802632398794131e-04
5.647091903576268584e-02
1.068775820329852244e-01
6.138763426913437793e-02
9.746348701514020996e-02
7.610785110196784109e-02
1.028288717524661333e-01
9.150727881042004797e-02
2.402294592574492557e-02
6.784507269483494064e-03
7.294016512100649774e-02
3.903533147644744350e-02
1.656449018742105141e-04
9.186812935009057435e-02
2.874685848384284440e-02
3.949920703912659058e-03
3.560883320634499610e-02
4.815124585055063217e-02
1.207269364741180712e-02
4.231145733433983730e-02
3.161082000229999134e-02
9.922225996409571314e-02
2.275924857053596498e-02
7.277909418231609529e-02
4.315564144440463962e-02
6.101552107318900658e-02
5.287852524363276935e-02
8.018456392024000262e-03
7.489247751602502723e-02
7.496462323883346102e-02
7.177321952066745281e-02
1.467566714086017757e-02
2.381287492956696283e-02
6.689780662577754153e-03
9.547495906615026395e-02
9.982062006510089569e-02
8.935952041866258855e-02
5.721775028718898912e-03
1.010192485773888649e-01
9.527523514652838643e-02
2.504019357590644285e-02
8.718770096629346877e-02
3.321929281468992412e-02
4.405648226063452882e-02
2.471787820063285276e-02
1.063409630362456976e-01
4.303694527638027290e-02
1.247811396665843287e-02
4.095245012256935879e-02
2.200051070324425886e-02
9.765061702944131949e-02
6.939363512606006035e-02
7.994997847894572129e-02
3.177043647402306298e-02
4.077650063858144491e-02
7.660834553541823189e-02
1.025958159441813927e-01
1.826245698019394320e-02
7.207023492121472641e-02
1.881067241033768447e-02
7.821031280138837638e-02
3.126753990634896507e-03
6.550290750363560628e-03
7.358903944602670361e-03
1.356362457936940470e-02
7.070711545369040563e-02
2.708258380367860318e-02
5.152128091911017255e-02
5.263110305614970147e-02
1.013379474840574584e-01
7.351461749490177666e-02
7.673773895375200250e-03
1.094722033768869840e-01
9.764935332352320252e-02
9.411803512596929322e-02
2.711096346338994975e-02
2.414025638063267351e-02
4.596002536735188659e-02
3.429129211283306333e-03
2.654514581993483446e-02
9.793275859238287015e-03
1.079653374699257734e-01
8.808372128795390055e-02
7.978420548243045363e-02
8.265394623439066557e-02
1.078918912142958625e-01
2.746689687636113750e-02
9.678929490615839626e-02
9.025136308802281238e-02
9.168190110056395614e-02
8.200560720075406040e-02
7.119961855913160831e-02
7.793196711721921133e-02
5.250962795271949500e-03
2.501418793041526936e-02
1.914580990002119620e-02
1.024573760660006799e-01
8.999100192862123648e-02
2.585911387194559860e-02
9.475657551401149570e-02
7.846191048262484476e-04
8.815974349457013359e-02
3.364646023951020637e-02
1.048046538179976256e-01
8.974385109821671203e-02
8.069007572331124770e-03
7.943295110177796270e-02
4.536578424177603597e-02
5.270892021999191990e-02
1.951929925543994040e-02
1.016031464905270271e-01
6.436309473441777403e-03
5.123489565916195670e-02
1.078817061364289176e-01
2.266680719523521750e-02
3.742313275958525365e-02
3.567098241599706010e-02
5.609119168463243960e-02
5.646767490330690392e-02
9.568080466002551465e-02
9.563697226145225719e-04
1.105812750212474688e-01
7.675814281640935821e-02
1.038009653813191241e-01
1.720964383890173643e-02
8.053758198843349869e-02
9.162670757848573322e-02
1.745862188981960397e-02
3.448499810741154775e-02
7.728466869868327871e-02
1.664832726570587102e-03
1.055311783017577609e-01
6.208550263874770131e-02
1.007208987108004633e-01
2.274251542271483670e-02
8.499036007125305991e-02
8.597124763014742099e-02
8.359603008232363575e-02
7.681761796634634099e-02
1.821836189709152148e-02
2.483464839045945380e-02
8.631774485494889126e-02
9.593762977359653749e-03
3.090793052824364687e-02
7.827361016024315943e-02
3.689824591944636245e-02
4.936846606498861839e-02
1.041547012448136161e-01
6.362999162344734616e-02
9.830583420069255451e-02
1.051327255072882355e-01
6.815002153816666561e-03
3.200705939035712599e-02
7.305190982277785794e-02
1.001968681357859325e-01
5.750152298083139463e-02
1.104950581760070077e-01
1.595535157200368703e-02
1.006019168831862598e-01
6.388970511773747404e-03
7.240445960615991827e-02
9.211055086298074179e-02
8.145873869925104871e-02
9.287848366737758155e-02
1.054398934978373337e-01
2.946173086999478649e-02
6.842173271579894689e-02
1.263334353437391665e-02
9.573186069707706469e-02
7.830424236277611083e-02
9.846146095593925895e-02
1.112407067818633744e-01
1.015771447171670838e-01
4.421760103199785796e-02
1.113093339321873931e-01
1.134358468093331906e-01
9.350881965447913058e-02
7.738814506446195507e-02
6.521586786078555770e-03
2.403466065833497964e-02
7.911027009048718361e-02
1.121210537734149970e-01
3.043046976206064194e-02
3.956933052223497033e-02
5.115593796398495291e-02
4.444800465817306222e-03
9.725343365072958157e-02
2.648579119578241617e-02
6.150754681385989762e-03
7.713123358780758776e-02
1.595395995103799161e-02
3.244084408373462680e-02
8.742205861810339873e-02
5.913070804569695721e-02
1.958820543800128891e-02
5.117208147563635616e-03
2.664128052850644329e-02
9.354754707018429760e-02
8.594033430555550468e-02
4.191453518698771280e-02
7.137835799437163009e-02
7.342642744732300053e-02
9.781725586669762218e-02
3.861454857072482705e-02
9.469292871345415252e-02
1.049900616296392114e-01
3.241208644064971084e-02
5.068223901489807455e-03
4.484875547931618106e-02
3.539266784430052104e-02
9.200249290601422714e-02
6.447705973673788227e-02
8.042638585312288091e-02
4.916694793804876618e-02
2.719549431456442026e-02
8.804807241513988580e-02
4.952492413685182643e-02
7.064160339456575233e-02
2.196650204558456276e-02
8.940980169167542235e-02
3.849055096715838648e-02
7.210751621836421210e-02
9.192494783863063013e-02
8.822640857055034230e-03
3.579170240319127366e-02
5.827737808269570913e-02
8.273520804606413967e-03
9.739379223911466543e-02
2.583094619756907614e-02
8.588007000195480023e-02
9.237737095711961999e-02
9.064327355768458938e-02
7.960269433588565424e-02
7.891458789637107937e-03
6.430822196247205913e-02
6.847153663039404203e-02
2.892770843875094519e-02
9.145885647618347269e-02
7.904845754149902870e-02
3.716414458715103925e-02
7.163417384672002286e-02
6.334616647699865821e-02
8.789307229462188509e-02
1.073376351137802498e-01
1.001021874846984017e-01
3.916843407942892721e-03
7.046234890556016262e-02
7.962410496423663608e-02
1.068491233562093301e-01
6.197743394457626287e-02
1.096459653320162701e-02
2.255794186939980191e-03
4.563052073837132322e-02
1.038188956802161556e-01
2.125269429560143475e-02
6.274103568937729192e-02
1.507467302158761735e-02
9.611910393441015776e-02
4.896642899644083197e-02
8.722194438638870839e-02
8.076330628095117203e-02
1.761267138321274961e-02
2.911922209101569167e-02
1.126970810911318184e-02
5.485709021875607994e-02
2.270149065941347646e-02
8.339733626164416713e-02
6.354669393041442738e-02
7.239565569639352938e-02
5.691875659665798434e-03
7.742552754467754705e-02
2.048472521776569660e-02
5.285112724246673888e-02
6.443697181941925034e-02
5.878275139064957633e-02
9.911647857517236898e-03
8.609384306989716074e-02
3.570288517036306064e-02
3.938488851558610143e-02
8.977806931907796051e-02
9.856575238946585493e-02
8.624288915570971215e-02
1.690563120248775655e-02
