9.755214517924584716e-02
4.147226074235635385e-02
2.569237891280685797e-03
1.734176319288469395e-02
7.752381577245714972e-02
8.499850698435483520e-02
5.912581548804198006e-02
1.033621898290808389e-01
9.019705802976024644e-02
9.865736707478794942e-02
3.007870014023592692e-02
9.341219072996123640e-02
8.582788516550481084e-02
7.551633823609944438e-03
5.675617277238150654e-02
1.428400590105176685e-02
1.128707792913232477e-01
1.041797496175645710e-01
1.013948012615583788e-01
8.179783567827286772e-02
9.451920357602174028e-02
3.105524530508013692e-02
1.079008949798073019e-01
1.024976590379828439e-01
1.110046530093016931e-01
1.538592981103246906e-03
5.023772491490109682e-02
8.739084560453921902e-02
6.852129096231346361e-02
1.125574606208044753e-01
9.598167324975932779e-03
1.758210835883518286e-02
7.839166437905002727e-02
5.848674192521424037e-03
7.446143621381798305e-02
8.278828673104372815e-02
9.925218290406898070e-02
7.214596488971553034e-02
1.014962768973287910e-01
7.315001205672970854e-04
1.965824373121884475e-02
1.395561291633115597e-02
8.008996393994615576e-03
9.908896322422483527e-02
1.011244905917886711e-01
3.486803280870046096e-02
8.128665521988331921e-02
4.939973984692827558e-02
7.687327040776201215e-02
1.093534610818964886e-01
3.587391059392786019e-02
4.846592453848663773e-03
9.680181521923911583e-03
9.945378102722789160e-02
9.765459790327551959e-02
1.103142642294984432e-01
8.315308943280795562e-02
1.326638926468740737e-02
1.672767715817514295e-02
7.467477149260495772e-02
4.637072086857060502e-03
9.047521597792894388e-03
5.828268999541030837e-02
1.087744630103778254e-01
9.430043919816102904e-02
2.212768795328326835e-02
9.787944128176050140e-02
1.054361070214689666e-01
8.836740155341556505e-03
5.873120617154584111e-02
9.094319590887227356e-02
1.038575419889070511e-01
2.584650462422607986e-02
1.050697738556098937e-01
6.857365500379915269e-03
1.623936634896152101e-02
1.196793206175446843e-02
6.996567029256081649e-02
3.808234311389674647e-03
1.124729184286472061e-01
7.850629510487075816e-03
9.320050765519895253e-02
1.105421175847892956e-01
9.709106889839483334e-02
3.495395716720650636e-02
1.126849970870977546e-01
9.813743809082318970e-02
6.445708274284578376e-02
9.717772388991127025e-03
6.558400562169608428e-02
4.463965635828319109e-03
5.900445628927118019e-02
5.727742528360148938e-02
2.552377332668090762e-02
3.489660419495151794e-02
4.300445300263579934e-02
8.362768589050480206e-02
4.062428185342476655e-02
8.911167841464288919e-02
3.027735733832376958e-02
1.057194146028179182e-01
1.173198464785422425e-02
9.560673981505479757e-02
1.606256303059877023e-03
9.457104753763814764e-02
7.749258637229858304e-02
9.423889468109203360e-02
6.427650893141938215e-02
8.231475452732962828e-02
6.227167305156816601e-02
5.682970195650576678e-02
1.022444128258114121e-01
4.650483712827692406e-02
9.815140639266854705e-02
9.210904229894673056e-02
7.567475082616101356e-02
1.085322540151606036e-01
8.830413288241370506e-02
2.306003806933927883e-02
8.446806616743121610e-02
2.880146303847226988e-03
1.256335607784403235e-03
1.107140753071542694e-01
1.043061228436756721e-01
4.309686895566847836e-02
1.037960383753888383e-01
5.626192215510587152e-02
1.421766692517014742e-02
8.425916717488822483e-02
3.853249792999095640e-03
2.475581352177408032e-03
8.595967880819475881e-02
7.690832191684471297e-02
6.961434893274093001e-04
7.130920117698424932e-02
8.050104310713672440e-02
1.650144898601010966e-03
4.696250501051093401e-02
1.047260582869125045e-01
2.784864188860561654e-02
9.484485434501912712e-03
1.106557054322792055e-01
6.190979136419261925e-02
1.128959579145799169e-01
2.660628423370552456e-02
1.119432543720041418e-01
1.078891284577815496e-01
7.764618866082700910e-02
2.855376306533077141e-02
9.824357780427575570e-02
8.571646950073952276e-02
9.226137614799512221e-03
5.805465043885022630e-02
3.048638403412277757e-03
1.230822962447543877e-02
1.091083507334830865e-01
3.794158022071399128e-02
4.704502582234584146e-02
7.656920354353982661e-02
1.274418908102019181e-03
4.920742047409139980e-02
2.257234967674399267e-02
1.077498701471862191e-01
1.220444207303853293e-02
8.396596038539286266e-02
1.186293947642580622e-02
9.144786380851779167e-03
6.663632924155862142e-03
1.046873295593189895e-01
9.784557115776613967e-02
1.090063007056729788e-01
1.375698240001678105e-02
4.951517998186183434e-02
1.088784118048816418e-01
1.077698088449685204e-01
1.070584840086301164e-02
9.453340492150176522e-02
1.293874166418185721e-02
5.654145560627012179e-02
1.044777816022713079e-01
9.181830453303112694e-04
9.275469517019811760e-02
6.220859104288471025e-02
2.930938840106919741e-02
6.705234805949736310e-02
2.878467356428988932e-02
1.510379300502273821e-02
1.092918888385524118e-01
1.011951985271067750e-01
7.337246053216572861e-02
7.934638577461622377e-02
7.685795323041669236e-02
8.896661046692175279e-02
1.219518508233669940e-03
1.116590674671840006e-01
9.206233851185532946e-02
1.027014301268977803e-01
8.008952468738192443e-02
2.739294623588879596e-02
1.056192360119559831e-01
7.011141613618103625e-03
3.733949132914433228e-02
1.106817106284702090e-01
7.072773758848875658e-02
6.043575743144784240e-02
5.480905422239883834e-02
3.816075833528755068e-03
6.381224360507971316e-02
2.832002455199996317e-03
8.908336543108567873e-02
1.076076489457169633e-01
8.948795763886308041e-02
8.819011974347785261e-04
1.060309574394523169e-01
9.741998542311228193e-02
1.073976420219151101e-01
6.033469092353715979e-02
5.181657713551800215e-02
1.464484728492878446e-02
4.500579290511280174e-03
6.183836102272044499e-02
1.061095516095136720e-01
1.032862652306922452e-01
3.790693851658114705e-02
2.175843166211409788e-02
7.467631467030386161e-02
8.369960986707904171e-02
1.019944593615631709e-02
5.641518844097515029e-02
2.261643499634848758e-02
8.456972723073677423e-03
1.120492039637090570e-01
5.718310641442681842e-03
8.851391110672979234e-02
6.565477172183305232e-02
1.089886040264362588e-01
1.043084839944534714e-01
2.823750307148066227e-02
1.423339244583991803e-02
1.107602601472918447e-01
1.442141295098921944e-02
7.498822939006505317e-02
5.871273218211538192e-02
3.160825221695844761e-03
8.760357586042097355e-02
2.944659486764448358e-02
8.796733523477945349e-02
7.800588580067166836e-03
1.218804873212397076e-02
9.722246911693059601e-02
5.374467772912931013e-02
8.817223579181465709e-02
2.334012663179908104e-02
5.415517480867747951e-02
1.111397469103194979e-01
1.835059541277089812e-02
1.024755569786302833e-01
7.288032849189331197e-02
1.657942148852045716e-02
1.074830743292280177e-01
1.056440629268598913e-01
4.952848779597385058e-03
1.047879871732968621e-02
1.720074473361368414e-02
2.240864157177433792e-03
4.569204697882758154e-02
8.907939670503139257e-03
3.484104476917315035e-02
9.734615537783418426e-02
1.025659412563015849e-01
4.696068979698066193e-02
9.961392873551075389e-02
1.497119744510103448e-02
2.441990045783430999e-02
7.833994994123792688e-02
6.582425050881139661e-02
3.939696995618428843e-02
6.555731657316210548e-02
7.406461809138803476e-02
3.731969790416395875e-03
6.597593463627028643e-02
3.057082642855915230e-03
4.152246894009899159e-03
1.084357386866659570e-02
9.418139041985848503e-02
1.078346824490831052e-01
4.500717338160296205e-02
4.265680423026076140e-02
9.740233920422440572e-02
1.046737236367748930e-01
3.700859630676822665e-02
1.059235124198249917e-01
9.637589432543261503e-02
2.003670036037987975e-02
9.663536506718027608e-02
4.895837591546776946e-02
9.539569633492360479e-02
1.069385807615403639e-01
4.175946372390278855e-02
1.097445910129330321e-01
4.793464497541340824e-02
1.976655074880373161e-02
9.395271534599869412e-02
2.266094907514635669e-03
2.423802866513617357e-02
6.511201374454271551e-02
6.209592559330199407e-02
8.533422971733554963e-02
4.127335214603972124e-02
5.845018829179536232e-03
6.616091764258000274e-02
5.590221195231447754e-02
7.514420976333499244e-03
4.721217553619665511e-03
5.351267699014101292e-02
6.316824175344405712e-02
9.811197718016166636e-02
3.562659796410599499e-03
1.053866792766233740e-01
1.108566882002404441e-01
1.344368514099683783e-02
1.932505145036153560e-02
9.704231708656343991e-02
1.303466312317942168e-02
1.104679737295388292e-01
6.886799182374428799e-03
3.696418529100930356e-02
5.510459262295668015e-02
2.919114179171930761e-03
7.243597028295824247e-02
1.083346916612780708e-01
1.087023683701277832e-01
2.505109031559729377e-03
1.075933187566490007e-01
1.075087010087571321e-01
4.113286488863612117e-02
4.364784437304471826e-02
9.460012876549321603e-02
6.176933880978127678e-02
6.983232567307201544e-02
6.509322105949311155e-02
7.506580784056093858e-02
1.006342893685309436e-01
2.024910708572559559e-02
1.003134597302726173e-02
1.051265527272197270e-01
1.080132008418339951e-01
1.053970320063518512e-01
3.679878231201312577e-02
1.059805418387483322e-01
1.256945963636479056e-02
2.718371878644453444e-03
2.235470274059867674e-02
7.415712896332105064e-02
1.125903968982340936e-01
1.131069084426075400e-01
1.007799949773087178e-01
7.163089776766206132e-03
9.486470591077361680e-02
3.870172763682751260e-02
1.024169221380452771e-01
5.847455651846182600e-02
6.681503638497830744e-02
1.013636785848643085e-01
8.885129617612826103e-02
6.517164466329554429e-02
1.096100263147714443e-01
1.078840253352425921e-01
2.991773655776725546e-03
4.047685298548868438e-02
1.127530658583232592e-01
7.882039783339685191e-02
2.394636745793685476e-02
8.134433080867789490e-02
6.512146229932636032e-02
4.297317574152586389e-02
8.521381854157027841e-03
1.837321092701924702e-02
1.074260990192708876e-01
4.770071122741506055e-03
6.614899588973145728e-02
7.606654901516785028e-02
7.773247113145705101e-02
7.100304271088969665e-02
3.713472399229110488e-03
9.026071371457447534e-02
6.224410438380816035e-02
6.958632534137904058e-02
3.259672143486624235e-02
7.374725545612748068e-02
1.411292971148124693e-02
1.074573517701366276e-01
1.035321543990099374e-01
1.066894639024750652e-01
4.599938691004907404e-03
4.165992837718592717e-02
1.442490059148310647e-02
1.039858857826304883e-01
2.256913635642337004e-02
8.721473009970252821e-02
1.031295478052208711e-02
8.732472326272398833e-02
4.345613298843965105e-02
7.791240306532437078e-03
8.137825468578177568e-02
6.162433937523971450e-02
9.834537404245735637e-02
9.128255024442927246e-02
3.875952142455996001e-03
1.521910715068623514e-02
8.024979021992835471e-02
3.113594610640523191e-04
6.006567644307727466e-02
9.369152444051971618e-02
1.233765408072397263e-02
1.110736627080944894e-01
6.667761548588924114e-02
9.014177632009273688e-02
1.532392500666113558e-02
4.352052155919815257e-02
1.371303897097800491e-02
4.177896640347071588e-02
8.998987342292530389e-02
1.106645522095596329e-01
1.092323989167306719e-01
1.026670186839340332e-01
1.183661461480072820e-03
9.995948344701238719e-02
2.062109136474271284e-02
4.858425161905530199e-02
5.175671137991732368e-04
2.440102065458324421e-02
9.932008760042534967e-02
8.763878197980941309e-02
4.684189962742467406e-02
1.077459248249848650e-01
1.060775097044674292e-01
1.054674304756929581e-01
2.508583754969292631e-02
1.550037292771465694e-03
5.037774558473966796e-03
5.395219029045573989e-02
9.654454225301123405e-02
8.381763034050689065e-02
6.454029735908169141e-02
4.145371204460074344e-02
1.069523452898414051e-01
8.631769356914820168e-02
9.920354491338843894e-02
1.115606527759067934e-01
8.016651676167299567e-02
1.050697438055350763e-01
6.089692370624714968e-02
9.530133783477612308e-02
6.771244146586366530e-02
1.573381264690332931e-02
8.924298269088477842e-02
2.212485926093851751e-02
9.643012402644809966e-02
3.424607949282756220e-03
3.097387000072810564e-02
9.540276522110729962e-03
1.056465136627200568e-01
1.271308910104192516e-02
3.162953290130569861e-02
9.064145083983307649e-02
6.213009318651117885e-02
9.136397541483719242e-02
8.675799059429657734e-02
1.963941757183216771e-02
6.402835593979447175e-03
5.473766306016356054e-02
3.312888938454649351e-02
6.317446366103397770e-02
7.482376106829069506e-02
2.770998969440469084e-02
8.092702813002096429e-02
6.383593063936182643e-02
4.967183576614328522e-02
3.790569762071516711e-03
9.400730849942696976e-02
3.102267777487511397e-02
6.327007127937735176e-02
1.078818697164307949e-01
5.779459138003647384e-02
7.238246419568486467e-02
1.723042853113598144e-02
4.897843935978398594e-02
1.938942117864869696e-02
3.995609589844614784e-02
1.057693725025255910e-01
1.828268773491821195e-02
1.105915706740721316e-01
5.378602000928590920e-02
9.946122374921910481e-02
7.837691934089455192e-02
5.718934332101177631e-02
4.098861086790549918e-02
1.045944926429762667e-01
1.046435632600884458e-01
1.035399356150204855e-02
5.439050069176542407e-02
5.405716424076986021e-02
1.506394515414315009e-02
1.038958300676605384e-01
1.071449591537243090e-01
2.891777781054545582e-02
1.123868386958338239e-01
9.377441918517229191e-02
9.983422230177377288e-02
3.760510542373443621e-02
1.868267984090551947e-02
8.047971928444089956e-03
3.722536926751650928e-03
1.108414000439359448e-01
4.213052911873484130e-02
1.036030721221215534e-01
3.795754529286572698e-02
1.008194658027948276e-01
1.001923688521827865e-01
5.152219687762430583e-02
8.749536300218449525e-02
8.447608845843860778e-03
2.783620238312221190e-02
5.746356069168832847e-02
1.118351163938726134e-01
2.806364439896458229e-02
9.762208902321151127e-02
1.110916948779805263e-01
1.420235107642674015e-02
3.996355575237874047e-02
1.045422126784577299e-01
7.975629276804658760e-03
1.662023429366792787e-02
7.643222730188399539e-02
2.671510702275403399e-03
4.603100253761972967e-03
5.636022292148690216e-02
1.062389581777182235e-01
1.085792445860450511e-01
9.004672228231874742e-02
2.814995715419340433e-02
4.693672582864980318e-04
1.760357118156765516e-02
1.129929957269131154e-02
1.116072739435902822e-01
4.330106043325986781e-02
2.897846958445541438e-02
6.468598488540364295e-03
2.520790156319251824e-02
3.115699275101561916e-02
8.987521906675847994e-02
5.708020014429606229e-03
6.662126174682061336e-03
7.794353171127513594e-03
8.534175764972823375e-02
9.440503493284797820e-02
9.852316724586805685e-02
8.365492936279768366e-02
1.120413903406262818e-01
4.414323135212225302e-02
8.308418222705930833e-02
5.083942663510001431e-02
1.325525713830741532e-02
1.047309219514447193e-01
8.225064156014277872e-02
2.092215339645787583e-02
5.894177270505109034e-02
8.422979447683473508e-02
2.045163994388023501e-02
9.627685634976841655e-02
1.348360821592790165e-02
8.116894664368495826e-02
1.023527458579331223e-01
2.379444494588076747e-02
3.535795457183631141e-02
9.606126908781964513e-02
1.092613188931344653e-01
8.107611131520714443e-02
3.995128205717608447e-03
4.908258661753506918e-02
1.047894088430865317e-01
1.034939130005107510e-01
3.325051254569418024e-02
2.385845382233877862e-02
1.128713252332625566e-01
6.736689745833132625e-02
1.015546822351513501e-01
6.173826390837581363e-02
9.022537614022470634e-03
2.604047241663694223e-02
7.574992482607438571e-02
8.069157300642348235e-03
9.478811786906693460e-02
7.591706910026892186e-02
5.989203455178998547e-02
7.801049511529799252e-02
6.370025425897068994e-02
6.485953573898810276e-02
5.676531579979880032e-02
7.234712855903085993e-02
7.467992287078900615e-02
8.546260637210723390e-03
8.262935223004093388e-02
5.499089167254517067e-03
9.347364465118716825e-02
9.497810541100287773e-02
5.704069717751473340e-02
1.111128743941743324e-01
9.199292636102671117e-02
5.417421068348183405e-02
1.932405660157714838e-02
9.326227205124006103e-02
4.856952747563422768e-02
9.032808200779930685e-02
2.158977203421839214e-02
1.053114097427601814e-01
9.793763230605105619e-02
7.148633400360999979e-02
1.003897707930450217e-01
8.461375231209074255e-02
1.921659858774592625e-02
8.205830007223803568e-02
1.033685753459293588e-01
1.083926727022476999e-01
6.216130708233789937e-02
4.423365083204636172e-04
9.775332370647979441e-02
1.066972815217817200e-01
2.916998034165887987e-02
1.944248586146407956e-02
4.371210084677588231e-02
1.087679845298753084e-01
1.042374012603290573e-01
6.550124096759210590e-02
2.084264954619914276e-02
7.208136538689482314e-03
3.453597162479500604e-02
1.073445881486660841e-01
3.554849113310596699e-03
4.389654525014116682e-02
4.544652083719074448e-02
6.568284789574277416e-02
1.133189198334311198e-02
9.071864007982410882e-02
1.040911451261016113e-01
9.452722522118801873e-02
6.760466288921812561e-02
1.928911359987912216e-02
1.010152016909632855e-01
4.518892863684860484e-02
8.792484943632758454e-02
9.418626064959768895e-02
6.893655105755268353e-02
2.224862523667974976e-02
3.636845330409050475e-02
8.370322048523552716e-02
1.101739733534760034e-02
1.708062374222135693e-03
5.924606835689915502e-02
4.016501112453316202e-03
3.274612099498553502e-02
4.128366044266507107e-02
1.075759561110596896e-01
2.641997410999619503e-02
1.033509937294287834e-01
8.799923259763084427e-02
5.092496054992703969e-02
8.774056110942027309e-02
6.400590985656336163e-02
3.343483126755741885e-02
5.590517159571398165e-02
4.656218718851012212e-02
6.592996281430681116e-02
1.803259828029134260e-02
8.765986758951453683e-02
8.330973857690461559e-02
9.368093835669139002e-02
8.999614965556991530e-02
1.097748251782496715e-01
7.856394790015068519e-02
7.750764940146223289e-03
8.190232525906436870e-03
6.515280536078275897e-02
7.093080704207836706e-02
7.046607689892334103e-02
6.653520462560306992e-02
8.198829090224417707e-03
6.167225571657599520e-02
8.609998586222739406e-03
1.096353968446504151e-01
1.015936587607434299e-01
4.022708408266632840e-02
2.907288295563882456e-03
1.921019761263594375e-02
2.591816153910029771e-02
7.157515545926623063e-03
4.580940904624637711e-02
9.909700100853351123e-02
3.601018789886772237e-02
2.100586218904781921e-02
2.240210031053601388e-03
1.106628082391898915e-01
1.431277076272903168e-02
5.777879545997191557e-02
6.155295579783361115e-02
7.895840715005560118e-02
5.003488884872564491e-03
5.785424205665419539e-02
7.475081530733660752e-03
4.834870726251698329e-03
5.778960847992191396e-02
1.106111852116615779e-01
7.356494555981775429e-02
8.000984399458958840e-02
7.328865406023193918e-02
9.658633101821785527e-02
3.943534063559571423e-02
5.413236680347883328e-02
6.778851372466257463e-02
8.873903839905756749e-03
9.018276749732828668e-02
4.148447399090909177e-02
1.106942666161194466e-01
6.360919025182587561e-02
5.972370834361598324e-02
1.078742704404041103e-01
7.058872197683321859e-02
6.525029201998285011e-02
2.742625277596296915e-02
6.312820686965123045e-03
1.844968485353493115e-02
7.059491501404591661e-03
3.468558398727136088e-02
1.070943770285868873e-01
6.623705484354641682e-02
6.953945741841864592e-02
1.041931690837486352e-01
1.131433495649717957e-01
9.354742656141647184e-02
6.429888375077769114e-02
3.061135854237635474e-03
7.887092787719165998e-02
7.515145037217482726e-02
1.105768538158494879e-01
2.322621066207786536e-02
5.124699554323819406e-02
4.485970972197207696e-02
9.828064451184433115e-02
1.118741226062190328e-02
7.143194781004273686e-02
1.740438697601011733e-02
8.287326750076107196e-02
7.195039894209305509e-02
9.503207359011402178e-02
1.050909688291016934e-02
7.790650713222835311e-02
5.073465896920098528e-02
1.048888110859739209e-01
3.860327924512930824e-03
1.088768411299660122e-01
1.956032948591901986e-03
1.105153046258907507e-01
8.912167284858010796e-02
9.153597085845109615e-02
2.556820216476627175e-02
1.067813595052881370e-01
9.385275518286212426e-02
7.139383153371724189e-03
1.398908519606843065e-02
7.107874183915602329e-02
4.602439355583167781e-03
1.043603694923622427e-01
3.052795617449837254e-02
1.054946864282560737e-01
3.135468609772083109e-02
7.696915990390157392e-02
8.547841554759652571e-02
4.723876648892858833e-03
1.735215410526156493e-03
8.115131313979752348e-02
1.076020614588691082e-01
2.304600510172657990e-02
9.296894837700013514e-02
1.021309286305801256e-01
6.405606282865732026e-03
1.101203439616008917e-01
1.114470822684991355e-02
3.673815289374332549e-02
1.066947443630016784e-01
7.467748233650631229e-02
5.224723584421030881e-02
4.731922772472305257e-03
4.208912889758914533e-02
9.807646713859902166e-02
1.367921263157283185e-02
1.058501136253146568e-01
2.430855878566905159e-02
9.958813765716925670e-02
2.378629968356986424e-02
9.844567088395672627e-02
2.078653644674372317e-02
1.676774496407923420e-02
1.615739238736043151e-02
1.084204802664040651e-01
8.693649190734947796e-02
1.057268561306527188e-01
7.008025367619602486e-03
9.864898692805251779e-02
1.026923597584330772e-01
6.110213370394779187e-02
2.652907182122862112e-02
6.643638884232613839e-02
7.913754257838413741e-02
1.252931052131405799e-02
3.446201347016235707e-04
4.048029954949081133e-02
6.213066885771606485e-02
5.402505530329537037e-02
1.039679224966174043e-01
1.014731316302598524e-01
4.170623001342118469e-02
9.040427081794713549e-02
6.353622375820591750e-02
5.879919893384043250e-02
9.350678308496766789e-02
1.087050920734295920e-02
5.140740475775562590e-02
5.425565383190190244e-02
1.127293410083771569e-01
1.006757553732931104e-01
1.055736823764931269e-02
3.714446617336553125e-02
6.920933836421411939e-03
1.105886181765522169e-01
1.615446506326453577e-02
4.162769701475626388e-02
7.519394490552476495e-02
1.272056507091085670e-02
5.705158551971180672e-03
1.055209339555303501e-02
5.436592773646069937e-02
6.192685843198651383e-03
7.714527827618695467e-03
5.309400899616101288e-02
1.078274148849275305e-01
1.118361329532077675e-01
1.650098028274629355e-02
6.956659081160543323e-02
6.739316521536979805e-03
5.206910821200795006e-04
6.185856885106742059e-02
8.463867228890591121e-02
1.950083737340934861e-02
8.212205727809218647e-02
1.778886271378945019e-02
8.810991176226320998e-02
4.469372756263171979e-03
1.211480500223564849e-02
4.625815153336576557e-02
1.124037973180345117e-02
1.447030313342844224e-02
5.721761338605699937e-02
3.514817912177473254e-03
6.870724933792966838e-02
9.969137162203213498e-02
4.740588957584400236e-03
3.188840718192507973e-02
4.245886982929503173e-02
8.644927526920748173e-02
5.948061405588224437e-02
6.596396795936158852e-02
1.017333384916243588e-01
7.534963687542883815e-02
5.566616890475137996e-02
1.012663634697943127e-01
3.346375759298859942e-02
1.012803690077844626e-01
2.255657277980419387e-02
1.011697358111798561e-01
8.047549488141163276e-02
9.713234428636834117e-02
6.958491554778865017e-03
9.191441981756673374e-02
1.218899655247756425e-02
6.857424996654286342e-02
1.074786695010608237e-02
1.042908043424749659e-01
9.300079485863105289e-02
6.879878979321837895e-02
9.740150271307558560e-02
9.408020683603249973e-03
1.964052119228227631e-05
7.522998500044035530e-02
9.125206255105676456e-02
1.045065813797747128e-01
8.279031736334152569e-02
5.615319074666803856e-02
3.633133949691723028e-03
1.129797338014811720e-01
1.003889705281848788e-01
7.266041937937929573e-02
7.104377108051414258e-02
8.374980401673788599e-02
5.681927212529636062e-02
1.738797050894651166e-03
4.306011532171570566e-02
2.905424345063820600e-03
8.267246248241394424e-02
7.781383860355149673e-02
1.010545242597883087e-01
3.862920984960602905e-02
1.219264982609231593e-02
1.552168737242237131e-03
9.985295446180068521e-03
6.912656286815942186e-02
1.124893830898176655e-01
5.549791131755298784e-02
1.063365413509880508e-01
6.967949927081404371e-02
4.877270902115690698e-02
1.053881955635844053e-01
7.190490139696263661e-02
9.097751555883598629e-02
6.681273177769504745e-02
1.099169378059081797e-01
8.446028945554227840e-02
1.070183817102193929e-01
6.577567433036118905e-02
1.046558614475804894e-01
3.833619416815775560e-02
1.433401059702839840e-02
1.245739470043748763e-02
1.338907916163314081e-02
1.054735144104436504e-03
1.072048825668284466e-01
7.986336519798126199e-02
2.249154948230290552e-02
5.521398369504488396e-02
4.287600820790931494e-02
1.084137076270266925e-01
1.865230802552035605e-02
3.893806484779084587e-02
4.120167608896215666e-02
4.258025021737222443e-02
1.023910471217097939e-01
2.260285617274506928e-02
3.966531660865638131e-02
4.676270793511496521e-02
5.635863128927866283e-02
6.550829626574783578e-03
3.962639751991517412e-02
4.271520194489776545e-02
6.133103898401023185e-02
9.426773931625843927e-02
3.315660284262685054e-02
2.172687684745578784e-03
1.077223315686817035e-01
1.352258635458732572e-03
8.772185211805072491e-02
1.416085548526828559e-02
1.041805780822150224e-01
2.477482385882250060e-02
9.989638661978540030e-03
2.502912923822485022e-02
1.087477527414822259e-01
6.098719038979209459e-03
7.172199762211881047e-02
9.299189468282270665e-02
1.109573166378142878e-01
1.064958757831060004e-01
5.729865795830762359e-02
1.003263928025356078e-01
7.893699991510756686e-02
6.761739435774635765e-02
4.970978899694665498e-02
3.175271298362593764e-04
9.761906896206322404e-02
9.847308088435553775e-02
2.551221056529281300e-02
4.019519480469532779e-02
2.194209015824906839e-03
1.503572006731857154e-02
1.077896279326382052e-02
5.615710101918136576e-02
6.016463394754122118e-02
2.034152806225194773e-02
1.042304864575732265e-01
5.020992426195262925e-02
9.282741041672673554e-02
9.839801129095669674e-02
1.006075969942606951e-01
3.940625582600774598e-03
9.181134271837586291e-02
4.229720427718406880e-03
9.295601577961355722e-02
1.411949788377025311e-02
8.735520217103269480e-02
3.628169104008902718e-02
4.568445860281755699e-02
