8.253577268993800287e-02
3.672303672765375032e-02
4.287705404290496902e-02
3.468905438047288625e-02
1.693662884068075289e-02
1.028667522752892971e-01
9.509940824189770658e-02
3.609270232065102391e-02
8.292557157139240909e-02
4.640842722407386572e-02
2.259221107147255450e-02
3.159919329452928749e-02
7.990440977466543859e-02
3.864851578697078849e-02
1.289866812071394954e-02
1.742222730768622782e-03
9.458829507252684843e-02
7.822168661094691666e-02
3.252432588245930678e-02
2.115116403842711920e-02
7.110283744345627377e-02
3.420054182711950580e-02
3.485759043441356841e-02
3.477291419658964933e-02
1.052622772710971877e-02
5.239656923133743233e-02
4.531949244800616977e-02
1.027268045673970509e-01
1.918930959679149284e-02
3.267368437429885031e-02
2.247213786542272621e-02
2.498376641848093840e-02
7.559138256599752526e-02
7.112713267245242277e-02
1.023272541250649925e-01
7.763707452951866539e-02
7.517783391672267640e-03
2.702048579285510482e-02
2.371806003692306097e-02
2.291742327450872058e-02
9.188645294341604708e-02
9.047148908579265292e-02
4.429805378087680462e-02
8.238877619951522069e-02
3.067207914844016694e-03
1.135861196752944863e-01
4.461343327244331018e-03
2.127838413925261379e-02
9.114341126735364673e-02
7.321037849460824976e-02
1.692058116676953272e-02
9.926398259742030827e-02
5.198098916300807754e-02
6.801557021159682082e-02
8.410796340048877495e-02
1.660872765087503117e-02
1.145131766713823745e-01
1.008063647571162263e-01
4.338898181444580254e-02
2.270743606470670278e-02
1.829775975019597850e-02
9.123112181695737510e-03
7.490284241315180169e-02
7.754566088679146207e-02
8.639065094610400009e-02
1.914514795171602668e-02
7.721247272360584613e-02
7.847556809854501492e-02
3.140484978807887156e-02
8.337779688036835168e-02
4.250049894068964190e-02
2.257579026767020033e-02
4.711842305653806545e-02
5.521036199186851040e-02
9.542733735378938764e-02
3.578115325433412625e-02
3.413952386091283209e-02
1.431983323394968831e-02
6.653472172076370372e-02
6.391083026290358439e-03
2.733391812847158625e-02
6.944943694933293499e-02
1.484989859279869234e-02
3.944979636930073114e-02
5.707120655092344508e-04
7.876817190531680557e-02
1.080499542426234805e-01
3.319157381105257432e-02
7.876461421297437093e-02
8.768916787632960452e-02
8.830466180490428862e-02
9.500999452982776539e-02
2.635377100522685867e-02
8.686527914850115939e-02
5.108197357583725562e-02
9.678314227185699781e-02
3.833418781745277781e-02
9.380804687998346714e-02
5.211995996134096559e-02
3.693134453560245611e-02
7.441315081059153569e-02
1.086881676634897376e-01
4.818678764205175380e-02
8.818217003887887998e-03
8.507951079391568028e-02
7.589142938646024905e-02
7.641531936892891064e-02
5.207350735997860053e-02
6.496172654436625782e-02
7.693416224150972926e-02
1.011954659357993530e-01
1.100338643549685358e-01
7.754849612841335782e-02
4.427519450054639288e-02
4.153205354872653576e-02
1.126088275355733442e-01
2.422650625874885749e-02
4.293027803595621944e-02
4.940259346773828025e-02
7.864154622656485683e-02
6.593172446292373812e-02
4.709004339920378618e-02
5.360316777756975182e-02
4.887220405607976131e-02
3.785068325619281304e-02
6.908947341973394052e-02
1.119406840996650249e-01
1.031353272934292520e-01
8.283287416548294410e-03
3.351858624884877791e-02
8.841070606244798291e-02
6.210894339698243977e-02
2.412503684214274344e-02
4.061968013787034537e-02
1.054725183653197479e-01
7.121745802688689286e-02
1.053282737867606011e-01
5.579973935514617039e-02
3.549632403403493036e-02
6.156053178702832612e-02
2.012844349724371429e-02
7.262968488818957735e-02
7.966767190589020553e-02
8.512432971511778301e-02
2.588944135565145535e-02
5.995917466216650615e-02
1.011978610889532892e-01
8.478588189348092163e-02
2.149083001797636241e-02
1.052517877188183376e-01
6.233816386149367353e-03
1.148905319781015483e-01
8.619224662842306373e-02
7.211505094454132014e-02
1.038618969261664859e-01
9.410548113903936807e-02
7.560826049116252390e-02
6.116841787248865348e-02
1.071222121410176330e-02
1.046326379183402516e-01
1.014909750749733858e-01
1.024505488379847257e-01
9.219607576505993440e-02
1.795950962818643193e-02
1.144549394469078218e-01
4.076537602119930520e-02
2.101708075195703532e-02
3.582446592477677577e-02
5.973937050305994784e-02
1.131370724763708507e-01
8.678617166108205938e-02
1.103744412056009983e-01
9.213804661676673613e-02
1.913228528939001777e-02
2.557496568675378390e-02
1.535840901541753525e-02
2.093016233013230906e-02
7.237996047990433168e-02
3.757753737261591148e-02
1.116584140460422370e-01
5.073661885386944459e-02
8.859798556968061234e-02
4.886683081690943592e-02
3.662798641186151838e-02
5.547808062338512730e-02
5.061788634793694397e-02
6.892162224690651096e-02
7.798373016052594954e-03
4.495267436062341804e-02
5.171955987433621976e-02
5.223987785298963432e-02
8.731339672045063116e-02
3.285680173710437552e-02
1.035746177241355648e-01
1.306499124498866106e-02
5.241693150238290605e-02
8.358607021520379765e-02
1.507538531094333202e-02
7.165342130383579866e-02
1.211618295142453689e-03
9.602774134089903102e-02
8.470198865067139760e-02
9.119777906318893290e-02
6.371844251593633546e-02
1.052116163467731701e-02
2.739322364524833520e-02
6.366721395610437650e-02
1.163787748427673602e-01
7.077197786925952527e-02
1.356490854023074955e-02
9.074554813862803493e-02
8.954671617270315576e-02
3.738803051228890145e-02
7.296538800748993137e-02
3.771181952861408365e-02
6.285192415413336231e-02
9.948547752938539934e-02
1.050959053093637324e-01
9.248500996573166821e-02
9.854398240772103967e-02
1.043375954929249838e-01
2.523946077518223613e-02
2.661413043685668944e-02
8.117961436806385433e-02
1.154061602170613626e-01
2.733487596728966657e-02
8.171724164719898487e-02
1.163274249082178330e-01
8.743976921407228819e-02
7.743570140566151394e-02
2.314722776014575475e-02
8.843941542593379557e-02
5.386363808987451596e-02
2.377387544397609534e-02
7.930372467858207153e-02
1.062706516715156285e-01
8.327834096974705280e-02
3.755276636785492839e-02
8.150092252242818747e-02
1.060712147288953994e-01
3.753720059996865782e-02
4.769009310151314796e-02
9.683548968957485237e-02
9.149699059131742584e-02
6.491255456713844463e-02
9.425079790359018606e-02
1.465135480490926088e-02
8.643187209339515953e-02
9.556297681293525470e-02
1.074978332655978502e-01
7.784550248042852727e-02
1.135726726746861259e-01
4.150063453997566293e-02
7.294092941336922931e-02
4.838012040467788016e-02
7.727856952056282036e-02
2.479848672245111435e-02
1.116463799861856232e-01
1.053905883576500280e-01
1.070928187599387016e-01
1.050319383287836028e-01
7.116653232582294264e-02
9.173079115551918683e-02
6.776726288396263398e-02
1.095359331884800114e-02
8.686495823133937033e-02
2.293602714801222867e-02
6.116291707568857067e-02
7.054611228598958728e-02
9.506821242891733137e-02
8.998797123207702420e-02
1.074104601690176325e-01
4.733272550738586854e-02
8.351236037526214850e-02
9.653378444349930421e-02
8.938269339902289723e-02
5.041512182841351858e-02
7.543559509867189816e-02
9.979576081107580099e-02
8.405455187401347783e-02
8.005991178551040421e-02
2.344101904557080104e-02
1.860042459541785126e-02
2.308980823853542391e-02
4.126526276261668902e-02
1.106413257131791256e-01
3.982127566345183833e-02
9.822636857229054275e-02
7.174159444939536001e-02
9.609301027686995011e-02
8.810876142526866128e-02
2.654176811724530752e-02
7.028750748007327187e-02
9.696911643809093262e-02
9.008114204746495157e-02
8.917131545775658363e-02
9.243657779134759056e-02
4.338528384088412987e-02
1.104514930303464454e-01
1.269851054768904655e-02
7.712838447355215010e-02
7.236406147164345382e-02
1.568741077622701208e-02
1.474006301204074977e-02
2.889803667182027150e-02
4.803499861360516210e-02
1.135108182857045706e-01
8.208361024095074676e-02
2.108951549788516677e-02
1.153256585891421909e-01
1.822694869282536975e-02
6.200005661859242512e-02
4.849886688189116238e-03
6.958492984611953924e-02
6.892496526211736030e-02
5.966996507668703015e-02
5.712596811598990437e-02
2.565674110978361996e-02
3.960106562506974376e-02
6.112454796169772969e-02
6.033787403195098320e-02
2.533759485691321547e-02
9.438570754924272693e-03
1.762373768440548411e-02
6.389510495006234941e-03
3.180137351770326998e-02
5.607402031358039302e-02
4.519567802598384310e-02
1.024477577685887347e-01
9.263074153256246890e-02
2.025948290876742035e-03
8.428247952440204305e-02
2.767448719572081217e-02
8.568440481468457548e-02
9.905795011190121624e-02
7.991964889759317625e-02
1.028172799284535199e-01
6.234714832659756650e-02
4.817711348259305637e-04
9.288179715275629578e-02
1.501363459542246620e-02
5.199370254000435648e-02
8.336279784028254036e-02
1.168571243135272386e-01
6.618105255540275567e-02
6.518508246012935659e-02
4.843005390543355521e-02
5.007687318487157035e-02
2.520641086559988198e-02
9.588950293104127331e-02
1.715227090292937434e-02
7.661681806785922144e-02
5.356904983907707918e-03
1.037708082202890708e-01
4.602075583470328912e-02
3.295564798660832045e-02
9.183280710333691088e-02
5.774171484902019397e-02
8.875355773572314588e-02
5.718557902456556513e-02
1.973836065800379028e-02
7.363323010636084465e-02
9.576429638425064395e-02
1.134610054134066737e-01
1.628826990556407964e-02
4.514069226113741340e-02
9.337574108354415245e-03
1.115950694335731026e-02
2.310710742514923005e-02
1.100740626150999574e-01
4.940786884302999366e-02
7.724847540784378352e-02
7.966516740246346734e-03
7.626856163538849043e-02
4.897657730137228160e-02
7.467187422730453550e-02
5.632340072910681228e-02
2.562809501289261410e-02
1.043128027575094818e-01
4.449608165875382909e-02
7.016313810174380642e-04
6.315351033326294106e-02
6.257691284005893750e-02
5.415965104485763459e-02
1.061917284320842841e-01
2.683520503233384480e-02
7.725357331088394952e-02
2.403648873375289000e-02
8.145429826584153266e-05
9.243782788851598320e-02
2.789680601415659225e-02
3.877584445857349543e-02
2.906934740071531742e-02
6.075004267217767179e-03
5.892351229943388474e-02
5.557326466573989099e-02
8.994419221636226758e-02
1.076024209060781334e-01
3.290440313623857471e-02
1.913389777975707876e-02
4.077003122228961551e-02
8.451061140413998474e-02
9.683682312895418309e-02
2.051055969355664033e-02
6.076505048726998925e-02
5.727185674762367423e-02
7.529723695388237763e-03
5.125520432374061630e-02
2.214538094101145549e-03
8.551806828726273013e-02
9.011068444889326623e-02
7.946956189580126062e-02
3.124616952300219436e-02
1.807897333028021455e-02
4.895703472162775405e-02
3.369768847642181514e-02
7.910261807654753174e-02
1.030794809627379183e-01
1.007704525862056777e-01
6.272909357197362090e-02
6.890377598897882983e-02
1.004279808218869058e-01
9.464369679764714216e-02
7.707679705215879362e-02
3.546373913689563478e-02
5.235904316962731314e-02
4.266218116101540975e-02
2.191132719356508884e-02
2.837191031318735471e-02
1.536695760937276285e-02
9.418714721827785297e-02
1.988209464176578234e-02
1.745130579090380801e-02
9.683687625544351585e-02
1.025590577745355003e-01
9.533981361090110296e-02
6.836639584013591564e-02
2.093232974676581190e-02
4.658325028494846032e-02
7.825208121237629821e-02
4.707898195508565531e-02
1.022340546761659197e-01
5.870350396187059422e-02
5.907575413682118054e-02
6.691423688466370534e-02
5.813261388428007936e-02
9.876206334338301362e-02
1.042124213972527697e-04
5.332800239324864827e-02
8.389458322758631958e-02
9.432827130129754767e-02
1.130475952716154947e-01
9.782558477640236616e-02
3.875803806720843486e-02
6.192546263161980563e-02
3.511708461974340223e-02
3.453913907157461771e-02
2.308127598443286688e-02
1.002733306541432196e-01
8.016169286639236724e-02
1.170359518081883800e-02
4.480969278638946454e-05
5.245285791585307250e-02
9.006805527728663219e-02
1.339792245218591332e-03
1.405336042984465248e-03
4.650858367287254852e-02
9.150289613370307662e-02
6.805496447734628307e-02
7.126927605775071339e-02
1.132931260009155672e-01
2.368084349764155300e-02
1.139642102395026051e-02
7.367174455103873976e-02
2.367445381853581013e-02
1.002203613112253450e-01
9.257991896772679863e-02
1.109248960500738672e-02
1.652831796077819382e-02
6.207250012781478921e-02
5.675395571400972811e-02
8.728918636579093004e-02
4.609672797447570552e-02
7.698096394256322139e-02
2.717724002854802340e-02
4.809040686810586718e-02
4.965368900471481967e-02
1.861784337821255006e-02
5.241581256802038680e-02
2.342167129951216314e-02
3.319664465188155306e-02
7.243954849701627350e-04
2.454934701409523801e-02
3.465599539031506693e-02
8.767360599744031258e-02
7.712703619516728115e-02
5.945275338680614668e-02
8.627160647814886840e-02
2.014240702572919761e-02
6.046566232682036579e-02
4.227855432575478023e-02
1.143604339649506338e-05
2.297283409804752249e-02
2.431903479932173880e-03
8.488758426651528410e-02
2.964183232756293848e-03
4.439129673994562518e-04
7.931796515248595164e-03
3.725810658690258820e-02
1.146072016315317216e-02
1.135228127329020176e-01
1.149704192478939041e-01
9.896767593610805713e-02
3.001693822718138477e-02
3.840220293469463753e-02
3.042057960586203730e-02
2.495903755274524530e-02
1.761448575456004903e-02
1.112192079770915332e-01
1.035157234970751627e-01
1.008494140898526237e-01
6.599066588562861602e-02
1.126927498975374420e-01
1.046546419144939455e-01
9.555410764579078120e-02
2.021118010573087764e-02
4.669959560452563441e-02
4.113330076878052299e-02
4.368952777401174936e-02
2.657520555467197260e-02
1.067815765085287083e-01
3.731694743574840573e-02
2.608266626777086539e-02
1.040912779520775447e-02
8.572233543782806220e-02
5.621063193736641761e-02
3.872289897238551798e-02
9.443592967511592329e-03
2.797126694787661558e-02
6.980174256619202378e-02
2.787165613092732613e-02
1.026727276629688379e-01
1.775424717095309274e-02
2.259621545668305531e-03
1.070411382803758971e-01
7.319095193812451272e-02
1.173136952182533138e-02
2.959821252857359683e-02
2.638088995166578549e-02
6.476609822207668454e-02
5.338288392342094291e-02
9.110515913404716726e-02
3.918537687110954654e-02
1.317394559536481588e-02
8.865883221833825711e-02
2.462533427638238098e-02
2.721506957792647202e-02
2.207498641260062164e-02
1.134126528442230553e-01
9.280003455944746404e-02
8.283096659510874593e-02
5.403562602327730696e-02
4.330080253296645504e-02
8.158851589016032080e-02
2.080921111872401086e-02
8.335865062514008494e-02
2.385921215940278034e-02
9.228328399760085676e-02
3.450861727773544413e-02
3.532293393200720832e-02
1.019516006554770371e-01
9.985165867825705754e-02
4.495615242447653648e-02
8.339363860902600234e-02
2.691311507638646100e-02
1.150927858603738724e-01
2.457041716507928075e-02
6.722040677770534448e-03
1.926794406244554392e-02
8.898266883410625716e-02
2.151596077038972835e-02
3.850895651770746414e-02
8.693312156734575580e-02
1.082010250635365850e-01
5.507812820061831066e-02
9.395740901330391914e-02
8.931717895303088739e-02
1.021446901173838628e-01
9.315159840681037917e-02
1.446360951367778487e-02
1.022493850463376819e-01
5.499766636260020741e-02
4.039557429228874535e-02
7.851941464871955989e-02
9.693899262660878036e-02
2.220750289820729029e-02
2.745953284816134501e-02
4.175135863736587766e-02
7.625908873162633161e-02
9.594074128168139648e-02
2.875276108599899433e-02
3.769648255637141065e-02
1.112417905862774364e-01
3.748933083699772933e-02
1.226854358263403414e-03
1.094415768866348468e-03
5.578624213442594237e-02
5.171539686740747599e-02
8.834971682381673186e-02
7.565213219613826923e-02
3.277882363644527008e-03
2.964228782037744633e-02
4.900166239496100973e-02
1.041772070416191881e-01
2.600224097731521078e-02
7.003732081255280295e-02
1.149224180026841777e-02
2.025021848863237106e-02
7.930779500040507912e-02
3.745267116886736442e-02
9.543651801157930145e-03
9.631041413403909623e-02
3.196437316951373370e-02
1.154486053902092080e-01
6.210956458715945205e-02
7.804679518434155805e-02
3.803440022295099393e-02
4.857780926131732846e-02
2.572109630625521448e-02
5.046241739333109932e-02
3.293018164342951387e-02
1.556693735030942154e-02
7.666424178386876259e-03
2.927703720094531822e-02
7.292103380251462562e-03
4.579078655914151780e-02
7.806082436696994142e-02
5.612245492623445242e-02
3.800215627144292591e-02
8.368361457720331631e-02
1.265715005647169780e-02
3.113600146183220091e-02
1.105472998489568093e-01
6.626653060512596727e-02
9.807319480799071842e-02
6.430979890219327977e-02
9.860596124225172454e-02
2.942399015212465024e-02
1.357594907027717158e-02
8.899721509975633271e-02
3.328240114749054547e-03
3.601704503031378374e-02
3.386543125342812016e-02
4.104773108116831605e-04
9.812850593902958107e-02
5.589696178843576307e-02
8.116050760121182317e-02
4.179652907375293325e-02
4.157902887433173600e-02
8.058696097943442160e-03
7.106707294721648083e-02
7.112581422430828970e-02
2.013328728745317209e-02
6.547907127028763929e-02
9.546249667344157419e-02
5.980315320795255574e-02
4.517967766614740255e-02
4.528839888904173661e-02
1.221955918220699044e-02
3.803126625855052928e-02
6.343632124650078197e-02
6.805560444608588222e-02
3.079116756583355138e-02
1.222206545666494268e-02
2.911432495317778715e-02
1.089909298434998813e-01
8.816486582551280593e-02
9.719374811418056426e-02
1.142123834379522446e-01
1.267592918655414957e-02
2.036023135414705490e-02
5.227482403248724652e-02
1.526715143191526708e-02
1.030274164650686330e-01
3.382719106546815124e-02
1.054464557944032183e-01
5.786589857556795335e-02
1.119595329207653117e-01
6.918195663603053658e-02
1.027714633825519003e-01
9.524958482940276694e-02
5.610215925454390545e-02
8.172595845630587635e-03
9.731533399939695794e-02
7.765694109154912261e-02
7.813921526328732048e-02
1.087955347474675871e-01
8.401764079784702910e-02
5.187708094971947570e-02
6.017685978025390930e-02
1.945274352732987919e-02
1.059757037947783448e-01
9.265719764821421511e-02
9.411162552284646488e-02
2.178201123298079481e-02
9.417883635305591278e-03
1.797083716760836808e-02
2.131776449365301376e-02
8.424010718559448926e-03
3.325973054310026045e-02
7.584799799869258209e-03
1.091881270833270079e-01
5.785403561439939751e-02
1.874113139722411933e-02
1.166895629712803211e-03
2.914194896881001570e-02
7.219538169702280350e-02
6.853781359924768224e-02
1.233948279042132619e-03
7.543332956105147646e-02
1.142682075864419333e-01
9.508265613472459150e-05
1.299378878037257476e-02
1.003296139422642369e-01
4.920877590456184530e-02
3.733619949576739289e-02
1.027427399708016054e-01
2.905128424854156594e-02
9.048108574720817310e-02
1.016933925103924580e-01
3.011316415791267034e-02
2.525712621250841144e-02
9.691090993288332955e-02
1.044452109618918545e-01
4.701356494565785138e-02
9.734329479940993790e-02
3.874566476851265540e-02
8.531599132183871614e-02
4.102396429467330963e-02
1.105079028938188990e-01
2.849915676226308370e-02
1.086740779732780354e-01
8.342330358422650471e-02
7.730188249442340731e-02
8.626138591366572239e-02
9.128449533601631916e-02
1.917259199006375592e-02
7.935824540983471564e-02
5.727486627748231557e-02
8.204465695382674728e-02
2.398442728218381365e-02
6.266290302403788870e-02
2.552289181203248880e-02
7.735830281200685443e-02
6.140259894594199408e-02
9.806461395307150553e-02
7.583164501869329999e-02
9.080900791494775359e-02
1.389062528852947655e-02
1.166075669003446558e-01
7.562597000594417640e-02
3.826906475572299654e-02
2.604856405503697125e-02
1.099147804210447998e-01
1.255740845576852789e-02
1.877219115873498059e-02
1.056344763043425145e-01
6.693879483861694957e-02
6.506419478799055356e-02
7.978499499932453776e-02
7.213576728645477998e-02
1.395704212953874888e-02
1.746762590250441199e-02
1.886812125358038050e-02
8.256187536504111871e-03
7.479374086039496106e-02
1.014389330601547616e-02
1.054394509571128791e-01
4.437126329341969239e-02
7.499091236346394629e-02
9.574144945146489949e-02
6.428723637074842956e-02
5.783521306417582775e-02
3.574980604371971737e-02
8.969791462277995620e-02
2.652256327110215708e-02
1.052751495489892414e-01
1.087356831329508097e-02
2.204343781450468498e-02
1.456666204141503565e-02
4.339294901812975475e-03
5.142088300191316463e-02
5.393879654311241334e-02
3.603994021139018955e-02
6.625171574490422433e-02
7.195784775127149480e-02
1.090871171239009285e-01
5.921581434075380568e-02
6.725460779758048180e-02
1.814582908440915895e-02
7.806545101112375221e-03
9.747218776587561473e-02
2.543753993927169027e-02
9.328543458260671328e-02
1.807009304159889175e-05
2.523019981584491422e-02
2.448431199450552126e-02
2.686225121871676710e-02
3.493943107927928449e-02
2.769167197415777631e-02
1.153378646977335359e-01
2.785410365801353066e-02
3.343365192505937111e-02
1.162864898499077308e-02
5.972649695303530737e-02
4.658821706565011156e-02
2.519302286782927267e-02
8.421084986011903584e-02
2.329559951708980517e-02
8.186874817520763126e-02
9.688473328425335762e-02
8.258435338186451147e-02
2.710385539613888173e-02
4.144983099064698112e-02
3.596909825857148857e-03
7.951543099886060340e-02
8.900671406382146267e-02
2.286953255438274601e-02
5.334278629501034569e-02
1.469557618933763250e-02
1.036332420175678781e-01
4.407586388156527896e-02
8.561833465460579398e-03
5.026734881053403561e-03
3.202167761916479422e-02
2.467943911793803180e-02
1.150098971761298605e-02
9.190318158870447451e-02
1.089301408883870947e-01
6.208897330767304545e-02
2.222843113217888578e-02
7.999703465908518385e-02
7.411619013736629735e-02
2.692510457191135340e-02
1.149286495727424723e-01
8.732448860342269248e-02
6.526717059777738250e-02
9.668973157452588618e-02
1.020247413878394988e-01
1.004407608000655178e-01
1.020777989928115942e-01
4.937906760761755914e-02
1.175654968745813538e-02
5.998666978707280217e-02
4.329189184386839778e-02
6.878607653610586958e-02
4.536302764772333872e-03
4.961380202515444995e-03
7.231621181991103320e-02
4.799641102919455921e-02
4.465360619112360152e-02
1.747863537760830852e-02
8.223026547732897873e-02
5.809744954644720238e-02
7.607481903676957535e-02
2.455006298437428097e-02
6.467435666224487234e-02
9.203319379778415743e-02
1.081860949118702842e-02
4.372447449538183206e-02
1.003110660248553720e-01
2.404307600017830879e-02
8.732989165873247805e-02
9.765163142668698004e-02
8.415105351270034742e-03
5.854785778419627738e-03
6.764311805581089965e-02
4.446741005073556741e-02
3.490198593807015970e-02
9.320942359412058564e-02
5.723544895624980977e-02
1.169524819217146808e-02
1.134556233423596530e-02
1.734639866011411860e-02
3.342223690098811845e-02
2.600552899208500093e-02
8.015596775823958728e-03
6.981698143433882897e-02
7.567108086452639659e-02
7.859706204503484617e-02
8.407041074159196659e-02
3.622869445248915604e-02
3.013046678314092869e-02
9.123119673736808377e-02
5.568588760009583055e-02
8.620042202073875670e-02
1.728434554820218808e-02
4.599380460478663668e-02
7.899754889123007662e-02
8.207632142630967576e-02
9.951661206961541495e-02
2.294769160158798352e-02
3.482273394055054178e-02
8.191598098378720383e-02
1.901819111187071391e-03
3.694281628138885304e-02
6.360269765778127360e-02
3.245843534199202574e-02
1.081974375614950662e-01
6.061200221022728513e-02
1.158494712007916844e-01
1.348231094454320662e-02
1.811213169694549444e-02
2.399165807358518560e-02
2.726260305183978230e-02
2.596146122253914848e-02
1.097823914110984955e-01
5.908733395016205203e-02
8.405974566684661087e-02
1.169892834316090813e-01
1.156090868882621026e-01
5.760621507869292945e-02
9.761624933334269241e-03
9.447507779461365718e-02
1.076073774029076141e-01
1.035132348633006349e-01
5.776174506724458119e-02
2.152628705975071638e-02
9.755128709244323404e-02
7.417925335597258876e-03
3.854438319728412804e-02
9.786195919479563632e-02
1.058808599977690279e-01
1.145749864361653297e-01
1.041120698333110606e-01
2.014022392683682133e-02
5.150198620077491019e-02
5.348886174217007405e-02
2.349321101676699400e-02
2.328846805266524336e-02
7.112268972149363155e-02
5.998040520084636784e-02
2.221366561495773800e-02
1.718578160770590363e-02
3.135012834808524607e-02
8.496502711659413565e-02
8.799704675148317667e-02
1.440268538860030659e-02
6.546904351680944006e-03
1.358033724888958391e-02
6.901281264426065154e-02
6.765338247140291819e-03
1.148700830410150607e-02
4.240188100505334207e-02
1.851107995463009345e-02
5.195352704314609021e-02
2.486650680959858264e-02
8.995129104395417630e-02
1.044769841121185976e-02
1.113717509183577564e-01
3.597402522715872214e-02
2.242162879958698937e-02
2.826141726722571426e-02
1.621922306199250971e-02
6.028749982335710605e-02
9.699918900463878890e-03
8.132170397367985415e-02
9.356967893947408521e-02
9.000222554517084417e-02
8.901023700000360028e-02
6.493677976457645773e-02
7.287849975670593339e-02
1.096021137342992335e-01
9.976394172404616512e-02
6.109124638987887407e-02
1.245192881489763821e-02
2.281140325481994732e-02
3.997096709975283407e-02
1.747945825295491029e-02
1.371793734804601164e-02
3.305999351468918296e-02
7.646312778348068884e-02
3.335529636317904195e-02
3.969139451296234411e-02
4.579705886459717323e-02
7.416387907415752934e-02
2.336927341231131647e-02
4.022412249235038373e-02
2.272852656520835471e-02
4.598100210853175995e-02
9.408390608626664153e-02
7.783517147846136242e-02
8.897831272614073472e-02
2.827881437427316735e-02
1.655156760206405106e-02
1.446982530984618383e-02
1.248884719672180461e-02
2.159460402102131651e-02
2.892124922637333284e-02
6.126698147472760952e-02
