2.429750063277899552e-02
1.611997014368312872e-02
3.660120743983787117e-02
3.158859438145149041e-03
4.376299819754886355e-02
2.159403469001942855e-02
2.719011811121399905e-02
4.636727600926351424e-03
2.085073143740335047e-02
6.789445170549982846e-03
2.007345708723244984e-02
9.800909057746027588e-05
7.392942676300609485e-04
3.877948448772741696e-02
2.311709290832256875e-02
3.238143953165488476e-02
2.326807578857614453e-02
1.881284262116196884e-02
8.797608516471192366e-03
5.030995722920360291e-02
9.849471026449349922e-04
1.741408766712312234e-02
3.111618740750543913e-02
3.272588905970229278e-02
3.424707746309915007e-02
5.676654639711721691e-03
1.402994282132071641e-02
1.803928552195017271e-02
4.903183635936894484e-03
9.344748583286033999e-03
4.041204896203024616e-02
1.299212787842147533e-02
5.475125094283804679e-03
3.061197357032382702e-03
7.402771092315310608e-02
4.815458348915822168e-02
4.604128598586566118e-02
3.670572928247138600e-02
3.131409010703208040e-02
4.305406615796179143e-02
6.370429886061486704e-03
1.893280540556018660e-02
5.198953690824427432e-02
8.149179617199821257e-02
2.974257773513140635e-02
2.065750210282678301e-03
4.687762456686656032e-02
4.777179967036562086e-02
5.792817587823428233e-02
1.297608458711868064e-02
4.121995987292676605e-02
1.725951066629510117e-02
7.062267334100031171e-03
3.088180461165176971e-02
2.081749474342395323e-02
1.968847188665838119e-02
3.960339225938883795e-02
1.853469455125874785e-02
1.382708793394286061e-02
3.294632256311272323e-02
5.079336396477501271e-03
2.510434689190401206e-02
4.336131385006724431e-02
2.821512339425565866e-04
4.330870736748025640e-02
1.077567231650706364e-02
6.028272098897640568e-02
1.085692413784469443e-02
3.549093583003934405e-02
3.906174525435835571e-02
5.889606196184751959e-03
3.851838769778738458e-02
2.687367320760780318e-02
2.371459927483526853e-02
3.634493407907447154e-02
3.041315771290924869e-02
3.990314285843411801e-02
4.125024348693714232e-02
4.793088433670553150e-02
1.260734953889418135e-02
1.605902436473305786e-02
4.793588958957845200e-04
4.383438826908382657e-02
4.019391270056341114e-02
6.028974096114449177e-02
7.887494710192292924e-02
5.388490707352915771e-02
2.149256259605378597e-02
1.093447383865956898e-02
3.847835778844151816e-02
3.898221579526724850e-02
1.553181654938142614e-02
3.897103481946451176e-02
2.846180342264840665e-02
1.146662825895353004e-02
2.858772467391366978e-02
2.003585792210014691e-02
5.087227881322076845e-02
5.189768993931433150e-02
3.596948484216714345e-04
4.392098584239620407e-02
9.576516098690026832e-03
6.456986887271562274e-03
1.857093290271874531e-02
2.308195218502719689e-03
4.792547086518850197e-02
1.609394939714240552e-02
6.972690819442359592e-03
3.245055449431779454e-02
4.529469417292845967e-02
1.082078526049492194e-02
4.213554946823790809e-03
5.439451181415304315e-03
4.911883719848199326e-02
2.952920709808251262e-02
3.722069336209107154e-02
3.892374234137641748e-02
4.684166066780857257e-02
4.938489941668486316e-02
4.518310588508217540e-02
8.851910921518307829e-02
1.278381203587721643e-02
3.149505402916848249e-03
5.659451336161639562e-02
2.722523800600060856e-02
1.429083593120723588e-03
4.246729605782890299e-02
1.616350985676589516e-03
1.916118501658985868e-02
2.097408846761487922e-02
2.567482248339472521e-03
4.188073482754189891e-02
2.506387542602524915e-02
1.955385672808411870e-03
1.516098109792632679e-03
2.056320655860667188e-02
1.788447213392386007e-02
4.676723854375818001e-02
3.321145643844886780e-02
4.267669525717948664e-02
4.910667700378332917e-02
2.791212268185201684e-02
1.755460470580647026e-02
6.963410036228411502e-03
6.396400914158775763e-02
4.251410880552489169e-02
3.222772251599941018e-02
4.065492799403049029e-02
2.419425473763628723e-02
2.294351618752047198e-02
4.790753570293421193e-02
2.266940461786098523e-02
2.249403232170385167e-02
3.396757803919649849e-02
6.679655956450209452e-03
5.499080114401228014e-02
5.454984150514903020e-04
1.574060625668544794e-02
2.161934726412582941e-02
3.980403375194414839e-02
8.998816324477854067e-02
3.709612126889583889e-02
1.979447938141556951e-02
1.469223291837112519e-02
1.223874589125618570e-02
8.334828947046389949e-03
2.976030285515903970e-02
2.173081718667798506e-02
3.322506266013756926e-02
2.983852543468309276e-02
4.195846190840260559e-02
3.975617644009946799e-02
3.895880510454591272e-02
2.464872562603102890e-02
2.992455722156489237e-02
8.531073860088887392e-03
1.575035029720388280e-03
2.446279371180434120e-02
3.237915022591496966e-02
2.313472021563341488e-02
1.128006894560007315e-04
3.574276421530885040e-02
4.758819654798590593e-02
6.834108991938978028e-02
5.829283766922598031e-02
5.438144935641560374e-02
2.424654213416597374e-03
3.890086375357252463e-02
7.909474289469642806e-04
3.875550057382470132e-02
3.041240008649669438e-02
5.165065579665538377e-04
2.617642820452452390e-02
1.360642284534536658e-02
5.245036886664558411e-03
2.448254023646334945e-02
3.481895416413428174e-02
3.196333611332068114e-02
3.572192665615551467e-03
4.238008501440002074e-02
3.456371089379838002e-02
6.528909541120935661e-03
5.075344065875865389e-04
5.212530296441681560e-02
1.099303501578921885e-02
9.752407260915245402e-03
1.108575000726569511e-02
1.915231850746428044e-02
4.193745403194092287e-03
2.419169827505950748e-02
4.171487282336674290e-02
7.076091185110496007e-03
6.596498239122755569e-03
2.879230205888794886e-02
6.357188857154733030e-02
1.573233249715506789e-03
3.256974165473770083e-02
3.613271644928905783e-03
3.466037751128986377e-02
2.551049535641945754e-02
8.825642001906248979e-02
4.088944277266069738e-02
4.074843108274095460e-02
1.891799773732536286e-02
5.407018428482193717e-02
2.141140378806517808e-02
4.540526450391402929e-02
1.899873900672817417e-02
2.138367981401518084e-02
6.255952649981565139e-02
1.697117366266916475e-03
3.302790311940946057e-03
5.796199871239090390e-02
3.968860100004384384e-02
5.366755823803009973e-02
3.741648251597365360e-02
3.420755825674699074e-02
7.488356702952124510e-04
4.032666396598879460e-02
3.388835039231014729e-02
2.295106177107352971e-02
2.648632421910336945e-02
5.074471346872714422e-02
3.813607294774325890e-02
4.833967435444160542e-03
1.777051112884305353e-02
2.684894792569464395e-02
4.206379037321454628e-02
4.392368854707368042e-02
4.939761298526570976e-02
1.279749621082520820e-02
3.638505350296341451e-02
4.017588299145553182e-02
5.444635550107459337e-02
4.657138798156887360e-02
1.599680437385603629e-02
2.701622628732789776e-04
5.061800141239790676e-03
8.005463786670949378e-02
4.166231984877096645e-02
2.787827279859904448e-03
1.173753999898621489e-02
4.654990289318236378e-03
3.215519087453699854e-02
7.017185839862079277e-02
3.476221857374693636e-02
2.689861675402407601e-02
3.820865285458105443e-02
1.131781748034642321e-02
4.115562050022152085e-02
3.003737986988398931e-05
7.001012536982450726e-03
2.853480259763039456e-02
2.561049640386254406e-02
6.760071045431531589e-02
2.302236928263276181e-02
9.978777039109988645e-02
2.551323535643887017e-02
2.999686690644263326e-02
3.078642901823879646e-02
7.282039392356785823e-02
4.506063208588146143e-03
6.947000336687882138e-02
2.466883955218021965e-02
2.018045801089530036e-02
6.086226862420699574e-02
2.901687853590478178e-02
1.122195085486358060e-02
2.031809321949699931e-02
5.276338809827781648e-04
8.559767684380995695e-03
4.187393607055555494e-02
2.994668403373746887e-02
4.918292391248525741e-02
2.406870046502890270e-02
1.966076637856139717e-02
2.844832418219481445e-03
6.737042770360066053e-06
4.351549062371655452e-02
2.613294775611306117e-02
5.301339385975399610e-02
8.273357263128694461e-04
1.740212545981543318e-02
1.618431604632143597e-04
3.225321706484713530e-02
3.200869855373900119e-02
3.184573256393265217e-02
3.753487413175914111e-02
2.835452949755531277e-02
2.242880267049347093e-03
3.907277232810579815e-02
5.439939577798700784e-03
1.641038238456936707e-02
1.275875184529130790e-02
3.602600022882123526e-02
5.335369465765272406e-02
1.085173903844375079e-02
5.315868258267174296e-02
9.250491945046353248e-03
3.594589545390990126e-02
3.900191550871107138e-02
1.684992917875409099e-02
2.511748243854118601e-02
3.506003260662732962e-02
2.067170892983846361e-02
1.392493470043225032e-02
3.869507861310707980e-02
2.611992444117559528e-02
4.085931554278848798e-02
4.220109327448325759e-02
1.494382964867743040e-03
2.884534595205307667e-02
1.112433381458460303e-02
5.087050729001614362e-03
4.112737041291905649e-02
3.817131779835873651e-02
1.562706302788830111e-03
4.321097062492728486e-02
4.076225252094714535e-02
3.219025239673090066e-02
3.814004512051604595e-02
1.003073875617972732e-02
8.600767165161593217e-03
1.412485280921009501e-02
4.755970860626979393e-03
1.274252299029792921e-03
1.713713952912479521e-02
3.785358619876367375e-02
1.941787112780722288e-02
1.018125223453768824e-01
8.528108767753860009e-03
4.681506457878385763e-02
6.130077247582217150e-03
3.879484240712419152e-02
3.720145133423508055e-02
2.531527507972905836e-02
3.409999999027513162e-02
1.964389351723257876e-02
6.381978055569793515e-03
2.869311502435431538e-02
2.261318442094392353e-03
2.122061294840819554e-02
2.689256879820943816e-02
4.794517829495115180e-02
8.231339642989780880e-02
1.303664867676649882e-03
3.855863429232093964e-02
1.829909400235443101e-02
6.332086920288545898e-04
4.143081337741413156e-02
5.704844431066666971e-02
6.322069356153038611e-02
8.748992789578581564e-02
4.166932423037632630e-03
3.524860500387551332e-02
1.221153249119596995e-02
6.477635810024274035e-03
1.558614820681529945e-03
2.117735428209977996e-02
1.224456295272685277e-02
6.504280470600335914e-04
1.028031206694779616e-04
3.021060474262671214e-02
4.465202944415706116e-02
4.333461470667595433e-02
1.166980854831018745e-02
6.338505131405842291e-03
5.352380025232837679e-02
3.033755726647166875e-04
2.469182883566813091e-02
3.241161434013068582e-02
2.267958573270407313e-03
7.090637481684625675e-03
2.263265059385464323e-02
2.727531866994600818e-02
4.725754660413625935e-02
3.416890157181802501e-02
2.427655110261629778e-02
3.558292464904112135e-02
1.047619509921678127e-02
3.798045537885020445e-02
3.074296101080084206e-02
1.454281101732797336e-02
2.496559497048804824e-02
3.175171668778547368e-02
3.902655367815436455e-02
3.255076003529338430e-02
4.263039195586217078e-02
3.687911938123103472e-02
4.034356536041264207e-02
2.360757072365936640e-02
3.149629044291121782e-02
3.773001536751829921e-02
2.665971568147699686e-02
1.528626858027107467e-02
6.675609457970042848e-02
8.598495713181974901e-04
5.255961551855430763e-02
3.437523801932656185e-03
5.674066390098370799e-02
4.986703005036257751e-04
2.120246291497947244e-02
4.244775998246846406e-03
2.302450059171560343e-02
4.991799319381803185e-02
3.555638577894853678e-04
1.910622579424007530e-03
3.056153010181157301e-02
2.506449975710284273e-02
7.333418432083449283e-03
1.510314342574211200e-03
8.363779355008937834e-04
1.915657355637882808e-02
8.058013515556714662e-03
4.081107406100057539e-02
2.186287058841871953e-02
2.833755808323445979e-02
4.621405907344441205e-02
2.126515396987261122e-02
5.270067030911021466e-02
1.799538231310394282e-02
9.740239042928651447e-03
2.725410860864322174e-02
4.178652025545850218e-02
8.944051978770974380e-04
3.172971247043222115e-02
2.644793589492992411e-02
7.408787930131946475e-02
4.271945308926792390e-02
2.323731323324834674e-02
8.032865239916697764e-02
4.817330692805133624e-02
4.622239212066878156e-02
3.848995191251817355e-02
1.542898982143490680e-02
4.792879007328772895e-02
4.240431300630067082e-03
6.053352819998439717e-04
2.110082384013147253e-02
2.024470417162628488e-02
3.546721236946151490e-02
4.292067404674689696e-02
4.247477289068041229e-02
9.588241756633622895e-03
4.246705278409462075e-02
1.517585508612623833e-02
2.786420863120281713e-02
3.984754859450205522e-02
2.886308495316228934e-02
1.463133383076043468e-03
8.150680013424531356e-02
4.983978548940888598e-02
2.942452627084599114e-04
4.336537010575124834e-02
5.526557079418313589e-02
3.916822551975188138e-02
6.058365521346864568e-02
3.976656689477219529e-03
4.361429846679103217e-02
5.046247281220709452e-02
2.952933002437013038e-02
6.750914386730864566e-03
6.052620311032772329e-03
3.632902772795972013e-02
5.937018837063883121e-04
7.175716195817656313e-04
3.089066700732735760e-02
2.620695001788006864e-02
1.882078404205047434e-02
1.975736160944705457e-06
3.547503674556599235e-02
2.360469604196703888e-02
4.246595785985975147e-02
8.852643682712817153e-02
2.068670208605588243e-02
3.992925604182198662e-02
7.178265828338782628e-03
6.895541284141398775e-02
8.311152649044360741e-02
4.193225228857670045e-02
2.872011994748583860e-02
6.013527572439873736e-02
2.213425512331077677e-02
1.876980977933800226e-03
8.425454685278581379e-02
4.374629716699345722e-02
3.889756670868524391e-02
2.338602475639955589e-02
2.834291641099616690e-02
3.722605063945100962e-02
8.205729845790907945e-03
3.925637968561209584e-02
3.293187509217296999e-02
2.528877056454397615e-02
8.221558941232902774e-05
7.637719201008638659e-02
3.880527448794257594e-02
4.406993592455225872e-02
4.229847825665994376e-02
3.889323325788570512e-02
4.719115714917688706e-03
1.130253422898288770e-02
3.595993285236397802e-02
5.439879583083487291e-02
5.431963646041787930e-04
1.830679193122687317e-03
2.314306126322072596e-02
1.027115380620680259e-02
5.255306625366393258e-02
4.136051706567767799e-02
6.250387444201684593e-03
1.282890212535606894e-02
2.690021057002247792e-02
2.828151833089340844e-02
2.338354771492734342e-04
4.394061825772226787e-02
3.422192330876951821e-02
3.176833429419112509e-02
4.333630635199160752e-02
2.613556659364786681e-03
3.937343700142232478e-02
3.615299943272217570e-02
2.986709610472708387e-02
1.500511693929636528e-02
3.626633673460723933e-02
1.254220955073195691e-02
4.746864243338270312e-02
3.360568866918959424e-02
2.540177758696961219e-02
4.177937231142420105e-02
3.274191872779126655e-02
3.997592906982058020e-02
2.657654390796068342e-02
1.417538639022458344e-02
4.111883073574103264e-02
3.063781265734636869e-02
3.785324371816848471e-02
8.670856628101063300e-05
3.241052818128233037e-02
3.677801581941864822e-02
2.095646656774616257e-02
1.901231843355820697e-02
4.123567889638400652e-02
4.351710814181045800e-02
1.642817689630091116e-02
3.492083772674846320e-02
2.041527883854680689e-02
3.100425989742398858e-02
3.230019878859204802e-02
2.810132005349280648e-02
1.575740962219694327e-02
2.705710017783595836e-02
3.029907166726391113e-02
8.383104058777535172e-02
1.227201255055166036e-02
1.592191818635752681e-02
4.387122900709639062e-02
7.419172048856462198e-02
4.123494683539170869e-02
1.587596945545804300e-02
6.552283152850878201e-02
1.611554423684826223e-02
2.657148951511186311e-02
1.681207567061914626e-02
8.212355423846552649e-03
9.100411290160014379e-04
1.862069619758185415e-04
2.966586460433036365e-02
2.669237142189160097e-02
2.576486796782812352e-02
3.120044947491600051e-02
3.619445729832907604e-02
3.268475168965250671e-02
2.343846741136475231e-02
3.645093498351219090e-03
5.589014345529904823e-04
4.223990404657124859e-02
1.752960243395119966e-02
3.799341652065123948e-02
3.410058281914570000e-02
2.336858012260463469e-02
1.937775232820808380e-02
4.453258129451244385e-02
1.730974842623447460e-02
1.051590863037868417e-02
1.950529118278966287e-02
4.039323826231490389e-02
3.732661699990078019e-02
1.325213825430307003e-02
2.965794929896539006e-02
1.097280895442875187e-02
1.056480164723315116e-02
7.748185355773817840e-02
1.763621684544155674e-02
1.428269396747947236e-02
2.239566323868005804e-02
2.253357246392209343e-02
2.313573960773539218e-02
3.401501483846981755e-02
3.561348958146188436e-05
1.337965600096933765e-02
5.026088628485204587e-03
3.873567859952486286e-02
4.379891690363636042e-02
3.573186275285562125e-02
6.357006290327830988e-02
6.320312598658066501e-03
2.029905566251553536e-02
1.628650889810312127e-02
1.936114752975873904e-02
1.165023420934759978e-03
4.028201864296718226e-02
4.489263111428442449e-02
5.242150436243605410e-02
1.305305487900046586e-02
1.943812184599639017e-02
1.690972291835412394e-02
8.528932644787498487e-04
4.288163622639548644e-02
9.387720690180334385e-05
9.032885003213225739e-03
1.417999631654024914e-02
4.397266526759779719e-04
1.068647104022171605e-02
2.902828654427367424e-03
2.484015313374008521e-02
9.505705241334783465e-03
1.125502018609278801e-02
1.819776277547933974e-02
5.293983701244056594e-02
3.652212198595972126e-02
2.686129594004506987e-02
4.422573947051500892e-02
3.312245386685035674e-03
3.747473625593374710e-03
3.081570962508102529e-02
4.486998090073140988e-02
4.405074369666447942e-02
3.070013603445783876e-02
1.571051858473354948e-02
2.809703812612398145e-03
2.138341685121229047e-03
2.581305382128208994e-02
3.582250830692022825e-02
4.317292420101580264e-02
1.036114400734525903e-02
1.560739243957457757e-02
5.600203276237541300e-03
4.495962102640294750e-02
8.510592318809824877e-03
4.310427607689983759e-02
2.497927404460337231e-02
3.383296713238446995e-02
1.797856357576340519e-02
2.239596566740213388e-02
6.662505825551224593e-03
5.000208264359847637e-02
1.408485220866813499e-02
3.203730822370376343e-03
3.602357368948843480e-02
4.159492392445946624e-02
2.362193490704735371e-03
7.612002054026684693e-04
2.279195022588400080e-02
1.158014509879157564e-02
9.864870916980890067e-03
3.796208783419289384e-02
1.483027152828063182e-02
2.183433730339527645e-02
2.716574983817507394e-02
5.234266121751870310e-02
4.346133047291894647e-02
3.416294626704576703e-02
3.404850680372935084e-05
2.638776962874602328e-04
2.118043568094051324e-02
4.021730313215354097e-02
5.417040525030826677e-04
5.618381106741072994e-02
1.831783074967302527e-02
4.497532027077251471e-02
1.127480582595736906e-02
6.838696019303942830e-02
3.324335871948064236e-02
3.930675143065268107e-02
3.928372931797500384e-02
3.922828772407814524e-02
6.876465657395555708e-02
5.552148820219991558e-03
2.704982115858188194e-02
3.098325385624569120e-02
3.276038787238613748e-02
6.703199622775809184e-03
6.376198603681978994e-03
6.058937767091434473e-02
6.471558574438922296e-03
3.812626386903370662e-02
5.259726913439079915e-02
4.573167673710145514e-02
4.271466871144473376e-02
4.785371662282408151e-02
3.298903706950595538e-02
3.879071675190573498e-02
7.517762139030395585e-02
4.450186273159108252e-02
6.156657603712110960e-03
4.180151715703588067e-02
1.376582210730054219e-02
3.748885698062937727e-02
1.485599865827347266e-02
1.111648998838680319e-02
6.191415463133809194e-02
1.504861722841289821e-02
1.517144593966016954e-02
3.314130293203494237e-03
3.182193522253748408e-02
2.950765337248719908e-02
1.104851221406350642e-02
4.594620797166509146e-02
1.043717255215353412e-01
2.699446473900996013e-02
3.770570947902560782e-02
3.892884556396072893e-02
4.892963070877000276e-02
1.713206233933400099e-03
7.190757515692089430e-02
3.750625351616703601e-02
1.825458124431371051e-02
1.978249711308293843e-02
5.196519141992211183e-02
3.069912120206961387e-02
4.100942112969308689e-02
4.124831943599770179e-02
2.075032339889834598e-02
3.511536278518517795e-02
1.957982805465188075e-02
3.229104129494769077e-02
5.586101610492770486e-02
2.234842193991841766e-02
3.012656114775834684e-02
4.081310332123166962e-02
9.152130877088029970e-02
2.072168042079033934e-02
1.841799577895357823e-02
4.620247046229605109e-02
4.071596951141324972e-02
9.664198404773508000e-02
3.092004207898734966e-02
3.396853929848601961e-02
7.872732693271536006e-03
4.108247369409772504e-02
1.476643330858335226e-02
4.105633403272173493e-02
4.381684892089092107e-03
1.397320368877352672e-05
3.719344552112465591e-02
2.550144743204771011e-03
1.854079769146757886e-02
1.992097995460671497e-02
4.718433070232495863e-02
3.415516926118101343e-02
3.885542620554300469e-02
1.286218083796852353e-02
1.700320744137497758e-02
4.727641609066193795e-02
1.777045507370223279e-02
4.847147453902700409e-02
7.691798334265520336e-03
1.923148904248612578e-03
4.014309491113021017e-02
3.359189239008335964e-02
1.096814164558063999e-02
4.764665059688143189e-02
3.321004662787904044e-02
2.415187994092803103e-02
3.157052519573082944e-02
5.124019182139725667e-03
1.943933246229828660e-02
3.971869616359901406e-02
5.253343822532723778e-02
4.345734084759133274e-03
4.116075459087611965e-03
1.390921133581937176e-02
2.244394964376917462e-02
2.440196553977249001e-03
7.297751756612867735e-03
3.223294322706662246e-02
3.456830647478981167e-02
2.987555145531064008e-02
6.835619301685169624e-02
4.382243510699077721e-02
2.522104838992784634e-02
3.055671792178685231e-02
3.563753912294249926e-02
8.502808130317554558e-02
2.048403419220133290e-02
1.764998708775913222e-02
2.763688656442477021e-02
3.318581447643723092e-02
4.031063989677115961e-02
3.897788131478301804e-02
2.803457882301796031e-02
3.578848195535516002e-02
2.074737098724015877e-02
4.385076647052195409e-02
3.827450929303091026e-02
2.075990234552845329e-02
1.069509780702587167e-03
3.564703875598537047e-03
1.259346131754316735e-02
3.129324209782156918e-02
2.478018538190028888e-02
4.225548435068251368e-02
3.323273533702602450e-02
4.849078323733321816e-02
2.260686983657769072e-02
3.357636628852644217e-02
4.577402986526377809e-02
3.980827143397631246e-02
4.461840485437803400e-02
2.149858749465801550e-02
2.097054762512546092e-02
4.039520697190784881e-02
2.967499161733001822e-02
3.276193314028443687e-02
1.838522172479369401e-02
1.339930703093558662e-03
2.798134447975491462e-02
1.546744547123114072e-02
6.798700555853663674e-02
2.621963336672014991e-02
7.660365388872963921e-03
7.122419500640531087e-02
3.925429329730950601e-02
3.275424938064646491e-02
2.523045498282904670e-02
2.700951874318463161e-03
4.464543611627124625e-02
3.225838838326869351e-02
3.308824744797254219e-02
1.184539452848679213e-05
3.546861065347533398e-02
4.188108382871472135e-02
2.291372326617284808e-02
4.889390449137256955e-02
2.312507525264406673e-04
1.478491596679390799e-02
1.391962231550557434e-02
3.099692980578881013e-02
2.313994012205723011e-02
4.977606096705534944e-02
4.459924166900368359e-02
8.838624744929242383e-02
1.965236938493881633e-02
3.448630659779192142e-02
2.124147562369793282e-02
2.237297980115078924e-02
2.303143344324061134e-02
1.887711416683869603e-02
1.129483496892357474e-03
3.303987482366826239e-02
4.354153982763006581e-02
4.737305000186745746e-02
3.561354330941439439e-02
5.585745902623629085e-03
5.039988742952938991e-04
7.970417768905932454e-02
1.859679483835600944e-02
4.172816022273715536e-02
9.548165204579621423e-03
1.090181136134920833e-02
3.640803946653196205e-02
3.757098315387654569e-02
1.647286379263220024e-02
4.458916274526898704e-02
2.147861144457029192e-02
3.322536420712143140e-02
3.770461522373162733e-02
1.360174905936915347e-02
4.302050968595082237e-02
2.831269553019723911e-02
4.877053594210290638e-02
3.630545051955926666e-02
4.177081217210650010e-02
6.952959392168533634e-03
3.627773256821512776e-02
2.533547927619682338e-02
3.372646583066847559e-02
4.209061846767109955e-02
2.202168841330688284e-02
3.089476332514525664e-02
1.196330699866918115e-03
2.039971521675186181e-02
4.714068618848068354e-02
3.410795497436551471e-03
3.929643654730362312e-02
1.252782070281882555e-03
8.268507886312179145e-02
1.921756011402248401e-02
8.768809405480132782e-03
3.839152098498065796e-02
6.194323106237981796e-03
5.995358129319365006e-04
2.159002047489184950e-02
3.540037594599403092e-02
4.066912641730757727e-02
3.374917017488495569e-02
3.856178309034270779e-02
1.155108314027846958e-02
3.242796907473399076e-02
1.274558888081791554e-02
4.898952244839726439e-02
8.374242617110205442e-03
5.302959393872166277e-02
1.931367866561878657e-02
2.192905450444082929e-02
5.632194114382343963e-02
1.437142693352760035e-02
2.628074161834753966e-02
7.194436317278215219e-03
1.852108075182278685e-02
5.130489113685615665e-02
6.039831580143131817e-02
2.126839945472568105e-02
2.178831097778823663e-03
2.723471798417794951e-02
1.796534221284712060e-02
1.807069116862075955e-02
4.479100890717123418e-02
2.882091571500274355e-02
2.826293642113359567e-02
2.236923274887037474e-02
3.931440798760368199e-02
3.282628137343555826e-05
3.726385262883800953e-02
1.860353392838829528e-03
4.029475940807843853e-02
2.244881798551465191e-03
3.724270433650297973e-02
4.535304501374930707e-03
4.521871342698723095e-02
4.124688580624717021e-02
2.912820046541570590e-02
5.593727935521240931e-03
5.796137672660501769e-03
1.553213363636010008e-02
1.997884684438602787e-02
1.351282848066591956e-02
3.971116328064989293e-02
3.174226310095341202e-02
1.778120529042080677e-02
5.245204519509435743e-04
3.181447759559174896e-04
4.101329737926116131e-02
3.932687020990646709e-02
5.021773470446785209e-02
4.689921698415336349e-02
3.556776330677396958e-02
4.245483825530078914e-02
4.209673031836808077e-02
2.399907311917581776e-02
2.460330017767033139e-02
6.695353425785717690e-03
3.615452139720305713e-02
2.975363212676092328e-02
2.913065381240182578e-02
4.888727299822988315e-03
1.745814553270324133e-03
4.425271191384842762e-02
1.839453872451920005e-02
1.012997901451385269e-01
2.463253718215938429e-03
9.707354135652263580e-04
1.836034829877149221e-02
2.960931294258038748e-02
5.123116875700693424e-04
3.472043371748552432e-02
7.471791804413886393e-03
3.948667786424728265e-02
3.477568556439646855e-03
