6.072720539108297788e-02
7.330484735141579167e-02
2.567882937962905759e-02
2.590160167035058733e-02
5.937347663192490965e-02
6.839230265210274884e-02
1.160557073969481906e-01
7.857523636409792511e-02
6.809206271969582558e-02
6.817845810208504609e-02
9.180325952606918638e-02
3.297388857254777289e-02
8.267694429066660411e-02
1.712011276890618508e-02
7.161338643952200322e-02
2.901208628672884756e-03
1.015494947768307843e-01
1.112601427111471197e-01
4.290068321516858629e-02
3.556682960294095530e-02
1.127169643765541657e-01
9.390504938523577816e-02
6.783120374971536365e-04
7.311420680381436332e-02
5.393162066570773155e-02
7.902553902217211712e-02
1.223699988374819803e-02
1.329224057697881746e-02
1.750982271875364338e-03
8.956003256360618725e-02
1.908343898094658903e-02
4.198075532438796942e-02
6.590908056451572072e-02
8.327102425785243289e-02
1.995405248273113274e-02
1.829496768121674846e-02
4.511811564092519516e-02
5.610713720807921495e-02
9.600893769284774004e-02
6.954223328341130328e-02
1.115220837124039910e-01
5.537073503037817646e-02
5.306243498412442638e-02
4.891833981609478715e-02
9.088987774516345264e-02
7.579961654807834681e-02
9.819732200139281997e-02
1.184098258264528469e-01
7.020177749090862618e-02
4.559448689334304715e-03
3.877825967968132753e-02
1.150486773050511530e-01
4.009546777362580500e-02
3.720330048533784101e-02
1.139900811267750697e-01
4.691371787879065891e-02
4.556618331676978023e-02
1.796193181551470480e-02
5.423924436101840163e-02
7.044940434463115790e-05
8.208543281354389876e-02
8.549522897845956981e-02
6.880120160054850609e-02
9.116712092603880546e-02
4.673843878079978614e-02
4.371134692479893696e-02
1.089687410856566424e-02
7.285723971069135718e-02
1.019638134509002064e-01
7.688510856856727027e-02
4.373599936354163886e-02
3.278923493188630467e-02
6.376693627999990843e-02
3.145710061885786946e-02
4.852983611798836888e-02
5.020888465355740488e-02
2.132674815587511097e-02
2.814489227146531672e-02
3.662552749508907191e-02
3.636204096861560264e-02
5.412287998610905426e-02
5.809182833369273824e-02
9.850054970076013716e-02
8.331087041269377713e-02
8.533945992302088834e-02
9.697346346531850181e-02
2.912805824100370838e-02
6.389599542062522619e-02
9.151060941438066143e-02
6.303837168327693086e-02
4.043844098024767554e-03
2.149283031420436228e-03
6.467897938868341634e-02
7.817250852124660310e-02
7.778524988831707343e-02
9.565661334976827135e-02
6.086297241920957807e-02
1.589154696484966836e-02
3.624828372520967623e-02
2.185784673457864119e-02
5.501273353006127902e-03
9.667337127306764588e-02
5.297913703846146571e-02
7.029042356827412685e-02
2.879293090086560564e-02
7.155962873811649860e-02
7.020952067284792764e-02
3.759468333425678745e-03
7.408600769082221730e-04
8.029607969804729295e-02
6.547206050633241903e-02
4.621058654130714982e-02
4.288896889629296993e-02
7.358380862423984092e-02
7.733492453443124859e-02
5.564594269250082437e-02
5.412000651881598108e-04
1.031563014062296529e-01
5.189776310917038060e-02
4.903722041726286604e-03
5.473125464541039875e-02
6.514943150673867256e-02
9.392284440484213737e-02
2.825005561367536708e-02
9.038251771695567224e-04
2.226383589357101497e-02
4.203989926454320541e-02
6.482544825081668072e-02
6.807123148445647087e-02
2.037192287257112711e-02
6.909910018301633483e-02
9.443225193371566906e-02
2.661698766587210219e-02
1.345468861490825910e-02
4.487019854982773892e-03
6.224526889399163709e-02
1.128711420862543030e-01
1.896240903000361022e-02
2.956942186783756421e-02
1.087680976134156319e-01
8.298573585828436516e-02
4.066937171685473806e-02
5.362184532607964377e-02
1.125115313259285599e-01
1.119372986329887978e-02
9.647951261321496830e-02
9.784623320859547890e-02
5.126217395330490145e-02
5.784727342865636501e-02
9.515582451864317004e-02
4.808201538120289442e-02
5.282549259900690825e-02
4.489541733580558469e-02
4.364294068479417088e-02
3.836917912386383911e-02
3.723592869770311203e-02
8.942363543702022688e-02
1.908401776435677145e-03
8.303496857503363249e-02
3.901910157711172000e-02
2.070686173256910262e-02
5.602450742762929425e-03
9.251955349106127935e-02
3.280682922466535145e-02
8.128499913000857002e-02
1.146249818156164502e-01
2.683208739432353662e-02
3.683019882176935544e-02
8.141409561049733901e-02
1.172430630573364635e-01
3.378176976702326056e-02
9.450694766290720916e-02
7.976233144294347932e-02
4.712246459224306294e-02
6.812200752280477001e-02
1.065707070564018977e-01
1.110099399251755770e-01
6.017013380810342510e-02
5.311196686744145551e-02
7.284556216046980670e-02
2.445657911850555866e-02
4.524130066527001781e-02
3.176701019136714266e-02
4.660324401762896279e-02
8.365882018588183255e-02
1.117840433343587556e-02
3.841662566362248621e-02
2.902517511940104142e-02
1.026431425506329695e-02
7.884983299134502854e-02
2.648973253158984353e-02
4.030664284635584321e-02
2.377151022959395066e-02
3.825404043423958483e-02
3.097805727460103270e-02
6.080007669781690299e-02
9.521602831161816993e-02
1.124614471799026266e-01
1.609209476059464752e-02
2.132344754740179982e-02
9.796089212970854332e-02
8.087912999033371186e-02
3.734072328408112595e-02
1.062305602453135628e-01
3.788276316194322951e-02
7.415965854635338250e-02
4.210917338855811598e-02
3.790860675757794229e-02
7.619433313988709100e-02
1.101221251238499316e-01
9.088914331543782033e-02
1.135968843650749099e-01
7.147848109300077024e-02
1.196442388714661839e-03
7.051304440413795616e-02
4.683148878291969359e-03
8.703385716339853695e-02
1.105725950101402316e-01
2.311818848764816015e-03
5.654488110692799246e-02
5.397878776449984567e-02
1.093066364120085371e-01
4.944565563994138269e-02
1.060501106947321776e-01
6.423333357648143560e-02
9.443301964266931359e-02
5.610864098582048903e-02
9.092597360212220647e-02
2.393214388723707842e-02
4.388504358801072203e-02
1.047616565434724423e-01
6.440358319087813310e-02
7.925773687245714350e-02
8.065719499572153450e-02
9.793533793073275987e-04
1.098562823552315659e-01
8.115674329436495249e-02
6.778897785783509489e-02
3.343279010319670508e-02
1.157268962668158568e-01
1.000413127991316015e-01
4.796134629207019634e-02
9.583333399815779918e-02
1.324630388834986976e-04
2.851285220693044672e-02
2.264808395070506616e-02
6.857219821876556209e-02
1.066436145362501392e-01
2.423107204617168560e-03
2.201380462786940717e-02
9.148145718612463173e-02
1.047409587775948864e-01
1.662954927452755345e-03
5.070272407271538689e-02
3.092743309913522851e-02
5.114487586597093322e-02
1.819776869569118480e-02
1.011162903529140705e-01
2.829883200113451555e-02
7.048304888703546545e-02
8.640604458282435951e-02
6.432700896711694705e-02
3.788714567957436608e-02
1.951068786376267518e-04
2.258414873930383177e-02
1.099109868474388157e-01
1.037305990368482117e-01
7.993350189075559831e-02
4.381474121251548171e-02
6.600617771997574837e-03
2.196130315200370275e-02
2.236738268623666547e-03
5.327945289618223751e-02
9.725001349749855251e-02
4.686085343743699033e-02
1.173632843634110495e-01
3.870968179084022243e-02
8.047400410404614846e-02
1.994425636350714154e-02
7.659312123184283672e-02
4.386923271577770900e-02
4.300400863777763261e-02
6.102225117631750878e-02
2.251706931766500608e-02
4.641131358884070801e-02
7.240558408714914407e-02
8.642101692301837335e-02
6.321118056106304894e-02
8.406046437393666082e-02
3.244185012180371419e-02
1.239990955172398310e-02
1.069968429411731342e-01
7.201663986849571319e-02
6.425321837508396472e-02
9.389283731134381861e-02
3.051648082553391327e-03
8.063363726116419550e-02
3.660031971732271433e-02
1.600967304794274557e-02
5.234081441651973476e-02
5.435896796601603215e-02
6.523057655754974093e-02
9.694155812149703177e-02
4.395879256976801402e-02
6.708750350364674209e-02
3.363957663516289887e-02
2.402900652978374411e-03
3.254773357562489727e-02
5.346106536687830757e-02
1.046828994874718921e-01
9.835503848227365731e-02
1.047676046132984262e-01
6.855023113637460919e-02
6.574439748920959947e-02
6.143877406319293161e-02
1.597257271014976623e-02
2.932938325986540404e-02
2.061866849231252380e-02
7.515174504711640002e-02
3.425686128315681006e-02
7.073835631122243894e-02
7.100982107021889221e-03
2.937453245747952829e-02
7.514646266148880538e-02
1.136803107564940546e-01
1.731344874543862082e-04
6.237496322052534653e-02
3.741827702471407519e-03
1.107403064762858824e-01
4.405637270022814966e-02
1.924684353252785821e-02
1.058177891240383306e-01
3.910076691842995916e-02
9.693563445389055677e-02
1.099384919103902347e-01
6.936281270152849787e-02
7.620191396973219344e-02
4.298996568206624874e-02
9.147636469340843235e-02
4.272168128130309633e-02
7.906954065077623217e-02
4.838922304631226162e-02
6.927425033483931849e-02
5.378357430905857280e-03
3.375464501094045666e-02
6.581504774588899098e-02
4.793410514359559838e-02
6.681877477907054164e-02
3.107590743086517584e-04
4.151853778012773444e-02
1.051838100982426666e-01
2.203535199836790734e-02
9.417409902803855482e-02
4.279645443603340149e-02
2.160971412584183557e-02
9.966487761545059221e-02
5.124984065985052455e-03
7.442028308915506207e-02
2.800123775975768906e-02
3.600138263851165865e-02
1.084992551936108662e-01
3.724999580370100954e-02
9.781633789633305265e-02
3.761299854895894246e-02
6.152261203873573420e-02
4.243323952785647141e-02
3.857397968455160420e-02
5.619522498382916592e-02
8.018541272023116395e-02
7.145808539885162292e-02
2.491416636930473411e-02
9.293623581839247083e-02
8.002323511708865633e-02
6.785673042949758038e-02
3.860100591103147322e-02
5.500027489839991873e-02
6.086799859653786726e-02
6.893329840145396951e-03
6.171827577861963704e-02
1.250863840377374738e-03
6.191961255978470358e-02
1.003920191842091192e-01
5.545758305235929525e-02
8.447204434697394571e-02
8.145608010637227225e-02
1.501303851085777430e-03
3.327477860357785228e-02
2.405230428402261591e-04
9.816171620867346348e-02
9.368282415883938397e-02
6.003891032869546063e-02
2.670980324725901606e-02
4.487890319663993821e-02
4.357753845441679486e-02
2.468615564488052874e-02
7.497272636075063418e-03
6.488502691340422568e-02
7.272776349544352037e-02
5.600793172343969395e-02
4.548524667186663178e-02
3.393533618759095316e-02
1.838260574574297063e-02
3.465353568383100491e-02
3.582580597882779189e-02
4.359435288133632624e-02
3.562396749489570719e-02
1.111953268271287099e-01
4.920825325991652621e-02
4.673637031205615106e-02
3.825454593458325198e-02
3.035688917061597769e-02
9.482163406675316042e-02
5.861735150269911654e-02
7.633595271584078801e-02
3.297147134912143535e-02
8.062279613154341162e-02
1.333973776206030673e-03
4.779385461573619487e-02
6.583349227293250339e-02
7.369335641141265547e-02
7.671942992120971139e-02
2.816574083321378083e-02
1.414655612907937199e-03
5.754946557268252744e-02
6.870030058772613746e-02
5.048906187295477271e-02
2.061783853794730420e-02
3.801744783312485582e-06
1.110865137333575531e-01
6.027535582269245157e-02
9.038917068383423015e-02
9.003206632292415357e-02
3.977536806597018609e-02
1.002064868521996832e-01
7.555470057271046480e-02
4.160180576786254303e-02
8.325371330115949320e-02
5.799541853185997270e-02
9.223450061976683212e-02
8.313714782205189335e-03
8.606281740542842673e-02
1.103193475326590817e-02
4.994490800838587846e-02
7.447773641976937475e-02
4.428813064911251568e-02
1.242717604650867523e-03
3.369181106046437862e-02
1.028158588427182801e-01
1.049742337294853611e-01
9.099268869409768770e-03
3.949240349289600410e-02
3.980294843196032634e-02
4.026169709387977108e-02
5.778602178729717875e-02
8.576929968959419448e-02
8.908196686471485728e-03
7.483631453337238545e-03
3.302464807974557492e-02
6.201264325678985251e-02
7.275820528628579309e-02
5.435228344516661314e-02
3.268056621967464076e-02
7.388499725457971234e-02
5.021433765876352415e-03
1.144515201606240845e-01
9.736634360120255752e-03
1.748916713972470741e-02
6.075050261447374755e-02
5.826820628205763714e-02
1.035749424242301819e-01
8.241310127865766888e-02
7.644008124267835658e-02
1.358497028228846867e-02
3.605305406591018114e-02
1.018773552936663024e-01
7.222795580077639305e-03
1.095641448639574078e-01
4.200655636446611052e-02
1.646315715513403666e-02
3.156291765916349745e-02
3.491141229672833392e-03
1.028572605556903607e-01
5.880992345337134747e-02
4.978032601544427754e-02
9.622166898141944202e-02
3.359072687004028418e-02
9.517292373845279152e-02
8.094341734850432624e-02
6.235173363861579859e-02
3.567242921103296743e-02
4.699583734108443711e-02
4.933842349474062278e-02
3.164263803175228901e-02
2.914493326795833394e-02
5.197276442416855213e-02
2.169762838267645308e-02
9.246394132003540878e-02
3.294154643810365962e-02
6.152327381172285198e-02
5.967265584846571241e-02
4.353795477306759976e-02
4.512576042258569647e-02
1.795391517206621629e-02
4.391941092049755219e-02
1.001629568521298225e-01
1.013706553409560035e-01
6.466492185216041189e-02
2.395485359047736461e-04
1.081523725920649631e-01
9.135632772617155450e-02
2.347652216691451313e-02
6.487498213007884817e-02
7.516687610375039075e-02
1.137407448116823233e-01
8.932455873275244040e-02
5.346656782947221791e-04
3.420854282375138805e-02
5.678207904399359962e-02
5.004221595414697135e-06
7.203297412242797839e-04
1.766057036524181596e-03
5.349437495650234686e-03
5.676549495805840312e-02
8.664296184016549718e-02
8.815531036423727984e-02
3.841085204389526470e-02
5.416520240832002620e-02
2.397725915562745960e-02
3.545521745479467135e-02
7.556848186499232067e-02
7.982881743024107524e-02
2.029111544383302868e-03
3.397371354412524747e-02
7.233561524888730901e-03
6.229344507375488005e-02
5.812015018657728377e-02
3.503915428084693195e-02
8.945001567073462834e-02
1.741003466606620177e-03
4.834044622511928652e-02
3.608820679538216752e-02
1.159498526634432924e-01
2.823490108573529014e-02
9.646844001491212961e-02
2.144918799703968149e-02
8.768461992294114549e-02
5.776417715101693495e-02
3.111681103547368418e-02
3.497146270241702909e-02
2.145480376904566194e-02
9.467755245420796106e-02
5.098970536529975894e-02
4.452269576919260646e-02
3.863270860531593798e-02
4.191699047845964116e-02
3.720872971632600834e-02
5.553189790068756987e-02
3.301039974140183159e-02
6.722531140405924033e-02
5.555501754881669342e-03
6.743527429315816779e-02
6.331600587009600378e-02
7.445653030161270003e-02
5.269131189729072545e-02
6.904836895192027757e-02
7.116222037261134281e-02
6.963852333285724949e-02
4.360125697562439867e-02
5.655936012152456421e-02
5.246350445244540167e-02
5.018839498371380908e-02
8.803355024731329692e-02
8.384018678961127624e-02
7.887651562547592921e-02
1.045058944510743326e-01
3.844380920876091633e-03
1.109158083833410857e-01
4.880497346658217717e-02
4.742013942051095249e-02
2.409306527801653372e-02
7.794431822988938385e-02
3.859741535878953578e-02
7.409097014257737257e-02
6.048907524149316900e-02
7.403911960983330237e-03
1.003826128308269450e-01
2.829969871493184796e-02
1.174048598647145086e-01
5.323952550881827506e-02
5.503200588151618139e-02
3.385053468755695044e-02
1.006371153677549646e-01
4.959807475924591508e-02
3.046290839286620519e-02
1.137431284126033115e-01
7.524567910618717992e-02
7.844645049565766859e-02
4.708605789270534775e-02
8.275078225675605581e-02
1.084389435834060417e-01
4.829659185776384589e-02
6.377688989267318864e-02
8.129409427229494778e-02
7.309188600152083728e-03
1.831803206588662053e-02
5.810017568890477047e-02
1.180565539635178990e-01
3.832975581257021258e-02
5.005362314005781799e-02
1.045792455951644884e-01
4.938838792128268096e-02
4.348280269363870298e-02
3.977355819039506829e-02
2.386961341958097893e-02
3.889723119973331755e-02
2.368014101651778891e-02
1.144811151079378059e-01
3.033299331106263305e-02
9.280584401830174746e-02
4.207933592054767698e-03
2.708068310928326769e-02
7.869547702139877143e-02
3.688304156663759631e-02
8.499169877394141537e-02
8.343793757967657432e-02
3.711434781275876199e-02
9.340644896621709548e-03
5.422859015166963531e-02
6.304872122318914973e-02
3.269481262207632466e-02
1.654759159759234405e-02
6.540149871349223987e-02
7.172499533412071693e-02
1.074219164715320557e-01
2.313175734306572792e-02
4.092477324189001953e-02
1.791742018197869935e-02
2.875343040835513786e-02
7.841886627944649746e-02
7.128568280268353721e-03
3.767577819448877929e-02
4.804313157003863195e-03
5.794857668051997535e-02
9.857202575106299713e-02
2.556013841351986032e-02
1.045303628131962759e-01
9.647919200636294323e-02
9.107722607545393201e-02
5.177261207179254671e-02
7.426320719323951935e-02
6.979324373675317716e-02
1.993908938516372742e-02
2.241396161830982309e-02
7.626594361877911399e-02
6.540995843850484087e-05
1.120676201353660029e-01
2.867084423213257446e-02
1.335719987035432176e-02
1.117963631598575536e-01
5.046276944137442766e-02
7.290765888665884202e-03
3.840221998107630486e-02
5.784177263509613504e-02
3.990242699410233990e-02
8.125882461926887956e-02
3.282836184753866460e-02
9.234513746940974099e-02
7.033994163267388855e-02
9.181665847935129021e-02
1.107086378569783341e-01
8.226807723691653695e-02
3.631330447426167618e-02
7.372916955227756808e-02
8.244841597875501860e-02
5.521711530589190620e-02
3.328062876897946304e-02
1.732124030348661985e-03
6.485175323316573481e-02
4.069702525173273661e-02
9.778181380332325034e-02
3.565535827925674778e-02
6.643189635304708185e-02
5.316606956554867369e-02
2.693783482024949064e-02
1.054461191988121244e-01
5.533395185927390825e-02
3.636253620456830760e-02
5.743184850854028863e-03
6.200224690725130577e-02
1.925391667258855369e-02
3.917593102890722014e-04
5.535089906842358826e-02
3.452432034907871455e-02
1.136844253584110981e-01
3.638080768107155406e-05
7.769569716461861841e-02
5.312490705823878084e-02
1.469171386215404988e-02
4.058477309030647517e-02
7.656575325267808707e-02
7.066056035418615336e-03
1.929872120209194519e-02
9.205163297658803135e-04
1.108509055315506642e-01
3.368324280051548936e-02
9.637547567581110364e-03
7.129718358325040639e-02
5.043473088083581107e-02
8.807317100287978540e-02
9.056390963661972715e-02
3.535651909485577893e-02
2.515911273562122298e-04
8.247417108462694324e-02
5.868652218263069320e-02
1.043666356795815708e-01
7.647212929000637982e-02
9.871354056326411830e-02
2.492365042162136488e-02
1.922154783539901934e-02
8.152027560284247354e-02
3.493900271031271515e-02
1.577205231033979027e-02
9.403177750674138191e-02
2.656404574399355914e-02
3.506215132085777064e-02
4.067796780997700635e-05
1.019889145603065754e-02
8.156446358965921406e-02
7.208674660664947387e-02
3.780685137028727549e-02
6.511918042926109762e-02
5.688476167836421793e-02
8.847682444495694187e-02
4.684442792770057012e-02
4.827264619398612122e-02
8.641426617487387270e-06
1.081460261669572320e-01
1.957928215650720644e-02
2.042721367503867042e-02
5.718263663953496861e-02
4.131634823150785035e-02
6.583609904141145275e-02
3.966420438718524372e-02
5.463548602665863757e-02
9.370691673521909515e-02
6.610013235382455887e-02
1.526601978464762685e-02
6.611377602591662905e-02
3.024198535936901966e-02
3.140343961994516899e-03
4.334058040042313570e-02
4.055690268619557837e-02
1.165573634663503999e-01
5.337895093431081935e-03
9.041618936105393078e-02
2.606110919794252245e-02
4.984308191433423768e-02
9.079657740649607622e-02
4.795755080895374584e-02
3.050181782246186649e-02
4.443304913510774667e-02
9.533101512908545572e-02
8.861778924443119987e-02
5.399379071015913967e-02
5.646246873087378687e-02
4.711146532183359964e-02
7.246619067441541218e-02
3.986910319606279396e-02
5.720954711439620727e-02
4.167187873485136279e-02
7.405031349175418554e-02
3.839810776993633767e-02
4.040075783126498982e-02
1.714307701778891233e-02
9.736371662952061912e-02
6.784731744147658172e-02
6.357868111071283967e-02
4.595754337297379335e-04
2.688592925880069207e-02
6.703813156003213258e-02
1.042208900814750039e-01
2.404815299177887750e-02
7.093912933930951632e-04
7.785100086267054964e-02
2.848904172796314777e-02
1.254606802615925928e-02
1.149071972409117194e-03
3.749695336974173676e-02
8.072223526963144546e-02
5.808334035890200600e-03
8.421736014444378138e-02
3.891126341611673978e-02
3.401147125906749114e-02
1.188976195853655993e-01
1.889289437301752694e-02
7.138877899290958784e-02
3.581745228251318608e-02
9.850220595215498920e-02
7.132258058721092919e-02
2.632582311595736690e-02
3.280132847190029427e-02
6.214531725285995893e-03
4.725535645187109446e-02
2.528981030634001870e-02
7.298264671983224761e-02
4.621353326563716613e-02
1.911324022877752479e-02
8.941090319216540849e-02
7.306884008772894512e-02
6.693890009437682143e-02
6.735403243171195035e-03
3.756449285079545980e-02
4.308409761746676003e-02
1.427307552367061347e-02
9.921407941789066320e-02
2.015242344953225781e-02
2.313363144728020765e-02
3.803314762176306790e-02
5.432637522460941407e-03
3.135753700387993587e-02
6.479659081309742386e-02
4.068151231814631091e-02
7.700587420814361539e-02
5.501141814519224654e-02
1.038616953173275431e-01
5.753463521929743502e-02
6.306430141662185129e-02
3.128233287140311236e-02
1.369625592492826035e-03
3.258833741238267162e-02
3.909678268832075809e-02
9.649193453165312573e-02
6.929517104445065412e-02
2.983487184529253974e-02
5.432816703901829913e-02
1.122368176559526420e-01
7.167841224996797378e-02
9.175735215365338204e-02
5.792035686686593243e-02
5.873714652095968908e-02
2.153847990671949042e-02
4.317767501717087453e-02
9.675281810130194338e-02
3.975274745115767172e-02
2.841878704760934446e-02
3.621288971530680495e-02
1.918561214199518764e-02
3.188190968672870683e-03
4.122402912358143906e-02
9.678114078184725522e-02
2.873326037297875557e-02
1.027536602777199826e-01
4.602106470830422819e-02
1.029890010801238071e-01
2.270336032302445670e-02
3.586522374935020852e-02
4.133116863072602148e-02
7.056050555998163998e-02
9.486814169556985477e-02
2.367058602187365260e-02
1.063179964220564849e-01
4.751494307933733924e-02
5.590604161502090580e-02
4.465546070014182051e-02
8.574256388086196057e-02
1.177670770889586299e-01
7.550727141562228739e-02
7.687192182457927569e-02
5.316893908346944503e-02
7.729199966316979697e-02
7.728773648659931217e-02
2.638625728798523265e-02
3.602204354564151473e-02
6.874946365601551646e-02
8.398228765442217192e-02
5.616503870176717261e-02
8.141487722121996951e-02
5.881608562082137059e-02
9.190608665899606400e-02
1.159059442259534334e-02
3.105022295532819041e-02
8.782580368762729628e-02
4.218995890410770500e-02
7.635373284345116363e-02
9.779120206282255253e-04
8.661102615799015636e-02
5.499417661693647985e-02
2.859121769555611481e-02
2.150009850198120187e-02
2.080291661057235425e-02
6.464901607303291664e-02
4.958404113836633459e-02
3.042752393601204017e-02
8.170211798436266895e-03
6.142168933838977607e-02
9.603945377784725568e-02
2.125972712219274113e-02
2.953962095286480002e-02
7.481576301387588002e-02
9.430103476859973133e-02
1.166993757512844732e-01
7.231032026986469741e-02
3.770745263556221638e-02
8.218389181166796398e-02
8.493307182221973561e-02
5.911533068251887714e-03
7.208168192386381345e-02
8.360964726154662685e-02
3.888558886948237370e-02
3.838555380284956742e-03
5.007272752102313873e-02
6.701950849222072792e-02
4.474522175472261942e-02
9.288357963681882767e-02
2.254621962249393763e-02
5.198353732425440438e-02
3.517948559722769430e-02
1.124566018213559448e-01
3.137653446149355624e-02
5.530314763988699450e-02
1.132551353727100085e-01
5.386881193376236165e-02
7.742245439080203129e-02
4.678339258027072733e-02
2.397665140624878979e-04
7.108387943278124399e-02
7.439423767561773038e-02
6.240764200414606472e-02
6.814846001321726854e-02
9.669284538245313809e-02
6.610068924827122716e-02
8.216646467410251842e-02
7.582081329941370296e-02
1.802486882890887501e-02
1.042426173506690312e-01
7.777946419020494162e-02
7.649600724173642730e-02
4.244251955296177853e-02
7.019990600238451561e-02
4.251379448597591981e-02
1.592706885170127803e-02
9.383683052408098302e-02
7.575847246289989234e-02
9.003921698621786263e-02
3.318683120440867051e-02
6.599983339025759788e-02
6.784958573356657252e-02
2.670613884074122049e-02
7.017058811682297392e-02
1.963239696181318106e-02
5.420855716441368849e-02
1.138914192433688188e-01
5.006711527415142610e-02
6.518864736655446968e-02
3.253605460843406877e-02
1.146915655174919786e-02
4.311776963778769485e-04
8.129453544361214812e-02
7.848795669569084976e-02
2.005222675469532992e-02
5.230833674858847981e-02
2.240226006145689536e-02
1.628301399222203266e-02
7.884658311078035497e-02
5.825423140635510588e-02
2.787416767398859935e-02
3.983103843892110002e-02
7.957282496753965984e-02
2.356906016765616951e-02
1.052708976837736232e-01
8.065342691591437241e-02
3.653920140755968077e-02
6.260630337124541145e-02
1.075085058836346315e-02
2.372876637194456725e-02
8.617768969113968891e-02
3.764482726651243588e-02
1.601384313207298085e-02
1.627059373374250065e-03
1.076907973371583616e-01
7.565835734110445965e-02
7.532341226459871031e-02
3.219652556700058899e-02
6.496979323795420980e-02
9.520470594785861163e-02
9.003027072043270906e-03
6.253600527608910165e-02
3.993224054671302981e-02
1.077638364735126891e-01
3.982680363843172505e-02
1.083202221407666560e-01
3.597002956119486894e-02
7.337783296807959266e-02
1.468194645905664217e-04
3.006811238933809055e-02
6.993550141791762646e-03
2.081702278263625194e-03
1.097786636977093194e-01
3.630171958878476018e-02
3.104755198348741266e-02
