9.099932518863221298e-02
7.021943646677321349e-02
9.907442875260590032e-02
2.193082504996408250e-02
9.961654873644085195e-02
6.007259327402215271e-02
1.112965152730224089e-01
8.008759905012832747e-02
9.907352051451343011e-02
1.033359073267648559e-01
6.282041369548588272e-02
9.370660354291905636e-02
6.164927413012721846e-02
7.276190339646808163e-03
7.659556334566794411e-02
1.223298499477937229e-02
2.398109919998383383e-02
8.572139633553717275e-02
2.497340993325072606e-03
9.048433624729731312e-03
1.092967405861809266e-01
3.492122720211185416e-02
1.135560649556300872e-01
5.531902322159668733e-03
7.931745722421099098e-03
9.681255318262256548e-03
7.654447727910904109e-02
1.481911814302869224e-02
9.568733682427392473e-02
1.946613279615642608e-02
1.033111359423583148e-01
4.662950589893703063e-02
1.138895373661101967e-01
1.063582672464590817e-01
1.058331313605219981e-01
9.496448675511744153e-02
2.507047473636893342e-02
3.705685252195621560e-02
5.797090826218319337e-02
7.901865583613365551e-02
2.799108750717092808e-02
2.319635227797517407e-02
1.005621697407019233e-01
8.826644324474047787e-02
5.505563942110257986e-02
4.504751245586993691e-02
3.053485523176127647e-02
1.102807410263847848e-01
1.131382056185796098e-01
9.492622198458328109e-02
5.315306529560701043e-02
8.300512843602478319e-02
1.040560467617421408e-01
7.550800108260655175e-02
1.031072879240442497e-01
9.977824325215660373e-02
8.589558337633802776e-02
1.005935925513108259e-01
2.285841265025411947e-02
6.679413326416777652e-02
4.820708528971293788e-02
1.082237944062122009e-01
8.902132594952059941e-02
2.944945350449843305e-02
1.106432871222826908e-01
9.912089711536312131e-02
1.465039359514294214e-03
8.003868808399151880e-02
6.344425907428961897e-02
6.667369341530393623e-02
2.391783885231007697e-02
3.338591567016897105e-02
6.789751276619350462e-02
4.133892742106207857e-02
5.080889123571690619e-02
9.536330102190437863e-02
8.702031747493031710e-03
3.884248001737694925e-03
5.556430683317092195e-02
1.024515572806112274e-01
6.078455553123016802e-02
1.068572478279350008e-01
4.237252930438403786e-02
6.949591365134377696e-02
7.428136052625098620e-04
1.066419880179837187e-01
1.012401804377882630e-01
7.082499932130609244e-02
1.512293863693187600e-02
1.007238451906466159e-01
3.555834777339366825e-03
1.042476809427026335e-01
4.321789255034599875e-02
2.575207518671337320e-02
7.042254032679681405e-03
1.495852674078437632e-02
1.071714081987312911e-01
4.048205605064467832e-02
8.090075945793333279e-02
1.014466321702511276e-01
8.429803239131222758e-02
9.809051389927878062e-02
9.810069151704844947e-02
3.985521555615199885e-02
6.969152868771397169e-02
1.216105007077431834e-02
4.218382995063170546e-04
6.323238497079314291e-02
1.310677305330352864e-02
8.666690462245617982e-03
5.418480115899970695e-02
1.120762362552226304e-01
2.216761862878333794e-02
7.474414516341197634e-02
6.912186956668025899e-03
7.228243848606578752e-03
8.877765669078378774e-03
1.063289213035309780e-02
8.565231774880011084e-02
1.474986716651592936e-02
2.079024814806901267e-02
1.082454176111695421e-01
9.246218593422624032e-02
1.840986548513835058e-02
4.067148988734606285e-02
1.117486089926684467e-01
1.134596331320313345e-01
7.237043370298038014e-02
5.017474210177802485e-02
5.635650920037609674e-02
3.377397611020739598e-02
1.488273279455486903e-02
3.081968461291022775e-03
9.247857141281956572e-02
2.136153720078174181e-02
2.122788738977857831e-02
5.362690488979166697e-02
7.827102664471050075e-02
3.787875459578331216e-02
8.648339573138384695e-02
9.493320624927041596e-02
1.066172297023333798e-01
1.319907805494560139e-02
7.095377333141880682e-02
5.920122632507524019e-02
2.981547457096810766e-02
3.272262939152088823e-02
3.461786552945982087e-02
6.679609904980414806e-03
2.206647087493192761e-03
7.701871678288049750e-02
3.018760520155924429e-02
4.512219561547110847e-02
8.945503725257981931e-02
7.531222173796216744e-03
2.701367968468313882e-02
3.664243921273810378e-02
3.485085263129585748e-02
3.806718349004298285e-02
6.428825440612248587e-02
9.081775573869264873e-02
1.017959730437518334e-01
8.337147960097109067e-02
6.279271743506048553e-02
7.497675811036197402e-02
8.098091288339466509e-02
1.139446526045063968e-01
6.109731992940161706e-03
5.092567702100693483e-02
7.366889811256314979e-02
2.161709977887409789e-02
1.116919547515906191e-01
7.965127079822939549e-02
5.667829073530141620e-02
4.210747038974121947e-02
3.067653017162584247e-02
8.703330503479261848e-02
2.499217327319866455e-02
2.431240375541264195e-03
2.285346338761999520e-03
1.806893975182420620e-02
4.913776185048905620e-02
9.660796727213713520e-02
8.991635332365302546e-02
1.012649031926897980e-01
8.835054416865963101e-02
1.067977821905488900e-01
1.088770739074133020e-01
3.268017787539039681e-02
1.281282031525951895e-02
8.029107154638277788e-02
9.840666150622692787e-02
1.024871258107541983e-01
1.879014696449427674e-02
4.140415104082027786e-02
1.119356912452649233e-01
2.418945106028727587e-02
9.742919790596302199e-02
2.270707512759705116e-02
6.603192055490844474e-03
7.169573549714265692e-02
9.595194653932041795e-02
1.521234773700187726e-02
1.550506347264953184e-02
1.139485378529301457e-01
5.995184927410933395e-03
2.348034932292666216e-02
3.181443815644417750e-02
1.119343619052996508e-01
3.601754076248904479e-02
1.624465257171163815e-02
2.794666403512249819e-02
1.302760172265890991e-02
5.600176563502304306e-02
9.219009352860525752e-02
1.094716732283547433e-01
1.695313474710257590e-02
1.117135417288294547e-01
6.857835048361229924e-02
9.854765402209747505e-02
8.192498100524492344e-02
1.582797930258611485e-02
8.498801575202552527e-02
2.256683787533483518e-02
1.067323521837296521e-02
8.563479618829586415e-02
3.908457413647716677e-02
1.033184682087860129e-01
9.113025009907521623e-02
9.541461741042868427e-02
4.144022629214873243e-02
1.444076468494309012e-02
5.635483723332834066e-02
1.042889761214226968e-01
9.665388524917348234e-02
1.137439403890312395e-01
3.590833694344267718e-02
1.867867686115522521e-02
6.500590789971393002e-02
1.080320807879858735e-01
1.076855061511320655e-01
6.040701287942351269e-03
8.247865474551398235e-02
9.919334250080798221e-03
1.466049448497055291e-02
8.843867762085952378e-02
7.766236518469924258e-03
3.653582239683494937e-02
8.616932310604359657e-02
9.712784447066058480e-02
3.421413181572189027e-03
1.027152299174357020e-01
6.822855528768970168e-02
1.041636936918323569e-01
7.699750680906232436e-02
2.039920010855352395e-03
8.115021965963302442e-02
1.117791290709631152e-01
1.660786456894765284e-02
1.049438108916496137e-01
3.631049973941687624e-03
1.103822911711262733e-01
5.522782540000543278e-02
3.942962647496133476e-03
9.793047724230082018e-02
9.383829262895562739e-02
3.177954251031221179e-03
8.558767194869401629e-02
9.797033926041422147e-02
4.785221360105038069e-02
5.711068424023466039e-02
2.455663465048586735e-02
4.914540234826696510e-03
1.024442024104011834e-01
7.059955850468523086e-02
9.502747715965004227e-02
6.204547903704511758e-02
1.125457530434331548e-02
9.918537166854365233e-03
1.069755624497317342e-01
2.445515098621063417e-05
5.338895125709591100e-02
1.108887709116766762e-02
1.003873951088361527e-01
8.703031217016986287e-02
8.438666724070827867e-04
2.557332499112987059e-02
1.746573453087431338e-02
4.485491232700707792e-02
3.241543864136756797e-02
2.667265367128073689e-02
4.151732557595760181e-02
1.034453091730885982e-01
3.747291241606973133e-02
1.093503786953955587e-01
8.048943650542239592e-02
2.537574621883849704e-02
9.243469588163223671e-03
8.709203554397047797e-02
8.066361550012816906e-02
9.612751416096484980e-02
1.471398911366475406e-03
6.905009643085964488e-02
3.401907441441333335e-02
1.125228956753014792e-01
9.114485010635127449e-02
1.104811838251652800e-01
9.412074375640840096e-02
6.964379260494731050e-02
8.072946075214182393e-02
7.954926667698640486e-02
1.013148621796409188e-01
3.069667634493476738e-02
1.091975390191542300e-01
7.345191835014443227e-02
1.846433513962947304e-02
1.089141862496787599e-01
6.650636747530494497e-02
9.597190201301127044e-02
8.922381948723603906e-02
8.449154255501244160e-02
2.345670418457379211e-02
1.086410505720990377e-01
7.752599342711251340e-02
8.928783068865402128e-02
7.642447287702556352e-03
1.067284609696492748e-01
6.630813517128790469e-02
3.090260857949660156e-02
5.989380298011240389e-02
4.508594625586309634e-03
3.991694070578385295e-02
5.398634533742498881e-02
8.378571887286818953e-02
1.031455471119002987e-01
7.856874615824663635e-03
2.606558332597338004e-02
1.826747090412784644e-02
5.267319915797314539e-02
1.091310498791374234e-01
3.880840845728310284e-02
7.167386395218594553e-02
8.074901181342020173e-02
3.625877939634052863e-03
1.037362978545306180e-01
6.017496246629176065e-03
5.974059932806004281e-02
9.112567990379542848e-02
3.140484503756767187e-02
1.399258467568365027e-02
5.151193058624114335e-02
7.028901391819070144e-02
9.233549431773135224e-03
7.597216189899476391e-02
6.436372492863617900e-02
2.794651833640280931e-03
3.538926528306762798e-02
9.683908593357100358e-02
7.858153821290979335e-02
1.056498294793883387e-02
1.034986018153474102e-01
8.993350312324788209e-03
4.749019976519039399e-02
2.168538035596192376e-02
8.159654154162682095e-04
6.192846609550921137e-03
1.780942324425208168e-02
9.515961133448370968e-02
2.411612735213912104e-02
1.026833964610200794e-01
1.130424518715086035e-01
1.066777805216274494e-01
9.307828735874403014e-02
8.641876129043216115e-02
3.380178755173005034e-02
7.197093560015287161e-02
1.113659826567469924e-01
6.850077832078399660e-03
1.542590043920570022e-03
7.452739008063449105e-03
4.165463353564656523e-02
1.074599911305188366e-01
1.175166251577603946e-02
1.080047521201136507e-01
9.875690105051608547e-02
1.049226658695162628e-01
7.275867370342888052e-02
5.112665412036584284e-02
4.286397784808134576e-02
5.248304163077710700e-03
8.220929327169057554e-02
4.863524610019194158e-03
5.195735152149273152e-03
1.058704197165932642e-01
9.042740721253891834e-02
8.664424389413023786e-02
5.558155916242499966e-02
9.642846432428074654e-02
5.241494327830668182e-03
3.047214315582870425e-02
1.086842962370178078e-01
5.727242282210287527e-02
1.096268705057114878e-01
2.801502450004804412e-02
2.369499182747989655e-03
7.760449609389591386e-02
6.376776175130963349e-03
1.107144428585002532e-01
1.062877379705439995e-01
1.071975817202093506e-01
9.570564082513319248e-02
2.250773511995176040e-03
3.788496689365556530e-02
3.487804966803967344e-02
9.154165751495722120e-03
4.113965290787086060e-02
4.020541637574525165e-03
7.880053201144270048e-02
1.093220520856840738e-01
2.013194858655800029e-02
1.100108812084653331e-01
5.638746241109580948e-02
1.086773447227784295e-01
1.120313721891781078e-01
2.838604682945515545e-02
9.374304582780152231e-03
1.576589022509513466e-02
2.930795602246486289e-02
9.685814156375158190e-02
5.146841670471397762e-02
3.431134558636236842e-02
7.366846784368652479e-02
9.392173400374007053e-02
4.008340547528108783e-03
1.069635227246004128e-01
1.331990672828779060e-02
1.064899111212302824e-01
6.874274341145571177e-02
4.428351197629370323e-02
5.567409532183054122e-02
2.750074958069565617e-02
9.461100877560255085e-02
6.959004043137546891e-02
3.975693684318821856e-03
6.450402633082905068e-02
7.888838662134779744e-02
4.990813144289819869e-02
1.016150664284470317e-01
8.726092014351378989e-02
8.181657981663917334e-02
1.072236944930274605e-01
8.575644073036990667e-02
4.174303151185816338e-03
1.039167850114155467e-01
2.587317117638722117e-02
2.849655780310870155e-03
6.114344194527584868e-03
3.352745808399643090e-02
1.087314416054390859e-01
2.800706875733710577e-02
6.043284923893060823e-02
4.538166786752995119e-02
1.054716875132541698e-01
2.055828408199029608e-02
3.125537319639608291e-02
7.000682883354830688e-02
3.401714995736286606e-02
8.142514596657379755e-02
1.049529049408210318e-01
1.131969916515087743e-01
2.533896264186276392e-02
6.702355947767095479e-02
3.321934724339305200e-02
1.045156769358745324e-01
1.032793644228405814e-03
1.038949593933675801e-02
1.055814264902338491e-02
9.006414231611449550e-03
6.025996940730789925e-02
1.041279262116604348e-01
5.685952669552478758e-03
1.015418370153013811e-01
1.062639834460222671e-01
7.570903757613961504e-03
3.635530156098064347e-02
5.623140177697918962e-02
8.881770501935437601e-02
1.394593384799448603e-02
3.793015622740337350e-02
7.803808561105936292e-02
3.916796854005182710e-02
9.952120318688853495e-02
9.213813706590323616e-02
3.734503704109907313e-02
1.911849364834553489e-04
1.940096738786753830e-02
9.956493714401752626e-02
6.262435281535684573e-02
6.012198020260792197e-02
1.025088646221502531e-01
1.060478358447225350e-01
9.059819351784945130e-02
1.052114401778134062e-01
9.260832607580261888e-02
3.939615900965505457e-02
6.452569019343798451e-02
1.075353821058466219e-01
1.640898041961124862e-02
1.017544771655934377e-01
1.056763960507603600e-01
7.588508426540245544e-02
4.404706285415425221e-02
2.551918843326527603e-02
6.074581088711630827e-02
1.078602231747408519e-01
1.581086046357900801e-02
5.299363161412471573e-02
1.626134244756166289e-02
9.712195356447506089e-02
1.204118931305886778e-02
3.448089096234041584e-02
4.526157581358309506e-02
1.051663294974976293e-01
1.114166042348763153e-01
7.542469481660453445e-02
1.054720714043552166e-01
3.785882261638584545e-02
4.632389685794788270e-02
4.003523190236948914e-02
7.395596817129063139e-02
4.045851855016592558e-02
7.520265536272829898e-02
1.032149294314560761e-01
1.133487321439742707e-01
9.556350091261821278e-02
5.476720149178433694e-02
9.640718602876276189e-02
1.451198955665338082e-02
6.593428359004406547e-02
1.434144765066028282e-02
3.778682644751831660e-02
9.838056701187182507e-02
1.079398023309619814e-01
1.135955792537335779e-01
3.864709989245950807e-03
1.108146982798007864e-02
6.153557825487267208e-02
1.648527948335519119e-02
3.067979220602158261e-02
1.105996309569026309e-01
5.426460815289808892e-03
4.976489898888235286e-03
1.100425583884848957e-01
1.860646219341993701e-02
9.860977964676297114e-02
1.003092801217517621e-01
9.802813809400316714e-02
1.363994974610138744e-02
1.031151428470275244e-01
6.196505924185467806e-02
1.735890582416275973e-02
9.039980872420844138e-02
1.034798153044675859e-02
8.853071241462080743e-02
1.642048159858666007e-02
4.748235955978327705e-02
1.097305427518133550e-02
5.920247180258291810e-03
4.484964346343669334e-02
3.285300171708075562e-02
1.769472003114577058e-02
8.225783898922502113e-02
8.923297643914707145e-02
3.593762076495800057e-03
9.209342344675025549e-02
1.948407429955264711e-02
2.025911481571403272e-02
3.742360987933257555e-02
1.090792490009197396e-01
8.430055397992142208e-02
7.740329309323024098e-02
4.468615592545330251e-02
6.319384785141445027e-02
4.713138766598651275e-02
7.612224768995740076e-02
7.346467710189975853e-02
4.106111907723686283e-02
6.556201516144181951e-02
3.360395887614919808e-02
2.575779300909763342e-02
1.439974032306079628e-02
9.840069530592977787e-02
3.978063212148333361e-02
1.333989368406876194e-02
9.033553516791965887e-02
1.118348143612661327e-01
9.635211251739678184e-02
1.275632978537410284e-02
2.647560148996377493e-03
1.485935336771973883e-02
3.039166549853338298e-02
7.946009350882853040e-02
1.655504918825972949e-02
1.140566904816789351e-01
2.839534741487031305e-02
1.074479799786739603e-01
6.599571492561448482e-02
1.032324031326102148e-01
8.153954474613155784e-03
5.770387386423303511e-02
1.086188189148628164e-01
1.120586142661376683e-01
4.171048316163659259e-02
2.691243541475077730e-03
9.498662877552178918e-02
3.319808355054040816e-02
5.093162222866139816e-02
8.857428153415765337e-02
8.501544027650179136e-02
3.227233760266572105e-02
5.513707869479887898e-03
1.028333591263128066e-01
6.161794901765661053e-02
4.682580967174371396e-03
9.947780246109270974e-02
2.781911377143212946e-02
6.691808047004264848e-02
5.277921602486929792e-02
9.260778041151364326e-03
6.107261267909177421e-02
9.315836459718240814e-02
5.374646431400315755e-02
7.285625258501030044e-02
7.128935045506989976e-02
6.154951136121290800e-02
4.208569412942579115e-03
1.032105327382571575e-01
7.355941902816037770e-02
6.572931279134526517e-02
1.663885368440307794e-02
8.897467981588062791e-02
8.772026206954335048e-02
5.844241648591098903e-02
8.873250103332754740e-03
5.579383569933856618e-02
3.279428007394648986e-02
2.545413216829104514e-02
8.932705143453305296e-02
1.001355192522368764e-01
3.412909576850684662e-02
6.097532073125781077e-02
1.108728358762968991e-01
8.509546401584241332e-03
2.392915341766872414e-03
6.858795590772427675e-02
4.585625350924906612e-02
2.469376432121082182e-02
9.884120470505075584e-02
1.138029611158961063e-01
3.006189117174795297e-02
1.051718501828367430e-01
5.270401252892550903e-02
8.228404958255616797e-02
5.436954915269548438e-02
7.797297981106317277e-02
7.709569660760064169e-02
9.364774874161022056e-02
3.812205963288283709e-03
1.067946089362654949e-01
9.251883262080300152e-02
9.564315032818976325e-02
9.376575709272254311e-02
1.910528823117226341e-02
7.691868563110774298e-04
3.346766566507126256e-02
6.672566922925708688e-02
9.691844758403599103e-02
1.271692242556664125e-02
1.613372841651854878e-02
1.113497468135438324e-02
1.131213312041951247e-01
2.275555057534934134e-03
9.974000438010470482e-02
8.815960324601888193e-03
1.029943021771623918e-02
3.254801565933666818e-02
7.633233062993458051e-02
1.048549484002063159e-01
5.336379203450885081e-03
1.054196666613792382e-01
9.596181304327801309e-02
1.066888185565809805e-01
6.976976665045962755e-02
8.845815214034366547e-02
5.326008386608906131e-02
9.451175675782554075e-03
5.411583251598803615e-03
1.248987868849507632e-02
1.078777532229656388e-01
2.407606448214638303e-02
1.119690201294464421e-01
2.687957151282949556e-02
7.508718738866268505e-02
5.019229467938797137e-03
8.773188886479253712e-02
4.929108619837933164e-02
7.660212392270150661e-02
8.952142758377128196e-02
9.215010696811910818e-02
5.458305936540341213e-02
4.447353747112253036e-02
2.462606562951700280e-05
1.529477199774005591e-02
9.249251746821800235e-02
7.021833694007966441e-03
9.757447835158117311e-02
8.054525098560300078e-02
8.106861499266229524e-05
9.843979026225621598e-02
9.695542193027355260e-02
1.110278271446262371e-01
6.561587789898820633e-03
4.633482595615192462e-02
1.046516236794243770e-01
4.845272039116862821e-03
4.466824526460099788e-03
1.518181718427648839e-02
5.383415548994480854e-03
3.710121563825374835e-02
8.524438715744481546e-03
2.377306167334548859e-02
8.184081357080331964e-02
1.065896925667337430e-02
1.336315813819046946e-02
2.490827925003226938e-03
3.235803408129346928e-03
1.838299264248125647e-02
7.411280937924989709e-02
8.095690666806376612e-02
7.352231877858796116e-02
7.190964969666405193e-02
1.796567848254195616e-03
8.634980812269961795e-03
9.224462708254607679e-02
1.074849153119859374e-01
7.081280325807651210e-02
3.807997495227968821e-02
1.489714098531329071e-02
1.007162010294501350e-02
6.398897876883011260e-02
5.056984659820328021e-02
1.847080661459112733e-02
1.101464209203756733e-01
1.530183318531053160e-02
4.566232909668183765e-02
2.669968794431627074e-02
5.781506863561334045e-03
1.718315708380697276e-02
6.120110207882514114e-02
4.783859140446566384e-03
1.150662105790921808e-03
8.823930898160733949e-02
1.387087061291662586e-02
9.532920373616000920e-02
1.143540872714657146e-02
9.131108628903282509e-02
1.106226105235097179e-01
1.018951922397281495e-01
7.604022561863944818e-02
2.090414291569578364e-02
3.582404893093511333e-04
1.017457097811661632e-01
9.320271052163375813e-02
1.057846340277618195e-02
3.160004471547040589e-02
1.027970425300561014e-01
1.105132225139648927e-01
8.644251716561085486e-02
3.748296597284932197e-02
8.951688838201651843e-02
8.192896555237384748e-02
5.958116969672175300e-02
7.176995010453492141e-02
6.484183769440507450e-02
5.742434636407755090e-04
9.837998323928663982e-03
9.582088830902696364e-02
1.079592524721400409e-01
1.097676425619955598e-01
2.619689993773452116e-02
8.231926631508465486e-02
5.190352104919351839e-02
9.729528788802020711e-02
5.567150340610441117e-02
7.727424473661921589e-02
4.200924531696858394e-02
1.117265058056870208e-01
5.847307736968278269e-02
7.438144587652745221e-02
1.352682357505873359e-02
1.601977858914181620e-03
6.627287832270095658e-02
5.847647398025230918e-03
9.317008591370787296e-03
5.418728875680076801e-02
2.445813042810987201e-02
3.847047162765795253e-02
4.881706516424260539e-02
9.273264880778729624e-02
3.324015277492477216e-02
7.707698643727581896e-04
9.780763236364482804e-02
9.827619703195387968e-02
5.038399173830909739e-02
4.402582224078476630e-02
9.668795757608687758e-02
1.772788460486990000e-02
7.643049342713920113e-02
1.030499284697769663e-01
1.363522857595156693e-02
1.128548287347704848e-01
1.447633088144625012e-02
1.608214164459672668e-05
6.860754692804066877e-03
6.159555926859281577e-02
2.227367629460708879e-03
1.073470753942392525e-02
7.479594771078231646e-03
5.753664034776236752e-02
4.580317376474797066e-03
1.395226944045355882e-02
4.787039249269304381e-02
7.771514671532048224e-02
1.790506756105184061e-02
9.083257062142367777e-02
1.068299169896696765e-01
1.124119916201410246e-01
2.171151593575631339e-02
1.043014909229753456e-01
1.118929898202845746e-01
9.956236715009715577e-02
5.805800108653877412e-03
1.056323481473646075e-01
1.084600560633827357e-02
1.131170365031315128e-01
7.919452451825261668e-03
1.031235589063387581e-01
8.948859497116465334e-02
1.004905351917532996e-02
6.653338609813104487e-02
1.060426212623366421e-01
9.404818563511953278e-02
9.900381438110500421e-02
2.820171417819451049e-02
7.430633946505689480e-02
8.378940258588696288e-02
9.799757519800279815e-02
9.935800102243662335e-02
9.628606250259526267e-02
3.977146736595682519e-02
5.195380292528300331e-02
5.097139335602129256e-02
3.714446750797147090e-02
1.070062327907143063e-01
1.691251104100607860e-02
2.026614946835633008e-02
1.079196619178773020e-01
9.596872823746424586e-02
4.180291240266627989e-02
6.104560203788574058e-02
2.846108255023838390e-03
3.040158558745657130e-02
9.846090858558781411e-02
1.031842145511060044e-01
1.051738315319828004e-01
1.101600278920308873e-01
3.595901977672865714e-03
1.973525262149786533e-02
3.700602707883459547e-02
1.032413625903133014e-01
8.107866706737430762e-02
5.985041096772845265e-02
4.647488485920803908e-02
1.086779363521990366e-01
1.295876531417860210e-02
1.078890218402199230e-01
6.475073550698046132e-02
8.486213263462276390e-02
5.405142347597832048e-02
5.063309727879019423e-02
8.369909920781862245e-03
1.072928084460784692e-01
3.980694846766970330e-02
5.973273512203651492e-02
7.816870442757807569e-02
1.035930247590657050e-01
1.499455511814465521e-02
2.395361598002669623e-02
7.031827345353930392e-02
5.595533860764905637e-02
5.038155833020555030e-02
2.014142023808574225e-02
1.031340189709152311e-01
8.731118884279145953e-02
2.907128910726463830e-02
2.648891935181792862e-02
1.120399394681729638e-01
7.568225313536063037e-02
7.674288805368728594e-02
5.078495086008040504e-02
4.799540033628486857e-02
1.100674031744754700e-01
5.653068596805605611e-02
7.291020584552612704e-02
5.965727507446162703e-02
4.203943231904884448e-02
7.947348527425432407e-02
4.261966373336908975e-02
1.114268693582975284e-01
6.276468758677882127e-03
1.140686651199269569e-01
7.533656473944758125e-02
1.117636382038003084e-01
2.522639853192122639e-02
7.746855934924125331e-02
4.074152589408037983e-02
1.317940223956814462e-02
9.788700193782934322e-02
1.385252147501484128e-02
4.075893056463700953e-02
7.584257132328710120e-03
2.127235289140048946e-02
5.331778930641199732e-02
1.074290214109057812e-01
9.925084843497145037e-02
8.502955222548409797e-02
4.844740421830406873e-02
2.916965769025933394e-02
3.732759036611987130e-02
9.743388386653284439e-02
1.033707899347251491e-01
1.099116524510746762e-01
3.627830365214058939e-02
1.931540940663346861e-02
4.498795479372370842e-02
9.853593756484292643e-03
9.496805128056888534e-02
9.735278368354770284e-02
8.001841754442796939e-02
9.360585557335581591e-03
6.687474085236236147e-03
1.022048162405073818e-01
3.663916118406732036e-02
2.554421926377391933e-02
1.818122537658350968e-02
6.539582741444413538e-02
6.070594855424549241e-02
1.040043801416321023e-01
1.019168499027131719e-01
8.318713322353013528e-02
4.100090141362268273e-04
4.658966764923690856e-02
5.718924409869356046e-02
3.671351303945372124e-03
3.737941944672928257e-03
6.305350643331203431e-02
5.354993871037872638e-02
1.923262316308591013e-02
8.556692289260058037e-02
1.125473182191786825e-01
1.105818301643282930e-01
1.066309397355023197e-01
6.249381631094717143e-02
7.830759814176464773e-02
8.034707345335628803e-02
5.797431179656976213e-02
5.806408325398243475e-02
1.044453836709450800e-01
1.125064992367104215e-02
1.012145502333784558e-01
2.964588308154991053e-02
7.661993341261602586e-02
6.982493620363477982e-02
4.608443733312623386e-02
9.563112176868894532e-02
1.047559097152984675e-01
2.367342281676897142e-02
1.547659799004726458e-02
1.939209403091843309e-02
1.032253950377477886e-01
1.241711365573026568e-02
4.176865210981626358e-02
7.852678066723953187e-02
3.207225498122915491e-02
5.927567234189425743e-02
6.822462198717667813e-03
9.507090966138140309e-02
7.570833938501668643e-03
2.033778391423261833e-02
8.889454540932342774e-02
