4.638619949958749543e-04
3.306940175105369840e-03
2.616075758500217645e-04
1.438174773711456064e-02
3.755078990393995175e-02
8.600379547471691255e-03
2.917961919525339370e-02
3.579287832196841740e-02
1.146116048089325899e-02
4.437578118938443478e-02
3.180658483490050870e-02
2.539074762540100352e-02
6.602826049460078402e-03
1.114454819969951972e-02
3.088786713137797735e-02
3.574466249653372729e-02
1.504733644738705635e-03
4.341640588843299897e-02
4.153883908850663706e-03
1.116250667741599222e-02
3.377288534624038607e-02
2.052842741818552280e-02
5.400776762693333330e-03
1.467924866534430287e-02
1.899062333944382883e-02
3.426934513392265041e-02
2.925385586370658417e-02
2.766038505967843494e-02
3.650037707077078558e-02
1.019870399144072980e-02
6.043419512514615344e-03
4.435212687991081648e-02
1.488151892282867442e-03
3.512863059430216140e-03
8.085209454604577739e-02
4.134643012330430772e-02
5.099323866111118812e-04
2.172542499614689426e-02
6.771200929068819929e-02
2.190616038668696808e-02
9.111404991442999628e-06
3.963039030059362089e-02
2.493772503055774470e-02
3.961045837908733908e-02
3.907799612345382728e-02
3.101790008181435493e-02
3.090142728074946402e-02
2.422994725074775410e-02
4.551719243574464668e-02
2.624241884653988333e-02
4.388729000626214599e-02
2.780134656573094235e-02
1.645100503478732048e-03
7.357074021877697823e-02
5.160305347818434224e-02
4.098064437995926207e-02
4.063568600109788292e-03
2.593146339496697414e-02
1.721940166180182120e-04
4.155599192546986093e-02
3.059824250508123844e-03
2.510769845562361383e-03
2.646761931931446263e-04
3.777605267640717079e-02
2.095116607689930660e-03
1.027302545268629110e-02
2.362500305424930849e-02
1.811732679295536760e-02
5.858054136423797298e-02
1.031365336703155174e-02
7.387339679303665807e-02
3.063499926449319080e-02
1.326239820469936326e-02
1.261638047519496320e-02
4.148666891709728438e-02
2.872872288079259331e-02
4.457887209367918796e-02
4.134497826593090675e-02
1.450384118004509164e-02
2.263595916300454453e-02
8.888542820683148970e-04
5.884551505216803306e-03
2.809500151399267620e-02
6.398638132713361897e-03
6.013089565768552081e-02
8.692079702413266218e-02
4.837901002698265923e-02
3.394455562504392759e-02
7.999452571429760406e-02
4.165412935300999431e-02
1.687584143020808090e-03
2.544280033102993416e-02
2.601209752068003520e-02
2.066948153698921348e-02
3.277261526883760989e-02
3.862105959904861552e-02
3.608510487717948162e-02
4.166926419608039944e-02
1.515421850919219395e-04
6.286099689666019337e-06
4.780769146681621701e-02
4.760924089504544980e-03
2.222872003130876850e-02
3.801985472713422659e-02
5.462504454542076691e-03
2.171428604196658577e-02
3.139974628176683824e-02
7.588680888411740433e-03
1.584298154903018147e-02
9.975740012708454382e-03
3.782651873693931160e-02
7.167070540250538094e-03
4.608498379554325924e-02
7.174672718561483920e-02
8.480895442728102890e-03
1.922931261958323425e-03
3.031821560157680479e-02
5.775115447428352811e-02
3.138511721132741274e-03
4.826724352097822024e-02
2.980136202182291638e-02
5.578406938793382605e-03
6.812572491226546664e-03
3.527478884690832261e-02
3.831593981510236085e-02
3.422673173134137270e-02
3.222053182117368131e-02
3.750431085127745728e-02
2.875745468183453155e-02
6.493837191250353968e-02
1.737796873292572764e-02
1.457264570804846573e-02
1.963709124700787137e-03
5.361503030689666188e-02
2.992373522272184783e-02
1.276645991919593028e-02
3.744386948089422490e-02
3.894233555771935834e-02
2.373920384420250343e-02
8.840553925150035353e-02
4.178844035971399085e-02
4.693522405844944428e-02
6.000353380024207352e-03
2.038577595401047226e-03
1.047958296871136057e-02
1.123913037704899268e-02
4.352471286498984376e-02
1.897148869483379977e-02
3.481856212549096913e-02
1.057889685448615790e-04
2.151584794792352553e-02
1.383538607350843878e-02
5.042600809583336341e-02
4.342999587106657206e-02
2.442238944857405558e-02
4.133835245263014352e-02
3.084072592003051297e-02
4.324775478454403327e-02
3.570255246440833669e-02
3.535013378700353759e-02
2.986498041828970426e-02
3.135242880655184777e-02
1.364335616121939258e-02
7.380740319986946879e-03
8.085757966118443940e-02
3.520781061448067378e-02
1.131002629896938477e-02
1.496896228143748848e-02
4.400511495551070323e-02
7.345882855895990125e-03
2.997718280342922398e-02
4.585331154382858709e-02
7.255378939532133864e-02
1.964050782133843279e-02
3.836615242627016559e-02
2.548603118911061186e-02
3.565356116182220869e-02
1.862837002766230821e-02
6.793534340091433865e-02
3.900090502365534395e-02
1.524295978966654596e-04
4.481944521429892525e-02
4.236974628673110393e-02
3.292180792803650613e-02
1.903590199347696479e-02
3.187192145377940738e-02
4.426497583331651803e-02
1.318378749727345742e-02
1.489755090167994541e-03
3.011900498814420405e-03
7.963022421679002635e-03
1.456397405042495624e-02
1.661302307741514481e-02
9.676389363589523590e-03
5.675329817398647690e-03
6.381590749867534738e-03
1.472351896991106607e-02
2.153426709251257177e-04
3.888004334903016196e-02
3.792935949260716616e-02
6.955674966422696615e-02
1.163837097248424622e-03
3.500252530950397067e-02
4.694351075637034215e-02
4.304027365276937023e-02
3.699732353778140831e-02
2.103657079121960816e-02
1.211097138599164999e-02
1.543184960799281677e-02
9.572725174139486495e-03
1.399623255634364384e-02
3.074084168168826278e-02
2.779902062718352974e-03
3.618058570575542754e-02
2.601455151845691663e-02
5.025358767345897149e-02
3.502532233146624790e-02
3.163843198964413905e-02
8.288247775054849442e-02
2.981288885297727828e-02
2.922706638792520878e-02
3.388092148544413762e-02
3.537018351413436651e-02
2.278309634783713331e-02
3.769767221122719697e-02
3.012423579935517501e-02
2.069412359939893503e-03
4.444067683122793905e-02
1.642256341674531647e-02
3.808555774653981513e-02
1.170602995090392826e-02
2.975927961935618052e-02
3.494434166906665307e-02
7.424084963575013074e-02
9.296137943873557241e-02
3.493558864902503169e-02
4.081449111048796735e-02
4.062590022939751438e-02
3.803119809383777652e-05
8.558443282761930837e-02
9.115407576424421066e-02
3.548578114938225059e-02
2.030095255843232006e-03
7.772721598051188230e-02
1.949117235918048155e-02
3.541532929697608842e-03
3.372044184388310606e-02
1.012743133079326355e-02
3.206186628793360194e-02
4.016476866364622478e-02
2.542981047111890491e-02
5.715604107369259140e-02
3.936526393389651324e-02
3.498518645320325415e-02
3.486675775915890757e-02
3.111787091189046478e-02
6.296609246059244698e-04
3.333025290651418088e-02
8.433359551290681155e-03
7.996984189407953247e-02
3.599557323770632283e-02
3.274041718260121969e-02
3.557570261019894764e-02
6.693336558901481770e-02
2.853515452578327463e-02
2.802390502128640840e-02
4.407560529192499493e-02
2.978533752178822575e-02
2.099897532436354256e-02
1.117741740769178337e-02
2.594888615559295952e-02
1.531051241004338648e-02
1.732644949928831626e-02
4.885701324151579122e-02
4.715916930884705288e-02
3.294836295118873382e-02
8.895164288966402348e-04
4.085569479954622579e-02
2.693848496611555079e-02
2.837258450325240780e-02
6.030946746905723604e-02
2.604310117133066746e-02
3.632289055800864974e-02
1.484834375339733926e-02
1.470753679229098304e-03
7.273274423187174251e-03
1.932929250550291175e-02
2.019536736631909191e-02
3.026737695880057227e-02
2.857310963661152323e-02
4.242567163712030603e-02
1.912411965718486401e-02
3.096723722032579743e-02
3.417406018999969569e-03
4.387886363922283151e-02
1.160416908262719947e-02
3.593990415743211070e-02
4.541244796150219198e-02
1.530155223972986742e-02
6.293445708292855212e-02
2.026913848366234186e-02
2.898599808029398220e-02
8.675993496027966864e-03
2.043710263765984719e-02
3.296470484181485139e-02
3.681364742715423355e-03
3.171125947328898298e-02
3.681071983381726392e-02
3.950793647560797706e-02
1.980428345903320272e-02
7.040688773548292589e-02
3.603854860612623785e-03
3.197423880469639490e-02
1.639961994788640548e-02
1.209866275520355382e-02
2.677988411359812776e-02
3.621968911220496690e-02
2.369403224635833333e-02
2.210392139137081283e-02
4.657728928130348833e-02
4.716801137620334206e-02
4.882208351052947509e-02
1.482476170897318972e-02
5.118742299709375283e-03
1.382753701133724450e-02
4.121924858462819308e-02
6.962319625045326060e-03
3.436491047549670302e-02
7.139653173322225641e-04
3.795963283164803526e-02
1.757376719254344702e-02
2.789747966733736873e-02
2.875558660314308720e-02
4.326854354382696916e-02
3.541973943387835555e-02
1.516725603260270575e-02
4.100736812652216318e-02
3.263805555325123564e-02
1.419898570097485391e-04
3.818833752593585318e-02
2.712622613838656938e-02
6.673421563005337009e-02
1.545510051201519201e-04
2.355292953365593217e-02
1.038405194976609351e-03
9.716567577625445477e-04
3.170209658139892112e-02
3.457086341251360689e-02
4.951571407739498165e-02
5.773364841035912151e-04
2.583506460119307235e-02
3.219999388943981661e-02
3.599368959005309898e-02
2.972253579075421516e-03
2.069637366912585943e-02
3.233179482980878122e-02
3.135762506670303901e-02
3.311205122350643903e-02
4.313918916004547133e-02
2.573291016929387266e-03
4.615202591719058667e-02
3.190253183915039981e-02
4.496831955836463196e-02
2.526586294002931832e-02
2.335003771256859498e-02
5.677615150622754509e-04
2.391567895254484086e-03
7.929899853697136569e-02
1.160159074433116111e-02
2.625225354041062914e-02
3.576599389930475853e-02
2.021722715598019832e-02
6.330312153368534284e-03
4.713586615528042459e-04
1.319023062401407202e-02
2.181674828983026088e-02
3.556472081462929563e-02
5.794612295146256593e-03
5.778011892279250050e-03
1.587393358007466851e-05
2.372100725585065545e-02
2.667153197394514594e-03
1.617833412663237727e-02
3.815066459555176842e-02
5.372526743723944620e-02
3.205453338869588414e-02
3.587704602734900772e-02
3.714298266456136227e-02
9.577443905867547361e-04
4.088489334196745290e-02
6.605601129165192438e-03
6.242746578027379189e-04
6.516043901163393916e-03
1.047794745448423805e-02
1.196867785780487969e-02
3.447208244644353169e-03
1.899055586431580567e-02
5.080040680797637959e-03
3.408087359613125311e-02
1.422667667169252512e-02
4.016078272639735103e-02
2.265040968941288272e-04
2.910502114616053682e-02
2.721415064096216127e-02
1.297824569717050168e-03
2.068391929311648350e-04
3.489455381554164293e-02
3.996329349861901109e-02
3.814664591803263588e-02
9.653612423800318754e-02
8.288753118229594567e-04
7.188305825099846388e-04
3.210036474312283339e-02
5.075618945619023246e-04
1.437847947487343181e-02
9.051696261022493251e-02
2.328932400865545496e-02
6.323548343791618453e-02
2.552495412653708190e-02
8.833369244761704597e-02
7.529773029584799215e-02
8.849229817230684289e-03
2.837034678119993922e-02
3.101486020059367535e-02
6.032581476461666529e-03
1.909335007612568066e-02
9.118685506515665853e-03
8.362129814806905370e-03
2.687210002256206279e-02
2.166917856858285168e-02
4.504575956715034524e-02
3.879292168841955851e-02
6.192854270794120007e-03
3.027810513943868936e-02
4.092048958434244682e-02
2.166950626219348464e-03
4.339122377351355836e-02
4.355343498148921133e-02
2.344919085347324864e-02
3.422962065017137734e-02
2.714655588566880495e-02
4.373716871792973464e-03
2.458538985745809327e-02
2.252429542092478781e-02
7.729644665077956001e-02
3.073911723039171248e-02
3.601244254501586445e-03
1.829654935379516553e-02
3.401052753112615568e-02
1.636365456990187747e-02
2.984190419998218255e-02
1.107748281320291260e-02
4.173711196819483715e-02
2.280246488339519179e-02
3.259130112661648947e-03
8.829722497380908730e-04
1.328676190326626497e-02
7.308660915088092958e-02
3.876163501022714813e-02
3.468089189985126136e-02
3.159193239889161037e-02
1.089623926952809282e-02
3.640836432635601028e-02
3.770840894643055774e-02
2.642314028844146637e-02
1.469717463514631783e-02
9.634865879861723159e-02
3.761283372951977622e-02
2.053597360092629040e-02
2.161520851231698084e-02
3.090511262572574747e-02
9.419914737998745166e-03
4.074312871091090998e-02
9.507144637936548737e-02
3.387929294255494217e-02
3.583071725531771640e-02
3.096651848585064981e-02
7.558776589521012945e-02
1.445696574339511284e-04
6.258258480335747789e-03
2.350335178430961597e-02
6.530529501459249320e-04
5.204763304929538315e-02
9.187125326590322993e-02
2.855114976793349593e-02
1.613481347212866257e-03
8.423977159498373737e-03
1.368186659888200041e-02
1.882252220252433536e-02
1.481816747824211272e-02
3.841508544270059999e-02
8.650514669876317383e-03
4.350759606688779126e-03
4.625613424450649575e-02
2.625844811611875371e-02
1.879206978191412872e-02
3.381543663718846598e-02
3.273263350105475727e-02
5.195741960001212800e-02
2.573647246586880169e-02
6.394208234677013249e-03
2.290322359849475756e-02
1.839934150656163253e-02
3.624085472799117719e-02
3.712857256198611594e-02
4.329095333294799564e-02
2.385312461638290638e-02
9.595509585942467445e-02
6.199345084242200571e-02
2.315513909166036499e-02
3.080607363653247235e-02
4.610894542773877856e-03
3.559046930326212332e-02
1.092690353828765226e-02
1.253321013801915636e-02
9.145361092104455645e-04
1.972722596590374862e-03
3.777822591830867771e-02
1.249611630388576013e-02
1.001600724523698908e-02
1.003128183216557417e-01
5.245737672651444583e-02
3.662505750404153326e-02
2.228364731426576029e-03
1.806079392957501278e-02
3.915626719063500238e-02
5.904464500224813200e-02
6.916775854054179056e-05
2.424918830412476495e-02
4.442662778808909724e-02
2.125764253015070826e-02
3.468042302521787135e-02
1.773455646773477654e-02
1.594812436141521128e-02
2.756572839920758480e-02
3.435457913308109963e-04
1.103879649883009054e-03
4.435651495081618240e-02
3.617749079927377875e-02
4.903513882389792767e-05
4.274645226968006723e-02
1.888000443596733746e-02
1.749945360739637787e-02
2.915639396451593160e-02
3.533546421287878797e-02
1.590635469906774221e-02
3.991238604165105869e-02
1.652163830328581481e-02
3.922530525344668922e-02
5.850816262317384137e-02
6.904844106591656594e-02
9.095988697996132410e-02
3.390259552590791509e-02
3.623669886540648727e-02
8.979080087302348037e-03
1.760933220306724195e-02
1.964841899423931670e-02
3.451921867465548160e-02
6.587928530245690945e-03
5.538169376224663654e-02
1.876884204355054597e-02
2.456601183074471825e-02
3.735731997711492852e-05
3.612657490793562409e-02
6.667040195230711751e-03
4.337809819320873755e-02
3.639803921469685760e-02
7.895999681745966003e-02
3.672902802221941071e-02
5.515994701992224959e-04
2.530602826295006921e-02
2.545534483559433805e-02
4.386633493757277624e-02
8.108339132434529140e-02
2.063376803197502357e-02
7.549875353595747463e-02
2.909972217220802362e-02
4.174140061853686030e-03
3.833155806125402437e-02
5.567469670901650444e-03
2.088700948864924412e-02
3.654127414278287439e-02
2.952179848268813786e-02
1.270745219353376122e-02
5.702896323305384207e-02
6.122825841673888497e-04
3.040676585384433084e-02
4.039066772839758346e-02
3.553605818042868819e-02
1.956977120391355934e-02
4.067954245980682365e-02
1.568850548913506876e-04
4.131235297436515463e-02
1.878414823667044764e-02
1.193333916805575275e-02
6.076987001010209638e-02
4.813893121210346959e-03
3.742214061941775971e-02
3.626393100838443129e-02
5.688952283698296697e-02
1.330728557653562639e-03
2.607192476647195514e-02
4.213542234387891716e-02
4.260507156085753533e-02
3.352352751317567579e-04
3.711396681982262469e-02
2.006953354959267743e-02
2.158305399366208799e-02
2.744440738361475268e-04
2.342568568503298337e-02
3.611258410698722082e-02
1.947664475567535691e-02
7.495208430140921918e-02
2.096309176950455350e-02
2.224228258980885317e-02
7.928032805349180144e-04
7.521251441829302159e-04
2.806261239550272499e-02
1.937229638394367612e-02
6.018509745780939186e-04
3.501078001579235183e-02
2.787173465530931246e-02
5.709410212631062763e-03
3.673762492736717261e-02
5.321881375880684051e-02
5.159074639862809911e-03
4.876687293296894099e-02
4.239816331226817225e-02
9.739195322573220492e-04
4.686687534137571470e-02
4.169775076896212185e-02
3.014308554174850024e-02
6.935363899971559720e-02
5.303792540577469822e-03
3.219031861459791671e-02
2.810982763618244396e-02
4.622924233653431803e-02
5.968821572975164733e-03
3.969157504310139722e-02
3.270461976975012897e-02
3.931006286053763052e-03
4.496437841963665111e-02
3.080808082457190192e-02
1.621916103739277307e-05
3.713239612191710642e-02
3.825646899687958763e-02
1.432446995651295114e-04
3.544697940514662110e-02
2.334472943064905270e-02
3.544924254185441437e-02
3.384586215159085532e-02
3.501085983729527312e-02
1.489821082491040588e-02
3.668141798304505163e-03
3.235205309837035914e-02
7.922044837164898433e-04
2.432202762893370934e-03
1.574580285849617317e-02
3.555501025265724035e-02
2.538497362476836369e-02
4.658945501009825046e-02
4.142781233053133109e-03
4.629425561600005595e-02
4.880970842152238670e-03
6.985831825573046716e-02
3.642021877508885841e-02
2.683444535427064338e-03
1.318924310149979101e-02
2.629445417319054641e-04
3.616410072852784680e-02
3.641975528245548744e-04
3.484769536971776046e-03
3.898413500975362461e-02
2.024213456400540592e-03
3.612544893792690726e-02
1.507138513223053866e-02
6.029921015655832772e-02
1.074147762852343951e-01
3.391662497958738282e-02
4.591797520720230716e-03
1.839091484886708899e-02
3.916711068803063051e-02
2.662981413148767288e-04
5.909329747661116452e-04
1.320682835337821698e-04
3.508922389202550002e-04
2.475928104349017818e-05
2.682870639123748763e-02
3.743276246362858828e-02
1.048162767372841364e-02
2.663812954938037103e-02
1.471718550025400037e-02
2.317342680235679429e-03
3.423728731349376386e-02
8.640961039727564075e-02
3.883480258697025178e-02
4.608849773943209105e-02
5.081859392803407538e-02
7.532618616560196600e-02
1.362567897665651522e-03
1.675410278466222397e-02
4.818138112444005083e-02
6.473543349372484768e-02
3.712175181255703005e-03
3.238318993626784770e-02
2.105260369680130028e-02
5.146276193398335863e-02
3.778354947173874490e-02
2.076782106285671517e-02
3.139359657935738429e-02
6.190432011769893489e-04
2.914632442028768089e-02
2.034006403970285703e-02
1.184030479920112830e-02
1.434030366243701149e-03
1.215048678239761485e-03
3.986347725367068995e-02
3.516267088405883312e-02
1.628808143880399600e-02
1.884009452852542996e-02
1.062807961261519850e-03
5.963018473862725932e-02
3.108394971072252905e-02
4.558489377984907553e-02
9.581400450319516385e-03
1.249622708019834140e-02
2.907647359193906225e-02
1.042016676257761544e-02
6.467076940258578883e-03
2.522556254447309507e-02
3.498881556657396086e-02
2.776392699431563804e-02
3.654000245266481040e-02
3.997900876524476677e-02
7.344527952110718391e-03
3.993530135488160965e-02
3.144127854596125149e-02
3.329789337906084723e-02
1.173878736473193095e-02
2.953199884937671854e-03
3.689778872511409458e-02
1.487816063457697525e-03
1.614529947970009096e-03
3.046838049966374071e-02
9.945816477302822645e-02
5.436001618408932770e-03
2.765779841258571054e-04
2.436524881575809990e-03
1.842853331868678137e-04
3.367934232676358247e-02
2.157500603157806729e-02
3.610798785314549286e-02
5.438665050647779886e-03
3.817376477684061159e-02
1.965306630218997819e-02
6.771636877006799449e-02
1.816268550342586829e-02
1.610840996105640868e-02
8.737620652899212581e-02
2.529732046564855084e-03
9.100455348477054507e-02
3.798289281733310124e-02
9.649926751539141326e-03
2.990109284547855592e-05
3.284427482578294866e-02
2.997703502972319176e-02
1.992095407653552558e-02
3.549058395536696525e-02
4.214504946940748897e-02
3.291636989859723916e-02
3.225220873634596780e-02
7.908291263885952604e-02
3.708306445134973428e-02
2.241895261689300090e-02
4.436073734070948571e-02
1.158934186889471049e-03
6.306922938863746692e-03
2.936063290669290587e-02
2.478747730707219019e-03
4.462001017174074824e-02
1.510822822378004443e-02
2.219636869138092317e-03
2.048779564379746634e-02
1.268854150904182888e-02
1.973632116692830563e-02
4.674134294250142409e-03
3.609847587753729770e-02
5.456514744164762953e-02
1.442721030685442316e-02
7.014406621999493517e-03
1.430607571518202744e-03
4.433678339245715472e-02
1.744039703556274704e-02
3.194352320957542031e-04
2.986550861212051034e-03
8.274540184915378516e-03
3.678364921224198947e-02
1.730560169443217397e-03
1.882385000999900818e-02
2.944519195045053675e-02
4.407100517038289866e-02
1.912134715796358006e-02
2.084724050966164227e-02
3.482183785749855959e-02
5.490737937865417797e-04
1.495276697139672460e-04
2.968684206961373900e-03
5.448628905350930141e-02
6.196284852612850280e-02
4.390388346705552391e-02
1.768134151937422391e-02
3.210266222475698095e-02
9.625693160195231135e-02
7.555677147556258411e-02
1.153546595570924087e-02
9.618825632702113909e-03
5.805768772404358569e-02
2.252947930419084768e-02
3.833644001510114890e-02
3.446380784976625015e-04
9.213962657451245375e-02
9.610091546584852108e-04
4.111560754521325495e-02
2.904024611047797706e-03
2.958290066157989381e-02
2.558740896143551005e-02
5.761520627346327673e-03
3.719725119960348020e-02
3.596744690231735292e-02
8.981110933450085765e-02
2.223850463176203318e-04
2.522924643842278797e-02
2.909095785297920525e-02
4.662197836050469002e-02
2.320827700381909373e-02
2.101616080497641439e-02
3.638696837110557553e-02
6.579867591915005386e-03
2.031092033201890162e-02
6.389456755675203790e-03
2.257273768372886763e-02
4.099713766388943942e-02
7.104330861488188098e-02
2.458159184234542244e-02
3.520554444967694679e-02
3.654967438276253422e-02
4.289004629997043155e-02
3.955823664868553247e-02
4.280221714331715159e-03
5.946837822246484832e-04
1.594049398062055353e-02
3.072266558055619656e-02
7.058688815718574747e-03
2.360449534328342217e-02
2.685971797632236494e-02
4.153367112513021986e-02
3.053451783764314295e-02
6.667549607934329658e-02
4.423632022410795006e-02
4.194253842803937968e-03
2.929811841734676278e-02
3.061935512957921282e-02
3.209739488225040599e-02
2.893555009619255478e-02
3.208494917494766896e-02
3.676014339196334579e-02
1.701082507092644162e-03
2.755888645016477123e-02
1.954664229451015534e-02
3.302851031061434378e-02
1.863781887368090237e-02
3.338119375773851427e-02
6.425574707167603858e-03
3.631770743743932550e-02
1.402107220779425921e-04
2.337236061249585439e-02
1.964028401341431918e-02
1.342166759855873380e-02
2.656822846363612531e-02
4.468272297073665818e-04
8.198533727349706368e-02
1.765525396053871376e-02
3.999659431446877383e-02
4.704342408986433854e-02
2.565232762923978435e-02
7.884966012543934838e-03
3.101677371255598045e-02
1.016436606971607426e-02
2.990630806311157450e-02
3.454196522385074436e-02
4.521515677669374345e-02
3.722884613955628613e-02
7.857750684154120313e-02
3.217026083294863975e-02
1.410600062593036358e-02
5.334028465376101924e-02
3.536752462801935615e-02
5.059408440135003404e-02
1.062901473305139129e-02
2.572825320473913838e-02
2.822673252373583339e-02
2.698710746370040423e-03
5.475810115052914470e-03
3.225420130216788417e-02
3.949190911299065715e-02
1.764434082930009702e-03
3.560195312843238234e-03
3.171323009338002097e-02
3.362890168319276202e-02
6.436454293214373228e-03
9.683384134482076475e-04
4.815999069041684150e-02
3.902984019834826457e-02
1.084939865575384847e-02
2.815858637637667569e-02
4.369729120757903651e-02
1.807867493618268290e-02
3.351961314973207068e-02
5.916127443331658381e-02
1.234945930269875508e-02
1.329336354370445547e-02
3.973837255956838566e-02
1.337541623402025912e-02
5.792041478901651524e-02
4.156384041137668045e-02
7.610386591050441463e-02
2.785658531985713698e-02
3.366529664806534872e-02
3.936850887835345592e-02
2.134782939507206059e-02
7.148612325759881592e-02
2.634802212736567836e-03
3.003237943148845748e-02
3.329177877954050263e-02
5.795518196590722371e-02
1.109242794823107198e-02
9.708865040531079044e-03
1.057587032205296315e-04
1.438477574070713173e-02
1.820404620219338203e-03
1.881038319722555855e-04
4.118232035880572267e-02
2.914158297617692669e-02
2.585899869883838062e-02
4.163605716817269514e-02
3.222537566402161602e-02
3.154777623098162925e-02
3.983993264696408798e-02
2.506592913123765684e-02
3.449738944738206525e-02
3.593096951393217470e-02
3.696962626577154215e-02
4.566185558286679075e-02
2.302355909503726525e-02
2.237525591290659074e-02
2.690874940689172087e-02
4.854760465510035532e-03
2.129251178869579625e-02
1.460745460254509603e-02
5.073519306792484418e-02
3.548523546646356608e-02
8.723253874147579578e-02
2.273092466057170281e-03
2.126481358627680882e-02
2.481665675289425332e-02
1.172829740320156279e-02
9.266690538558636225e-03
3.976069568900304080e-02
3.465737109351183648e-02
2.870406956337421059e-02
3.296921037047059744e-02
3.446368873807146432e-02
3.852752535615910912e-02
1.726891156413540643e-02
3.562448330342737196e-02
1.860592325210804138e-03
6.503627837211223284e-02
1.476858965142381803e-02
3.397865200579405082e-02
2.687021473588889833e-03
1.566774149836925450e-02
2.611279074526167560e-03
3.346456443086328735e-03
2.702353496089457408e-02
2.788675316449649652e-02
3.547607116294603652e-02
4.617235673277791073e-03
2.867497793612189955e-02
1.745301249223055184e-02
1.012646809625037669e-01
3.319352016278117462e-02
2.403632384023429366e-02
2.708593842570802216e-03
3.417123913206687735e-02
2.572554658975519798e-02
5.953561306876965775e-02
2.001452924047919871e-02
9.165202680730155952e-04
8.445565223253135093e-03
1.133700503989120258e-03
