6.646791782523149561e-02
9.994582290787754064e-02
9.774417020970758985e-02
7.608784589797422393e-02
6.680008231430253907e-02
5.051653347154880930e-02
2.868583624693213374e-02
3.585565420433231565e-02
5.582877598303379735e-02
1.096686995624282235e-01
8.534840389436800651e-03
7.933252770331281067e-02
9.114887253281342416e-02
3.258462074111603823e-02
4.521556617687268187e-02
2.643813551099415821e-02
3.656754468370024269e-02
6.105188601835348505e-02
2.300288517756715612e-02
2.803748214660643084e-02
9.284784834181671054e-02
3.980952846214964175e-02
3.792289276226027545e-02
3.090591708307488788e-03
5.646729962024339688e-02
6.727479639405492540e-02
2.120343107391121570e-02
4.904662013844367230e-02
5.205229888399400678e-02
1.033978260223472473e-01
2.106829097770810538e-02
5.493629718129010991e-03
1.994692353463587559e-02
6.300277001216633699e-02
9.458109968296614378e-02
4.490232772755238522e-03
1.633467133131065192e-03
9.675970687325957664e-02
5.402877514963263378e-02
1.030329861044413375e-01
7.075197762383315936e-02
5.071118124900401980e-02
8.440377495208625791e-02
2.856039354883019451e-04
2.490043726956397974e-02
1.936387152982733950e-02
1.862795576903595804e-02
1.995071140612308599e-02
2.470713475887861485e-02
2.864270728939120880e-02
3.531858567544116784e-02
6.864119796332894541e-02
9.550082693144490431e-02
1.050894381136870670e-01
1.531866610898926021e-02
8.291041552742604848e-02
2.013337260093474399e-04
8.615456791792074076e-02
5.468900141699952616e-03
8.255966235259327990e-02
1.854836147075185696e-02
6.048444233899731570e-02
5.758977829213206279e-02
4.493395488274936483e-02
1.012737172097185750e-01
3.528672780897788158e-02
1.028586634167101832e-01
8.564271371780526887e-02
5.702170639344327592e-04
8.032817075158060760e-02
8.509551679797710058e-03
1.069808243700442474e-01
6.677257854961328454e-02
4.756785186728469672e-02
1.030591948058436347e-01
8.410654560563757265e-02
3.461829992723356592e-02
9.676410702415458309e-02
2.545474872989761383e-02
2.966460867336189605e-02
9.473822084445188141e-02
2.638927391758865912e-02
4.475534565529981634e-02
5.525845388521444246e-02
1.084361885449107443e-01
1.774332484337251895e-02
1.031654728292170226e-01
9.789542093519490451e-02
6.251764183409772024e-02
5.428404851984069968e-02
4.943512681549747795e-02
1.079937588176140134e-01
1.091182845805602347e-01
1.318802723884273179e-02
2.320049497340280834e-02
4.821825421929405546e-03
9.680978974556464500e-02
1.526801130127038164e-02
6.006330109625495489e-02
7.053893262430128985e-02
1.067373252220564506e-02
1.040548967483874432e-01
1.115262875990803704e-02
1.717672302847199003e-02
8.975107625347387985e-02
4.434424170295025308e-02
6.747097058553408466e-02
7.175645263749691471e-02
4.897268692188940648e-02
8.932462242258834562e-02
2.024787561173415490e-02
4.230523059811870656e-03
3.606700260233634825e-02
7.376871477637428343e-02
1.052289504737378284e-01
8.392004281181125736e-02
6.032737734581619660e-02
6.690271116714828492e-02
8.782566296726247723e-02
9.702092748721989623e-02
1.453614132494261864e-03
9.039380636978444628e-02
3.681287062814531802e-02
1.110570627084454948e-01
7.498102326898936631e-02
8.983618781768661077e-02
9.541588564748071377e-03
7.026852641792118680e-03
8.891011561072232824e-03
1.167933865799883342e-02
4.462475961135613928e-02
1.822706229885851653e-02
8.891594812463445019e-02
4.415459362932545873e-02
1.110949877341864123e-01
3.920155227380283519e-02
1.440842819290609304e-02
3.970126962203663484e-02
3.453810961744639002e-02
9.658504116373091419e-02
1.017102284450365907e-01
2.542284050192520489e-02
1.306978877760229911e-02
7.984096513166130671e-02
8.550254417214604719e-02
2.432378379339695737e-03
1.729921255851459005e-02
1.651092110285430972e-02
1.515113141445564035e-03
1.019255858294958461e-01
6.664162160582229322e-02
5.357894127821277025e-02
2.992116545811766143e-02
6.540459224366561297e-02
1.049766529361220724e-01
7.366603897415958946e-02
8.726040269481800948e-02
1.052917155992234427e-01
1.066717710403905228e-01
5.651723621985212456e-03
2.234794583224032280e-02
9.474215550920717099e-02
5.824224742049378262e-02
2.152341948086469725e-02
9.217911637306742609e-03
5.780158123207570359e-02
6.595405760702237330e-02
5.626774545351957355e-03
8.281735954916467912e-02
7.055876475774994216e-02
5.258569819472952434e-02
9.908778569483309151e-02
8.846127620507096556e-02
1.933127885216913075e-02
3.133047171567579503e-02
4.134239959210483234e-03
3.846371513043007895e-02
9.773933607638933541e-02
9.202298584086839039e-02
1.093552846567552722e-01
1.101068460458515599e-02
1.040825139453187415e-01
5.139172692834471923e-02
4.240857904719309152e-02
6.608333070195254733e-02
1.502587831340512770e-02
9.909583106123993901e-02
9.654554125401590414e-02
5.807879894450532904e-02
2.348581507585928430e-02
8.661898243614839579e-03
4.574038397234849070e-03
9.774789729322526377e-02
8.339211999681528376e-02
2.858443318597150840e-02
5.273942146821434390e-02
4.751749810522538225e-02
9.347406145381499665e-02
9.350620215912668065e-02
3.294905808999694374e-02
1.450619691210408395e-02
2.867989372110404597e-02
2.997812940828653919e-02
3.517263058521453989e-02
5.313810345591196693e-02
6.138109307029496892e-02
5.727746616310032401e-02
1.079558157626156339e-01
1.010326064289633063e-01
3.340625190739064145e-03
1.279422146965095153e-02
4.617521075919387569e-02
1.130642856486677172e-02
2.723927790738449317e-02
1.027885289162517451e-01
7.013285464947019432e-02
1.016804089239710246e-01
2.917581562460881336e-02
2.553303924571120875e-03
7.342593100340233381e-02
6.061448241104714502e-02
5.392073176973693344e-02
6.783212020906515503e-03
1.468401861196840441e-03
3.825679807595291654e-03
3.197204273146771886e-02
1.901617545392248615e-02
7.205580132499551926e-02
7.622728944731681222e-02
4.057199211618249014e-03
6.497039443403698766e-03
1.569144305233250228e-02
9.310029262906330261e-02
7.208373770098283617e-02
1.064826863239752008e-01
2.140722350192780093e-02
3.620976900754077632e-02
7.899586763296415071e-02
5.985217857077284459e-02
7.855650474035249034e-03
1.711115147147535941e-03
1.477665379604416011e-03
9.382158607442392384e-02
7.969369943593414274e-02
9.633049744376644130e-02
2.206593588800347464e-02
1.014840004638800225e-01
9.389092855503765322e-02
3.496382524558082003e-03
7.768730458917787185e-02
1.022565925973366735e-01
7.368579899691674040e-02
5.569751391338367830e-02
9.193122921028493155e-02
4.117072164710361935e-03
9.961128806913972789e-02
9.070162504610912446e-02
1.011769314885781618e-01
1.036852062769615529e-01
8.510764975050820469e-02
7.819497749117060303e-02
6.804265258668470984e-02
6.685719221099153953e-02
6.088210082369337195e-02
4.717292781705452465e-02
3.841629480802162544e-02
6.342318308841117525e-02
2.180730163050211695e-02
8.377153309280833959e-02
1.888241455264378504e-02
2.815488601710775321e-02
2.892409059639964447e-02
1.824170465929867216e-02
3.736132077629926440e-02
4.173955030351793327e-02
4.397020285420983471e-02
9.900706497802941319e-02
7.081314575462342720e-03
2.879565519878633795e-02
4.577016717088270431e-02
1.099925122408743489e-01
9.108091916231880747e-02
6.734242003419681211e-02
7.789457129554649972e-02
5.716309883892729121e-02
2.575039241713378366e-03
2.507608096114913657e-02
3.542963691103487300e-02
3.612235721066101024e-02
1.043088164708965149e-01
5.235928848448087765e-03
4.870737755420768977e-02
4.780663808519922120e-02
7.681399096910357382e-02
1.001546606875739626e-01
1.889221748690497055e-02
9.127841717099587082e-02
7.293798232629981892e-02
4.457503646810403314e-02
4.839000597518679919e-02
7.288065367886543966e-02
2.221253130065930365e-02
3.148262878814218901e-02
1.007705118900205227e-01
9.612238755949370494e-02
2.347933569220346170e-02
3.599029561028226705e-04
3.603333328285544118e-02
9.436725833391193530e-02
1.091548837104420466e-01
1.085148743143643599e-03
7.871165549976234799e-02
6.777034122373027866e-03
6.160564281017390925e-02
5.495151053600460210e-03
9.471599881686783295e-02
7.274623568846959321e-02
1.216116167473493999e-02
5.766719745129947339e-02
2.778012530139153252e-02
3.668225252653290001e-04
3.216172120370934528e-02
1.098778061239627235e-01
1.309206398243557314e-02
8.497959303373468082e-03
7.492331890077781609e-02
3.056809819049383092e-02
5.817809287440809524e-02
2.451064589820919210e-02
1.027209006730631508e-01
3.264501648895710290e-02
7.525026176408358691e-02
9.784418976590159023e-02
5.858055090792584768e-02
6.382081566192673860e-02
9.564736464378802150e-02
2.750355242465787539e-02
9.810490630298267234e-02
1.808265884726457939e-02
4.493378685730131661e-03
8.524117050648172267e-02
4.411017283180752868e-02
4.082508007646509784e-02
4.650648427328160119e-03
1.839897795460471424e-03
7.400122310939254155e-02
1.548044139564578000e-05
8.988542527213654043e-02
8.482084328766267833e-02
1.617774641936265204e-02
8.960356703738840689e-02
4.729642386512118019e-02
9.601756210048162377e-02
1.606150690994099595e-03
9.054415392022239009e-03
2.966745226833700927e-02
7.891259948109419220e-02
1.095948806451671753e-01
1.905262830911843425e-02
4.493446180789439220e-02
7.343826549174758966e-02
4.980326821911320451e-02
9.199817271080075465e-02
1.019469304658304487e-01
5.055257371487569679e-02
7.195077924780711454e-02
5.802705531992371178e-03
3.642866899953409870e-02
5.864319870076090124e-02
1.077097013814004300e-01
9.333004652056098305e-02
5.409386240604775742e-02
7.120719493417813906e-02
7.468032159094985245e-02
1.029465190882024317e-02
8.078367846209826009e-02
9.586546516250395167e-02
2.347880529270045258e-02
5.684136438036340583e-02
9.601387322633606058e-02
1.825473765409297427e-02
8.971756128308175371e-02
2.461528008629506811e-02
1.498648928101473272e-02
7.882616788497982807e-02
9.455187005142470791e-02
5.272739202713575338e-03
1.006937611084240680e-01
9.740243667350806378e-02
5.963216288260417275e-02
8.069885419216209221e-02
5.468133632700525326e-02
6.564923664389984981e-02
6.535353065634044722e-02
8.729391236267963761e-02
7.817050876690337380e-02
4.136653116907804129e-02
8.404365265546746844e-02
1.101780809937242950e-01
7.941117767176925080e-02
1.680265204901957785e-02
3.888012304934954089e-02
3.259555958562899546e-03
8.318316969093398489e-03
9.301659826465674685e-02
8.973280065654334892e-02
5.641354710906214438e-03
4.995453409650777235e-03
9.106744957708440280e-02
1.046418494138601774e-01
7.361673864453384397e-02
8.419685304712058727e-02
2.531059582022592014e-02
9.104665003207888796e-02
7.474270915032327212e-02
5.696895268299950743e-02
7.427904317196595829e-02
9.338364972947683917e-02
6.135192021758742453e-02
3.087820194853445332e-02
3.979499628985835175e-02
3.405072932497267557e-02
8.703746597270607677e-02
1.013622352092728995e-01
4.064933964247786913e-02
2.601044171263487345e-02
3.707108470857319038e-02
6.187867076257939913e-02
7.363785991537424858e-02
3.737955507544425682e-02
5.817453447784894094e-02
1.093033028908297205e-01
2.058770909117661058e-02
2.304584926828137995e-02
9.386537919929698048e-02
7.132352621300350193e-02
1.640279843206204208e-02
8.517547792899898829e-02
7.240664489688887484e-02
7.517345871666554491e-02
4.161445410761036717e-02
9.718834964693634504e-02
3.962389169287239797e-03
9.935334392454552022e-02
6.617582870945437623e-02
9.746712255844086625e-02
1.363909135348283751e-02
5.252935057822381154e-02
1.057727500340516352e-01
9.939981622863995614e-02
2.390082183303970063e-03
7.324911005858311674e-02
9.659295936356156187e-02
1.058029426017775484e-02
9.728690980933299426e-02
1.054853463078027076e-01
2.307059490998769613e-02
2.183420253116504471e-03
1.025034454387610400e-01
4.764277744547462667e-02
7.497666006484721146e-02
2.568515384702111867e-02
4.831395492735611474e-03
2.493429345916448395e-02
1.069797635992323082e-01
3.667246955786869229e-03
7.940192068110395185e-02
6.204792732396831323e-02
8.962994825678981259e-02
8.602846469547521802e-02
4.840232117743987345e-02
1.072414027063161440e-01
5.301338186312199580e-02
8.474914974246751387e-02
1.106204016824630376e-01
1.023228360007582133e-01
2.863647077520916490e-02
8.200678896750310254e-02
8.040037258217801186e-02
6.702378451010887472e-02
7.719586113625689916e-02
5.891233397861211224e-02
1.062110582604732234e-01
8.369261106147719842e-02
7.994702353296083419e-02
3.901151518300083245e-04
4.037170325352942846e-02
1.088800969976264632e-01
4.602106116248247912e-03
6.470482273573668897e-02
8.911597750694347231e-02
2.675417040271003966e-02
9.505956279624343253e-02
2.071723795375892546e-02
1.409043801945537855e-02
2.932961366235955700e-02
1.059192480601998804e-01
9.904178737773296215e-02
8.679729999746095548e-02
7.075780614633019050e-02
7.342102376031446609e-02
6.741417725740166123e-02
6.266202366132091195e-02
6.444751271984679175e-02
8.141104979563357213e-02
8.850884701187540504e-02
9.726661331055051762e-02
9.215683210534694747e-02
1.077076548970356401e-01
7.791406559752561863e-03
1.959563270255737857e-02
3.566192760641730825e-02
9.090223900952425218e-02
1.407887425617137265e-03
8.195399215839706264e-02
7.559507023437526951e-02
1.881565655632060118e-03
4.031614505396250575e-02
9.248051637771932676e-02
8.301017542787110515e-02
9.394448667528518260e-02
5.289673210161122130e-02
1.090671472175118173e-01
1.099767993559283216e-02
1.678277102402997434e-02
7.593139643429373808e-02
5.714639918972919119e-02
3.605331440044582531e-02
4.444706122647265611e-02
8.602070861089088777e-03
9.461686269804222768e-03
7.769465293322024013e-02
5.880270273106660839e-02
9.710632738044110146e-02
5.573967619621248565e-02
9.630859740540036185e-02
6.211617553303174985e-03
4.239664685191232851e-02
1.024658351400781903e-01
3.958119386399561873e-02
9.569356744541272775e-02
1.077194001938237139e-01
5.974429132133335374e-02
7.588138331498882339e-02
3.087766234135088175e-02
5.743147200233197913e-02
2.806797177485432018e-02
7.282056613950536536e-03
8.497125780319449151e-02
8.061029838485748653e-03
1.719833494621840833e-02
9.988315600795771854e-03
3.464424970807987447e-02
9.713632893247141353e-02
4.667736189590469126e-02
8.286999362518701617e-02
7.232571764811089599e-02
9.749076175952185730e-02
5.351950569522818946e-02
9.956213946007307081e-02
9.412479975405023402e-02
1.003095284134356002e-01
1.041590787447622402e-01
5.014857271376683273e-02
9.423051778355694130e-02
4.912287006348761698e-02
7.177484595243249776e-02
9.181837069556636477e-02
6.687076165009486761e-02
9.861513095348255903e-03
9.156433535915969868e-02
9.684839966025199365e-02
1.273145120099489734e-02
9.218857658199626492e-02
9.209174105983553016e-02
7.315188428795972586e-02
8.497887994269148759e-02
9.493786623990639606e-02
6.319810453634030004e-03
6.805810839069131868e-02
2.536159582826468320e-02
2.219187595282712949e-02
7.700370743211948366e-02
9.543992844505173878e-02
1.101728714498573097e-01
9.869769592666920166e-02
4.653572635217448350e-02
1.082731744212271086e-01
1.097710792793144680e-01
6.342943097641370875e-03
7.294736171875690345e-02
1.086975123730637843e-01
5.542396826933164433e-02
5.229662365964583837e-02
7.192444182475050962e-02
9.783574150836718553e-02
1.054067368007014990e-02
1.075124905167985506e-01
7.263145676968632558e-02
4.642400732417282724e-03
1.966632013943132515e-02
4.110780859389209091e-02
4.209399549044891276e-02
8.616991646621541268e-02
8.982601839190570980e-02
9.622007817265942897e-02
1.005173292143813624e-01
4.704460552344433971e-02
8.024023428397619728e-02
8.297010468759347113e-02
8.941555116086864416e-03
7.337951813011932278e-02
4.929703091630284646e-03
8.553629942456976443e-02
1.015846580102717778e-01
1.380349961349646576e-02
8.798214425237295411e-02
1.052224027209900103e-01
4.753071737530544655e-02
4.981887461319386978e-02
3.849343005683801555e-02
9.985372109235733651e-02
6.433866751429612174e-02
1.073722942674203429e-01
9.025507795635949460e-02
2.190335239519573818e-02
5.567433492195777295e-02
1.004358948837782289e-01
3.282824961454573753e-02
8.644437817422352677e-02
4.327290882261597416e-02
9.089068504654100600e-02
2.278185768854901032e-03
9.118124302351905686e-02
3.042542474954625445e-02
5.799598441013682076e-02
9.407812183927213509e-03
2.142057727232962727e-02
1.628220041550840127e-03
4.490963119289576033e-02
6.840382719340179496e-02
5.865915835504877107e-02
7.034761351547175190e-02
5.681275726228361689e-02
9.704119689779719393e-02
7.006377116956347129e-02
3.638161026199808468e-02
9.892410116454970759e-02
1.436982939649246796e-02
8.592358974959636575e-02
1.586111604044890266e-02
2.664794427873919125e-02
1.001137160682091243e-01
4.997913498343790895e-02
1.438377541384368817e-02
8.631037373154058778e-02
1.542320091058400552e-02
1.080191838186748271e-01
1.461493127678022835e-02
1.245673451298057177e-03
5.216119107794169735e-02
6.465166339667151665e-03
8.343909285926412456e-02
1.261370099782183410e-02
1.279793868889905761e-02
1.351219314398415146e-02
2.222947099259260303e-02
7.278039413044301575e-02
7.359200029072308913e-02
1.048188845068137413e-02
2.224962777125770886e-03
1.189876832139730167e-02
2.699400259470442764e-02
1.621102260241954682e-02
6.835651459185368428e-02
3.546977724747377159e-02
1.240761755542638643e-02
8.173789754396121321e-02
5.526525664112033609e-02
9.142860560342090659e-02
7.535753333908080942e-02
1.291845188054319832e-02
9.622016558808125369e-04
2.881451969448248565e-02
7.444795157832088256e-03
1.012648598541149025e-01
1.078432181503615195e-01
5.445122261250046926e-03
9.261529808890232862e-02
1.001458273812999428e-01
8.347779332165046473e-02
1.033028399709043921e-01
2.079144395772567627e-02
1.413253200438410045e-02
1.065416498548055757e-01
1.102516424676130806e-02
8.908956016995765032e-03
6.474513497119818717e-02
5.729517534310200194e-02
1.104508398063351188e-01
7.267618469187492325e-02
9.294229500901693419e-02
1.509224376902248629e-02
7.918609679813851110e-02
7.891270986721510283e-02
3.202550634519868260e-03
4.135736790219717712e-02
1.004708563121350928e-01
2.320428397214141861e-02
1.662316130593445226e-02
3.715815833116915823e-02
9.398625054236528498e-02
8.042284971525198722e-02
9.752131141747369392e-02
8.473016573897012259e-04
9.692567888637576567e-02
2.329040455864624451e-02
7.661101608834255949e-02
5.907554051356868341e-02
4.500047148632053962e-02
6.063618317959426803e-03
1.284935549292632283e-02
8.817321636094008208e-02
9.334146036613195918e-02
9.338266960144994688e-02
7.235155748732471047e-03
9.880777581798476372e-02
8.788665939801879740e-03
3.098347486623843905e-02
1.286048874408643634e-02
7.611819709561226666e-02
7.935268056200044107e-02
3.599003745280607985e-02
1.104927328341589327e-01
5.015246485580648894e-02
5.304446540060649140e-02
8.590470556449296413e-02
1.063715268825803500e-01
6.510077742571906967e-02
8.431495083106610444e-02
7.983229457368509925e-04
1.065021536852499701e-01
8.963863690551618357e-02
8.228488328270329444e-02
4.244325766175739700e-02
3.001930274555947731e-03
9.475979985331416111e-02
9.999372492633194082e-03
6.228409815501117358e-02
2.659164267387188058e-02
8.599821500291987553e-02
1.040887625663221711e-01
1.610984626808555434e-02
9.362002403625506453e-02
7.543721053065013948e-03
8.348032139618326297e-02
6.335067550094374000e-02
7.415810211358529747e-02
7.648182434246482420e-02
9.667940706458366673e-02
9.580910024063638009e-02
2.276985176221721222e-04
2.097921291654628387e-02
9.312318705818149744e-02
1.022531750481724677e-01
9.772374191874169669e-02
7.202587306703250869e-02
7.935993455805689933e-02
7.289619979982324242e-03
4.747679513624986775e-02
6.182577690313986046e-02
4.207554880630350741e-02
5.270668362299369553e-02
7.852339541174646609e-02
5.828013299479761766e-02
7.852240986188564753e-02
3.885685917708440323e-02
6.823121464969655880e-02
6.536328094881035944e-02
8.287739994955302392e-02
3.357872059375720947e-02
1.638393927679997891e-02
4.656936619085703249e-02
2.217575956605150056e-02
8.771090575345272256e-02
1.093492092045317693e-01
1.071919598292899595e-01
8.221946302591325029e-02
1.048463991242577914e-01
2.604439879436267619e-02
3.332080871028392927e-02
1.067036041627986015e-01
4.538098783208900644e-02
9.327234813956991610e-02
3.963730950734097730e-02
6.179449132775047737e-04
4.614059285119918169e-02
1.038669398223859841e-02
1.067355020033753793e-01
4.368481420876499377e-02
1.552420936069091872e-02
6.323893795906479487e-02
1.458617198097705500e-02
7.780691968559555471e-02
3.765508924010581293e-02
1.547148936334074437e-02
9.353727808949983957e-02
9.860229044135740417e-02
4.433672285077248920e-02
3.039465822077069487e-02
1.611810138893707625e-02
5.654294730220500026e-02
9.025204201644894397e-02
9.577761543470583727e-02
1.332187597505748999e-02
1.066058388069924256e-01
4.745482628070574888e-02
4.961046541790393311e-02
4.140436858057559150e-02
9.970028295496158321e-02
9.254663063138361678e-02
3.081284577389890172e-02
7.202592398111577407e-03
4.033095865995547924e-02
7.916916836787495082e-02
8.851851294353206556e-02
5.939195384106425724e-02
9.699830739098941335e-02
8.568511502120591816e-02
1.724354958663649323e-02
3.164310635566662706e-03
7.345890483939876425e-02
1.603769894589217662e-02
9.898275974420440992e-02
1.080984346164443888e-01
8.522046880295663929e-02
5.012531868446797045e-02
1.451441253874909089e-03
7.762777604627198180e-02
1.239221241271783354e-03
2.495222030259575292e-03
9.402040636095614079e-02
9.318823572231663133e-02
1.539934144116486721e-02
3.846270206291402087e-03
1.494461962184286986e-02
7.662068989448589384e-02
4.962896252432155535e-03
1.263990849043959870e-02
4.377343048596190125e-03
7.681748467285512416e-02
1.096738373888939480e-02
9.313495384004230604e-02
4.601888490576263452e-02
9.143788127182708725e-03
3.646872434001236646e-02
4.254644010724819604e-03
3.383073180693226770e-03
1.788004652251462545e-02
3.856254553989731104e-02
8.109623635332648128e-02
9.317120925973167850e-03
5.468479666028678438e-02
9.969772298890429429e-02
9.394628756172675177e-02
7.093118952932991883e-02
9.250430589209558685e-02
9.800407180460025958e-03
2.178488504622606847e-02
9.308968200322993714e-02
2.770106903577695609e-02
1.067452315068724150e-01
1.107871804309987739e-02
9.776813009622574435e-02
9.559012371172347089e-02
8.731604025728670337e-02
5.999226513127810072e-03
7.621825889012823207e-02
9.070764564287199516e-02
3.175561307816399809e-02
9.702219869766010030e-02
1.027506226775364712e-01
2.381401517690583461e-02
9.591777388986287567e-02
4.575862691599465182e-02
8.006400008865234563e-02
8.125145554334947673e-02
2.985296640277076974e-02
2.947401391737455162e-02
8.992302613862705740e-02
1.065106551054759848e-01
5.882246686000879715e-02
8.096265496881273338e-02
8.751027405791735048e-02
5.761036578614668613e-02
8.682792204023459526e-02
1.036222833811438482e-02
8.120754985893333111e-02
6.946981325306171573e-02
6.026323640243309160e-02
2.234964409591715887e-03
8.412870173820111153e-02
3.064799643996246950e-02
6.981626817460311052e-02
5.757299424736048166e-02
9.547200229169479357e-02
1.067932207206502143e-01
6.572910883191747378e-02
1.517080145412802970e-03
9.196781407355844595e-02
1.097869122122024366e-01
2.222439402286241136e-02
9.948060471112950276e-02
9.609520669712254271e-02
3.399439442634879377e-02
8.868435105559929754e-03
1.097034798209976236e-01
1.771108164268020597e-03
4.634833482423837692e-02
7.647111265123550383e-02
1.787277074441339167e-02
6.498673771769972185e-02
4.321348144010729586e-02
6.573819788396143005e-02
1.809408884733124459e-02
5.949930927892213561e-02
1.960417593801657907e-02
6.544522840571671829e-02
5.333764311769274152e-02
1.503885133208864716e-02
8.087128920039450553e-02
7.242852582265751904e-02
3.810450958218510129e-03
9.416735325178561544e-02
4.989937173001041809e-02
8.645232610639658200e-02
7.333942463178974580e-02
3.787503274825332333e-02
2.376218987109804739e-02
9.020644138701026937e-02
2.264478677143215782e-02
4.740754003886737955e-02
5.277285903450260052e-02
6.055226275458529261e-02
1.049869929567600196e-01
8.069169873219032840e-02
5.548016683138116967e-02
8.184499634132927359e-02
9.351245802232115156e-02
5.322098776392576031e-03
2.137145004799453907e-02
6.402988092506856077e-02
9.594848512702749965e-02
1.038184624032181952e-01
6.930468255995715643e-02
7.040872353523060234e-02
1.075568889413788115e-01
9.267030635995504584e-02
5.095385805264330409e-02
8.697913602434695357e-02
5.958908929281379191e-02
5.258384693828151851e-02
8.481146122615086658e-02
1.035814235607009914e-01
4.076001723808732324e-02
4.164374933407131996e-02
1.022338117672822594e-01
8.528380078177301427e-02
6.140948869208920358e-02
8.694015181391777369e-02
5.624858465160623155e-02
9.774360879192607598e-02
7.098323842683434970e-02
8.016664671007826815e-02
7.011603522829482071e-02
5.090266963643037823e-02
7.082748246290328231e-02
4.665606349541087661e-02
1.073435714762661780e-01
7.593181703216669853e-03
9.397466127745744691e-02
1.010481354680853455e-01
1.611095947689921218e-02
8.578809182502222797e-02
5.829723832723004984e-02
8.924997193226785752e-02
5.283717076891975006e-02
7.910988186083312002e-02
8.685660914196120796e-02
1.698974333444725968e-02
7.494684549000320273e-02
6.912696246986631309e-04
2.738635307857173462e-02
1.637931811301370985e-02
5.362882905905286789e-03
2.003106711999327189e-02
3.619367841236163785e-02
1.781051761092461785e-02
2.902576378324785156e-02
3.060097013429236013e-02
