1.623339520955426052e-02
1.012070197658135051e-01
3.145794606987758341e-02
7.521173334442990410e-02
9.396063338179219682e-02
4.053127250413159771e-02
6.266824824714570252e-02
9.568579963058444771e-02
1.812799786367116570e-02
2.041646468790196591e-03
9.955656438269262776e-02
4.793158619521030450e-02
8.757394178324208467e-02
4.392258935491218097e-02
8.461099965748886120e-02
5.840312360053490776e-02
5.794517689196665433e-02
7.553664147862602929e-02
8.239652330523221380e-02
7.369379199059000740e-02
7.064581617504717137e-02
5.440750707290506472e-02
4.552084854806339939e-03
7.797536977728750270e-03
1.010259318855554339e-01
3.579548641676733034e-02
2.225934647771512370e-02
3.210099466895422610e-02
3.428992344338947784e-02
9.355052833956339908e-02
1.015817967197597677e-01
6.339455253954268989e-03
1.012062951443462450e-01
1.017634742383373564e-01
8.971441011509697847e-03
5.183912609026766066e-02
5.603080745769160875e-02
5.885254200933889152e-02
8.227291611969915486e-02
9.414939204768865699e-02
2.607967609547695836e-03
2.469281652622786968e-02
1.720530731769173705e-02
9.937546743087140311e-02
7.799913312224757145e-02
6.045839508396602495e-03
4.881764558803966536e-02
5.939397591382821612e-02
6.750752008242609514e-02
2.143910212769326723e-02
9.430217649715173789e-02
3.364573531850587051e-02
6.324312740453312542e-02
8.274225834216328290e-02
8.945005575536742193e-03
7.642846844839155680e-04
5.877555881427014295e-02
7.301231504339636413e-02
1.176009057735642738e-02
9.904297003977363678e-02
5.845690917042062340e-02
8.839305807134865967e-02
2.877158524211960791e-02
4.830458893998434977e-02
4.371469877379892399e-02
4.409659794991194204e-02
3.399178393024938905e-02
6.690942861761486893e-02
1.130417426719824633e-02
6.548133389770947888e-02
9.602009757580540206e-02
9.333712198235995239e-02
5.331381745725558008e-02
6.703192919978782915e-02
8.816049103828532685e-02
6.747355508637409294e-02
5.024116468585906881e-02
4.073944978310412718e-02
9.090328178377762858e-02
8.197693151134650968e-02
5.338458609384633125e-02
7.504813973696433660e-02
8.292359351030618997e-02
9.336654461652690862e-02
1.019936252967683921e-01
3.176983624067976353e-02
6.504085803022320589e-02
9.181337418358170854e-02
8.334647841768420828e-02
6.199396096635227671e-02
3.405092866871484159e-02
1.205084386561749814e-02
1.194214820453791751e-02
9.366638204610175378e-02
9.943463376489494743e-02
5.261350741208705578e-02
1.019165938078478856e-01
4.276140007355711849e-03
3.025583328383704348e-02
1.020091474475934568e-01
8.073684199404754236e-02
3.562662500015805617e-02
7.143697043479034503e-02
5.285009104431558774e-02
1.005888359054757653e-01
1.029144075097662009e-01
8.986106541745667031e-02
9.718836899323488043e-02
7.207410963837636471e-03
6.900036131192820166e-02
8.322217401945458670e-02
8.879903855048426609e-02
9.321695919641788397e-02
8.788380307070106645e-02
1.432579277031786197e-02
9.252999075221832181e-02
9.331851503944030291e-02
4.854566235055765566e-02
7.556930282330556747e-02
6.684586739107077624e-02
9.673917724490270487e-02
9.855047784122622501e-02
9.527485466365866185e-02
1.002755691198295024e-01
1.111500739792632003e-02
5.804963942032162483e-02
7.491890017629626586e-02
9.169674424825653702e-02
4.102623362181608696e-02
9.208737086463310295e-02
4.913806165174416409e-03
5.444528695121602334e-03
7.035626315007909200e-03
3.264527285366042308e-02
2.904704691185523019e-02
7.135007421465038024e-02
5.595163257946027258e-02
7.288831497449442531e-02
9.590983893092189239e-02
3.786462011827266150e-03
8.173083552339623081e-02
8.548872492023107394e-02
4.102354450499533234e-02
3.730285428054848362e-02
3.795836516120674325e-02
1.000499430563336900e-01
3.140652504783925797e-02
2.492650767702922834e-03
3.874951121116444741e-02
2.296050924877441821e-02
5.688679430550532684e-02
9.122747689257766635e-02
1.071369318907328463e-04
7.366059510905975660e-02
8.793465409814729683e-02
9.794890758604138381e-02
9.764088606988889640e-02
9.832414591017139827e-02
4.490145677022039199e-03
5.237092236205877910e-02
1.018855684766145631e-01
4.045341215223076381e-03
7.543733928816785672e-02
7.922137943144946792e-02
9.642132340902061227e-02
1.389319179722239145e-02
9.320664172486869958e-02
6.811341247553399925e-02
3.394250704753826176e-03
6.770195692459668457e-02
4.715655808042643060e-02
7.479375642127478185e-02
5.420230356465501748e-02
7.098791043551400115e-02
5.376721998483380283e-02
1.618456646376141908e-02
7.659185925708553166e-02
9.512661128485211393e-02
1.834105403638555242e-03
1.395820911102432088e-03
9.625269714949834243e-02
6.946069282606677497e-02
5.573644542747776404e-03
1.037673008952303827e-01
8.691381604325029708e-02
8.093077825993949190e-03
5.434855649849479331e-02
7.084842968019012220e-03
9.556119904990169334e-02
7.530167510594254487e-02
9.533586811944046863e-03
1.024990372340616185e-01
9.129284101198828494e-02
9.820812400395828590e-02
2.264778306265768926e-02
6.163873661996063791e-02
7.362506724232946442e-02
9.017681202045718658e-02
1.017240752321567493e-01
6.002523998517685089e-02
6.394405380542839135e-02
2.150886767726133825e-02
9.781111374317301432e-02
7.209377352656387572e-02
9.352594853761322935e-02
6.671690141256109152e-02
2.241678970088738058e-03
6.149785864089140491e-02
2.201982373099451579e-02
9.169548640454745769e-02
9.647873464723107084e-02
5.516711511820263786e-02
8.554329048250586265e-02
8.209321051849169382e-02
1.655843912551671279e-02
1.538532897988166559e-02
9.443056882810209329e-02
2.291049757936235338e-03
5.638433369801831505e-03
6.452647286192639275e-02
1.447604968140079121e-02
1.012897155169431157e-01
9.797016426298393865e-02
9.635056562584497220e-02
7.688381461814737527e-02
3.738954961342343120e-02
1.395581251973864768e-02
8.803575340833871832e-02
6.195065444246158903e-02
3.869025672534542708e-03
7.104167642478972922e-02
3.836677484337276678e-02
6.158491863505329705e-02
3.663729921195343214e-02
5.643041056121785026e-02
9.282934863715189278e-02
9.313515387101144183e-02
1.670301318689178943e-02
3.255245282487148617e-02
9.151085473593362218e-02
3.743280349937871260e-02
8.693450614385540842e-02
9.907447655249948526e-02
4.077697892302929381e-03
1.030119288486275181e-01
6.354495901436643147e-03
6.691153130892009415e-02
8.909447824317594244e-02
6.951758564073926006e-02
3.935721198212376037e-02
4.598832201749270682e-02
1.007285913055911142e-01
9.784582832983405865e-02
9.513190584274737460e-02
8.735782471435739327e-02
7.624906582280555067e-02
1.783535995171110083e-02
2.483643599925397516e-02
3.651666004083799211e-02
3.067538294371726856e-02
1.007611637707696295e-01
7.100211401397762967e-02
9.766366885563393385e-02
6.357747730329077473e-02
3.625568470402123350e-02
7.091499895044267587e-02
7.964139640853815094e-02
1.023059163924506521e-01
2.146018733446635601e-02
2.333666805541826164e-02
5.777230045047093698e-02
2.596755553535358418e-02
8.898463491902153244e-02
2.511860489427611420e-02
7.747773498982515883e-02
1.088470954900231692e-02
6.382380881421166087e-03
7.602316801243834410e-02
3.567813663727402440e-02
8.547204200037766819e-02
9.514192458238064642e-02
2.226887268316247309e-02
1.036155037016399660e-01
2.645682709345925296e-02
8.166778394594481627e-02
8.981673029761286231e-02
1.188869666199238173e-02
1.181985879822993260e-02
8.128475433748452716e-02
5.509344045804388801e-02
1.383331149595857026e-02
6.431113046593267546e-02
2.137489211591007097e-03
1.778035967420754475e-03
5.389995734346978568e-02
2.327217399503709802e-02
1.451009058836947446e-02
4.242266750296199047e-03
6.654693905931168343e-03
9.656974537003010228e-02
8.312959727141032429e-02
8.794032808332440110e-02
7.914323868999546818e-02
1.589351624496885065e-02
1.227794723282400399e-02
1.371573377875594593e-02
2.527770304909309623e-02
1.010163988371230309e-01
1.031386710684038255e-01
5.868648500623700054e-02
8.412848424136351588e-03
6.113582609394724310e-02
2.284438394278811429e-02
1.036559413398573520e-01
9.552328418425423684e-02
9.731338687492319117e-02
6.718013045313879494e-02
1.003258346289025438e-01
4.437729154073582344e-02
9.958214489645419998e-02
2.741436425438055751e-03
1.594571548872868172e-02
7.155318200679774976e-02
1.035119030817071434e-01
5.044516959197542505e-02
1.031407156700982763e-01
9.961716318941634188e-03
6.662589339976517089e-02
7.290764087671131044e-02
8.378858910817206908e-04
1.560432407707681643e-02
9.708960597958989081e-02
7.291987823266345148e-02
1.946218768964383346e-05
8.236490451891406717e-02
9.927996306578290575e-02
4.584078165651107872e-02
6.831540923357781736e-02
1.544500291027691222e-02
6.149949910381086182e-02
8.911492717828176091e-02
1.129754543864636140e-02
3.524313596169072194e-02
3.889416230733135776e-02
8.136475798926239011e-02
2.304371908445470782e-02
6.638838696632243241e-02
6.718809079885228186e-02
8.131586576758022267e-02
9.871727207521348302e-02
7.987934141618019401e-02
7.438757175857829002e-03
4.038434893010570126e-02
1.241831248504737285e-02
7.417095295801223731e-02
7.898296014559003098e-02
9.399088411770797902e-02
4.440968403808887022e-02
1.209323939745148881e-03
7.338938955522091023e-02
5.622959920806085837e-02
3.066438790187037827e-02
9.520972154209238203e-03
8.779875784911253533e-02
5.110829217276059711e-02
6.574648473084837574e-02
2.153066385347122622e-02
6.440027361581329712e-02
3.454720275005155466e-02
9.136215221550851584e-02
1.053166248200295210e-02
5.738288685209032292e-02
5.632583111111969659e-02
7.287059647965611620e-02
9.854275623737489276e-02
7.062478841314866196e-02
7.191566041709783128e-03
3.474113888134976874e-02
3.046572063140463513e-02
7.056917970911298632e-03
6.392574551297966479e-02
1.021659000871720790e-01
9.235700371568361655e-02
7.414754331419853850e-02
5.898155504239454422e-02
3.246079461855217591e-02
6.900725289348240421e-02
1.182135708789919942e-02
1.013831801699041288e-02
1.425756890515971452e-02
9.227462193004923319e-02
3.776328717032379628e-02
8.528430370634977609e-03
9.571769217810444097e-02
9.981969931493715753e-03
6.293020259939074990e-02
1.042951948479384217e-01
4.711570723616953504e-02
4.127319677588744962e-02
3.277270599139753965e-02
4.566514094062874146e-02
1.043493782094177674e-01
2.809333764232556374e-02
4.784093884578916739e-02
9.392077884480154459e-02
4.689382976711047729e-02
3.234240900022710558e-02
8.013380676802843439e-02
5.108809841129938883e-02
4.812902432160859334e-02
1.000083826145940769e-01
1.003286731155726835e-01
3.853979737452471743e-02
3.727944352751098867e-02
9.051502421761606354e-02
4.172058232774571856e-02
9.825349001056188358e-02
4.365013715751593637e-02
9.960438101227699070e-02
8.763798516261921134e-02
3.183392102687899322e-02
1.010819195739953852e-01
2.584417076309559677e-02
9.094719721902759513e-02
8.371756387720122317e-02
4.407205665568316583e-02
7.088473879961404607e-03
1.045776136685964280e-01
2.960166658836848805e-02
8.462747373207561707e-02
9.933911806298631464e-02
7.666443228480765426e-02
9.325926408142468094e-02
1.723489413888356844e-02
1.043361054400516880e-01
8.493681549093654026e-02
4.169981003822918753e-02
2.552389622537430680e-02
3.043466226721331866e-02
7.832732854129920153e-02
5.340107923464444857e-03
7.401278111777227775e-02
4.301415667423409347e-03
7.259164080588147161e-02
8.158148913440785299e-02
1.002997161775090462e-01
7.684815566304052659e-02
6.610119384032943704e-03
9.888716684380695343e-02
3.135443778353779343e-03
7.771714888008653122e-02
8.807156791263585915e-03
8.903839359167414758e-02
1.184923943613555748e-02
4.531395711259925130e-02
6.237727398157122405e-02
6.958865085286342067e-02
2.835678986172446552e-03
1.024479131612478916e-01
8.238747537144790190e-02
8.067456676688776473e-02
4.908957143707241844e-02
4.699476962821048237e-02
5.564868135645613390e-02
8.322748931329215782e-02
5.052566911944009545e-03
1.521092549895489317e-02
4.158411752552552271e-02
4.957775347590246545e-02
2.333883714573619164e-02
8.437557503529811986e-02
9.621110460554763155e-02
1.020903978716406063e-01
9.896722362433860165e-02
9.558405631820665604e-02
1.336491289378283036e-03
1.169021474450271728e-02
4.241925867419254169e-03
6.936829071895381227e-02
4.457882935059344354e-02
9.163206210970102628e-02
2.600020680945337725e-02
8.133045993183013467e-02
1.034352348606571298e-01
6.571536313959695785e-02
8.585315947169257222e-02
7.542459912620998186e-02
4.731093653687701989e-02
6.975191063270845537e-03
1.042348194969531239e-01
2.167649797160629138e-02
8.433381269780490519e-02
3.269645432576573363e-02
5.362131374287832351e-06
9.337733605107825796e-02
1.018241280039740848e-01
6.156185891191229970e-02
6.364167387634693529e-02
5.113629490048609422e-02
9.705930936808054854e-02
6.751480061814127409e-02
9.893745955961576188e-02
9.053889690630333165e-02
2.219090486544534474e-02
9.444254532534517022e-02
7.859777125091804706e-02
7.133632382424333340e-02
8.704513473059359574e-02
8.596223855647154577e-02
1.367022250777837587e-02
3.427807012604718734e-02
5.319441832837128875e-02
6.644968817803928451e-02
6.593525377524950271e-02
5.721990596470543505e-02
3.613547774452507272e-02
7.871798550560696328e-02
9.667473929276139410e-02
6.030942905900086443e-02
9.997158979319380190e-02
5.175678269770195988e-02
9.709845720427322247e-02
2.492904421347790639e-02
2.102599491420236236e-02
9.652471385413306793e-02
6.159159801897749753e-02
2.293295888358808446e-02
8.660895324516136584e-02
9.264379189636795520e-02
5.782005106735489675e-02
8.937223682054848406e-02
8.734130395591339913e-02
9.353583736738177445e-02
4.877501742753725944e-02
3.187376352718106209e-02
1.011816271840849379e-01
7.754411800336094562e-02
6.971443290865055042e-02
8.453974287915699826e-02
3.563831215163426602e-02
5.641865179958763243e-02
3.422629477299714285e-02
6.613220144753226282e-02
6.444523443316341194e-02
1.463176539439505625e-02
2.591502124376414765e-02
6.221752175838227844e-02
9.194852934776649722e-02
8.727706044288742471e-02
8.725391882133781696e-02
1.191045294057541636e-02
9.208221065746284573e-02
7.065422669420125257e-02
3.370348616605227821e-03
1.548554680958004991e-02
2.511769877039269142e-02
2.342336855755487030e-02
6.744492727382782327e-02
1.032761960239999763e-02
1.030251558461501155e-01
8.267840504459547657e-02
1.021328578812760041e-01
9.407379603848399496e-02
6.993515131779694249e-02
9.584015980546253810e-02
1.039252106363971334e-01
7.531814623799483466e-02
6.359027003048212112e-02
3.846603387021814858e-03
1.944035172333190981e-02
9.058476008310362149e-02
1.021132193393408938e-01
8.167266449482821211e-02
6.569930326168619758e-03
6.163583967693362330e-03
4.889531932942085130e-02
1.748240770468747693e-02
8.434112175392029231e-02
9.071002751671999875e-02
7.555507468121476500e-02
1.944372541692777553e-02
9.967654780008039506e-02
9.725535705853304014e-02
8.112394733565762850e-02
1.026249224448910619e-01
5.216734232770336641e-03
6.754688956728721605e-02
9.421428385001054395e-02
6.125454618028759735e-02
5.181964088140159769e-02
2.865328079591302271e-02
3.233164061183301657e-02
5.322788234602034152e-02
7.574458153246410586e-02
1.918602385898038332e-02
9.911680210724253814e-02
6.548237057083734769e-02
9.755035206430720529e-02
9.652948530588435772e-02
5.992158400306373672e-02
2.597933100509109902e-02
9.677480461180511251e-02
8.367634828674476444e-02
8.346408892611331676e-02
9.888097490988597207e-03
6.196886821134816800e-03
8.672095032519973323e-02
9.165504732437687596e-02
8.224211306271980715e-02
1.012289869324800029e-01
8.400404209701922698e-02
6.852919302263632551e-02
1.737791561774088001e-02
1.975253581645463122e-02
1.071975579544140640e-02
9.837475829973617303e-02
3.495267726111263816e-03
1.839884604473716531e-02
5.748236002748752932e-02
5.810667532746097153e-02
7.980262671320652312e-02
3.070211973884773987e-02
9.484229834932834946e-02
1.043791835734167589e-01
1.032974589163663665e-01
1.521988778491357129e-02
7.097946737499566394e-02
3.556298725842712422e-02
7.550710706743862799e-02
7.853349045225956060e-02
9.501939536085568516e-02
4.630918535006764425e-02
9.997863644989603282e-02
9.129759404776600917e-02
1.050950056422677269e-02
9.494396713330639781e-02
8.995341800347469302e-03
1.025475326872339749e-01
5.457128117060204738e-03
3.330243297573294570e-02
2.249643766027552283e-02
4.865928097684316805e-02
7.607401991644295591e-02
6.051138436842525697e-02
4.498332345938045596e-02
8.633256802523230078e-02
9.476906177519416052e-02
1.741863858336397883e-02
4.293099769648237723e-02
6.567697930342405489e-03
9.349040895138290008e-02
1.445260273210985033e-02
5.521986767769466314e-02
8.216657612382373410e-02
4.173316312221701796e-02
1.006799012482684635e-01
9.954104734883992278e-02
8.594539683487842363e-02
2.048854506658315949e-02
8.053965772631861697e-02
7.330749124026961216e-02
3.546827535317119418e-02
6.746544238410075167e-02
3.110918106049131993e-02
4.876017747826050935e-02
5.850620879995859641e-02
1.721712570439005302e-02
2.115127668625486554e-02
7.328818259619278297e-02
1.017061923524813366e-01
3.079599277409129574e-02
8.258033595012163885e-02
7.879269331030284984e-02
9.877392129934794984e-02
1.025830071344152050e-01
8.042519010311867389e-02
4.240187310398718656e-02
6.099376279308670046e-02
2.992642290570673644e-03
7.572243153831975659e-02
1.040785777613896235e-01
3.362434588162867277e-02
1.017967697515946152e-01
9.620659447595343583e-02
2.760043290387025755e-02
5.320761411921492295e-02
9.799181536068550524e-02
7.542461661956262331e-02
2.521550663117116606e-02
7.278441843263716571e-02
9.874177503206521544e-02
6.484396903283523410e-03
5.285391979864715456e-02
9.772842016830687872e-02
8.195410442089220981e-02
8.083184275380150829e-02
7.639908095419953998e-03
7.093183525025353875e-02
9.860932155531181020e-02
1.268805711689494596e-02
9.456546457486761370e-02
4.045360970258742028e-02
9.786305234806509656e-02
7.603140948515647868e-02
3.523456127019011092e-02
9.732868525252007241e-02
8.093978817437076645e-02
9.691294183046494926e-02
7.740919237149490595e-02
8.523120011262400042e-02
7.724854002290505728e-02
6.045733777915316548e-02
3.622797857222586487e-02
2.288903351078608664e-02
5.558231077447998991e-02
1.016164308175193931e-01
9.914884684013949845e-02
1.403704376434538638e-02
9.081167216106698914e-02
5.486356084399979238e-02
7.854788421642069918e-02
4.290018553673097951e-02
7.728665446317579957e-02
3.570151914322488435e-02
2.241318449025653248e-02
4.632273919769628462e-02
5.844186520271422991e-02
1.575027778474804782e-02
8.644891394332029910e-02
5.778797038520371021e-02
8.595473047750666618e-02
4.521057543153132741e-02
5.270997724784233507e-02
4.116303133817560828e-02
8.751038113570296095e-02
5.545520195499812482e-02
5.342588622079059990e-02
8.195312159488062076e-02
1.883534427208899062e-02
9.802087991405528111e-02
1.025388422724239357e-01
2.074289160845048732e-02
9.934171446955981921e-02
7.499620112807932337e-02
1.301898247652958154e-02
4.342680742641515101e-02
3.822061632942509724e-02
3.032145634477744628e-02
8.341178761150595811e-02
4.466866852635406615e-02
6.725588303836990689e-02
1.704107089179408147e-02
8.351119889919442207e-02
6.445157955117025717e-02
4.745349101771501044e-02
9.452568136620466410e-02
5.415345543466195885e-03
6.535490098908731602e-03
5.624506593044976271e-02
2.125396423302864518e-02
7.696056892673064365e-02
1.441233940661824399e-02
8.356507418570323364e-02
2.183761423488928682e-02
7.685360974535852818e-02
9.616678693737484851e-02
8.911915611239711044e-02
2.245057140757024394e-02
5.960533557978223151e-02
6.207416978719958699e-03
8.193322028980649929e-02
4.824636030485480315e-02
6.699934495353264408e-02
8.437279688648911813e-02
9.723206908088889711e-02
7.636516261538853212e-02
1.008227852361888305e-01
2.197321383159663369e-02
1.820184756531633558e-02
8.406373133399049069e-02
1.266228612671171927e-02
7.339668991867487335e-02
5.763581219697679753e-02
6.019068631436493011e-02
1.001903539845034885e-01
6.875950106099731896e-02
9.832788559446070664e-02
9.681921890974067024e-02
9.112081726408384486e-02
5.079751112450735240e-02
9.011089202509907359e-02
1.029998029919284713e-01
1.123251057659134175e-02
6.220657457038379634e-02
2.145960779671666346e-02
8.891622457201837915e-02
7.260840119830891393e-02
4.763793188703496773e-02
9.531086816960299135e-02
9.016096910887784477e-02
2.786806599615589131e-02
6.283413766238256370e-02
1.753210529063642734e-02
7.144346576705616625e-02
8.802450998317690178e-02
6.827339120625108837e-02
3.122197971144030984e-02
3.305838626570577893e-02
9.955083574708764593e-02
7.413699864129399963e-02
6.474338853062604204e-02
6.579568000843653841e-02
3.609006250622555801e-03
9.005470583660291073e-02
5.021645692426118107e-02
1.398463013878187408e-03
8.723735108251234882e-02
6.233743096141337175e-02
3.259579053425248202e-02
3.487447473019228417e-02
7.340379370327874823e-05
9.922577801060455949e-02
6.490232084118760514e-02
1.822121679618728118e-02
9.793912994645050107e-02
8.309563496688748829e-02
4.464658494291892654e-02
1.043519300751861861e-01
4.606411673532470608e-03
2.963992365379658836e-02
7.020655502766666618e-03
9.990781766276546350e-02
7.345836647033959776e-02
7.608276687230293434e-02
9.883110906403069773e-02
1.038921383521213826e-01
3.846413665697760720e-02
4.744468495240557887e-02
2.148998270911147215e-02
4.614136323953062918e-02
2.791885911716503188e-02
1.885516410083918140e-02
1.000305379655258842e-01
7.511492179626910737e-02
1.029020967481369814e-01
4.668444202272145627e-02
4.197369715991502298e-02
5.038206868338178379e-02
2.316262313125561079e-02
8.614969107265163517e-02
9.840864333635841732e-02
3.978414380726041921e-02
7.734972992328111030e-02
1.004380729636970664e-02
7.372910729908185856e-02
5.770962269057075371e-03
9.036452185654342273e-02
5.078261041077834770e-02
7.509435893112068050e-02
9.518153364346408629e-02
9.966640259616703357e-02
4.511945917463331540e-02
1.172044377197653010e-02
1.021163400058018450e-01
2.692955826788055035e-02
3.279888726775052193e-02
6.222503135488569731e-02
5.010701058485033527e-02
8.501342647052466395e-02
8.147279171207866266e-02
7.508759333019250637e-02
1.364795929201288727e-02
9.292869195403298532e-02
7.334007102238476739e-02
1.309172081185953213e-02
6.160060543894349538e-02
9.719148916887865308e-02
4.121684777356030005e-02
2.195841585200738674e-02
3.248704788396833409e-02
2.580930584388008500e-02
4.228509538791547923e-02
1.040166509773844256e-01
5.069393139150119541e-03
1.707226830419019195e-02
6.566127332724820687e-02
6.405131012059993301e-02
4.989818852972336891e-03
9.009850210844250196e-02
8.681255965619250059e-02
9.984852177608713464e-02
1.039929793252417772e-02
1.035391979430670545e-01
7.710417411690646816e-02
1.684536244779306566e-02
1.230629305236098127e-02
7.317091525244728833e-02
6.448653334508905322e-02
8.929387364639565505e-02
2.834976925955171381e-03
5.693508039596616166e-02
8.466196857703923995e-02
8.836159878249819077e-02
2.111662753526551486e-02
8.287486532405978837e-03
4.779146115185978205e-02
2.263863954896645422e-02
1.016549614721517086e-01
3.164225595859721657e-02
4.171543589374303307e-02
4.886336050249257684e-03
7.752621011044635857e-02
6.054664868625991847e-02
5.478277246964646796e-03
6.952392784161107175e-02
4.298973247914609358e-02
7.724304863837379298e-02
3.793295799300858140e-02
4.326922263613332958e-02
8.907497784713233613e-02
7.549538554931465098e-03
9.456124717030911508e-02
2.094183291039961037e-02
7.710080280606558534e-02
8.191070127834791659e-02
1.359243727596021536e-02
8.521990865450630726e-02
7.970115943752532905e-02
1.015053765300971515e-02
4.968366151115572588e-02
1.040509805509464702e-01
6.584024455711326267e-03
9.559900660808207107e-02
2.997451492968939216e-02
1.024975521940725831e-01
7.216485080543218709e-03
8.418780825250843369e-02
1.484607139081525404e-02
6.404233220415568584e-02
7.488472963187074727e-02
3.978371532711647007e-02
8.173910950158322364e-02
5.686494257440649625e-02
9.216025234276252476e-02
8.430680314887362137e-02
8.278350453158218880e-02
6.922132933172082947e-02
4.083621759319915057e-02
8.659382095257456280e-02
1.023688513265124667e-01
3.001595248179408232e-02
3.645954137378174236e-03
6.968423940026023666e-02
8.275298021825544525e-02
3.823788362980074657e-02
1.022622006803074468e-01
8.740866718094396359e-02
7.446608392354427119e-02
4.274142957905658485e-02
2.175809711899582416e-02
6.283039660595102216e-02
7.679523339060339432e-03
4.904840751107482355e-02
7.440792365380695383e-02
2.060231163515263003e-03
8.792282798054663895e-02
9.448138308518132245e-02
2.682722956651100582e-02
7.675914782216593235e-02
6.121189060624214473e-02
1.223897634826866775e-02
1.030170764108722103e-01
8.545404293629769998e-02
1.006397417331657274e-01
1.028083155693711448e-01
3.784471155428757033e-02
7.363589881937870896e-02
3.043002348268790055e-02
1.029842305672447333e-02
4.903961113933413135e-02
1.030986599760163186e-01
2.741760868088760281e-02
8.925627466825614142e-02
6.490552323906498278e-02
9.578511637678713275e-02
4.612427186152969621e-02
9.719336916382925740e-02
9.231778517859202948e-03
8.610158973917282632e-02
9.461530649784367919e-02
2.688215449867415938e-02
1.404906351035920854e-02
3.623073478285944796e-03
6.482553415993251578e-02
7.597671693922670999e-02
5.232957731519838340e-02
2.618979218822600416e-02
6.270300841857046059e-02
3.761446715432550762e-03
1.753957615655683117e-02
