5.729727698135595598e-02
5.236732513586130067e-02
1.047096261148747730e-02
6.571449915783147966e-02
1.090592828206088105e-01
4.278485919115243563e-02
9.485790955685931281e-02
1.729239257276612637e-02
9.034542306719028915e-02
7.639808247329656077e-02
1.797768043305594506e-03
5.063321107052634606e-02
8.580451851606957225e-02
6.833396287637145960e-02
5.379593986620126098e-03
3.437021375759038294e-02
1.224733836674069161e-02
6.277513793754162241e-02
1.058862018612838005e-02
1.101589235326952271e-01
7.672030901666791747e-02
2.060033310627488318e-02
7.528472347910990237e-02
1.423423929571941693e-02
7.667194511484050345e-02
3.668931001327283004e-02
9.197071332946829547e-02
1.004177210196371137e-03
4.528108516036489367e-02
7.578670703883844117e-02
1.848932818695348673e-02
9.747014816559675804e-03
1.927464147355267485e-02
2.600384150496512503e-02
8.495524369383014585e-02
3.791801510269916797e-02
3.969907043899104787e-02
6.152577892316496086e-03
1.069593301723597012e-01
5.733026204450229063e-02
3.163694317965368152e-02
1.054404026632466546e-01
5.185770431287507753e-02
5.178507829722944072e-02
4.853308290323213314e-02
6.932650148458727180e-02
5.543190174368971962e-02
5.166671105750850201e-02
3.483009106281626660e-02
9.325007694501580291e-02
5.122119450621801656e-02
1.491787215025878501e-02
1.837153762866042912e-03
9.222337388342728703e-02
6.730605484822953233e-02
2.222235508707381957e-02
4.904347209813642028e-03
2.569663213830887874e-02
1.013509633007336763e-01
4.681097704796763001e-03
6.946943337982386391e-02
2.922110396015105763e-02
5.612320719612788611e-02
6.442516680893874137e-02
7.151576054824655693e-02
1.062497206671517702e-01
8.508868296271408825e-04
7.384872068801316865e-03
2.738468482211263086e-02
1.631561518425293442e-02
4.979622600196785542e-02
1.172003333707708275e-02
6.128327365194780746e-02
6.810373456722108865e-02
5.886494598871220424e-02
9.044558270278441059e-02
1.817021687988562909e-02
1.264973878755574176e-02
1.096159825934703153e-01
9.830150931570652562e-02
1.078272119470312790e-01
1.091264283276092983e-01
7.515574351241684214e-02
8.109346304111962611e-02
7.994866388229183995e-02
9.633294853348943476e-02
1.031043423684037952e-01
9.636564970976428668e-02
3.963754109271670593e-03
1.410042224890830503e-02
4.490210144673398990e-02
4.095851021491713536e-04
1.194584887708944384e-03
6.327286703332883795e-03
2.284677900927859287e-02
3.100012569686046507e-02
4.360410705018446381e-02
5.766150395565037418e-02
7.518694039416991270e-02
7.177987761748231589e-03
1.068735044838989706e-01
1.663782597585653292e-02
8.218193497233028388e-02
2.036213132314610482e-03
4.594717435888242413e-02
8.551194184846365454e-02
5.531538278442901108e-02
2.511802950267206722e-02
8.621012398232122398e-02
1.220363468337792162e-02
7.543794797181746503e-02
9.242401387948301003e-03
2.077933396740156563e-02
6.061580343702115126e-02
7.586842463328317965e-02
4.129590957962609582e-02
7.577732777602834424e-02
9.539518904044429204e-02
7.789086022898485118e-02
1.084561575820877921e-01
4.899150105797766067e-03
1.237842890880160550e-02
1.487765368787600379e-02
1.091251909789782149e-01
3.198947352651096421e-02
7.411190069786009749e-02
6.164774606579467159e-02
6.690136085727476506e-03
6.906079212353229135e-02
6.695575136478580658e-02
1.029510071342415109e-02
5.390466727068189690e-02
9.328433629830749918e-02
6.672429315104723424e-02
7.723500418849579829e-02
1.363284822383139562e-02
1.636124879837717871e-02
5.328921925786280628e-02
8.470569910640579625e-02
1.047122923252100241e-01
1.157611134863326466e-03
9.934719450680803976e-02
3.002728292273913746e-02
3.431245372559007384e-02
7.705553319777381192e-03
9.662580412094416357e-03
8.828609080353676253e-02
1.030136103784654866e-01
9.866969012687143437e-02
1.529371641330728396e-03
3.535509356095148381e-02
4.464708389830401858e-02
3.578172868180935079e-02
3.528408907690329388e-02
4.281488546511049917e-03
1.905529271832687860e-02
1.690306582006873178e-03
2.224885097814085708e-02
9.432634143171247931e-02
1.042410552371102472e-01
8.266987834048229733e-02
3.453883853221779293e-02
1.078225298645194147e-01
4.887897886610355000e-03
6.734966902070306516e-02
4.305854454247188927e-03
4.776924569709590368e-02
9.693841553908381925e-02
9.674605407279834868e-02
4.417876695977231843e-02
2.052344115034909419e-02
9.171528849790878957e-02
8.997058716207356754e-02
7.151490534879283156e-03
1.038320967897561793e-02
1.189424017161539067e-02
9.266495894076803852e-02
5.326463369402516419e-03
5.562485434029548759e-02
3.549508754635062602e-02
7.890111902948198849e-03
2.989596473718965711e-02
4.007818847150339259e-02
6.228950190003521188e-04
3.891982436917483523e-02
1.205903905647724879e-02
3.167086112080570032e-03
7.782001515921411691e-03
1.445108622633200710e-02
3.979561296376783741e-02
1.714964988704509785e-03
1.571144111917743141e-02
6.566525505954318165e-02
9.358753381835828444e-02
6.652777729652083194e-02
8.274599936578748427e-02
8.721104823542503992e-02
4.148808886347167546e-02
6.702820466519560094e-02
1.081037118811085107e-01
1.915466755193607346e-02
1.103380313683703477e-02
9.220710000941186035e-02
1.557000171521415524e-02
7.213148476962631672e-03
1.674754272607644010e-03
1.812526444266040039e-03
1.971982941877864839e-02
5.286123822246157483e-02
1.687760832832158400e-02
1.064711590438767036e-01
3.414806951194941653e-02
3.710400249032851788e-02
1.975286394346722346e-02
1.036633845119824676e-01
1.063760945988767755e-02
5.502398365596070096e-02
4.799448425070584195e-03
3.168270795106398197e-02
1.203646248838928338e-02
7.539538596162549677e-02
6.231935267872702744e-02
1.041792796052305042e-01
7.409490413962788874e-03
1.062026636192836965e-01
8.606178981592764454e-02
3.570268245387370198e-02
8.111508920952170687e-02
8.905928820820979697e-02
4.172430252198126160e-02
3.018835831473897641e-03
6.881828722422100864e-02
2.266737095632542082e-02
3.394082696211014188e-02
3.625267017006278403e-02
7.584583637309257054e-02
3.921045733700407460e-02
4.927621901913444707e-02
1.513085033451089505e-03
5.217072166783925241e-02
7.948291087203078475e-02
1.065598289688910183e-01
2.905282082886911921e-02
3.148505784989796830e-02
1.016466639361846835e-01
3.343634373744319016e-02
6.718602331441780873e-02
5.454407708399172661e-02
9.233580927915911729e-02
1.941851876876393018e-02
2.008451565874857722e-02
8.742098000002906932e-02
9.782130176241217445e-02
6.978838111059900221e-03
3.312850016997328367e-02
3.428975004206218091e-02
6.262964709915576356e-02
4.124011898944807825e-02
6.675200812646736592e-02
2.028610227411477979e-02
9.738552563271855866e-02
1.926750422480012206e-03
5.343139300420961940e-02
5.491756686805897292e-02
8.696109086931814005e-04
9.685929170985368986e-02
6.784522821199369391e-02
7.936448070908454222e-02
8.315099478219975526e-02
9.108713436542979769e-02
5.419679577512764856e-02
1.082477323223155971e-02
2.846589679154458083e-02
7.416353707769950121e-02
4.208258666374158768e-02
5.088222922759520067e-02
5.454738190151468130e-02
4.079286299124067205e-03
4.009703331977012598e-03
8.363482025476462467e-02
8.261407916979814081e-02
9.204777416005967272e-02
4.722857035947571752e-02
9.081341305584220841e-03
7.002221490251160640e-02
1.371845595928832505e-02
5.051075866798156871e-02
1.548056674728737854e-03
1.010468560295270657e-01
8.317328950671327992e-02
5.657046954509756254e-02
3.025911742751651728e-02
2.767206856907737308e-02
6.535091281739871527e-02
5.482777249723625596e-02
1.094259910764381893e-01
8.950522894165686971e-02
8.256017988841296562e-02
3.650019156767012139e-03
3.487183906903371100e-02
1.009425032500521208e-01
7.479807476810845790e-02
2.262588453730288163e-02
7.145031790553946216e-02
6.973256028458052480e-02
1.668735592667629566e-02
3.729168070726913281e-02
5.174748317209579979e-02
3.228239990370703610e-02
1.460055785959871698e-02
3.305350790496327552e-03
1.954875275991262845e-02
1.008140398926432417e-02
3.160398555816732596e-02
4.221445373595013317e-02
8.423252333154934712e-02
3.485529626210828041e-02
1.074250107903049478e-01
5.636425071887268129e-02
2.918929029160726926e-02
6.319835588254248473e-03
2.425167811499596288e-02
1.820569921956454243e-02
2.056705362587879851e-02
6.737063033980535132e-02
9.936362109310446777e-02
4.865317366736227403e-03
1.742781847628317032e-03
1.638023056720363732e-02
4.228133686756972709e-02
5.094505437995047736e-02
3.392900773186890290e-02
6.956295622165584169e-02
9.238374299655333077e-02
1.823631225731943764e-02
8.521614188631752851e-03
1.090771310904527780e-01
1.915070676648463963e-02
6.824112344271300590e-02
4.813082990293404695e-02
6.999000896543595973e-02
2.807041587149347941e-02
8.847139368504856882e-02
8.575050035654023517e-02
8.967207818556383048e-02
6.886666617957407088e-02
4.193423011862135868e-02
5.419568728130966587e-03
2.966421311655230084e-02
1.185308985731926487e-02
3.159143422186699163e-02
4.181975328145330628e-02
8.185309745577476481e-02
2.164616158388982942e-02
2.159306912132661835e-02
7.263531038069324930e-02
8.232886780518824943e-03
7.393232819742102946e-02
5.979680298529882476e-02
2.301417658545038426e-04
6.021266603413053670e-02
4.671922315519500685e-02
2.082801019771954483e-03
3.952186216375964782e-03
4.100324240794116920e-02
8.563056440641406142e-02
8.190500303515016803e-03
8.475970719421134503e-02
1.936751816671808402e-02
2.950122964340656101e-02
9.790198799273569161e-04
6.397889334226421199e-02
1.015631590272359219e-01
6.241649707987383111e-02
1.897895016205176065e-05
8.271233448049081227e-02
1.257513521629232680e-03
7.496656938673566806e-02
1.008767844395109109e-01
4.860981554374821378e-02
7.499692900159087017e-02
1.016855472207057326e-01
6.824323180463449934e-03
7.597689180038008638e-02
3.189735842369387231e-02
9.108594764863446602e-02
1.272646270530844621e-02
7.316542688685027940e-02
1.099882253851062197e-01
3.444549357735392225e-02
5.160259703408672655e-02
7.756144269956317255e-03
2.325973536534974278e-03
1.100307626912507275e-01
1.662289042730738867e-02
6.200944638122344449e-02
2.930145570513886886e-03
3.479210036083073970e-02
4.161140234940052807e-02
7.396132032849304927e-02
8.763677943032619974e-03
6.105884972909927239e-02
1.072986739013508523e-01
9.137970656036385753e-02
6.334249661188816327e-02
6.969867901757957618e-02
9.278151090009850374e-03
8.378566797727304838e-02
1.802669577584821436e-02
2.698897310365325902e-03
1.095153067055513046e-01
6.281487220372385105e-02
7.947780533139926079e-03
4.781383198491790114e-04
9.767230839206343662e-02
2.875244604465159587e-02
8.095075091662327915e-02
1.770267645002074688e-02
5.620735256821333264e-02
7.859661096855675988e-02
5.064445387234173257e-02
1.729314726854449744e-02
3.092848388748306587e-03
5.106919933570358561e-02
8.620252909548634102e-02
6.179069923784225732e-02
1.054229328086530304e-01
5.306303504087006573e-02
4.479853544594711301e-02
9.971026493150421388e-02
6.238081915666709304e-02
1.334635023707904551e-02
4.238033270443231082e-02
1.516859251337930245e-02
8.923198419345255983e-02
9.582360275688933671e-02
5.250792572403214370e-02
8.593878773716052966e-02
1.419581226888072360e-02
2.399165123256664835e-03
7.803729809681786422e-02
8.148676448441743991e-02
1.020719614614722798e-01
7.308082718574805681e-02
4.699400242027181734e-02
2.553187024200021318e-02
8.232131797989537814e-02
1.011841689462336484e-02
3.858113133821128304e-02
7.648666415331792368e-02
1.056891928869381908e-01
7.670957775705246340e-02
2.422539336232890084e-02
7.914555729667002715e-02
5.858366848908992675e-02
8.501830597662754507e-02
7.682545472663708519e-02
4.172089022921775942e-02
5.057967636386296456e-02
5.036528174013853859e-03
6.056039041293157649e-02
2.249675929292975149e-02
3.702501436090457204e-02
5.262989950221706910e-03
7.542205428396191180e-02
1.749672970925297431e-04
2.557297318501307662e-02
3.960107531510777268e-02
9.317751420477189683e-02
1.056625143126828786e-01
1.096134560421971188e-01
5.111071762043587624e-02
1.910970916579414480e-02
5.788620223091243272e-02
5.831127973868119319e-02
1.146123470568677361e-02
6.329062697696245798e-02
2.437935070528914408e-02
1.820529992818200032e-03
1.008431962350274658e-01
3.378568568055186072e-02
4.553097990350681717e-02
2.469271892788806738e-03
6.266830264810491213e-02
2.001538223342217912e-02
7.043191439821630540e-02
7.315840387451789939e-02
4.586775652567333383e-02
5.527064429552190628e-02
1.277622257970349555e-02
5.143749641267544859e-02
1.587752029587717953e-02
1.698442780199278107e-02
6.818616235265304026e-02
5.059087255441136605e-02
1.510915563938003935e-02
9.703162779733699728e-02
5.693500045096458462e-02
3.692047608249941076e-02
9.852282791502814385e-02
1.039775928536966487e-01
8.727099431342015545e-02
6.304338719054572437e-02
9.962551051887244546e-02
2.553702177633640838e-02
1.029399449392765786e-01
9.827575645190861353e-02
1.102193747546423991e-01
1.054052591383465159e-01
4.397441607164007116e-02
4.950400316276318269e-02
7.030496590315090874e-03
7.619878650305694778e-02
4.390039360210647862e-02
3.128013853580866727e-02
8.154178544172114912e-04
3.588507436015985624e-02
1.211852797857614072e-02
7.826760487949618872e-02
9.763227425799352044e-02
2.893656127302660433e-02
7.589340943149870677e-03
2.060361494100931140e-02
3.139500582891301822e-02
3.316776246200358463e-02
9.281377897074739869e-02
1.770768784319106878e-02
9.933838424241191178e-02
2.757627570724900667e-02
4.345811419460042513e-02
6.584968916707296949e-02
5.238572740852379811e-02
1.368897106796679482e-02
8.626768773146411412e-03
1.920334808057207188e-02
8.530090679804495923e-02
7.165461836974158782e-02
9.688333814980221170e-02
5.039292337079098738e-02
7.767075716853868821e-03
1.055053259512371382e-02
4.063040784837999159e-02
2.938203319472212569e-02
2.447957061513033467e-02
2.661800915675817392e-02
6.372317467263377555e-02
1.426678373230856828e-03
9.085609339869031575e-02
1.911522328386467458e-03
6.431348296040298451e-02
4.633984686196044450e-02
1.704376897842284355e-02
1.038226581722426350e-01
6.101052968806821436e-02
9.792586073662684631e-02
5.455448865785360313e-02
3.887414510587487390e-04
5.905878367144928170e-02
1.063197881860413058e-01
6.453704960065942409e-02
5.476780819436916081e-02
1.321011127519569790e-02
6.830433199995487870e-02
5.478293614247542118e-03
4.249017654973660102e-02
2.984548483370927721e-02
5.396592385545857101e-02
4.552645690300879261e-02
1.030448614704489001e-02
1.385721938876206469e-02
9.345408346522600385e-02
6.369181868917801227e-03
3.091182311028246171e-02
1.079778559879343985e-01
1.057948239927334125e-02
7.484657881677139746e-02
9.150023549911090459e-02
5.631305314285319635e-02
2.729927647387758727e-02
2.107097159321503002e-02
8.753018182870266062e-02
1.470621538396708547e-02
6.157072983200989613e-02
5.460844612443433582e-02
1.036373014337550746e-01
2.851650456375461398e-02
7.966833657992247048e-03
2.450783741771332506e-03
2.317586854875250402e-02
9.202397894823251268e-02
7.530982100968150461e-02
5.980940940821957361e-03
1.101917835410287389e-03
3.223776031560533079e-02
1.992853811117067551e-04
9.166413248189193147e-03
2.845148314629414310e-02
1.092505883268366229e-01
9.045006670219492284e-02
5.094247499530947521e-02
2.901790682067806326e-02
4.424456604638336149e-02
6.606962685339515251e-02
6.073939385654322093e-02
7.053738979401515119e-02
4.209453727815051088e-02
5.354144733237607007e-02
1.053827104575714296e-01
3.280662461987232659e-02
3.078042901849769100e-02
5.255767141314771074e-02
6.273917272785685395e-02
5.146109033213019240e-02
2.082786811096646110e-03
2.862571565812402005e-02
6.982972581152602221e-02
1.661085383377210482e-03
4.817811074443437147e-02
1.056191548151236975e-01
5.545601550141864185e-03
6.570659888708454965e-02
1.485082159701883384e-02
4.959058283928532290e-02
9.996023203333738449e-03
8.104981062011752321e-04
6.231739407322500757e-02
3.752636909201328757e-04
8.070367112076168303e-02
1.067537657516820920e-01
6.473110502959056149e-03
1.285389500874153934e-02
9.757008672292898088e-02
2.001408451418187212e-03
2.221191254809360641e-03
1.584187494755611575e-02
1.364221685128496654e-02
3.349977902152675990e-02
7.339768001437620148e-02
8.871166101420423222e-02
7.484499404701509817e-02
1.005668231015670461e-01
4.788722361947422151e-02
4.264962867597094087e-02
1.114573639196141325e-03
3.075224163099683425e-02
1.778585779320029925e-02
9.740501191407413550e-02
4.396705538465489616e-02
4.265924503844999854e-02
6.260598872990565111e-02
8.016637524872570475e-02
6.355799262059796950e-02
5.109741865127197420e-03
6.290349629016851740e-02
2.763371787091312148e-02
6.032298170568796240e-03
9.580417023541958066e-02
3.650586373085455694e-02
7.119918371557053260e-02
2.280508133178008739e-02
9.592801922847415952e-02
8.333821492711454559e-02
1.465558498031746711e-02
1.061262603639919200e-01
2.700080051724862776e-03
7.050317082135709734e-02
2.630117527808418371e-02
2.741505660261948224e-02
2.113714179198034754e-02
4.415844742681707125e-02
6.750624110613621769e-03
9.416797718857139801e-03
7.653676205001422317e-02
4.531522154836441912e-02
4.494664236168878502e-02
1.026223452758839860e-01
4.857683670784000707e-02
6.521340154691217250e-02
3.922939432815102101e-02
1.077785880492127257e-01
1.604576350261721976e-02
9.709694278472741358e-02
5.363452668242635335e-02
4.587162828075636370e-03
8.049966761769704326e-02
5.766059508166763992e-02
4.719193996985547070e-03
5.339091854337384493e-03
1.424169097673256071e-02
7.664220939951137124e-02
8.119605737401611179e-02
9.217705247473853341e-04
5.204659175280686861e-02
6.439330243495354489e-02
6.005943524243034792e-02
1.066403165859937524e-01
8.683961143670795857e-02
4.246659392296370933e-02
3.148052673337823487e-02
4.808401096993344254e-02
5.165907573197863270e-03
5.548594348733775633e-02
6.281137950845734619e-02
2.826899345364897870e-02
7.628642878478211764e-02
3.432284903780825902e-02
7.256683464890376078e-03
6.896294997566199646e-03
1.073653177019680549e-01
7.945639810356572644e-03
1.556389518883654483e-02
1.339819533755514172e-02
7.994643857181814306e-02
7.931523885407427976e-02
8.702782463841868266e-02
1.007862315070230941e-01
8.557897149381583912e-02
1.805037347666353306e-02
8.823997939141114966e-02
9.651155562085733663e-02
1.551777892849546397e-02
5.172920481104705676e-03
2.035128189026678188e-03
1.091513871689999970e-01
1.084217968695841972e-01
6.262926623267907333e-02
9.004555202943308190e-02
2.616706786779001911e-02
2.351036535011970241e-02
1.378389239109810080e-02
2.823330704547201593e-03
9.799441098357991597e-02
2.070900205385202072e-02
1.097111580284557547e-01
2.121159315856219543e-02
2.492315111520348320e-02
8.643107280580819562e-02
4.298000987909507409e-02
1.001605967463392033e-01
4.531745564350878053e-02
3.063202881153564289e-02
6.012280687793361555e-02
5.998602699456626053e-02
8.793559065173130185e-02
5.677381684869155926e-02
7.455277002903868723e-03
7.489744133208738053e-02
1.891437115361759578e-03
6.472294132199009516e-03
4.758917373167368542e-02
3.365347593745156296e-02
9.258580110589352541e-02
1.006861350741550531e-01
8.300997859435763071e-02
4.645026967828454895e-02
5.153913663605966949e-02
8.325058825792948369e-02
6.022141134220558578e-02
6.701915176270871292e-04
9.705010716291134765e-02
5.755312247237279188e-02
7.751685105617892382e-03
1.017438591120240488e-01
7.492493865056799873e-02
4.004033764641141968e-02
3.523218831406272483e-02
8.833442135546031027e-02
9.250168611394117210e-03
1.343620086458335687e-02
5.236062471735850737e-02
7.748892978683652455e-02
4.414674777668473049e-02
5.926017971715959870e-02
8.878226757241040878e-02
1.063044978939490896e-02
2.956090161786293323e-03
3.715152447790110585e-02
1.696793557790807292e-03
7.176107795059841199e-02
9.894337430574589448e-03
2.546905992394050966e-02
1.075941047075448798e-01
2.383917609404553536e-02
6.200242747579234881e-02
1.670561244013214416e-02
7.541030036964564698e-02
6.941256551138433317e-02
1.500758642914079436e-03
9.447687249975349200e-02
7.075692823451001923e-02
6.986623474145135793e-02
5.395401335092392392e-03
2.251524919846828454e-02
7.356010738915304270e-02
5.851258877829185190e-02
6.733666980430248750e-02
2.858704805802129989e-03
3.270688000486987948e-03
2.862213284818075978e-03
6.561691395858493259e-03
1.587869455479740469e-02
6.526485182277003139e-02
1.006696347046697332e-01
1.159867136122355070e-02
8.645819111294561141e-03
5.843922926625973874e-02
5.405389667672329257e-02
5.738643608610516887e-03
3.591428578892730261e-02
1.100468211578569250e-01
3.194278180321750288e-02
2.807604858059341898e-03
8.433277679190526177e-03
3.721954809294026473e-02
7.012005553662362112e-02
1.802054431341215115e-03
1.006731056739003649e-01
3.603512730951245746e-02
1.030848238865825217e-01
1.167374142133132363e-02
6.288159725115036180e-02
8.698725157578647213e-03
9.460987455686532474e-03
4.882312791513576666e-02
9.096195135110751728e-02
2.215788752337486886e-02
3.023698036769124214e-02
9.794214262681762151e-02
4.219545744576992663e-02
2.601531056010539245e-02
7.162735869154113200e-02
1.341904206342958705e-02
2.951466121234809330e-03
7.093165677246079937e-02
4.015838220957655691e-02
3.931617871022501098e-02
4.052606246238445870e-02
8.345977397857853863e-02
9.185296499000702650e-03
1.051432535066669505e-01
4.222150989530906035e-02
1.196861754748411964e-02
4.051610694780476141e-02
8.965167798619830264e-02
5.110801920277392718e-02
9.641879666255040449e-02
7.343221228070918524e-03
2.099551779766150802e-03
8.378083584834718212e-02
6.568136354632266027e-02
5.080939354944865628e-03
6.810919201633318376e-02
2.387103302392709625e-02
4.131486626102624793e-02
2.458535259862867917e-02
1.847511655143154602e-02
2.304499479955688171e-02
5.385137746358974187e-02
1.058362941114609213e-01
4.429969176232331773e-02
7.061983497639745533e-02
1.973835646896016441e-02
8.583383661962760980e-02
1.919184347826850129e-02
7.149733784995443431e-02
1.617960046265290441e-02
2.460356915764568345e-02
6.875856757713624812e-02
1.046038066589165955e-01
9.638460402643116154e-02
1.074076142534840378e-01
9.888727927527266037e-02
8.505181156456233238e-02
3.422452742570608608e-02
9.467026739409177549e-02
5.851770309703446110e-02
7.592468693882802044e-02
9.121584390911915974e-02
1.875882204684932572e-03
4.348719430152028081e-02
5.473630439168325999e-03
1.649994951599918422e-02
2.729421616600951131e-02
8.253717649082557839e-02
1.022033262278137511e-01
1.691525545052160323e-02
5.213481591575442470e-02
2.819069888669311751e-03
6.562091602453007377e-02
6.917150096777470447e-02
1.042602150438076275e-01
1.763971469774273937e-02
4.848485970704059789e-02
1.073533677776387224e-01
8.480667717950370055e-02
1.544393491427176364e-02
1.478726235011333830e-02
4.474750840462526393e-03
4.842418855159891927e-02
4.531710322371509947e-02
4.048071963448113958e-02
2.887752823681335665e-02
1.134694042768359147e-02
1.101283218093649374e-01
4.768002329062345779e-02
9.028028114046639241e-02
4.970464963540469593e-04
8.833325545390602329e-02
5.623283173335457720e-03
7.287525363685844193e-02
3.172151462579861358e-02
2.403645373850969366e-02
3.036515293785416181e-03
1.894738409006735576e-03
9.405640821415295338e-02
2.456886866215600429e-02
2.832200557814969124e-03
8.806433026993802649e-02
4.193822075440516856e-02
3.981961795382211317e-02
6.342471649660914867e-02
7.857560230774386645e-02
6.516446647183188334e-02
8.926788754105859092e-02
1.492068398121872315e-02
9.716930339469803668e-02
1.013708199824463613e-01
8.494234617716119387e-03
1.893988802607126515e-02
5.991982643592724117e-02
6.981578124499779325e-02
4.287518169409967536e-03
1.313406085938914787e-02
1.024131357075676874e-01
2.790842849073573925e-02
5.515490854847116681e-02
2.950037003282352660e-02
1.093821525519158844e-01
3.213416826132141184e-03
9.209761541794908579e-02
7.703368801363838503e-02
4.831086952634344733e-02
8.295641469409668900e-02
3.350550388099461652e-02
1.260767877523770973e-02
1.053193462618398218e-01
4.462251124060554602e-02
3.878037822189222411e-02
1.076787939550255535e-01
6.561952764564947527e-02
3.928979659762756559e-03
6.728232984579322895e-02
4.783207873969238383e-02
5.219298607418556418e-02
7.542662227581689062e-03
1.917864447438436676e-02
8.585099515022699690e-02
1.048799595320137890e-02
9.698389459920499223e-02
9.385896764616244448e-02
2.154791292091568465e-03
2.920321380249453827e-02
4.569720734421538894e-02
7.077288748486675052e-02
8.840610612690361081e-02
1.098248411519248124e-01
2.336068015835278573e-03
5.339298315920027252e-03
8.328211834423125681e-02
1.020954247757990957e-01
3.260393848780011178e-02
2.541017425970927210e-02
7.758100562775617492e-02
3.156351344824638583e-02
6.148757046845974850e-02
7.755976252922222591e-02
7.619220461423283075e-02
5.168917979271122481e-02
8.046204528533326640e-04
2.462326028899883713e-03
1.023049185414657697e-01
9.033163499188876303e-03
1.764160437797568370e-02
3.525553360862781344e-02
6.352929295266047938e-02
7.999353591076054093e-02
1.060090140829604843e-01
1.097660860248615006e-01
1.474746833003764794e-03
1.030794359383668535e-01
7.620000195889629901e-02
1.087764452132547049e-01
5.050061348234135411e-02
3.184587850688782012e-03
6.224633404737214826e-02
4.581651902662698533e-02
1.367516317330728405e-02
6.370073845679191660e-02
1.032169512840552944e-01
3.714700567980344648e-02
