1.190540970165544429e-02
8.682059994283257420e-02
7.960679052946387224e-02
2.564187683866147802e-02
2.065355514477686463e-02
7.162358558967564515e-02
8.221403358410621365e-02
9.184195540277807768e-02
8.396721806703209834e-02
5.958539261798232595e-02
2.088782336711283993e-02
2.727740000039679397e-02
1.050184018997157298e-01
5.342992766093258850e-02
1.066480679971937469e-02
5.471265715675688313e-02
3.894697180374761397e-02
9.691679921854604030e-02
5.987856663408996222e-02
7.790057565034365361e-02
3.125979448197991478e-02
8.842742060422947858e-02
1.656340928373994936e-02
7.840829778291560914e-02
7.600977102059358614e-02
9.066949311405288203e-02
3.294420775085749650e-04
1.975927334950349987e-02
4.926425313743330175e-02
7.660498640060672826e-02
1.079896195712529428e-01
1.082375721785262673e-01
6.490506764141333595e-02
1.100819709700270321e-01
3.888597311343602175e-02
2.786673887462906216e-02
6.994234670025406553e-02
8.835973970293610480e-02
1.013419152636906712e-01
4.546607621745069744e-02
6.088767516617411835e-02
3.635291861876854130e-02
9.486191185580787610e-02
2.031903877587917448e-02
2.641572878522178286e-02
9.245481992877807587e-02
2.784824570216642980e-02
1.449956338716427377e-03
6.544443229117589966e-02
6.926465622995769955e-02
4.770733759438963023e-02
1.016542848383303888e-01
8.577019025473889280e-02
2.566257268221369681e-02
7.406395729178727461e-02
1.078281811524434142e-01
9.522051208811101175e-02
2.227925267662423867e-02
8.472666688502274168e-02
8.080709882473942340e-02
2.427309145348049632e-02
1.096591374792552920e-01
4.769194845080161269e-03
8.281294052621118729e-02
5.304070255146196150e-02
7.581893097028824524e-02
1.299026637692723800e-02
9.922037291700840089e-02
2.376567048244794533e-02
9.688509513438849086e-02
5.923768077206698068e-02
9.842976958321889014e-02
3.088532378726798963e-02
1.027250888716590288e-01
1.104510614695720649e-01
7.001542817326519971e-04
3.171152263200602978e-02
4.276682668556530675e-02
5.307435177996359943e-03
1.440061410967316546e-02
6.866247118670804062e-02
2.008152916947762365e-02
6.986902121484618589e-02
4.279108070855076884e-02
9.543262495128365663e-02
5.297735218180886496e-02
4.728926815249234056e-03
9.216647480971557060e-02
9.323352619228901517e-02
9.161657115539556528e-02
1.174775426996273013e-02
9.873222464457140357e-02
8.843305478352810056e-02
5.220857800670922200e-02
1.083917833077384651e-01
7.107615896984034211e-03
9.993169683428032579e-02
3.422478831618921274e-02
3.546192624289277312e-02
3.116539091330583380e-04
9.522942297403087786e-02
7.122792810077682724e-02
9.333428407814063936e-04
2.128237865612072482e-02
7.417632155360074156e-03
6.440907223892380906e-02
4.491893530327198403e-02
1.070948196637900168e-01
3.095547883587126958e-02
1.069566930583573661e-01
6.215433254579005862e-02
1.004299815325855327e-01
8.935394965726334293e-02
9.971242329313263764e-02
7.439439516079504600e-02
3.674806461960689052e-02
6.073536308418819168e-02
7.866191998130621366e-02
3.166151742084396398e-02
3.889164384303821914e-03
1.102900807338619282e-01
9.915135425864571306e-02
1.809429967236385328e-02
8.421958864729800487e-02
9.870376336958367608e-03
9.365002956720946958e-02
9.419211998298357424e-02
2.546931434413041845e-02
1.006567993288821905e-01
2.134761644656705398e-02
1.039098421251798549e-01
7.888312019064634695e-02
7.300468836849771659e-02
5.839556883456786980e-03
1.051438324587380957e-01
1.083402588638416597e-01
9.763369417438758080e-02
9.367153962469340622e-02
6.733391435014846223e-03
8.142149083083291550e-02
2.800420624502279396e-02
1.065506879656352018e-01
1.006310223100243678e-02
3.830417917851285797e-02
1.011270262629833799e-01
1.362768761216886018e-02
4.335058464533909223e-02
4.334552857966116057e-02
5.204879035207015184e-03
1.014624466042052253e-01
6.294451345877756510e-02
1.055361864596490729e-01
3.181252882489193218e-02
5.994003785055304623e-02
9.382328559156848102e-02
8.648726879545901025e-02
4.920344532851447794e-02
3.383263800481263461e-02
1.108409236345274905e-02
3.461105564688221007e-03
1.068993613947581273e-01
7.155306296804424260e-02
4.301917805252312293e-02
9.731553557953515066e-02
8.576992676502538659e-02
1.096580926814089696e-01
9.695041675216897747e-02
1.060019325046335087e-01
9.793379170140467660e-02
8.521815363397999832e-02
3.481975428144826190e-02
5.496972600940078918e-02
9.116780123970963379e-02
3.794609371948001741e-02
9.394259648431489695e-02
1.288671845543787895e-03
1.090577274890978943e-02
2.156553492301895719e-02
1.000868663727107061e-01
1.055872845669356547e-01
1.094239600289350217e-01
1.032117682648375501e-01
4.501921322534936654e-02
2.889725945808122465e-03
8.151489735525208058e-03
6.847636706730640677e-02
7.481315240523307708e-02
9.558077223328511826e-03
2.985633429716634535e-02
1.420871947082732664e-02
1.292270574160202246e-02
1.043400274147746887e-01
5.888735718965041471e-02
4.118462698584861303e-02
9.226282416831711741e-02
2.009624262950441154e-03
7.011638031887386380e-02
9.520566973646474307e-02
1.039376122663046992e-01
9.005537993499855565e-02
9.547468206555524348e-03
7.911597365443449881e-02
1.039883474017272852e-01
2.236678809829293832e-02
9.992789201485956230e-02
7.790983199055410979e-02
7.461637356114403374e-02
2.109801631333913310e-02
5.134367729701251604e-02
8.386606959333438305e-02
4.464714538136585475e-02
6.545254549480887529e-02
5.236649322222121372e-02
4.423634667968538714e-02
1.072606657521531504e-01
9.972045182132825702e-02
7.532824961558362044e-03
2.196145255941881966e-02
9.781220303303950203e-02
1.653090596408245475e-02
6.760205653211601162e-02
9.360502241000200063e-02
9.668076059752298002e-03
9.110041935651642941e-02
5.604304386668444021e-02
1.893958813154129200e-02
1.056143669096314963e-01
1.014693624976584774e-01
3.660653103388122193e-02
9.720750482634529788e-03
6.165391712816403746e-02
1.033534675770614170e-01
2.396824795582479326e-03
7.736115350336612850e-02
8.193438090129724627e-02
9.768585961782691451e-02
2.698209285478085986e-02
8.703455983506777627e-02
2.652513391638657361e-02
5.694259480635493337e-02
9.165609434057295224e-02
1.524869644833934390e-02
4.592096758649726052e-02
1.389838959607413160e-02
4.726982837171539442e-02
8.531244237138856101e-02
8.874366817233968197e-02
1.038353893063164585e-02
7.232189462656368750e-02
1.099967534500184835e-01
9.828678121423266301e-02
1.248853271764717356e-03
4.625242395865758471e-02
1.011228585441504846e-01
9.577736648219703497e-02
1.035950834169070689e-01
1.927923768875936666e-02
1.100543110403905261e-01
5.464531986033148436e-02
7.429614281126954711e-02
6.094787397229697173e-02
8.319396138544389585e-02
5.348567399529384481e-02
1.002870818155959659e-01
8.806387341786989231e-02
4.919852977048871229e-02
7.909759927628755294e-02
9.967971629867115879e-02
2.173634649507408950e-02
8.240660912662160775e-02
2.412641893715615059e-03
9.800471329846263679e-02
8.101969112514868787e-02
1.222231031278635596e-02
7.086356480337323294e-02
7.533216601097052212e-02
6.394052715317899427e-02
1.610596858478922921e-02
1.033907824970431572e-01
8.029616813960416266e-02
1.084031299961317196e-01
2.758839854320736459e-02
9.922734493288651314e-02
6.793646874753242471e-02
2.121556373193471748e-02
8.113329589207365911e-02
1.067215279616238188e-01
8.710819042188691630e-02
3.682720629759309808e-03
7.935309972991280714e-02
1.087500419785730928e-02
4.627326078851624197e-03
6.699434608882780251e-02
9.473025050069974751e-02
6.961097083891723547e-02
7.147425619830162502e-02
2.663646295543429035e-02
1.865958053026888289e-02
1.870028955336374560e-02
1.003627923306203013e-01
5.851862090913882014e-02
1.002197833051476500e-01
1.239351455800017342e-02
9.433341489364346910e-02
9.774552714422048150e-03
2.828245325069401669e-02
1.562216525627611180e-02
8.076341198093801854e-02
9.176934131673893102e-02
3.534037519432611102e-02
1.002903227068190350e-01
4.795177291351220678e-04
3.866461203707335231e-02
8.722882585588724591e-02
7.911674799632177624e-02
5.185933847266887414e-02
2.947637490659210310e-02
1.044487149219729960e-01
1.616023418952350355e-02
5.259032915740335934e-02
5.290519342677706127e-02
3.792058784557691964e-02
1.673763648166700160e-02
1.821400162564209418e-03
3.531057143263485049e-02
1.064191329237335892e-01
4.657688604764109036e-02
1.013519143154914121e-01
9.011549472690690010e-02
1.053445885076548932e-01
3.224234200194790040e-02
7.335626740173625121e-03
4.504286951977110043e-02
2.818588826497708463e-02
7.101679127668443503e-02
8.135209597748449539e-02
7.869929360415321706e-02
9.865437305920146671e-02
1.877048876404982178e-02
1.054096220411765150e-01
9.830841070671986204e-02
1.381004077772300231e-03
4.134641998895689091e-02
8.871506018932724669e-03
1.107480656226556975e-01
4.746769799566296494e-02
5.352908770617093720e-02
1.527978856464711627e-02
4.063572936185846918e-02
7.268855767894603914e-02
5.720032468572301514e-03
1.087721243902815271e-01
8.981721328486531875e-02
1.431896473521514224e-02
1.757416096215122514e-02
6.415441006121994083e-02
1.042977024666529168e-01
6.906482903357895331e-02
1.078595411801726300e-02
2.704891478250659627e-03
3.709254256861350702e-03
1.061500891933760682e-01
5.467335560144818973e-02
1.085011662613116212e-01
7.830671359743907045e-02
4.274362543306470252e-02
9.445849755383206592e-02
4.572217072196124135e-04
1.924677833449717906e-02
8.783628902369898517e-02
1.105540946872673597e-01
7.301149502955968373e-02
1.393339535693064422e-02
5.878617951490055192e-04
6.743426480097455822e-02
2.043020535851559211e-02
4.056429064378352933e-02
8.566698572287412272e-02
9.433054993161625601e-02
7.552135839178404642e-02
2.981995968382264786e-02
1.044714817839724474e-02
1.012207973050631843e-01
3.153641900573045387e-03
5.785979392023019030e-02
8.109718356840704689e-02
9.338742999473419182e-02
1.020620114399460598e-01
7.292856537592548594e-02
9.557101119928756994e-02
8.447979325087801028e-02
4.775196042669926227e-02
1.031505677642535479e-01
4.665974909404801280e-02
3.653753063599722746e-03
6.367251009359987945e-02
1.086800665337710886e-01
9.091206456415541759e-02
4.715464506016714408e-02
3.395183021732339768e-02
3.245529080311384857e-04
5.894290843940018509e-02
9.013594912346007543e-03
1.505543223088171012e-02
8.618213584836313668e-02
8.366356991143097943e-02
1.543900742872506872e-02
1.004652502787580642e-01
8.787252534046770258e-02
1.029221618065134097e-01
7.226388118871492072e-02
8.066619819942692782e-02
5.600648809958120450e-02
2.176009313352783234e-02
5.819115845107743212e-02
6.151858427451187966e-02
3.379212975604150432e-02
1.019109599408147965e-01
1.038552600552026250e-01
3.464527329858325955e-02
7.672452814156045277e-03
2.653699008825659636e-02
6.307874977637448199e-02
1.421060155799375689e-02
5.715090648969516768e-02
3.463641444355994303e-02
3.261306576295726345e-02
1.366064289865913384e-02
4.035477616713388505e-02
1.040181378516421284e-01
8.894867600149863884e-02
9.979979967925745044e-02
6.261276494757582467e-02
4.429986726707660361e-02
8.277865972322348553e-02
6.571845206879022017e-02
2.187479210389733225e-02
9.404911475978762481e-02
9.755149883057320781e-02
3.621899059195027998e-02
9.064969809827995439e-02
1.070145312939135007e-01
7.963124656734345275e-02
4.362578232054332289e-02
5.188464804257151598e-03
1.093233104678255074e-01
9.747493244634623799e-02
8.473184952437480544e-02
6.036613265481532986e-02
8.730395759167627889e-02
6.955350563600347716e-03
1.111233587709468118e-01
1.530424357994388104e-03
3.830731242938650513e-03
9.982115726467814809e-02
5.590538294497077176e-02
9.667391798468762468e-03
4.264346962462233631e-02
5.473834140906633922e-02
2.392675937752053797e-02
1.110715224005247859e-01
6.317218996137387299e-02
5.194607338999854274e-02
1.081993127215995221e-01
8.654362365585814565e-02
9.701698590040720716e-02
7.547822787689997814e-02
1.016107133974144747e-02
3.061558221148681647e-02
9.602751273310482227e-02
1.106342834163811933e-01
4.252693760815412505e-02
1.398566873646887691e-02
1.027985835120411723e-01
6.204006283291942092e-02
6.458105437123778936e-02
1.052484461597006232e-01
1.144035582979864227e-02
3.427537834151121038e-02
6.477676131205686860e-03
4.844700470358107025e-02
8.166859735956932820e-02
1.955244038398479961e-02
3.368837174051130673e-02
2.091062251157457114e-02
8.454504866326391366e-02
8.781534139654484719e-03
9.317049538002057651e-02
8.465592845563037205e-02
2.916130406746746812e-02
9.196990738992301406e-02
3.042660966207622573e-04
8.894960824454725690e-02
4.082629559669709307e-02
1.034534509783648915e-01
8.491757945463794532e-02
2.342546635807897168e-02
1.786874614832230715e-02
2.075400556975811814e-02
9.998155932775071308e-02
6.018715021233687207e-02
7.325508955946963274e-02
2.674507327395660855e-02
1.027408074423507289e-01
6.266887313031493933e-02
7.348279101772879629e-02
7.494022490291506189e-02
3.711142194445486708e-02
1.219307496939006988e-02
9.688082434807594734e-02
8.607243117551902079e-02
5.262743468251148554e-02
6.966729531455782831e-02
7.224317494334432654e-02
1.006821199698683666e-01
1.032993287001749139e-01
7.869841925225243284e-02
6.291548505470459518e-02
7.237250114148867375e-02
1.319867392730349719e-03
9.991202294341228196e-02
5.689946919057040087e-02
9.124603624173673044e-02
1.031856797237571712e-02
9.192678263746166534e-03
7.169907072106179724e-02
1.844573236814658901e-02
8.861417430139843787e-02
3.878386568064066953e-02
2.877328363599248109e-02
7.142402197445063550e-02
5.056308867421574482e-02
7.991862414477264587e-02
8.271694167785242913e-02
8.562747579949434029e-02
3.741840483075997703e-02
8.596706002807831537e-02
1.927617549677001704e-02
5.330086063271702312e-02
8.941531681103548346e-02
2.484630860392177468e-02
2.193504425307856928e-02
3.537157274613930962e-04
9.033053582287522976e-02
7.973358311413603072e-02
6.631738584031292294e-02
1.061284865008550043e-01
6.741091863955431251e-02
2.503279378032742010e-03
8.102812449352014834e-02
7.336024862269294178e-02
1.511886174211488250e-02
2.454766317578644871e-02
3.645232739723616722e-02
7.151186896259979775e-02
9.876066160206872779e-02
6.848694291477011586e-02
3.752578622031810252e-02
4.162521223530841336e-02
1.961473259957614845e-02
7.191438671320428411e-02
2.989708481403461487e-02
7.275647911014454516e-02
1.571475062073696832e-02
1.022191123078662195e-01
6.808878823050384943e-02
6.552455496566159110e-02
5.786519503502807193e-02
6.573928651644468657e-02
7.725047528313769285e-02
9.972415661010582133e-02
3.986917036163548089e-02
6.086010395617682395e-02
2.520322250138349457e-02
1.043984993668480160e-01
7.391373416757106296e-02
4.990418445129925912e-02
7.665440144201378370e-02
4.352007132431980063e-02
4.596691319167394568e-02
9.056427466486819148e-04
4.876756230520570834e-02
1.044458900153570763e-01
3.134753607346555532e-02
4.424132789746385019e-02
5.613129663578316983e-03
1.013052889332373835e-01
6.088138049549603886e-02
8.709789388115025954e-02
4.098213963218572120e-02
7.644881417601685769e-02
3.655520041359306554e-02
4.478379645588274026e-03
2.150217866782055259e-02
6.171866148454611262e-02
8.800649850843070277e-02
9.454757301523952773e-02
1.051623328413601455e-01
1.784931557000851710e-02
1.039638479476323873e-01
8.655808585561322599e-02
6.824520667647979155e-02
1.095195621868325780e-01
9.372134160031389896e-03
1.080391509453870191e-01
8.355331786589439980e-02
9.367876009791656355e-02
9.495229383206318235e-03
2.795091749496964387e-02
5.803566607156371987e-02
5.709434643775990886e-02
5.640582638016593958e-02
1.594896423431583013e-02
9.876066263510450971e-02
4.072371882341286470e-02
8.831074532457213258e-03
6.638737927178478548e-02
9.882298273856859883e-02
8.252310499154016932e-02
3.729129001852559550e-02
1.226882791567396151e-02
9.606789512331170844e-02
1.110103522004089460e-01
6.116046705702873898e-02
9.057077647970390721e-02
4.620429226572740633e-02
8.864423179242597595e-02
9.745586309703592465e-02
8.155130164653816294e-02
3.941634968005829770e-02
3.149197141039799391e-02
4.705531860386043957e-02
5.074289202559271322e-02
4.443291556018585942e-02
1.106498385995654810e-01
1.005460405145202490e-01
8.910749974944582458e-03
4.835135344908100125e-02
6.448952019819909065e-02
1.006508628529710486e-01
1.770224719439435559e-02
1.095212651251514374e-01
9.288692320246720591e-02
7.480064845871711721e-02
1.108630391351909800e-01
4.527395803188780793e-02
4.831749979104893455e-02
1.027106284282117282e-01
2.720521930497610263e-02
4.786468093206466823e-02
8.454802958362755971e-02
8.047558737059658240e-02
3.899759779671861399e-03
1.015698863381188505e-01
7.310822541761521909e-02
3.209286340868513533e-03
9.885490333069678337e-02
7.110363418554915306e-03
3.222576713692835992e-02
4.570231972684216278e-03
9.038128524815490505e-02
1.048208085223703290e-01
9.103129687011798921e-02
1.050167052292059477e-01
2.033608595285152452e-03
9.581465131513952627e-02
7.479753267463948307e-02
6.290350365071163685e-02
1.013405053686870227e-01
3.240028280996983673e-02
6.576432163467704761e-02
8.321838387024307893e-02
3.985155329501359131e-03
6.774610102459749372e-02
9.594016831632115605e-02
7.247017846960292220e-02
4.050859525686081007e-03
5.762240170702417202e-02
5.198144301823834357e-02
7.949552753043848119e-02
8.059714250158693527e-02
3.844394464595360383e-02
1.091782817043654569e-01
8.376619956553792157e-02
9.364160687404331218e-03
1.215020217828730216e-02
5.240895358928306103e-02
2.781799612836858768e-02
2.505571697634117849e-03
7.978774455250722819e-02
9.069324764792636995e-02
5.042716722551593422e-02
8.489790437793569289e-02
1.093747415432380493e-01
6.771232148342215540e-02
9.529922306899898943e-02
7.825382298679392501e-02
4.124260889745406077e-03
9.130091127761550589e-04
5.147371350460338418e-02
8.139310627713207402e-02
3.770775151260118141e-02
1.011800648590384655e-01
9.477877244011537194e-02
5.744822311290888155e-04
2.142695356758002063e-03
1.728256537939172586e-05
4.298329474099596426e-03
5.589415161717882496e-03
8.518303708891723780e-02
2.339143450147040428e-03
7.889392051105109660e-02
8.035315927666825120e-02
3.477932072859152984e-02
1.971278769110498125e-02
9.797439709397209873e-02
8.875875075646831591e-02
7.465410089558577322e-02
4.030707477516015658e-02
6.996454186009600992e-03
6.095878266470648038e-02
7.952569008424094366e-02
5.781603320479608565e-02
4.075894881376875001e-02
1.015415795442820429e-01
2.084998772541097820e-02
1.014560837786804975e-01
1.007254569594445287e-01
1.019577730496520618e-01
8.003162970097964235e-02
8.751897581635149914e-02
4.297236812197015440e-04
3.684301487568621830e-02
9.678072768822812422e-02
3.727273911628028319e-02
7.241574447018721272e-02
1.097634887930734084e-02
7.980477997992377337e-02
9.351896839120030225e-02
4.959521646158682184e-02
1.964428040732812963e-02
1.016199407212411282e-01
8.996968091206626605e-02
3.934047549338071971e-03
1.041413122081802541e-02
2.769072815697877846e-02
2.974645960801678216e-02
6.157941974683809466e-02
9.975684169369773702e-03
8.511953265701589777e-02
1.008319529576565399e-01
5.215032272781714578e-02
2.753819400731704996e-03
1.082359425137559006e-01
3.658675670684061881e-02
1.046258200982887743e-01
7.432985297852778839e-02
7.816033118930881818e-02
1.306975904147037945e-02
4.925881405761743659e-04
7.628800482620239076e-02
1.076894365340760606e-01
5.343479080888176996e-02
1.105847970858095386e-01
9.019739543239382873e-02
2.441707619702892379e-02
5.337971456884137156e-02
9.722870740005158663e-02
1.052375038102800336e-01
7.221638310653928639e-02
5.979607350235093682e-02
1.118473555308141520e-02
1.047776981417130188e-01
5.532224959482732324e-02
6.886983066702444256e-02
1.919060850392539930e-02
9.985617939769390883e-02
1.604535609841908905e-02
1.000842016134515372e-01
1.667216675593845288e-02
1.030422201309769553e-01
3.235218040660985811e-02
1.507335517845085487e-02
4.329452121668538218e-03
1.668940552506004149e-02
1.074859456433013699e-01
4.986324157066527457e-02
1.089808581003037097e-01
4.536574215497096718e-02
2.729879756985633885e-02
3.532948319035913998e-02
6.311326030383304642e-02
5.711024335975483507e-02
2.415684092165583038e-02
3.410340746059052630e-02
8.408989687677972946e-02
5.104180030115711836e-02
1.428814065290615228e-02
1.039722858139941961e-02
3.961843196097376840e-02
8.998165510077860141e-02
4.596037085882308942e-02
6.365431191506053243e-02
4.378265417858501901e-02
6.177032125363622617e-02
5.309032302364400518e-02
8.739565924413479625e-02
5.399268773816972428e-02
3.009991565945883268e-02
3.300006016657141411e-02
3.015989322249128246e-02
1.000867635688288959e-01
6.140103584950615950e-02
9.826941063267476129e-02
9.733705515175060385e-02
4.429575051831750182e-02
9.257504837099997386e-02
9.755594960468434718e-02
7.639001822391490448e-02
9.321863502323221584e-02
1.000778126396879852e-01
9.793886572824919354e-03
9.707812734791054776e-02
9.116246464185706611e-02
5.812212949760040687e-02
1.222500401593401564e-02
3.745632299974058915e-02
1.052250165430383549e-01
9.694321328866929710e-02
1.695550930882619087e-02
2.593624642150445594e-02
7.357865173288842542e-02
8.804728394683594694e-02
6.530365757784639680e-02
7.640207310697506339e-03
9.556396175965585493e-02
8.076252045439233362e-02
1.121038194562382030e-03
8.447502329755311734e-02
4.237724263523582474e-02
6.990038049629661299e-02
8.397459209806019953e-02
5.290996118546820171e-02
6.359143676081514818e-03
9.314995034694306675e-02
8.891346019171188220e-02
2.444474162314609969e-02
6.377846908840172080e-02
7.001111993783897154e-03
6.931732024366915601e-02
8.668719475593250623e-03
1.057607599033061480e-01
3.851548011247239722e-02
9.614811376890963768e-02
1.065467721766661657e-01
6.761381764790219684e-02
1.076637727691082264e-01
1.027928962818988323e-01
1.147491953732016068e-02
7.023943925168321667e-02
6.330279742824024281e-02
8.239524424154916205e-02
2.942181079280068931e-02
8.575308638397380334e-02
8.929565361962024661e-02
1.082977266194943833e-01
1.817699243541510273e-02
1.040203086611919403e-01
5.708746031156500950e-02
1.085293497289123860e-01
9.172360798174315766e-02
9.166336918203517314e-02
7.425123732709330848e-02
6.062897833754297278e-02
2.905671799919663095e-02
3.909875165480012488e-02
6.090469082889602565e-02
6.158295227279211165e-02
1.112728397037414801e-01
5.003219676557676965e-02
6.544133690258903402e-02
8.246848824665321820e-02
3.825954908771957846e-02
2.796337911104740392e-02
1.712954042742281802e-02
8.905682107552813712e-03
9.734920783669422095e-02
3.816758852446163613e-02
9.363027992963866841e-03
3.974112423765555763e-02
7.033817013700670306e-02
9.610621211795275509e-02
8.210036630568286198e-02
9.110373011887322459e-02
1.487427511311949571e-02
8.172338684732756431e-02
5.887402746780738549e-02
1.591882405787128918e-02
9.221119427276139313e-02
4.108512152292460168e-02
8.400592859400578261e-02
5.727385389827933590e-03
1.069093722276736741e-01
7.928338107216827135e-02
6.008804335100243615e-02
1.009591611113703630e-01
2.468023575355721144e-02
5.887627014975556350e-02
8.898213220895458131e-02
2.408691636080031659e-02
9.801783859059527704e-02
9.908222684432309302e-02
4.789121693142810166e-02
1.072817917674398769e-01
4.376490039885752581e-02
9.067911731662833819e-02
1.034416879861053407e-01
2.183220097271002316e-02
8.397782140258405748e-02
2.068787157691207371e-02
7.635473441387144455e-02
1.088598634237847168e-01
8.453331605582901920e-02
1.025561235886744832e-01
1.743901572325341418e-02
3.942695647173162510e-02
3.912868465533518754e-03
2.178602428742678135e-02
5.044222127954763046e-02
6.089134028369760920e-03
7.634919375786093643e-02
9.971039421111704826e-02
9.875741084668565942e-03
2.522652106385121426e-03
8.829476992579243788e-02
7.106430156653942287e-02
3.587877089885452980e-03
2.513664507304444809e-02
9.569090449127631848e-02
8.856120303473912977e-04
2.997221354574604920e-03
3.345576644375106504e-03
1.468941648054827506e-02
1.003986796326415548e-01
1.352324260013254217e-02
8.839165483560609826e-02
3.467884755203254343e-02
1.632186740661909635e-02
1.044101491022107198e-01
5.764636313439296111e-02
7.787171730074683718e-02
9.789613752695415505e-02
9.292633490724733214e-02
1.413660301832441075e-02
1.221316837863779727e-03
2.996942151274224753e-02
9.637429524569401940e-02
9.554368707929012652e-05
4.666645855351765626e-03
1.044583695462627249e-01
8.041395379991271575e-02
9.262546010968293955e-03
2.990806453065619069e-02
1.466377457399229214e-02
7.671757114436025815e-02
4.235625363576023955e-02
6.708644839422124584e-02
1.036166204412026365e-02
1.081148796365453690e-01
1.267704623555952932e-02
1.050226144099500603e-01
1.098828263014658413e-01
4.203774749245892117e-02
7.969147121557809688e-02
2.004333300122113429e-02
6.990398386161690569e-02
3.736929813438343018e-02
1.597399075569758782e-03
6.128456803544867632e-02
1.100049784573787076e-01
1.012889230909472665e-01
7.157264082751829681e-02
6.542941881271191473e-02
5.660787817630909269e-02
8.547756617534811585e-02
7.965413095634131524e-02
5.463468365124929393e-02
1.077498018240231475e-01
9.660577427464138792e-03
4.551919614073114684e-02
3.216501648605276341e-03
1.102951984776827793e-01
6.187569985717888271e-02
8.964749443724265299e-02
1.237084065125933392e-02
3.244526803442863289e-02
6.646652267033595178e-03
4.180845263205906770e-02
4.680998269593512895e-02
1.091647237175455941e-02
