6.380473907169845194e-02
9.628986580769292869e-02
6.227245812318064899e-02
3.865712957431877150e-02
3.816411188701661350e-02
9.995563306247624846e-02
3.135545742739079961e-02
6.351780744051271910e-02
7.675554961879696436e-02
3.367001836950091198e-02
9.306709204115960754e-02
1.109691866275452736e-02
1.258202305603311165e-02
1.616239142093970835e-02
8.704495288223741342e-03
5.915427273852499196e-02
4.318603027490348217e-02
1.518948958104408657e-02
7.171121522550741312e-02
6.100822111991020813e-02
4.949563455994585026e-02
3.896383261022461075e-02
4.659406016635529724e-02
1.190458821650594232e-02
9.100671625378974061e-02
7.372089664457216751e-02
2.642654442191940539e-02
2.569376174902682219e-02
3.265838106547682557e-02
6.799965986026833276e-02
1.297438434631554421e-02
1.489277913775310935e-02
2.870451313061122764e-02
8.724969300234367009e-02
5.285627702173813225e-02
7.624077868683386272e-02
9.666142574849821700e-02
1.018148615545992342e-01
8.539245194236348702e-02
3.026861893804235967e-02
7.857525725565364660e-02
4.444686864971788415e-02
3.206776035450958906e-02
7.812063483010130149e-02
1.000651627643538571e-01
1.420746102957501106e-03
3.686370776500186991e-02
3.452349835329438649e-02
1.702023056202920520e-02
9.161473418410073788e-02
7.617626273267553982e-02
9.236785270200030540e-02
9.410908354966729394e-02
6.222171078029276915e-03
5.475216830029695780e-02
4.945353406563335330e-02
1.514458889831584235e-02
3.940489169773670614e-02
6.208890528394340330e-02
8.775592825818540055e-02
7.642750146013840840e-02
1.061656897137149306e-03
5.778214809913570504e-02
5.081893364732565505e-02
1.592090326675608611e-02
7.013282496405207067e-02
9.367713599113625111e-02
2.813212670921261607e-02
3.359063215105956724e-03
1.615649540302545317e-02
6.585969260909184386e-02
5.155921442662046716e-02
1.355168957304326216e-03
8.805904588543941869e-02
2.316139120956543437e-02
4.368786855652173617e-02
7.927894407788253772e-02
3.022584471588439861e-02
1.629232812530474750e-02
5.842097813440826765e-02
9.486176710104550491e-02
5.508807111154192387e-02
8.727137771864421079e-02
1.080349102276051826e-01
1.003221302068428578e-01
4.135690550686334233e-02
7.750655411400153572e-02
2.757739186021221367e-02
6.037418831644777301e-02
7.673897848756668083e-02
3.682013229417423206e-02
1.055703961174397909e-01
1.070932638114174412e-01
5.856544085986360032e-02
8.963609767976679632e-02
8.057187504723656302e-02
8.667690941619887735e-02
2.084325361511261618e-02
8.975347632917259066e-02
2.690767556105456287e-02
5.104212323799811601e-02
4.581951336327636654e-02
8.595620693877792373e-02
3.431851516444248129e-02
4.299998103476506545e-02
3.453163953947946396e-02
9.622314394412480321e-02
3.977400189804155411e-02
8.257556533081975014e-02
2.554670574875555697e-02
1.894017795933249386e-04
7.471748022908623887e-02
3.442296077728630721e-02
7.064586039777129289e-02
6.188206474453863959e-02
2.555404361476756175e-02
8.467207935919217332e-02
2.803198943657797884e-02
6.718616180586839404e-02
2.155054294381223909e-02
4.193991737790986503e-03
2.223179499067044068e-02
8.197047883524384571e-02
3.086488243433236842e-02
1.091968895856473137e-02
2.599292785939878031e-02
4.162167001075381401e-02
2.750961689052502674e-03
1.473820242172094175e-02
3.350459175754758739e-02
3.560339106222089323e-02
2.518313017392571906e-02
3.150500115017426661e-03
3.483115723390968477e-02
5.396266180534484841e-02
8.288257437016595397e-02
1.369754339855514848e-02
1.058447795800167290e-01
5.408388145669427993e-02
1.351366700746323146e-02
1.107661318740915841e-02
8.203319480423275356e-02
8.020713913232561942e-02
3.828341156732516931e-02
7.717083163720005190e-02
9.700318974088736890e-02
4.683830857133931130e-02
1.574210580597482784e-02
8.560558114500928240e-02
7.017535939466990058e-02
3.144317155330934171e-02
9.223665115298808337e-02
7.812444289858913593e-02
4.404752793788178911e-02
3.527067033478153979e-02
3.115161217116823797e-02
9.187681642449695152e-02
4.374913573009164836e-02
6.801392722942931936e-04
3.841992138231029724e-02
3.454332279946375345e-02
7.945028861230996053e-02
1.023396645552960005e-01
1.439168485663704436e-02
1.012887060613492513e-01
3.989441452367666063e-02
1.316410533862618151e-02
4.417330993859492662e-03
5.712731408418460222e-02
8.937357040962977395e-02
3.296698779165602861e-02
3.012713274177540590e-02
4.829242243071093371e-02
1.647219728257934626e-02
8.111827839389840200e-02
1.907513418858788889e-02
8.485145872118195209e-02
8.306381352227221182e-02
1.779377877924638758e-03
4.247603398523216132e-03
4.678351920395854284e-05
2.094008541654014330e-02
1.756647997133147995e-02
8.299337484675721466e-02
4.415566347404043662e-02
8.975094349186617249e-02
6.568301493685343995e-02
7.489944767668063608e-02
2.012456603614720327e-02
2.642897970072662778e-02
5.274979583592889765e-02
6.708179111631799862e-02
5.473399516189887681e-02
9.487798160107083212e-02
3.112913816498009533e-03
4.490921254163132009e-02
6.833331674804686562e-02
5.726290433207677916e-02
2.755642217764953453e-02
8.554515201983660649e-04
2.418142546186483055e-02
5.894074450177030911e-02
4.106266237568689456e-03
1.837088722709150773e-02
5.333431486685930728e-02
4.214546726240621377e-02
5.904999523269983952e-02
4.437853103698322088e-02
5.212370328456962520e-02
5.839217421282028725e-02
6.181295854779313148e-02
6.912475299857318012e-02
7.952680920013614763e-02
8.124813350876662621e-02
2.562860337918093992e-02
1.790626870139342894e-02
4.451122441799408580e-02
9.885347880047765101e-02
8.662846307441302018e-02
7.478792854249856348e-02
2.851829319477143521e-02
2.752038241428380271e-04
8.575154105596739795e-02
3.799877611875107555e-03
8.334872091265776994e-02
6.000356971797835004e-03
1.994604192086465652e-02
1.460762427672000069e-02
6.126849904076229342e-02
1.126700246923279143e-02
5.971397784190909247e-02
4.034472371047425482e-02
8.541134122708049503e-02
7.438254625665970121e-02
8.336470334114171044e-02
7.220941300199831825e-02
4.833239984586942817e-02
8.819627618545268499e-02
5.433491795339244479e-02
8.119506614335114539e-04
6.013935896924765129e-02
4.832143084092092866e-02
4.256127068129558766e-02
2.982352138363942098e-02
6.590567060568521852e-03
5.718468688184590032e-03
1.418047949329840620e-03
8.613799296479937584e-02
6.113895283003042969e-02
6.930447182627516578e-02
6.511835718679993834e-02
9.464731956089747489e-02
9.417972745312866434e-02
5.667678436629730587e-02
1.204355258546156368e-02
3.437368074347771363e-02
3.280196378165135818e-02
1.233422721398036003e-03
8.213460193013458199e-02
3.405486949462357971e-02
4.366719460101511907e-02
7.289582203913143321e-02
2.093413393252008725e-04
2.299167196571535662e-02
2.398159604723814481e-02
2.118693690831762507e-03
6.823390102845210137e-02
6.387003471133338717e-02
7.976465955620269666e-02
7.887496874965604227e-03
1.128264703392675358e-02
1.488447830430100240e-02
5.130807575675738752e-02
5.657654572118171049e-02
1.289348357150606542e-02
6.718496653400252150e-02
8.362846109983172738e-02
9.171263645391522501e-02
5.983028733956023693e-02
8.559875161843395752e-02
2.067716360842587406e-02
9.037891554723318649e-03
9.904312262938208544e-02
8.553707023238336926e-02
8.364993795786461461e-02
4.355201745882468500e-02
3.129054844826732740e-02
3.118695168018082581e-02
6.453853075838698883e-02
9.710304979847891871e-02
1.771856746299238158e-02
3.347292728289126551e-02
3.812611963249743635e-02
8.542311045845370210e-02
5.406739003668747240e-02
5.565984955764499698e-02
4.913039284035025656e-02
4.130516473280740342e-02
1.023258697860850164e-01
4.275313280551564649e-02
6.750989035243482039e-02
2.566538375758364507e-02
7.396591336919848547e-02
1.114401075078732747e-02
5.905517736928510980e-02
3.984317160884396497e-02
2.360340300384871845e-02
2.708648697977004971e-02
4.752690716792492415e-02
3.333225643014283562e-02
8.111556204928571656e-02
9.675058626344183385e-03
3.728632123125267400e-02
7.412037564219275954e-02
7.215783836448337596e-02
8.736929004741959826e-02
9.466098437297078283e-02
2.057105543091904826e-02
2.794172500573065265e-02
2.015220281460763582e-02
1.052559116515446452e-01
5.386826665737394493e-02
1.969103015468610246e-02
7.859259306905860831e-02
2.250873719901700775e-03
4.690875086024939161e-02
3.389100324686570437e-02
7.752331478878328463e-02
2.302622851375785845e-02
3.409211514941793558e-02
9.763205779521957894e-02
1.062066383386734425e-01
1.010807161336068211e-01
8.590966170038388805e-02
2.251050364671161597e-02
1.056882741795512337e-01
2.542955946450701707e-02
5.515368867477513787e-02
8.610246611920267801e-02
7.623099593022686360e-02
7.242357607112877294e-02
3.974161740061619118e-03
8.867410221320340402e-02
5.740340525675864843e-03
4.922235434267060311e-02
1.023633992849515006e-01
6.967304559240364292e-02
7.243427164343363422e-02
1.052869391718465053e-01
3.829350086622484994e-02
2.906846372684469132e-02
6.247775474789067640e-02
2.332449815798720225e-02
3.127831581242991599e-02
8.931751140111314491e-02
6.192994792738994864e-02
6.226016585517388929e-02
2.302764753395727254e-02
4.052925627058934221e-02
8.361395134749673164e-02
9.802573703753475476e-02
7.539343570809547979e-02
9.738718393555342552e-04
1.039233572370037856e-01
2.597047478987978084e-03
8.188443480095262961e-02
8.121496856611096216e-02
3.770919368132515104e-02
1.008695521694256136e-01
7.732427703592528734e-02
1.624560993816193469e-02
4.838099508209139921e-02
4.079220845947140184e-02
5.997219597287217069e-02
2.054526521223217633e-02
7.027778702613672601e-02
3.056396776334312920e-02
9.272358733335354930e-02
8.570779653859441141e-03
1.351614573922702532e-02
6.217979978299257443e-02
6.079609869862793309e-02
3.883486113326245536e-04
2.738744094697481615e-05
3.278118808922524802e-02
8.535273908515082775e-02
4.663208537230027761e-02
6.975434788160402022e-02
7.743494184714318218e-02
7.845415590730364652e-02
3.794628121500064760e-03
5.403056913988792120e-02
4.673877097152599053e-02
1.618762047622012909e-02
2.674969964715442905e-02
8.845736396741861463e-02
7.427419673317504911e-02
2.171961090338658459e-02
4.248303029522362828e-02
1.385382875404334892e-02
2.692194133873321640e-02
4.416125291965802141e-02
7.716437197597515729e-02
1.128120377239161948e-02
5.653495944527440337e-02
4.003658622251801691e-02
3.695127573334875543e-02
5.705971877414819926e-02
7.725952789888583527e-02
4.568113035078424228e-02
4.131015885556327955e-03
2.911962579484254454e-05
1.972930639460267199e-02
4.917097008493996613e-02
2.995154282619428773e-02
7.539827502060018893e-02
1.069967720190438398e-01
3.383353183091672434e-02
5.271215764388294256e-02
4.631506756509313344e-02
4.835993953504602594e-02
1.277999720341960709e-02
8.174344706313904640e-02
1.037734076779605295e-02
2.368192512333980315e-02
9.283670782483288697e-02
3.628136571774336072e-02
7.162655344264490243e-02
3.490043025334610416e-02
4.393454964003805363e-02
1.016084903801811878e-01
4.872337124875029957e-02
1.035022311141335222e-01
5.421882186412762400e-02
9.700084582672367783e-02
4.514621284124193529e-02
6.389974036947022873e-02
2.787093564234011112e-02
9.908319935695196479e-02
1.092680468400343032e-02
9.917927118954671106e-02
3.206035427527482301e-02
8.258136705478839878e-02
4.313015650794733112e-03
2.599634128106089598e-02
5.182072235196599763e-02
9.863070767582828025e-02
1.565847644904788671e-02
7.024166545583881982e-02
9.767359519131089962e-02
3.502023244435561577e-03
1.962113852707857847e-02
1.665649119921246146e-02
6.668746186465351888e-02
1.379576024592738849e-02
1.058291987269877610e-01
2.844373216833427989e-02
3.393249736252725718e-02
2.584129837208137023e-04
7.111741618645804619e-02
9.603956203178595774e-03
2.188156362673354324e-02
2.495991615148402537e-02
8.405342407754061440e-02
3.912585973794868721e-02
8.346312215120695044e-02
4.362502091187969028e-02
4.688588325936367956e-02
6.532276954821908399e-02
1.039812312707618230e-01
4.773962682347473313e-02
4.880480960544272134e-02
3.016338073104199088e-02
8.822082858379647063e-02
3.997199123595919501e-02
2.868120641078507685e-02
1.390412290110682771e-02
7.938791132277137064e-02
2.578908978740517000e-02
1.921636211471127939e-02
6.949991090085491652e-02
4.003776572283705704e-02
1.055512919135401240e-01
7.504680329592015864e-02
1.648756044951329991e-02
5.078629667693016631e-02
7.840221168336360125e-02
5.624013431912421035e-02
1.281852885169460811e-02
8.873961792042998897e-02
2.618177390579065275e-02
3.810354510241103360e-02
8.965153687382680647e-02
9.244570408378138815e-02
1.077283076049189159e-01
8.493308601418053660e-02
6.665999638633808566e-02
3.291395528882156557e-02
7.962959259756841046e-02
5.995427327979419713e-02
9.958575678239706130e-02
2.888009737225245149e-02
1.052686896126914336e-05
6.309653481833116251e-02
1.303358491960839374e-02
8.066766550385226497e-02
1.776979783277392040e-04
9.024114769414413872e-02
5.411265513976441094e-02
1.658232685127287998e-02
4.551988133450284024e-02
6.398274441682209879e-02
3.466633315252907327e-02
4.132773595932057870e-02
1.311142487100771040e-02
4.190573993419388263e-04
1.913674263036850565e-02
7.279887900657013022e-02
7.208662628535983385e-02
6.673479236893715971e-02
6.977175289240492018e-02
2.383308566478475193e-02
9.657948579835677616e-02
5.342755658044052308e-02
8.865200729844188721e-02
4.114593522608893383e-02
3.925771711310436368e-02
6.312255094243474085e-02
4.750542019628394008e-02
6.953668639032301035e-02
9.014681073684946422e-02
6.074740014092035179e-02
1.258183611642374987e-02
8.291868301425006638e-02
7.221531284605954559e-02
8.204090077174251705e-02
6.196389358592858942e-02
1.038663925974551011e-01
3.273775468272856898e-02
2.033658313482197832e-02
6.837285643078902519e-02
1.801805876401728693e-02
4.238227974107680596e-02
4.464105551547307288e-02
9.963777341244095965e-04
6.440760624923419497e-02
9.462310481575736398e-02
2.000287102435008638e-02
4.035186471254654378e-02
9.090925942773550594e-02
4.581658818858930227e-02
3.719565945094601561e-02
2.492923231956728491e-02
1.557733247019660837e-02
9.948677741589238843e-02
1.002247343715189781e-01
5.311385663175039601e-02
5.244398292798142791e-02
8.523828647980724593e-02
1.027090346082650263e-01
2.010937544252516340e-04
6.576748336105169013e-02
6.398979955316008716e-02
1.267750260245011085e-02
5.574996461270630838e-02
7.444612435789590976e-02
5.868011396724159834e-02
8.889303962646045998e-02
8.121674282924863653e-02
5.544675606963838516e-02
3.414871331573234720e-02
2.940482272374054726e-02
4.806287920719916340e-02
3.611193070980309866e-02
7.762281962112252409e-02
7.768709583966344756e-02
6.033337528859575652e-03
9.628821061364412071e-02
2.827819880465776842e-02
8.073500604324967966e-02
1.210766871713641994e-02
3.970296711176317384e-02
2.953656997059166470e-02
6.292084467461213360e-02
9.565390590957374706e-02
9.821373879286243724e-02
9.615103364810184683e-02
8.131342705315788844e-02
1.940668626021563314e-02
6.553556417209392693e-02
1.790411728403174321e-02
6.512543491522140848e-02
4.072482857889708069e-02
5.682523559852351719e-02
1.051736381117096414e-01
5.576257523258664611e-02
8.037935512652591430e-02
4.793527378334155181e-02
7.795900333195372733e-02
8.257213127761253713e-02
4.179954161927112999e-02
5.459963213624184630e-02
4.053236456454278880e-02
4.172132925512067603e-02
2.925959454864715537e-02
8.844565465078363387e-02
1.626079318618812997e-02
3.025834566338439155e-02
4.564176992286513718e-02
5.010551029000434586e-02
7.737859895178930691e-02
2.855385666232765352e-02
3.607734369305887895e-02
6.117697329573446724e-02
5.752279134692230705e-02
3.351867570492090762e-03
2.589079043517582973e-02
4.657194195999598413e-02
1.378218311722563018e-02
8.574506644481176554e-02
5.488188281819037688e-04
1.071094896584923600e-01
3.192823058963205340e-02
6.444957411201954200e-02
2.651102316807568693e-02
3.657906382932463868e-02
9.762343031922045018e-04
3.246644506165725225e-02
7.263775863368625296e-02
6.109880399106971949e-02
7.807916507542927986e-02
1.403676411243856385e-02
6.495963234713797441e-02
8.872487700595112214e-02
2.945820041388112764e-02
8.238757034733001916e-02
7.256132851597577038e-02
9.124220477781691541e-02
7.175016235788653218e-02
5.835928820074467310e-02
2.326647363919489772e-02
4.783920040290211284e-02
5.711779796442296997e-02
3.027592152804037262e-02
8.244388323490992043e-02
7.705590112830228156e-02
7.545164836895280891e-02
2.593790689434545202e-02
5.151702104237294855e-02
9.514972158387617618e-02
2.625960055476441943e-02
5.784598846067544320e-02
2.063095509369541544e-02
6.441451736784702120e-02
1.419097833324124355e-02
5.226208557863348120e-02
4.092670713277618555e-02
8.649189337121955534e-02
1.478377432502518685e-02
6.221368360114094831e-02
9.439693926256452483e-02
3.809944041450784996e-02
4.070579572444787270e-02
8.125243951972910272e-02
2.183613258904997044e-04
5.371840569493407241e-02
1.205441743817298184e-02
4.075192422313701074e-02
1.155085389985371913e-02
3.868301471385990342e-02
9.276591338074859083e-02
8.055393294359843026e-02
1.765385126601023286e-02
8.823050578356406159e-02
4.812080963377286628e-03
5.107056710966670354e-02
4.812283720491910416e-02
2.707886558224551279e-02
3.908569378189998000e-02
7.911183835186039182e-02
1.200934254580986529e-02
6.662382488570162131e-02
7.105314351915358040e-02
8.932565201322052728e-02
7.817821568320622197e-05
5.272351392708424928e-02
7.508425204289259636e-02
2.143286667360317505e-02
2.320664843496945528e-03
7.555895618989563745e-02
5.215353719166092306e-02
5.854623444884073796e-02
9.604397264609190743e-02
6.696871254278011047e-03
2.042184266369555246e-02
2.846281767382157803e-03
6.179729809669627649e-02
1.875711437603525336e-02
2.984970118561238589e-02
6.449996796842900199e-04
3.271767851798351029e-02
1.065753326915691059e-02
3.732075350836161834e-03
3.398247179845021587e-02
7.883253633197985499e-02
8.865157326183240039e-02
6.146600805803253270e-02
3.408265704713887151e-02
1.440470668830607856e-02
1.394796029388613995e-02
4.688304354758517783e-02
3.746137743235831985e-02
9.124960468967692473e-02
4.520883557285338555e-02
9.537761404879095684e-02
1.635822514405256209e-02
8.701867315949639303e-02
8.141847036828690765e-02
2.618128740469068821e-02
5.697316932551405033e-02
5.377509998559040078e-03
1.103541903536308690e-02
7.298861072676912642e-02
9.677539530109591226e-02
4.303712563401146385e-02
6.462347516516886436e-02
3.160248498319448429e-02
1.401347428303113471e-02
1.024595093472581263e-04
4.346753060204557040e-02
5.871174652338675276e-02
1.019220480324627013e-03
8.614879789400323173e-02
7.847105519313081479e-02
6.063584168986998341e-02
1.582895908887828329e-02
5.409383641055975911e-02
9.142283655780941709e-02
8.491749542015396279e-02
4.496839299769993942e-02
6.269636969189867903e-02
1.409967005828607380e-02
2.364082213411182812e-02
5.362008772575545951e-02
3.464348638930476315e-02
1.292637592590579684e-02
2.818811716123820546e-02
6.033804115538608098e-02
9.065977471008825062e-02
8.112646978555766719e-02
1.269939870591531295e-02
1.280480476459024478e-02
1.869250830300032626e-02
8.476986086594953673e-02
5.284230830213198365e-02
7.524576259353830954e-02
5.241125841873708197e-02
3.664574093081483797e-02
6.494314384255012174e-02
1.730099903068673187e-02
6.700706348567300741e-02
7.539923479036004031e-03
1.668732160474234796e-02
7.596626679852841457e-02
9.745114075833072320e-02
6.500047609033054574e-04
2.172716161054777731e-02
2.965891485639283662e-02
9.111686662446986940e-02
8.407890788559202466e-02
7.577678451940296489e-02
1.188429845569506519e-03
1.044141521967901776e-01
1.548065469171025542e-03
6.798935946888085002e-02
9.059816014901490855e-02
6.961450585200616367e-03
2.705484250378873204e-02
1.617977829169804475e-03
7.049737359392706931e-03
2.110500197206905196e-02
2.512959622568134571e-02
1.034654249761838701e-01
2.769348361642302164e-02
5.599658185292422791e-02
5.645531550136088234e-02
2.312844671549529538e-02
8.188536625981687744e-02
8.887929923816710598e-02
9.216143190639945336e-05
8.883366871571700407e-02
9.590832083738454195e-02
2.981625018812902178e-02
6.067523395446669521e-02
3.023042443899342027e-02
1.075453621813545479e-01
8.300095756141086245e-02
1.763628332070593674e-04
3.648156074458164255e-02
1.558253241497076225e-02
8.200004148732679965e-02
1.055201820651024830e-01
4.580329575108851858e-02
1.142769423509471275e-03
6.947527207330465859e-02
1.641857797436251445e-02
3.242462970687094714e-02
1.802079187046703480e-03
7.205574843173025157e-02
1.543770687007979016e-02
2.572894974822733175e-02
2.999427262754768286e-02
8.247136660881730641e-02
2.377119854042397326e-02
5.075665379303737068e-02
3.034400474625171054e-02
7.696737856476762452e-02
2.310327469668414790e-02
5.899070160553791797e-02
5.327757364837088644e-02
1.642822086139767226e-02
1.776170029099293987e-02
1.112222960382247897e-02
1.322795348184822514e-02
9.105330581318081540e-02
5.277616498579833920e-02
3.355153632653685991e-02
3.120208751973798517e-02
3.667781281555884676e-03
8.151182746695022352e-02
5.593868302724090691e-02
6.771074366595927763e-02
1.168208709740431277e-02
7.784027137051847955e-02
3.459129177513625697e-02
6.542766632180954667e-02
3.255030924145767973e-02
9.724959393016411116e-03
5.072313976395538548e-02
5.497586566270890734e-02
4.477406975744938067e-02
8.494049841712913995e-02
2.851637657173015927e-02
6.962592017058077953e-02
5.882825214486009369e-02
8.833914568340828222e-02
2.017680827754989026e-02
5.782784629186384431e-03
9.517470660567102503e-02
1.071844633620883808e-01
9.086509761069064273e-02
4.261715929193327784e-02
1.076133182683016720e-01
5.621389709753384784e-02
7.512775134834411006e-02
7.765917185664203415e-02
2.616229213010624411e-04
5.802868434610088111e-02
6.965147520679121004e-03
8.566158988078778624e-02
1.012542002359745202e-01
6.450537458826388452e-03
1.017231367544201154e-01
7.389737794942397454e-04
6.802436521027571681e-02
4.996127589124276652e-02
6.941141411906492920e-02
8.666204517486128869e-03
1.163388955792068503e-02
2.130093127563933639e-02
3.979818556143042280e-02
5.118548710394071888e-02
3.575411276216680645e-02
8.308235854061791093e-04
1.145951429271972874e-03
1.207489713983224758e-02
7.563091154153121776e-02
3.015021817536007315e-02
5.708798221301091685e-02
1.043051837511480839e-01
1.004157539346309941e-02
6.038217431451901179e-02
5.882897447266577373e-02
2.544870261643936496e-02
2.312643108989222152e-02
2.223509088328989337e-03
2.044410548296429417e-02
1.014862554455937677e-01
2.073904891513747920e-02
1.896738570108657748e-02
5.748638549931976184e-03
5.529038870146160689e-02
2.608351002968257309e-02
9.476640194338330214e-02
7.572986466890082235e-04
7.478936446097733670e-02
8.344972709731418581e-02
1.446133903976128295e-02
3.115220290158753416e-02
9.999118725867683910e-02
2.335136881837888978e-02
1.116778127955126917e-02
1.086693926579214604e-02
9.175142225377269645e-02
5.110469100909902258e-03
9.842338159279200027e-02
1.009345896979233770e-01
7.887165337285448330e-02
1.014348289851015397e-02
2.893995858460185130e-02
6.939544083728747814e-02
1.440927682997647508e-02
7.758798388005039293e-02
9.012728544532352601e-03
4.403532977500389939e-02
1.222115864715901147e-02
2.759756202508676509e-02
8.139784941313180089e-02
2.352714806188371116e-02
7.216092254115254179e-02
2.069606242210575084e-02
2.843875891861266658e-02
7.238769950145780563e-02
7.351538335726517936e-02
4.872930761275500594e-02
6.889160780965347675e-02
2.178062373521051642e-02
4.169388178452038823e-02
3.597416555475315553e-02
5.647217189439421997e-02
1.584165462396035923e-02
7.874764056090265141e-02
8.591642998590945379e-02
8.421988032352534237e-02
8.437208255969526685e-03
3.962265728556604166e-02
7.262042844782866380e-02
4.344444632626452696e-02
6.071104979785352934e-02
1.652918343005773533e-02
8.394962906752938270e-02
8.491659559791285561e-02
7.841256564481124958e-02
9.848572375283506930e-02
6.094230995024446651e-02
1.053944632839425438e-01
8.816973035319888852e-02
5.107341526718596481e-02
2.361358738402947327e-02
5.594596453940254427e-02
2.492418463654333741e-02
1.699356041831323952e-02
3.955364128285177722e-02
1.447023427552775014e-02
2.835987278149268084e-02
1.368432288480148562e-03
2.881689442452005801e-03
1.044116721736695896e-01
1.387383996194579581e-03
1.346354713558132847e-02
9.267614476911522833e-03
3.009847877377893471e-02
6.247915652552214066e-02
5.064489306549514042e-02
6.882259898728282366e-02
7.519936658998516155e-02
9.835234979914049547e-02
1.796404816551358183e-02
1.839629508852146100e-02
4.043771128424861888e-02
6.026754689172202778e-02
8.179652955155013172e-03
2.050768967852691776e-02
9.296925045986006997e-02
9.387025797885180378e-02
7.600773877087721453e-02
3.755766397520739902e-02
9.355853936577004926e-02
4.889649111960295280e-02
2.012268310093025953e-02
1.054327138235610917e-01
6.598992457202065842e-02
3.881461071342583267e-06
9.793873227947970384e-02
7.444520615101840599e-02
9.390479771858303848e-02
1.577384067139783394e-02
6.988602823541247011e-02
1.080337078965205588e-01
2.315497857373381707e-02
5.144517555718977619e-02
6.353835342098038130e-02
1.036284329648200636e-01
3.406680440446663294e-02
3.278972519810427477e-02
3.726356031047982657e-04
7.578795928936790660e-02
2.213261513433820507e-02
4.842025696129535761e-02
3.528722262297887685e-02
