1.163365296486450554e-02
1.476967700759668916e-04
2.068507430968202082e-02
3.612893019622507446e-02
5.340760863872309749e-02
7.833181479726157928e-03
2.031387456196423816e-02
5.350336886156192504e-03
2.951634541260693412e-02
2.088308905200095614e-02
7.746975223707872060e-02
1.014375395581673667e-01
4.815909326935366441e-02
4.958173689522253624e-02
1.442436121510486417e-03
2.854683206593045669e-02
3.108412758544760318e-02
3.756600872911738248e-02
4.390413062152549728e-02
1.785306173523580620e-02
3.010499995249120431e-02
9.301568757744488325e-03
1.716024718454239916e-03
4.537985241899310934e-03
1.682700940360327621e-02
1.226068992070966819e-02
1.990228272568979676e-02
3.586155977684831603e-02
2.119063692378173915e-03
2.491815766644503091e-02
2.162839322138437187e-02
3.141777996665461731e-02
2.015467260752364098e-02
2.850913560205186464e-02
3.067815587854504089e-02
3.454678719408632581e-02
3.361495882232681809e-02
1.028272434777372651e-02
1.822528347528120513e-02
4.070962958590769454e-02
2.146063764873551438e-02
1.103663076406458977e-02
4.719169631304266643e-02
1.384013180987275424e-02
2.381949425610373899e-02
3.427869134305978199e-02
3.032439978948903159e-02
3.346676223651234849e-02
4.802137998535633417e-02
2.980741768904965339e-02
1.388814295569640311e-02
3.021592132352752050e-02
1.748114633555393135e-02
2.249871348521183603e-02
2.126321306068441538e-02
2.384878970379700094e-04
3.712216068384863177e-02
6.152228065446625586e-04
2.199840032551837743e-02
5.932096041874782011e-02
2.619034773327025278e-02
1.702583721810513318e-02
4.907769792856211261e-02
3.565348490319632940e-02
1.485657396733790561e-02
1.524759428811868836e-02
3.279870521842623288e-02
2.862483379836028166e-04
1.996342627790635704e-02
6.511198213505518979e-03
6.334787637718790332e-02
3.498820820220193556e-02
3.690180229789537941e-02
3.701513840320135029e-02
1.844020030812238212e-02
2.252405649459774187e-02
2.517793906712690113e-02
4.356600098820487266e-02
2.596053275432875715e-02
3.456015763669174207e-02
9.238672704876762934e-04
5.891170368276089225e-02
3.134236344960923681e-02
4.504977901375356586e-03
6.840923564222134781e-03
7.852565289477107802e-03
2.551651429730245405e-02
1.617834795684600785e-02
3.295800838531863508e-02
2.101562259566574012e-02
1.591662613654279065e-02
2.224176641078558919e-02
3.918335342319030634e-02
2.107476223310596891e-02
1.411061086418734711e-03
5.536105466540008381e-03
1.192149437247114370e-02
8.141928823885032085e-02
2.173767511560105101e-02
3.003929811234812633e-03
3.540162671257011950e-02
3.135814853945206176e-02
2.802735706787647454e-02
4.733329563293408107e-03
3.220581695003942035e-02
1.985142851748565931e-02
1.999141922571659805e-02
3.794555366510259098e-02
6.452289077403015882e-02
2.509746923221898088e-02
4.258029910428722670e-02
1.127663523112840994e-02
3.540735648948392655e-02
4.650708946610164485e-02
2.839611018168657075e-02
2.106373057037663754e-02
4.251813184017731728e-02
9.917919931091999375e-02
3.199650117725930110e-02
2.728994363746268387e-02
2.322608141332979312e-02
2.488925582356140906e-02
3.160140291938851737e-02
8.153981488473566533e-03
2.771829155307604584e-02
1.877609223388180051e-02
3.363994110599723836e-02
5.001891965225739589e-02
1.722812489826340554e-02
1.168217127837509542e-02
3.114519612664163120e-02
4.188274573310741405e-02
7.903205908548999875e-03
2.695143722439048012e-02
7.366924934286492310e-03
4.067399421222726852e-02
2.176741845398376049e-02
3.739523984675509338e-02
1.129198631354598687e-03
2.579826696989345747e-02
2.714634345128907195e-02
5.266668623861992665e-02
2.450781466122254823e-02
1.195531021658828748e-02
8.478536103590719394e-03
8.944673152126377674e-03
4.978127136410472747e-02
2.488978054436389101e-02
2.936636904820851338e-02
2.977746665215140129e-02
2.923053938462080292e-03
2.096186171514973634e-02
2.974133125865012321e-04
3.212515090004801344e-02
3.313072082230404149e-03
2.512725765860181204e-02
3.785760745266205946e-03
7.236971320990242445e-04
3.414769592608810772e-02
3.595166720531472321e-02
3.793332054608921072e-03
9.826975547580783787e-02
3.677268884064433668e-02
4.015817454457356814e-03
2.600710878164256765e-02
4.222027073827211430e-03
1.058991131836497547e-02
6.265287374226011750e-03
8.745201296478473385e-02
4.128399349739977908e-03
2.560175917581923935e-02
3.354218920850933483e-02
2.483701448630467115e-02
1.056808114733842445e-02
1.047655740567058139e-02
1.330316953879198075e-03
1.473385529054854412e-02
9.088552419824377782e-02
2.357239297770659034e-02
3.029385858517154306e-02
5.458127473968688026e-02
3.301905731310082054e-02
2.501187642943759545e-02
2.983905267776440842e-02
2.890900277171364399e-02
3.085191159190935756e-02
6.821619360089329134e-03
6.511341927822062586e-04
1.812226691132704307e-02
2.947896093928894026e-02
2.572483092501534618e-02
1.997100311319368118e-02
1.201636277467949682e-02
1.689818131296064998e-03
3.492986040934706327e-02
3.040934657423376847e-02
7.069194128732664284e-03
2.958022438199579135e-02
1.349226453391039020e-02
2.875924427246540072e-02
2.157590532619421252e-03
6.538764478417579719e-03
3.403367277487916176e-02
1.455556656875629795e-02
2.659613198609714346e-02
1.548101145074527729e-02
4.820196762692114875e-03
9.153049058488934089e-03
2.688004361030588152e-02
4.445440400038404988e-02
2.506928089587947064e-02
1.256098317893369724e-02
5.878314072509759763e-02
2.592650012720119565e-02
3.809581140539611277e-02
3.317872809733488516e-03
5.730841667510391119e-02
1.362157156786463624e-02
2.512544988164254218e-03
1.988814722094751561e-02
4.836351318093108295e-03
5.218770705058056042e-02
7.756282285343503446e-02
2.525715307292436193e-02
4.010078063564487803e-04
2.267941536130162195e-02
3.994596594541770240e-02
3.439714092187804578e-02
4.102900044853510092e-02
8.994433789141949298e-02
2.382660332518897819e-03
1.811741314984000040e-02
2.896496543207706387e-02
1.484762215175754207e-04
4.261385951097292069e-02
2.524178048465123420e-02
4.053710585498677965e-02
2.330560034123833543e-02
1.659101575305470646e-03
3.223148767473254378e-02
2.639314967812068924e-02
1.416137885643642923e-02
3.036654597753213683e-02
4.547869756053518620e-02
9.908417864399564606e-04
2.126786499965280242e-02
2.355419437856779916e-02
2.119463469803387762e-02
7.331561731002903936e-04
1.489588924628587260e-02
6.898334674586844390e-04
3.373610505432709378e-02
5.531973714911363107e-04
2.377244500851903933e-02
2.393139218884434219e-02
1.701379225583650456e-02
7.927851185925087474e-03
4.927491784024599919e-02
1.434428354953865350e-02
2.938756265565057452e-02
2.320448018411222502e-02
6.290221244449631897e-03
2.259169921181419880e-03
5.663669772907902605e-02
3.592136623835218839e-02
4.330112895450362320e-02
2.876379849970742489e-02
3.507845056236837122e-02
9.912289985592332917e-03
1.840183766328787600e-04
4.302505809919811991e-02
4.771638336930525068e-03
3.703821690026921215e-02
1.528220403526146624e-02
7.285091291137697767e-02
2.938987928651964551e-02
3.470097302696900643e-02
1.341060982425209148e-03
1.185488495550841501e-02
6.498185613827579810e-02
4.939768074512615079e-05
2.632977470579753523e-02
1.179065654463533862e-02
9.793711908673497640e-03
3.406032627923749612e-02
7.651239716550850556e-02
2.123147451194089264e-02
4.099142673535100673e-02
2.733968442354496597e-02
3.299228354009929587e-02
8.768254585894030839e-03
2.259654416436593025e-02
1.249328372726099014e-02
9.196451815381274236e-03
2.318022279385716783e-02
2.706769581724775831e-02
1.484059955914928015e-02
2.238869885968672660e-02
3.000542063056167025e-02
3.811477445466730091e-02
2.309925367467808438e-02
6.575187491490785963e-02
1.341952319537783288e-02
7.203320738317751590e-03
1.355186897183840490e-04
3.306095336233989823e-02
8.860424967265493820e-03
8.071119846516523191e-04
2.610166828216088988e-02
1.828403527378835366e-02
4.041427531491540576e-02
1.736574210162546844e-02
9.682069120232146553e-02
1.408383806850098223e-02
1.636283489069673136e-02
2.631320252579324309e-02
3.479292879929934273e-02
7.154509701012937151e-02
1.617067003700100106e-02
6.406672714205297048e-02
8.638798385413580874e-03
1.558386686123881988e-02
5.719573697458240485e-02
7.884494291036135694e-02
4.277091318411568172e-03
2.927215231292466108e-02
2.657002236048430777e-02
1.216961277682556059e-04
1.308266247810476596e-02
5.395111930155815916e-02
1.234353058545410806e-03
4.981258983686193825e-02
1.964959406708646425e-03
3.260596768447381055e-02
4.396902704090963065e-02
1.921021868532774360e-02
3.359831278274917621e-02
4.592414527090540877e-02
1.151444175162593883e-02
1.842393762388513934e-02
3.534195704171724794e-03
3.066480623459855517e-02
3.637016146731537891e-02
3.891250374961064545e-02
1.929245098782650034e-02
1.178530506334016584e-02
1.720132880776119311e-02
3.089188310144569405e-03
2.142392771847133684e-02
4.202811514134634913e-03
3.858811831342792015e-02
1.558054875275866198e-06
3.915202945597488771e-02
2.351413321548596197e-02
1.039261031471984745e-02
1.541889569715467791e-02
2.987837298630004884e-02
3.457185669699290587e-02
2.668437838244372418e-02
2.804849845483022713e-02
4.218748586401416950e-02
2.023344039275639869e-02
2.038832358222603114e-02
6.111303837842283621e-02
2.195032889377758478e-04
2.480017935296284590e-03
7.099868903373006412e-02
4.915172233826742981e-02
3.681600877385972359e-02
7.303266907877477288e-02
7.946843423317416152e-03
2.516594629923140161e-02
2.708507194583351790e-02
3.267853218851143188e-02
3.864302315730410581e-02
3.561526914514985542e-02
1.786580974996554438e-02
9.482815438017667617e-03
5.046360643369274257e-02
7.049144906292155281e-03
5.601759000555317503e-03
2.155833668876707548e-02
1.288933707700952447e-02
1.966004730257309152e-02
1.327200498634515183e-02
4.491191028109179501e-02
3.490529970933504283e-02
6.473871445221255662e-03
4.327301204659289580e-02
3.198409194950423140e-02
2.537901977513717586e-02
6.597814116121164529e-02
3.176584121634383473e-02
1.763343173191999486e-02
2.372240676313501495e-02
3.725978396191311631e-02
1.871672308893818109e-05
4.556990259508425511e-02
2.336666379993989143e-02
3.888206508428029666e-03
1.129532219060779647e-03
4.938902475522886047e-03
3.781073220524717310e-02
3.842339741850905183e-02
5.021029644665129382e-02
3.217755773778904066e-02
1.522573201081630495e-02
9.671679149612288570e-03
2.153715559060665266e-02
1.619294119802356519e-02
2.596310555426994265e-02
2.953654102958199607e-02
1.567171411810601434e-02
1.123163291316210156e-02
2.521014952437197060e-02
2.583470104141509863e-02
1.220985561877646619e-02
1.063568681119431234e-03
1.726784720931329870e-02
4.900295063441509336e-02
3.499847244172638733e-02
3.903885903929790041e-02
1.656159075933915064e-04
4.003165270410054960e-03
2.201246097113186348e-02
4.562530445570413956e-02
2.376635446871007418e-02
2.261959690246702261e-03
3.847323841868748040e-02
3.048111655409617773e-02
1.206439542814067081e-02
3.000806920179647716e-02
2.204270212253628403e-02
1.104127172373779893e-02
2.682475440989100929e-02
1.229945627676428061e-03
2.870423669565164149e-03
2.099565397281423842e-02
4.694727400280586382e-02
5.040140742254854006e-02
2.330625509365629941e-02
2.631109912741689399e-02
5.367351256393236569e-02
1.433933567937920907e-02
2.949575046446785073e-02
6.061279718205089817e-02
4.069477592782956240e-04
3.818009141478464347e-02
1.267315524474866596e-02
8.663462380247302641e-03
1.783676679036922882e-02
2.039220618051029374e-02
2.438938213863592330e-02
3.172867550634894673e-02
2.248005297123616369e-04
2.349675668533257687e-03
3.458938122811931054e-02
1.591731169144616417e-02
2.362112848470947560e-03
4.173855270394979944e-02
2.173397327228313719e-02
1.747859928408807125e-03
5.869422323328805924e-02
3.135759572199948997e-02
3.367750420595855970e-02
2.366545807400945514e-02
4.676840427801281304e-04
4.713551722480224804e-03
2.020295664733562022e-02
2.179026657600097866e-02
3.466747916725169271e-02
4.837791234092931464e-02
1.250843190661291536e-02
1.582835847977226082e-02
4.733950940515513350e-02
2.299842371042976064e-02
9.431671854943845731e-03
2.906670488779713188e-04
6.281608836494660154e-03
2.825738580261450902e-02
3.199772124475378648e-02
5.003005769003926462e-02
1.673588201459774369e-02
5.721349022437555165e-02
8.454583253676968210e-03
3.173335654196072358e-02
6.040074658261394142e-02
1.400721460053388177e-02
4.263631274273866137e-03
1.220370499215542651e-02
1.400457095457249314e-02
1.310202513896500769e-02
1.853195843978754694e-03
9.305156593684359156e-02
3.372605345534816779e-03
2.618851531812830744e-02
2.902967337907931197e-02
2.662221580684828379e-02
3.629217002354380439e-02
3.170280470805071638e-02
4.433901396946687140e-02
1.387571311859381188e-03
3.707612121347115403e-02
3.481586125180049368e-02
5.341472269028665898e-02
2.922986526388079986e-02
4.929738429552056600e-02
1.913017155668753425e-02
3.216081658362710677e-02
2.459513346942697812e-02
5.049855679096169891e-02
5.899370391125730029e-02
1.864680871654704822e-02
4.090272061537582327e-02
6.055413260801218583e-02
7.310548541064682687e-03
9.859234326486716882e-02
7.472029180493698804e-03
2.086881789311017393e-02
3.718531312159885360e-02
3.354532621591650027e-02
3.438075095666222325e-02
2.818013186555572841e-02
5.453743546207033555e-02
1.589690454762879290e-02
3.557991233751715832e-02
1.354551683863322044e-04
1.751330549732897646e-02
9.910718186531873933e-04
9.545854620651684011e-03
1.666245961972613598e-02
5.792009599440382794e-02
3.029056510023159579e-02
3.632403276076532489e-02
3.429472099528500101e-02
5.073350987547275287e-02
1.873486806669433236e-03
1.175127100338251990e-01
4.108072370700270766e-03
3.338740664840989317e-03
9.671193124819260634e-02
4.548100884898880619e-02
2.945121442759632974e-03
1.116485477597390822e-04
5.692625091373163665e-02
9.985107697654270476e-02
2.993100583569165488e-02
3.258093437947313237e-02
2.011599714592468210e-02
5.786111716855149925e-03
3.831105409714860577e-02
1.961392824921207728e-02
1.123815843741712492e-02
3.324965470720479127e-02
2.042952002399007691e-02
3.123036069484232471e-02
5.645290034393713428e-03
1.406674052251050827e-02
3.211770017225364115e-04
2.551883501263517082e-02
1.210507089023477728e-02
7.801024236206216544e-02
5.977302048766170258e-05
2.309317626452356276e-02
3.465390186113464360e-02
1.746099790188688876e-03
2.986594824498749190e-02
1.916184185406928295e-02
4.511620003807579465e-02
4.144408868695997894e-02
8.637551132230204820e-02
2.166670874754866513e-02
2.212757324989261462e-02
6.506269399261263575e-02
1.674850798386543632e-02
1.797729668380931151e-02
2.585248419047300045e-02
1.688357310905979920e-03
2.077501220308251503e-02
1.794279500705417765e-02
9.169847313782283210e-03
3.160343855158565668e-02
1.578698124783741927e-02
1.757194859493896311e-02
2.598267033595608524e-02
1.381565639874049282e-02
9.450081558242905393e-04
2.863851288236179266e-02
1.368410142954806785e-02
3.204997544227457945e-02
3.902371741527738049e-03
2.720567655225819906e-02
1.403083155547057460e-02
1.008398174383729057e-01
4.075012533918646873e-02
5.637797647877663271e-02
2.008622192222946773e-02
1.125811635883601156e-02
5.873067436875072100e-02
1.746495456250651487e-02
3.151123589780124856e-02
3.158079336481058041e-02
2.335374028660815518e-02
5.582174435076521501e-02
4.008100126509521466e-02
1.591982249942334928e-04
1.501609613748008075e-02
2.354161369435276221e-02
2.585285531701729880e-02
1.637554091102992604e-02
2.336064311093552157e-02
4.716632955106779372e-03
1.516621113444309790e-02
2.115812093494768079e-02
2.463033080928283755e-02
3.450154974166361188e-02
1.729046599061034514e-02
4.399548502948046058e-02
2.197731472047887921e-02
4.556311057618393778e-02
3.120369904210094567e-02
2.982896862067777044e-02
2.477095448132406522e-02
8.179475441456876550e-03
2.884430310211410012e-02
1.143785646617738114e-02
2.750281177758081425e-02
1.948708095496026402e-02
1.405756002749298725e-02
3.039569410102648667e-02
3.302615182038039221e-02
2.870830773530157892e-03
2.913978383393901750e-02
3.163365372873052500e-02
6.537146596063217463e-02
1.775943875924303889e-02
2.951760474292148065e-02
3.027666914114196181e-02
3.463486519688052656e-02
3.650998015604478997e-03
3.947859791934615198e-02
4.639461315374945665e-05
3.270658054940153600e-06
5.925926427032363226e-03
1.574992056610882967e-03
2.755612114043075496e-03
4.554462486035235069e-02
2.839771099915619143e-02
7.676147583202569402e-02
1.412533587027014505e-05
1.744615392253306974e-02
4.230857649559729983e-02
2.677227202869938288e-02
9.232117907460235182e-03
1.305247656638364867e-02
5.373144559834460744e-03
2.574006829724543102e-02
1.791481056619097234e-02
3.661882101892330321e-02
1.920762320871374426e-02
2.106323645003140704e-02
2.766205466409144692e-02
2.932540762761357347e-02
2.518231270316667950e-02
1.379901481579524566e-02
3.038755425659924944e-02
7.230714441114296197e-03
7.207944615334438896e-06
6.298785188989832785e-03
8.681627960276220440e-03
1.406624124426228591e-02
2.276265990128708769e-02
4.810880683782281682e-04
9.867464238489216059e-04
1.255595507266905105e-04
1.158518759199029559e-02
3.084962778785032417e-02
6.845416977040090500e-02
6.203157644854523367e-02
2.976865174760757668e-02
3.095028646209332240e-03
3.227144147400557578e-02
8.383523745275902120e-03
4.115191717007733035e-02
2.932351983058274075e-02
6.316462858303838190e-02
4.236308804095905572e-02
1.300628706137059443e-02
1.389419699533251708e-02
1.357520222357069296e-02
3.641640742904340977e-02
1.405809481243964348e-02
1.899841770240898869e-02
1.862178742874426654e-02
3.356133059019424797e-02
1.292774036071113117e-02
7.400430642448077318e-04
2.319985553616090920e-02
1.143044322529269442e-02
1.726017442177280037e-02
1.628426216599689405e-02
1.085377291231890383e-02
7.058385541963334286e-02
1.110883823042162211e-02
3.403151090971551218e-02
2.395394729326365615e-02
3.511372893448625604e-02
2.436052742560292431e-02
8.164380666242363957e-03
2.788418253205484157e-02
1.600648453980441088e-02
9.361489005927324785e-04
2.546533603090993247e-02
3.196359396569770778e-02
6.944422255101616315e-02
1.522133297481440689e-02
2.667645292389607056e-02
1.983742720884471705e-02
4.969964602382677399e-02
1.400576185025532820e-02
3.178179615166540350e-02
4.817512753067940828e-02
1.002713123240562554e-01
3.225316891930314622e-02
2.462645541774507313e-02
1.945212447223203332e-03
3.388805102125113863e-03
1.623096723500988200e-02
7.124179594418803690e-03
4.171229250532806215e-02
4.913446864301182840e-03
2.286453066851562577e-02
1.714465160954094236e-02
3.498451557112531446e-02
1.618162930833504098e-02
9.005100870248396823e-04
3.108498420414883626e-02
2.577492712393273516e-02
1.879690305700293385e-02
7.002896103164524440e-03
2.144718480231697089e-02
3.046029660324342872e-02
3.450986143108555892e-02
1.106588302433447746e-02
2.464383175005343662e-03
3.952470135019774122e-02
1.362792354411395367e-02
1.192505038635547460e-04
1.162242354684051189e-02
8.115272229273832322e-03
1.603746427571601033e-02
1.020581216874938586e-02
2.132571019600795759e-02
9.703448473331700852e-02
7.120963643672964007e-03
2.375671116694543991e-02
2.825529030721475598e-02
3.044557860394024595e-02
3.150897399613692557e-02
8.975318720900990520e-04
3.338080718192665969e-02
1.970845352226616859e-02
4.324068927900334702e-02
3.279322485773673163e-02
5.341111057989256228e-02
1.076746653940873974e-02
1.880265028227693855e-02
2.332661046125956983e-03
1.609276958606785726e-02
1.828190232658777337e-02
5.139199209541868776e-04
5.263548004812366315e-02
2.134390603953520427e-02
2.897703866529665120e-02
2.749196060564551222e-02
1.151843586617951748e-02
4.405426763741198543e-02
3.433109398432616921e-02
1.469024869069497294e-02
8.444500579746607241e-03
3.191465760068714491e-02
4.031271058264542829e-03
7.116551140043957157e-04
1.322410344791730662e-02
3.301885034836542915e-02
2.864609537945871434e-02
8.346902293193358274e-03
1.207431286467990257e-02
2.989803056130031084e-02
3.094878818606086254e-04
1.843686195490166352e-02
9.858015500580939033e-03
7.648888769401061827e-02
3.570096997917395127e-04
1.879499588891465553e-02
2.705213775191736905e-02
3.089446703302490757e-02
8.044856286950632929e-03
3.413011780377464555e-02
2.671074649897316883e-02
2.225444163602223815e-02
1.746702456430192577e-02
5.368540050440075151e-02
1.502355076418784331e-02
4.696349931269092753e-02
1.735681543144098260e-03
7.825533878227047477e-03
2.213853315917060915e-02
1.002539888794532104e-02
3.339711237204509575e-02
4.882932487324305459e-02
8.304544621671324303e-03
2.571233114328675892e-02
3.178770034748806123e-02
2.793545035176390329e-02
3.284633802838458905e-02
3.739807916956174733e-02
2.149885462610797143e-03
1.219588025067304101e-03
4.074665969115729498e-04
5.943567075297088304e-02
1.874890670102979592e-02
3.557510364283458099e-02
6.982057792925827275e-03
2.813866979187399503e-02
2.314108039694295210e-02
2.700235256263686795e-02
4.724851933740426002e-02
2.890304703718971774e-02
1.702357672471475208e-02
2.396131312008174460e-02
2.363725476859056610e-02
2.729467754028735635e-02
7.468430416221839840e-02
2.263464826543811620e-02
2.363673140446375526e-02
3.629456833239336905e-02
1.799967399603867590e-02
4.742456290354922499e-02
5.636632513939648925e-02
2.729714061979330447e-02
1.746462906636439549e-02
2.613837446285178709e-02
3.263567893224698230e-02
1.066700305299719820e-02
2.903662659626900233e-02
3.622281344984272511e-02
1.420159315596020502e-02
1.908337104193789241e-02
1.775055314927495576e-02
1.211941648387802233e-03
1.927165733384951182e-04
9.400924635320745404e-02
4.086750825985426688e-02
2.174449435414277723e-02
7.682585070550014550e-02
4.006055396180729943e-04
1.225819057811503368e-02
6.515010954679979760e-02
1.455188034971434440e-03
2.301854067940572665e-02
2.956578973405861455e-02
8.899338939394107334e-03
2.896508483379127766e-02
6.852361512493887474e-02
7.302292126604342792e-02
3.603323439272836104e-02
1.608834185162020744e-02
2.333483795915106476e-02
1.593097877777798280e-02
2.524345443586861401e-02
2.564894702621922304e-02
9.728191135505232651e-03
1.939411194692818030e-02
1.300484197812000128e-02
2.025636369148308899e-02
2.846890406650869369e-05
3.470211756648284348e-03
3.882917896217877307e-02
1.124911732452557600e-02
3.284762335779161518e-02
6.041739528158558692e-02
1.326299990948989413e-02
8.782156109853419060e-03
2.454181249713955140e-02
2.581146954023361834e-02
3.739640449676492201e-02
4.137776590201811683e-02
9.588557333953905484e-03
3.063003343186706737e-02
2.976315943109009501e-02
1.508646483693628325e-02
5.232682024334616572e-02
2.321364215588650817e-02
1.797080914644344496e-02
1.368680313478856311e-02
2.987319964242034914e-02
1.459944513678014706e-02
2.532986713015848365e-02
4.060845238487441333e-02
1.004272050591666771e-01
3.410180035004257287e-02
1.052969964004282603e-02
5.903158689544112797e-02
3.255792402650409950e-02
2.578810549767069499e-02
1.327019494505794067e-02
1.842710433593527930e-02
2.982319576915571724e-04
1.291805386845841638e-03
7.163311790100392040e-02
7.228819508023349126e-03
3.715564664495445840e-02
2.722655103159758554e-03
7.911686085942471261e-03
7.766864035680762657e-04
1.496605970878351656e-02
4.147379991996098109e-02
7.284938286727478049e-04
2.903822333709921849e-02
3.071655391964593640e-02
3.339797258082850134e-02
4.385889644665661585e-02
2.318983323245367087e-02
4.184171498096177916e-02
1.326970598045216707e-02
3.327367758227299521e-02
4.397465760205127028e-02
1.976502875634558037e-02
1.112003877052249482e-03
1.475711705690105173e-02
3.124245569925344565e-02
8.852262354470953956e-03
2.401228694152917481e-02
6.501161809936344127e-02
3.028423407741032483e-02
5.744195641199414948e-02
3.293403774149504526e-02
3.490724194035587790e-04
1.473687189664260860e-03
4.346814813297680130e-02
5.202987513325088575e-02
2.843494210637470586e-04
2.627116971379509641e-02
1.142273628471964474e-02
3.263547944820789637e-03
7.294826747119017608e-03
1.639563535257264207e-03
7.123130679174181175e-04
3.361698901177321425e-02
1.473876029416043565e-02
1.815940413273097213e-03
6.175287692195177702e-02
1.243167244492511710e-02
3.545937371656367187e-02
1.135157637900055007e-02
2.682290485732891083e-02
5.712764724067498356e-02
3.188977933459272163e-02
1.808600802583588268e-02
3.637378784376724128e-02
2.683345053145371958e-02
3.493850726525316031e-02
3.406250104096594788e-02
1.505657518962608132e-02
4.768606977080757335e-03
3.789873040132568649e-02
2.786267052487781740e-02
4.955792372341875224e-02
3.071705785222213561e-02
4.594695723673814652e-02
9.019928642057748955e-03
3.296455417011094277e-03
5.545973766919595066e-02
1.291591864894357268e-02
5.080104248379965770e-02
5.777169492983266069e-02
3.976606940803353450e-04
1.902777333343571783e-02
7.649200270094125113e-03
3.215985987490987269e-02
2.138676299235137915e-03
3.416129639362150416e-02
6.008555213625262368e-05
2.644251795384400250e-02
2.184792296267816167e-02
9.791042113487261056e-03
2.060908309675315783e-02
2.462306829203799244e-02
4.065004953507298652e-02
4.539023544493574897e-02
4.617812493371618171e-02
1.995111613174141776e-02
3.617664994336377421e-02
2.483208717598777912e-02
3.228904498164486547e-02
4.486792319307512478e-04
3.311689317050047626e-02
1.080058481613216598e-04
2.755740572432600205e-02
