2.753521806734208002e-02
1.597757175519775794e-02
6.437736724371703745e-02
8.691408073261971956e-02
8.305381723477085754e-02
1.414283455607250051e-02
1.055968792108022136e-01
8.178166995105620729e-02
8.586206224138688559e-02
1.021497329826298456e-01
1.074111056492651345e-01
2.239286332912389377e-02
8.305816719744225918e-02
5.417077465256332769e-02
1.012688495164844743e-01
6.978959096811981899e-03
1.559795382311611467e-02
7.231215135851573605e-02
8.921272374437173858e-02
4.813823777635616030e-02
2.118217733511350287e-02
6.966448799352691068e-02
8.559225456955600608e-02
1.108393549648051396e-01
1.092227341687198039e-01
7.959845500847824440e-02
1.191472064346213444e-02
3.898049092356183770e-02
9.994686745422269591e-02
9.657869496307977530e-02
4.232279539829884862e-02
4.366564667110639508e-02
9.702803152576366941e-02
9.097878106894546901e-02
9.723735568386218664e-02
3.048154266649493946e-02
8.964798249750247083e-02
1.940710218848113247e-02
2.306649560845557695e-02
3.646831998040320905e-02
6.380665646075346642e-02
8.054570030716488860e-02
5.240220839859709850e-02
6.868653605949102958e-02
5.330599663002292404e-02
4.042275991983303868e-02
3.576690246631281794e-02
2.149550748094700495e-02
4.417668192088841650e-02
2.622008318135584520e-02
7.660352141028571593e-02
4.277930189906873314e-03
2.613930260359862562e-03
1.152375749882027060e-02
9.291475357547429592e-02
2.120403358472443614e-02
2.076768829329405860e-02
4.554425180193197309e-02
1.030950194715326562e-01
5.165462844574841145e-02
1.064032348032142028e-01
5.500231070475943007e-02
2.503560249719855523e-04
1.160521910584762922e-01
6.318414418695052215e-02
2.828706878048117129e-02
4.407069644084624788e-02
5.760440126116711176e-03
4.502100470098927693e-02
9.400050527919152910e-02
2.691532728348948814e-02
9.827138969843844662e-02
3.327721373206639355e-02
2.302343744711118564e-02
6.168097839668387067e-02
1.134867244612644127e-01
7.650966779865714384e-02
9.048712461367798554e-02
8.669884369430058690e-03
9.407955585435426316e-02
2.874982529075348348e-02
1.002869003032399869e-01
7.454613725557279746e-02
8.222655034479077474e-02
3.490220797985840034e-02
9.007401455482444419e-02
1.110159876410056392e-03
9.752206836248457356e-02
5.634024040352657653e-06
4.709207692687208263e-02
7.042540361389452129e-03
2.368479758554941847e-02
4.072528492954037571e-03
9.472128979359176193e-02
7.725327586067270991e-02
1.148945461535304802e-01
4.458091319143359793e-02
7.047210099665908445e-02
1.114339601789122863e-01
9.699367560483458661e-02
4.691470157289859971e-02
6.231977620524339900e-02
9.651199744299414351e-02
7.342966303360790037e-02
6.820618702372160946e-02
8.979474759448198562e-02
2.074921460339782756e-03
1.566063742422387634e-02
4.813643438913920575e-02
9.849252126773011540e-03
3.366578931072855552e-02
3.232978488968077380e-02
3.879368647346926463e-02
3.585007152066942843e-02
8.284190377614883416e-02
3.763258150948989300e-02
3.193386687893333409e-02
1.655469364605780674e-02
1.283710188724841196e-02
5.815259908150613444e-02
9.698564392694665470e-02
7.563652226683797997e-02
2.849690165716536189e-02
9.871143008385167839e-02
1.112887548626183970e-01
5.894421439763541937e-02
1.166040112914624588e-01
5.253435504434710024e-02
8.656342892410767709e-02
1.199705302512174034e-02
8.566163094789165655e-02
1.108965743951168537e-01
5.739990184624282378e-03
1.473964229227859267e-02
8.589497189621317363e-02
8.706291363508676662e-02
9.793824718392994677e-02
8.411586924604422255e-02
1.879498566325973896e-02
1.755620727739486825e-02
7.258480474376215186e-02
6.135153311089458494e-02
7.396086345309640930e-02
1.065227193185957766e-01
1.089045157409241904e-01
9.953632755594524206e-02
6.564323455023926557e-02
5.334420016308920320e-02
1.141083531131727308e-01
9.993831088727049561e-02
1.051011384674210292e-01
1.157080387734131660e-01
3.846036507643732505e-02
1.008510479730891085e-01
4.823765653166065329e-03
1.052410097031910713e-01
7.157902605316944500e-02
3.659496985230156763e-02
2.747145285294946143e-02
2.980236261213837015e-02
1.866921760856383311e-02
1.758812591632066824e-02
2.433033144827855335e-02
6.371486274324877908e-02
3.520716268809863381e-02
4.505870066888815334e-02
3.334776302412913174e-02
2.714935476961489666e-02
1.425199835551825729e-02
6.622928899132748959e-02
8.881953221100150064e-02
8.200223489873879890e-02
1.094750914537009553e-02
9.262308468576871401e-02
1.086153530520386490e-01
2.721562080608749476e-02
1.032899615018535305e-01
1.166590110728248225e-01
1.070041505343085897e-01
1.982459452802910055e-02
1.096489954895441682e-01
6.759662684336262273e-02
8.280298027265842187e-02
1.567867367603020118e-02
2.352939660895438708e-03
9.035972873443047504e-02
3.122529639576500718e-02
2.056429398831919816e-02
4.442883815714556567e-02
1.147720818174815215e-02
9.528942230129508473e-02
9.122654997963948464e-03
4.809238063852386454e-03
8.505152758804469804e-02
1.122559773810819506e-01
4.196374212102799151e-02
4.912782326801742178e-02
8.518206860774300837e-02
5.594581391597198972e-02
7.653291246195595421e-02
4.873153501696047413e-02
9.504671459087062069e-02
1.435959543815466463e-02
5.838921307569530650e-02
2.321315306027463971e-02
5.635270586355579925e-02
8.551292956513822929e-02
1.362888180326792160e-02
8.755805635239388707e-02
5.007068022940243390e-02
5.267912974195917974e-02
4.264847477610302778e-02
7.823429151909941370e-02
3.292885824838177183e-02
9.373192802261334777e-02
8.785467624237905393e-02
5.838023507731794626e-02
9.834736096053389720e-02
5.172110061569259315e-02
7.523856020934292788e-02
9.406342840337293676e-02
2.358854948710940869e-02
1.787446369155975406e-02
6.611402494157370135e-02
4.015190346550092521e-03
8.848098588156667887e-02
1.045844674358240856e-01
4.328967425306527728e-02
1.150219474670477610e-01
1.209120101625686845e-02
1.093422622137074293e-02
1.107389549226062697e-01
5.678044113659245357e-02
7.090672038843202907e-02
1.111141892128074127e-01
3.203347522472280856e-02
1.525639975676630622e-02
4.690118781850825813e-02
9.400110538012701467e-02
2.219021210887012902e-02
7.685462056857465807e-02
9.155964671530213150e-02
2.239358155133668732e-02
1.101186385088384345e-01
3.336185380897606183e-03
9.548527317143890025e-02
9.097801494472682049e-02
4.301299992178962001e-02
9.154872717754733782e-03
1.083584465974121863e-01
2.978081857089812448e-02
5.609521489860569421e-02
2.100519424712269170e-02
5.327400940826309411e-02
2.513093749127877363e-02
5.416555559195236624e-02
2.218553789301266552e-02
7.026967341239921672e-02
1.453970309316468708e-02
9.318745666262903682e-02
7.380170618766514722e-03
3.527131542001214065e-02
5.649825539339221880e-02
7.669392769686866895e-02
2.651176161382691812e-02
7.438503830391181293e-02
9.613860303304526400e-02
9.815422284260257035e-02
6.139277721720481223e-02
5.522775201207603957e-02
9.327256186072799271e-02
8.486537171490182718e-02
1.336871960724086809e-02
2.642506882794001116e-02
2.906163622562813603e-03
6.830242863669222508e-02
9.859531248212741184e-02
9.312371452120070392e-03
2.421350291516092407e-02
1.369300228802198573e-02
2.175847294069963023e-02
8.478825143362921091e-02
5.580822695746689988e-02
4.684684535570648317e-02
5.985789908004569837e-02
8.344595049525684038e-02
9.062553280266644196e-02
9.264690144367011826e-02
4.283102493248872847e-04
1.129753971904677579e-01
1.030880941320082289e-01
9.399451571912473269e-02
5.721054963146166017e-02
7.075850813495680736e-02
9.861543640615742790e-02
8.142999918605595133e-02
1.000302063888671156e-01
4.018221889218980664e-04
8.664949114367456739e-02
4.453695043583289631e-02
8.062100588569601212e-02
7.137456376697819127e-02
6.518723464579057048e-02
2.689942375077492703e-02
1.143780634426092013e-01
9.662321607603198415e-02
1.001583493773195999e-01
8.474236352735166344e-02
9.324708937304360123e-02
1.283097668658201955e-02
8.418939290747422255e-02
8.351988505240179328e-02
1.960457828752379741e-03
8.823368973659273529e-02
3.770094443973517895e-02
5.812765781974330893e-03
1.145660972326593800e-02
9.244241255768756438e-02
7.680622127553032863e-02
1.163945258830482166e-01
6.939830651675844841e-02
6.501922691011392808e-02
9.810088580012195358e-02
2.392502451217794202e-02
9.086020472647815191e-03
1.908958946674258264e-02
1.525695540905675981e-02
5.830056358975000894e-03
9.336965415970198412e-03
1.100804351624751556e-02
4.522146906381935977e-02
1.771223078613341079e-02
4.716899472069806254e-02
2.753247960944569389e-02
9.854536270804288567e-02
1.717909991048158572e-02
5.113070707282268285e-02
3.501854616689253907e-02
3.704493647582133425e-02
1.152992987391192048e-01
1.147560182168764487e-01
5.542173262156700059e-02
4.180350215888768706e-02
8.024863454843775279e-02
2.483707964051514588e-02
6.618506750302284580e-02
8.452302625007826475e-02
3.239154230666158041e-02
1.092005404084284148e-01
4.769849947325556505e-02
9.890869691895076699e-02
6.573875665074888075e-02
1.127972689576778598e-01
5.194322454829961022e-02
5.584297078315523383e-02
8.601113324375557478e-02
1.622715323024572290e-02
2.845431193268706596e-02
9.283800495364970262e-02
9.374598764638408799e-02
6.658876600131569123e-02
9.699396013784186699e-02
5.740002652716456183e-02
1.163134797510274043e-01
3.240721558541181241e-02
7.776528107888454333e-02
1.765041322582849154e-02
5.708660740152802365e-02
7.692924911869020686e-03
3.220250950294756970e-02
1.014039744856522381e-02
6.133247410489984369e-02
3.188936431325020693e-02
3.846467242953326843e-02
9.236414829469202781e-02
8.039517267224126004e-03
4.507622620862390683e-02
1.043099141675205982e-01
7.709274678412299242e-02
6.699042476389399821e-03
1.734832104650587889e-02
4.069241413586683481e-02
1.107763306772422129e-01
1.117293761467446217e-01
7.429072177187608095e-02
7.696161055160101461e-02
9.891191093466061846e-03
7.727683174837474134e-02
8.309126086970046454e-02
3.381796348951530973e-02
3.164537963986990138e-02
4.595500192530678485e-02
4.215297359063541194e-02
1.072164322217590837e-01
5.551456416096862273e-02
9.304981302197089243e-02
2.304666971337792497e-02
8.010150407965263564e-02
1.299045786651803654e-02
1.067516045411542880e-01
2.696444128671852611e-02
9.081567915462632201e-02
6.159256433969600986e-02
5.054073596121147526e-05
6.248128255864346392e-02
7.796876238208347298e-02
8.928817200873268023e-02
4.853458210549115026e-02
7.488332489731265584e-02
1.528185992396490465e-02
8.228985188277203322e-02
7.579100882988580590e-02
4.411907554976026574e-02
2.918106141464982609e-02
9.571120671187470508e-02
7.176315802636638874e-02
1.090786491961916599e-01
9.031502239510090513e-02
8.698936814551781749e-02
2.491935496930485286e-02
9.198676828409635409e-02
3.556455676015331246e-02
1.134202323670363693e-01
3.814810843870405487e-03
2.034555183905340653e-02
1.107375887298576722e-01
8.461602593068796863e-02
7.613262203898910063e-02
6.956003396786805681e-02
8.421388656008001530e-03
4.927230929230940609e-02
3.146755494485899834e-02
1.142703631242346501e-01
4.253356813008642157e-02
1.111842234983828615e-01
1.139536153872727220e-01
9.613312816275410011e-02
6.661795984661149361e-02
1.153542021337855272e-01
5.666221767127019998e-02
7.071480051589129623e-02
7.075935856410356384e-02
5.550201239038859979e-02
2.741213606468306807e-02
1.946217322362496505e-02
3.458898133064949171e-02
5.396140304500421370e-02
2.783951170929282667e-03
2.562456209647736086e-02
1.784773444042257740e-02
1.165615414140904887e-01
1.050400175404415798e-01
1.074058993702897424e-01
4.310704741199380963e-02
9.798752579253990069e-02
5.409496032794268439e-02
7.045959832658497957e-02
9.796409901469356474e-02
9.520848968424602821e-02
3.032698799232046161e-02
3.578364077312960051e-02
3.148281959708274652e-02
9.270368072174087204e-02
1.137925820793603549e-01
1.115492173401804038e-01
8.997350157377195790e-02
1.003087238972339146e-01
7.181432939554029116e-02
3.172687328150733399e-02
7.705958529818307534e-02
1.019109883018189111e-01
8.060195451624389829e-02
1.022874295863982347e-01
9.114256359894429282e-02
2.969957556524140813e-02
6.198561956392207445e-02
5.062990172047357462e-02
2.587840533068925045e-02
9.080243527733616871e-02
3.933537600921048483e-02
3.623086060767569117e-02
2.143636413058147908e-02
1.140611724515899622e-01
4.885854476838458887e-02
1.045612418834312163e-01
2.274776679655930028e-02
1.031592807310735133e-01
6.372563806646019957e-02
1.084592464761256064e-01
8.360817041858789600e-02
9.043573532653252645e-02
8.883582325655151046e-02
4.046245853255348024e-02
7.190420509965815554e-02
5.223702692596562253e-02
1.073375501195915627e-01
4.812527618050536915e-02
5.638352102730871673e-03
7.656885582790133593e-02
3.549634125474489602e-03
1.078180711685800958e-01
7.785414735392294505e-02
5.992553852970070039e-02
3.010747309561677063e-02
1.058650507374045285e-01
3.896682066683502393e-02
3.567949895292344548e-02
7.719988271017116412e-03
1.429273627469279835e-02
9.987782777184947558e-02
2.791020705218426323e-02
9.895835726269808230e-02
5.504326449845387860e-03
3.317102600704924242e-02
4.706561258765806083e-02
8.947474821504577958e-02
1.220293343837481302e-02
2.245445419139734458e-02
8.827533432589253215e-02
8.719567923757788608e-02
6.451687235854461355e-02
9.485128955341888546e-02
5.858612325753231875e-02
2.371480421527685442e-02
1.029334743651178809e-02
7.502250871741070193e-02
3.244097582057679785e-02
1.024258441512225365e-01
8.530520254880052944e-02
5.131562632109355759e-02
8.916524764427183336e-02
1.552886938678251297e-02
1.026928212385468282e-02
6.918060559166559764e-02
1.002715958528506146e-01
3.410096429830763304e-02
2.797950732432074109e-02
1.093591838024628345e-02
6.041773001006294636e-02
1.005268795347886712e-01
2.314835084257984774e-02
7.607846949191945929e-02
6.289486841130022265e-02
1.031922306499494096e-01
2.639296962728080245e-02
5.110981269835425389e-02
5.911697161373708626e-02
1.043820593386936418e-01
9.821531405220891575e-02
1.664443778166159460e-02
1.737546180256942588e-02
6.574151617267598446e-02
5.627705683493754163e-02
1.017628680129616494e-03
1.057359653858054999e-01
4.862488710856977675e-02
1.118894254903069346e-01
2.266855039262185428e-02
4.959196385103616100e-02
5.958262759405678899e-02
9.198005004410410301e-02
2.290495743464229100e-02
4.229083812081936566e-02
8.866736442524318640e-02
1.036052802273704360e-01
2.805961127472167069e-02
1.007360290334325358e-02
3.109055339249251065e-02
9.362342309217379366e-02
8.904343637426992419e-02
2.119407345354623259e-02
9.087185016639967583e-02
3.095181590354027096e-02
8.608511126158367721e-02
3.200566365189435464e-02
5.600732545591254052e-02
1.141777258633934478e-01
1.032592163520378165e-01
2.256263972333672624e-02
1.321826670289822855e-02
3.789814309402700365e-02
8.771438135441517181e-02
2.932117855150809943e-02
8.791178597659216054e-02
9.465077895963165677e-02
7.786901590979086740e-02
1.518353766061593911e-02
7.038749043890271673e-02
9.206377335058359146e-02
9.814234730965211428e-02
6.313995565535589910e-03
4.558066515250437656e-02
7.194585086550189801e-02
1.077948853490116599e-01
6.379081101214610638e-02
8.966719068652569125e-02
5.610320228159762501e-02
8.406958864875825610e-02
8.061148553904957936e-02
7.225299845228490628e-03
1.093767106446291437e-01
2.237666847956541055e-03
4.720785182896174159e-02
8.899640210359289344e-03
9.506745553938786286e-02
4.567618913314481360e-02
6.823925114283277416e-02
7.715608609421722996e-02
2.848791465380536708e-02
3.062669938820956894e-02
8.257588669566084949e-02
5.082228335160382353e-03
7.071803710030558077e-02
9.344451839744258304e-02
8.312114516561984467e-02
2.689398725177966074e-05
1.686915941560917717e-02
1.086488617010124141e-01
1.223767373176083955e-03
3.592134815140972381e-02
2.906204848705221111e-02
4.154218178498392255e-02
3.670206778253985030e-02
8.443459666742697892e-03
1.081558425283974945e-01
1.456670267170030557e-02
9.007367760234240642e-03
5.911650862485259839e-02
8.044827631809170487e-02
7.240390902967402953e-02
4.049839080427349719e-02
1.360235027910915336e-02
1.134924345408858254e-01
1.829846062679709243e-02
5.234674104237713871e-02
1.035192306926749073e-01
2.777221915334374472e-02
1.666367983938219291e-02
5.530858326863001551e-02
3.368721377562847690e-05
6.154895433034466605e-06
1.141481325078358006e-01
5.411937236269689921e-02
4.510339010315193853e-02
1.050798947842069980e-01
2.052593752284700979e-02
1.142601085125654892e-01
9.216518802805364003e-04
6.360978887710884433e-02
5.313402710882168117e-02
1.212745478331569114e-02
6.661300031133428334e-02
2.524115314943458852e-02
2.414289255513714719e-02
5.623936236938851391e-02
1.139568025088004768e-02
9.570842745638054750e-04
2.939530803039679466e-02
8.176509994324100694e-02
1.164625489670072060e-02
7.428862499969253463e-02
4.207831357389836546e-02
2.491444741442657221e-02
1.712145959126653086e-02
7.196839379439218254e-02
1.300196275440328696e-02
7.212335388474158671e-02
1.150179414931868926e-01
7.691861135930266880e-02
3.269665786050680173e-02
3.851735333556507296e-02
1.082738999080909287e-01
1.941415193317821627e-02
6.453351907794396825e-02
1.506847967450982047e-02
4.287408801339593484e-02
8.052344772758979197e-02
6.164348943008145926e-02
2.022509863279273830e-04
2.416644517956534691e-02
2.001840395869845454e-02
7.890953032919389987e-02
1.165881231830608183e-01
2.827435995039343994e-02
3.953936353519185709e-02
1.099993498451021928e-02
6.013815179308761721e-02
8.591371897776128863e-02
3.190808828471328185e-02
8.291006875165486678e-02
3.008947063950847059e-02
3.949469787069657956e-02
4.582186666365403033e-02
2.193465969896650145e-02
2.404755189054994316e-02
3.778815048480687472e-02
3.068881893414803635e-02
4.328208084265306593e-02
9.596208311427749382e-02
6.174047885637373029e-02
6.104634333794446005e-02
3.580579561034532426e-02
8.999225800379502538e-02
8.468121518427473848e-02
4.426947711430104931e-02
7.168877115487094775e-02
2.472470716298444046e-02
3.082973369535140992e-02
6.215369284798288180e-02
4.248467076203164827e-02
7.157379643696201721e-02
7.225053126116121049e-02
8.154776410916481089e-02
3.870480502423125080e-02
4.557030992695068616e-02
6.202252091823100277e-02
1.134318175652986316e-01
8.352997020433530762e-02
1.111821679338125118e-01
7.262640023750879630e-03
2.815868266452064769e-02
4.071986908791896259e-02
1.393742262900901814e-02
1.085511160650281734e-02
2.859564473352329411e-02
1.020713897799909314e-01
7.666744063775889073e-02
5.539149204554792705e-02
1.154566387215697348e-01
8.730963334426286582e-02
1.998050291182200053e-02
9.258229479042220586e-03
5.633464846602110471e-02
6.177569006304260008e-02
7.427451955091059210e-02
9.346469248683507425e-02
4.027104311097537415e-02
1.802388281859147734e-02
8.883870739984101039e-02
3.805435625851150139e-02
3.382987050912064555e-03
2.150480754874035602e-02
9.080318927123003092e-02
6.135490227825983467e-02
2.144432438915371691e-02
3.637725626691157982e-02
4.569231595825318237e-02
8.930170622890049037e-02
9.413473740535233114e-02
1.470800911457973564e-02
7.024885629478169746e-02
6.689466028908205852e-02
7.658901640430353097e-02
7.979061057109300414e-02
6.723148665048904460e-02
8.412399326005617906e-02
9.139846970746207111e-02
9.237689305028631837e-02
5.075898711118858458e-02
3.439525576600835355e-02
6.603091406859798451e-02
5.493417248214074039e-02
7.287272624978931301e-02
3.529510844210967391e-02
8.361385744211299875e-02
7.278511190024594679e-02
4.858710327749328484e-02
1.058874704269278932e-01
2.361681078266499381e-02
8.487544168918229048e-02
8.501565139976971497e-02
3.782113776877111394e-02
7.795996328530500896e-02
9.052454037110675700e-02
2.858437438842182168e-02
1.048114976712529595e-01
6.850685656607788387e-02
3.781154197292181662e-02
1.075888725637693666e-01
8.339897099095963662e-02
5.401046572732443041e-02
6.898491806494813638e-02
5.441610542470318862e-02
9.115144706589872053e-03
1.944271808749709757e-02
4.125179701725693870e-02
9.889604853576161592e-02
8.940849310987998566e-02
8.426011055718457543e-02
8.200948427016124809e-02
3.159100679855576105e-02
1.704943037127421360e-02
2.062449234649109744e-02
4.486518229964300136e-02
9.063943162822717114e-02
1.100746587688444383e-01
1.127673895020862294e-01
2.518585595802655397e-02
8.514985478983280731e-02
5.566748718426638848e-02
1.784376242342807298e-02
1.140539597516872089e-01
2.506841728354504417e-02
1.156780868698645964e-01
1.029973093530313771e-01
1.264965831829711028e-02
2.470369849337581900e-02
7.587764299946943292e-02
4.264754293134800228e-02
9.406586837127384193e-02
3.185548158910896793e-02
1.045890157601557374e-01
9.706025975508597581e-02
3.043609728015036781e-03
1.004865174879646383e-01
1.088250419873075109e-01
3.136581061872258103e-02
8.809900477076788514e-03
2.394643668194031474e-02
1.112382170887677435e-01
4.466749788575873764e-02
1.108108855391315845e-01
2.329647270644771145e-03
1.058353704150093513e-02
2.475380508513235975e-02
9.152646314777923564e-02
3.207642204744118319e-02
7.841338041184021945e-02
1.342215015439125747e-02
8.094910127773111835e-03
6.993276305524842584e-02
2.716091065405262794e-02
6.693004277839068039e-02
8.765808112837415733e-02
7.647191069712398759e-02
3.922068098575540868e-02
2.337919957567343582e-02
1.276440547677738617e-02
2.012813218520162137e-02
1.433880206423377400e-02
6.750571458752241405e-02
1.879748367372678988e-02
4.929586137141618585e-02
7.970015964401462594e-02
6.043890900235827229e-02
9.087569656107753399e-03
2.224048696622357713e-02
6.607395383342012929e-02
1.092466306889099265e-01
2.319590201965871651e-02
4.362626822302458074e-02
7.225312014073843880e-02
1.091698859302979163e-01
7.310596312143552433e-02
7.351294922315121383e-02
3.078358660120223897e-02
4.608176296760119195e-02
9.967191340120873377e-02
2.894060846842251220e-02
4.965034448747890350e-02
2.543837809381569240e-02
3.374667938149680801e-02
1.022837129523507388e-01
6.076617580480567909e-02
9.051298465360632650e-02
1.727706483468158943e-02
8.872226442598163398e-02
1.952248136401877818e-02
8.349668861107169271e-02
6.922324423477285715e-02
8.578158532385382617e-02
4.869918343823172874e-02
3.772999684631483247e-02
2.032673497552201294e-02
1.062711556163012383e-01
8.305463621085772130e-02
2.308205778712306769e-02
1.028759469949032807e-01
9.383597780073781036e-02
3.226527539971496550e-02
1.132145661927514979e-01
4.179163322825331373e-02
1.005745636246563046e-01
8.504985724678142123e-02
1.006623721294244156e-01
3.744535193351695296e-02
8.876328088849162745e-02
3.517907943149799384e-03
7.280193796019042429e-02
1.005786780294219279e-01
8.186201148902691460e-02
9.966079970820007627e-02
7.398923725167068366e-02
2.738258693599203430e-02
5.815142307964125262e-02
2.996015053268060585e-02
3.537393832004227801e-02
5.439417526867749986e-02
5.167213574172451612e-02
8.909662870666902601e-02
2.792879315610204832e-02
4.020682588636721039e-02
8.786049195800911538e-02
9.303934420107490277e-02
5.511417173507447698e-02
1.003336191290325891e-01
8.995620098199581804e-02
5.887781905417183159e-02
1.232123887767911166e-02
7.046319059909575411e-02
1.809948174144793143e-02
9.518623921610484817e-02
1.660437489981524475e-02
6.675259279257234057e-02
1.138232873215508541e-02
1.044389248580064600e-02
9.267868807008203258e-02
1.714065129489618713e-02
9.106859933179987932e-02
7.845966342838839314e-02
2.587248394928552686e-02
2.633431667264511319e-02
2.645115562943052903e-02
1.123982669296663683e-01
2.194362222276704036e-02
2.812578236183868943e-02
5.010656708741951376e-02
1.660095689034401384e-02
7.809739305029791967e-02
9.329333049985498449e-02
1.000037060660858151e-01
8.539643624630725849e-02
1.886316577348504803e-02
2.371172791716643843e-02
2.449619400481540046e-02
3.690666688041994905e-03
1.423771969463066139e-02
5.544470962561674765e-02
1.893967538145012799e-02
1.015049323958411298e-01
2.179435960027445093e-02
7.003162363976225824e-02
1.509444070576350730e-02
3.686309971991966888e-02
2.178279017396567499e-02
3.461483108614250154e-02
6.030566709873971809e-02
8.878260498567323855e-02
2.053031190440986545e-02
3.421943882918149910e-02
1.185046969173334831e-02
5.278149599859480179e-02
5.718814598905778285e-02
1.114527188835646443e-01
2.521574144595608094e-02
1.065464319143815362e-02
2.305481184128708311e-02
2.124111570520229725e-02
6.634255681212684885e-02
6.916004313005948145e-02
4.259816154479216521e-02
5.033705595127464100e-03
1.064819256103186410e-02
9.048613917470929580e-02
3.270018886870944969e-02
9.490669957835932979e-02
5.220371134046473960e-02
1.819605864691122704e-02
6.675128227870419373e-02
7.831332980395955268e-03
8.705560538728485120e-02
2.242550513307298501e-02
3.732371569996330990e-02
7.151155166835246324e-02
1.374783513113948287e-02
6.344808595587508870e-02
1.215761068595121522e-02
9.924425103328468611e-02
1.026502672352906653e-01
8.705185417873931297e-02
3.817419265781111376e-02
3.425296912612136452e-02
3.761248786759009699e-02
8.746248560585798137e-02
5.369690491650229436e-02
1.004775647443655190e-01
8.291935007637663002e-02
1.006498681478543017e-01
1.151091025447426169e-01
7.447234661773073638e-02
4.323028498628653932e-02
5.336080234640970532e-02
6.641128340814914099e-02
1.416631034330064973e-02
2.963243808736056722e-02
2.899273433052250437e-02
7.257451964003747147e-02
7.454980993780470355e-02
2.577634729198926417e-02
4.617005022571197409e-02
