1.070244328679715862e-01
3.865584725834152191e-02
5.364454311808108250e-03
8.840559976267890752e-02
2.510866608108863751e-02
6.530572929623341960e-02
7.131052240240998152e-02
3.729923885235675307e-02
5.987121406296624232e-02
1.025458355480243604e-02
4.075923223890906555e-02
9.253508463078925772e-02
4.113753351059746405e-02
8.482973398036486312e-02
2.548618127075060261e-02
1.140366568718478336e-02
1.129480937215547875e-01
1.021767524490460738e-01
9.424490907804498885e-02
3.060142040921515552e-02
1.052236815175817963e-01
5.969723317622454423e-02
5.334313447076269310e-02
4.336119299424527618e-02
4.489141381529567626e-02
9.818276369313219676e-02
3.596889391909663392e-02
2.206086051467963730e-02
1.382160046785857292e-02
8.158923263014206118e-02
3.281128273773984555e-02
1.939940100997693262e-02
8.476871316432796344e-02
1.051387150716247797e-02
7.196056005760288754e-02
2.155082534257607776e-02
6.454533257170934346e-02
9.786030281987606605e-02
7.748640082276862795e-02
3.812119579879578307e-02
1.121282557665543023e-01
1.400380436653154807e-02
7.058081523477803543e-02
1.389452900974955801e-02
5.163951772765044274e-02
7.799201503988582862e-02
9.173212436238956102e-02
4.673583413528639013e-02
6.645258165620060442e-02
6.462469644934526469e-02
9.764339520188822230e-02
7.528182146396318608e-02
6.846539193815334712e-02
9.859655131238016790e-02
8.306052255327062150e-02
2.041948371491352290e-02
6.972838235453877875e-02
7.146382317791437344e-02
6.363042700634045923e-02
7.288378933764375067e-02
4.788697464776067031e-02
1.091382258264365218e-01
6.570326243443239990e-03
4.844610550257291703e-02
3.936603655393605683e-02
5.516558574684089777e-02
8.569049386582348882e-02
3.072061902436520539e-02
1.088477342593495573e-01
1.659651820297445776e-02
1.706952413697993259e-03
6.477443382694045293e-02
1.055586550021709452e-01
4.708229252243843060e-02
1.162953372959189685e-01
8.190558352144300391e-02
1.740587576815127990e-02
1.111229365264599506e-02
2.591324741714302535e-02
6.312383783926482639e-02
1.080311622385643627e-01
9.021750170392268953e-02
1.000651620105732359e-02
8.262551106295500103e-02
2.570330205247944172e-02
1.061283107016156024e-01
8.310615008474533938e-02
3.031147185747539233e-02
3.019223017828419342e-02
3.357989255592936512e-02
4.629437447625179419e-02
5.331809416018574999e-02
3.087070155253286707e-02
1.142540381466772420e-01
6.186834480248294688e-02
3.506306124033823496e-02
3.113384302870379067e-02
9.577085095760193983e-03
7.560892354223859579e-02
3.170179434396031004e-02
3.709400041414436661e-02
8.888321420808194262e-02
6.245380439238060882e-02
1.069867869799583232e-01
7.003416037385079562e-02
9.591490286974191370e-02
1.094790365510593111e-01
4.204744344489082936e-03
9.835567229822483881e-03
1.131256937298373566e-01
9.424709453086893562e-02
4.102702013031647027e-02
4.450596815530884903e-02
9.549717659961248772e-02
9.175589535193774682e-02
4.897824163839707007e-02
9.918280957574318601e-02
6.471596556013421708e-02
7.325332867866031494e-02
9.384063940615554322e-02
1.139317530583836835e-01
1.008959095554666091e-01
1.707498759039555516e-02
5.435383345410354367e-02
8.536499833144520211e-02
2.693904840879009568e-02
7.805110345139217032e-02
4.968944584157972827e-02
8.936805176380004101e-02
2.036135892826598792e-02
1.052427129754386764e-01
4.431247234414565500e-02
4.318732022520660463e-02
9.366871419685353362e-02
2.316768867283845734e-03
2.173079019604695628e-02
7.994539195799460485e-02
1.082699978063571822e-01
9.361561201022482182e-02
8.128177322864375831e-02
5.477655092796974295e-02
5.348340150281337413e-02
1.097365445512673149e-01
2.857018621948070880e-02
5.919332059051491367e-03
7.479197804701968877e-02
2.009662774195035764e-02
7.403538422938128749e-02
3.417287162122813193e-02
6.981071997169920051e-02
1.198760153520503878e-02
3.430868649570618933e-02
6.557454414792429631e-02
2.249270360418800796e-02
9.593975674046872903e-02
1.006418831746232201e-01
1.151955676885452369e-02
9.793567827851275276e-02
7.779129666246108188e-02
1.708297057770891483e-02
8.039678869340102785e-02
8.389422044542134416e-02
9.661725773402420059e-02
9.059870498295082009e-02
2.041297333134227052e-02
1.170773383080560837e-01
9.126846165228161278e-02
1.019195664755146724e-01
1.120120775763431761e-02
1.028789930631226167e-03
3.775385843019839205e-02
5.435513133211386516e-02
4.256510090894144449e-02
1.145748021519878423e-01
3.786160365982372406e-02
2.319243058981109232e-02
3.670383731153748635e-02
5.928831019705659705e-02
6.710481842865652358e-02
2.086738976203996419e-03
4.260777095944073140e-02
2.879904034291758119e-02
1.084474732331718733e-01
7.860568996906870665e-02
9.743527942704867384e-03
4.348446950957014778e-02
9.761923020644905358e-02
1.022745870544790152e-02
3.092592848823154730e-02
6.859708417110431389e-02
7.442728815370794337e-02
2.453282294896133239e-02
7.412205715731571935e-03
4.166561754601257744e-02
7.608076649726206939e-03
6.987706137768037729e-02
7.563983535677921977e-02
2.183485596506994780e-02
4.088301270836314921e-02
6.525373634423764502e-02
6.845601434326419044e-02
4.023259945987519431e-02
1.807748522037462904e-02
6.039647940187452962e-02
1.557501135652390734e-02
7.403695487092737393e-02
3.686091196502550710e-02
1.210374740036676729e-02
3.316082678917652016e-02
8.290251691377316379e-02
8.795619724290548724e-02
4.139941466757668387e-02
4.412349906014177703e-02
1.072902722308389373e-01
3.938564507073002291e-02
9.491237912670706656e-02
2.707506487296314907e-02
4.454960667933134666e-02
6.954824077191144871e-02
1.010332339533089319e-01
6.330343805287914905e-02
1.031604917166572544e-01
8.224324745143807291e-02
9.241399916825859817e-02
8.754471127605245595e-02
8.971189916089988836e-02
8.599752839608849897e-02
4.095672479044889375e-02
8.196430898565464432e-03
9.331940531924461102e-02
4.770325510847110706e-02
1.930699544992256142e-02
4.178318927012654449e-02
4.690033114824350424e-02
3.851911240342793807e-02
9.514006213913021870e-02
9.313802375369947817e-02
9.557369729366937960e-02
1.142382826266934714e-01
3.411833874918108306e-04
8.435117273184608577e-02
6.490857508085151606e-02
1.126714745691765329e-01
8.742981219399721671e-02
8.099403186839909674e-02
9.173662632741420853e-02
7.831544203299559137e-02
2.132495798484503741e-02
2.262041153967051313e-02
7.772394850677998013e-02
8.311191156720743045e-02
8.953974075066861715e-02
2.223902079751759187e-02
9.401604562238520535e-02
5.861448770808228709e-02
2.465350416513214377e-02
8.263714288094739513e-02
1.453938688146453294e-02
2.342930846267188283e-02
2.306338118957309072e-02
1.026235109061955225e-01
1.150632092068521184e-01
4.060765367682198090e-02
7.303846944059649848e-02
2.628608883265550963e-02
3.231484662968596433e-02
3.466152497386092157e-02
4.776353565946302865e-02
1.065640093305902647e-01
8.578817205624934827e-02
2.737972900639630211e-02
8.988740772835382767e-03
2.169626889883350535e-02
4.598741663254407586e-02
1.154577910078445624e-02
1.037471823403124521e-01
6.259939277476871122e-02
9.458977479846303327e-02
1.448080328300879738e-02
1.028973283453770218e-02
3.687662545150691834e-02
5.714092194136907027e-02
9.723798741641026533e-02
1.098805465995575936e-01
2.715668170821804867e-02
1.049167772893336292e-01
3.257330771235426858e-02
1.109549338614391756e-01
7.361266334792566923e-03
7.280930456246974269e-02
5.530284494153932251e-02
1.646023035552278760e-02
7.849870407449700827e-02
9.015110262461138724e-02
8.853787558628835319e-02
1.143977274887424643e-02
4.618049882251287763e-02
4.947389881739021333e-02
8.835522355513903206e-03
8.900712655767546722e-02
9.779064610699338134e-02
7.664789631589348506e-02
1.999997654877133657e-02
2.663819107948681847e-02
8.922675020700314430e-02
2.825022730488331232e-02
9.234857596347095798e-02
7.943111640241345972e-02
2.861727797494639791e-02
2.949982664920635777e-03
1.735063668500494557e-03
5.575316808955747827e-02
1.166814394993506837e-01
9.565571619412843729e-02
9.841297552430647300e-02
6.379266560795386620e-02
7.639294299116204667e-02
8.412302334707051632e-02
3.106271572727871064e-02
8.927700030349616789e-02
7.510387900883546894e-03
4.844138015807418485e-02
5.072048254382190147e-02
8.531208298023011671e-02
4.937626742299276034e-02
3.365460450930801706e-02
8.839288564957788197e-02
3.559779309227147776e-02
4.011371862572633840e-02
7.077251648840544862e-02
8.157974250883349987e-02
3.676466447563509626e-02
4.535297778203353780e-02
1.917200697775467422e-02
7.950251014399109528e-02
7.592058372133371480e-02
1.117282963824436787e-01
5.924169510448611814e-02
8.704982375828561325e-02
9.214972614375648019e-02
1.849569584116386028e-02
6.622156259017956959e-02
8.453440471932996414e-02
9.264171134833940058e-02
8.418078064878929678e-02
6.493690999181023216e-02
2.498618548863382194e-02
6.834256461493128099e-02
3.874586595115091930e-02
7.642225484701424543e-02
8.148074065276889044e-02
2.145172252904821789e-02
6.985967613673930987e-02
2.325144928222826202e-02
3.737077389302098651e-02
1.680020437164300023e-02
2.272171294282353954e-02
4.533050153724726972e-02
1.132149849079638615e-01
8.566095201042581153e-02
5.338089849004774151e-02
9.404945950972156549e-03
2.135449887233963756e-02
5.279349572997776158e-02
9.169312704145349269e-02
8.333282109536913063e-02
7.448716186960933905e-02
6.360478650954858038e-02
9.260821864285041782e-03
1.063466494288260872e-01
4.832052221456194230e-02
7.674036000879973229e-02
2.549987945648627199e-02
5.906822773716367131e-02
2.773159759593529089e-02
5.695809489558729261e-02
3.759037512713695600e-02
3.961821794016033571e-02
3.613268597786160885e-02
7.469273872269659165e-02
2.918824347432991476e-02
1.087399364467080964e-01
3.746069722268871582e-02
7.845594340021658231e-02
6.116097236756792149e-02
6.347829149540715199e-02
2.196507280870031720e-02
1.015871619615675431e-01
4.939885892296474318e-02
8.542625263364077293e-02
6.867777856507656375e-02
4.775377617443671285e-02
4.703685639531802500e-04
2.462606535959912038e-02
1.084967465074207771e-01
1.062829734050861341e-01
7.724297389269610403e-02
4.655214047329894050e-02
4.358178222172069682e-02
7.566080512344036668e-02
1.329429680938056489e-02
3.077263376378941775e-02
2.145659328271290814e-02
4.794118802353441317e-02
1.142684644318475511e-04
1.147498964553601286e-01
2.246029091784547405e-02
6.107345982043769139e-04
6.236232993484624315e-02
5.834021198874731612e-02
3.708861835303434162e-02
1.420704984936319026e-02
2.682144897588696272e-02
9.534056508722772716e-02
1.128062497773964917e-01
4.203788577188942444e-02
5.078201286617978899e-02
3.626066675989617072e-02
7.683603157004688378e-02
8.169607187886672450e-02
2.909656994332780744e-02
8.802480037317624018e-02
1.025629620420205196e-01
2.652852601868798885e-02
1.023336638007311603e-02
7.729735054588444607e-03
7.990975889764956319e-02
9.536140868784723224e-02
3.692819200837316879e-02
4.760861051453718629e-02
6.723569141920741898e-02
1.009779243508517194e-01
2.292226954159090613e-02
8.881495504540710961e-02
1.065265502070005948e-01
1.153998745130177805e-01
4.906250374912537668e-03
1.083810416157036521e-01
5.990279853022267842e-02
1.124985091258955267e-01
5.698848453223091109e-02
2.177700673542787291e-02
1.108984954309302634e-01
1.432950781783014042e-02
8.546228165051239500e-02
4.836192838660293564e-03
4.239514888190222541e-02
1.084298261676311104e-01
4.428187641191764628e-05
3.387598419970501429e-02
6.777501520229543830e-02
1.338562445890259869e-02
7.535706335357271468e-02
1.144460885791934407e-04
9.596132887338611195e-02
3.792226101793959997e-02
1.488773931467819896e-02
4.242012050112246163e-02
9.090076137265980238e-02
1.995220403412627241e-02
8.046630698374636348e-02
8.181200348682397816e-02
6.599733867448544233e-02
9.416366276546886405e-02
2.116458220277718863e-02
2.584670764024089157e-02
2.135572436427099832e-02
1.598688939342830318e-03
8.405355292441983595e-02
8.802492547496602870e-02
5.212615224090706018e-02
2.772569198445022989e-02
5.592234053677846289e-02
6.179853752324933336e-02
8.298064199649589356e-02
1.180778447756248087e-02
9.189375947606355510e-02
8.806020736086724032e-02
6.678078004717391547e-02
2.476302437760430353e-02
4.983357461257192228e-02
9.636789017663835444e-02
7.617680413868166411e-02
5.838784317965609733e-02
8.966646780832915331e-02
7.062405856323465680e-02
7.701399224123195442e-02
6.376540079462522659e-02
8.584740616309625982e-02
1.081103752193705858e-01
1.169270791678388016e-01
1.049581620382799424e-01
7.858328923072792349e-02
8.084688553979324510e-02
1.036373579265104095e-01
4.819143447603516789e-02
2.867841956416143298e-02
5.007540619789948438e-02
2.649973958966041904e-02
5.088696188694193795e-02
9.637627330791054270e-02
8.302430392727795649e-02
8.070935379732395443e-02
6.031672756742365027e-02
1.752737382480562198e-02
1.707696529094772722e-02
5.841188986589525983e-02
8.126433804857938203e-02
8.391843542630930686e-02
3.832812280612278577e-02
4.559269818911992900e-02
6.218575649520137472e-02
4.757797484995045928e-02
2.974770036824155375e-02
6.213659392476077528e-03
4.749157185586643654e-02
6.176390137188062651e-02
6.212763931964283143e-03
1.116540445037211976e-01
1.016643591354934734e-01
6.360984403765065909e-02
5.545235530222381026e-02
8.428707488506635009e-03
1.089140910205266093e-02
8.765132035114593656e-02
4.344209611479982885e-02
6.366589577771980535e-02
6.068459144972139507e-02
6.278234117534962910e-02
1.684160342925217213e-02
8.877898454205795931e-02
4.513258775958028240e-02
3.824029752844999852e-02
3.713623088288511842e-02
9.103061435833877113e-02
2.008566929753896613e-02
1.138864973318635954e-02
5.730972626316865187e-02
6.798719862815172550e-03
6.043579781273331931e-03
1.141385176191647421e-01
7.728313051674280849e-03
7.620835606962030051e-02
5.313928615779211356e-02
8.646424875705209512e-02
1.269463736333704615e-02
7.205739277914812758e-03
1.631726262989662696e-02
3.834884822254195497e-02
1.049208695194017299e-01
1.788588611377078461e-02
1.393281766045687681e-02
4.455488612689321656e-03
8.876769229281984697e-02
5.848617418202595869e-02
4.080718215371278990e-02
9.384676122707034940e-02
3.955550749712410247e-02
9.159522010599638331e-02
9.480434998876423325e-02
6.169459489354347376e-02
1.003785220338571788e-01
3.222530938170865139e-02
1.016090673086872953e-01
7.829561155944119236e-03
5.430289332460624951e-02
3.897837206658527620e-02
2.895849739962266800e-02
5.352259249660266255e-02
8.039352491577751725e-02
7.893938807403358404e-02
1.027060362457935146e-02
9.273367637434973276e-02
9.450404738558562667e-02
1.040374777398826028e-02
9.834413857640817921e-03
1.106603037382613841e-01
8.754977786478998839e-03
6.570531610336002859e-02
2.940577917981315390e-02
4.023388136718952790e-02
1.374734631715559402e-02
6.451802882076912438e-02
7.614343509041832103e-02
1.013469697588631063e-01
1.154196445910033071e-02
8.112762320045033282e-02
2.876404015472818626e-02
2.653735404276789597e-02
1.039406276664794210e-02
8.319853321670551971e-02
9.157042751494646679e-03
1.213931365625139230e-02
1.827952810629936836e-02
6.676046320917802812e-02
2.234788953723045729e-02
6.860479599825634878e-02
4.815484594984027755e-02
2.715628398900141530e-02
3.027965909908596556e-02
2.261889738574089995e-02
1.036555964486750997e-01
1.799526093618187064e-02
9.227828499597946765e-02
3.125933771581430876e-02
4.175811445700264996e-02
8.932872801127993145e-02
2.949825334476025018e-02
8.032610892872790731e-02
2.124962266494251004e-02
1.036147640332853032e-01
4.062455507668467219e-02
2.391801128291748055e-02
9.151032808150141862e-02
8.616273437762354825e-02
4.051663854823231437e-02
1.549833098534683304e-02
8.555313663666053170e-02
3.681932294897118790e-02
3.184906143093436948e-02
9.020618065410472564e-02
6.817736258932274862e-02
7.623371967590907017e-02
9.367773787036473565e-02
9.685260852606726589e-02
2.679176533259756965e-02
6.202451143624326119e-02
8.602577615302636760e-02
8.009583383631277420e-02
1.076903422903942448e-01
6.124333783297290085e-02
1.598685370492924397e-03
1.529546316010990496e-02
7.478036425509874963e-02
1.867981668812060750e-02
1.054425593051556836e-01
8.953511569113420387e-03
1.465834164330365175e-02
7.114371417611459192e-02
8.235591747969789322e-02
1.066715183225377395e-01
9.422663163861226196e-03
1.149416970967950813e-01
9.632139583546653339e-02
4.666080751016459666e-02
8.553454107110287918e-02
8.907104935007349733e-02
1.060282701263210413e-02
9.097323991194854534e-03
2.406556063133548362e-02
1.476870828852807661e-02
1.362891282445393044e-02
9.444340851905391743e-02
2.167283347126859258e-02
9.274663241539338188e-02
1.820530312586072716e-02
6.866426628725746939e-02
9.257519108111438022e-02
9.598257562219283945e-02
9.472520506926348019e-03
9.463735839794991389e-02
1.075469976475807860e-01
1.024279968272727021e-01
5.245473287459548328e-02
1.779375766181798268e-02
1.076781249811924190e-01
2.250852868132976678e-02
8.568681821465869153e-02
1.094770343890771256e-04
1.136412581456729132e-01
1.012277335758714342e-01
4.275368372005036027e-02
5.675571256858210484e-02
9.419760559405158939e-02
8.240060670736763446e-03
3.806115630217430518e-02
1.026115741398233722e-01
1.052860186699961370e-01
1.996098425858209777e-02
3.103299741696711328e-02
1.043971603498653478e-01
1.157852194379033056e-01
6.669946167115581954e-04
3.109848849510531837e-02
4.875854111293900089e-02
4.895916824964354624e-02
1.302283786852807476e-02
1.086182522131357298e-01
8.688804029995876588e-02
9.506168622238791999e-02
6.313746753763398167e-02
3.210430403268874685e-03
2.655875125978238507e-02
5.656122894916388449e-02
5.192187011578972694e-02
1.096097528077540628e-01
9.354441387239068040e-02
3.372245106109550417e-02
2.372346533474668784e-02
2.899113138080523094e-02
8.164362234342588398e-02
6.963097406003650180e-02
1.212210105066668063e-02
4.499447990297159028e-02
2.346483034271622248e-02
1.100966982687184709e-01
4.480399803623815597e-02
5.250418683784027069e-02
1.426819410418624784e-02
8.574502376949673377e-02
5.270855963584838294e-02
7.982129669572565062e-03
4.229385419858430056e-02
5.381094878982058821e-02
7.702110394212026423e-02
3.470054284450532073e-02
2.318474330569625028e-02
6.347635435318438324e-02
7.144872005966566852e-02
8.890972124480459038e-02
8.623053411025188852e-02
8.860416969330786596e-02
1.516184566275989402e-02
3.617889165004549434e-02
6.227269659267124780e-02
2.015312991311402069e-02
5.174051299973165402e-02
5.049356528672540451e-02
1.066379122120202916e-01
6.610963725751985154e-02
1.124788184217609677e-01
1.077328986973301317e-01
5.738969441295814489e-02
2.684048411751900620e-02
9.965536223168637575e-02
1.008329670537347518e-02
2.648107805377562449e-02
1.171911122128618983e-02
7.145273528271479935e-02
3.268622980712979076e-02
1.422713102457945356e-02
4.993843868762533333e-02
7.384583848947219586e-02
4.885474092979427696e-02
8.066833702156192554e-02
2.378123099089217082e-02
5.720713898227456490e-02
9.357235640038534530e-03
5.116748577463003239e-02
6.985514415157344226e-02
1.158815731937758720e-01
9.944380144858752657e-03
1.050819346934278309e-01
8.617708529235519610e-02
8.812491198231384160e-02
7.484690444837792389e-02
2.734035827203616653e-02
4.268697256843369953e-02
9.035905759436764495e-02
1.051522114961883775e-01
1.462768320189095257e-02
3.323601819204197172e-02
4.905214933405439848e-02
4.749593289564350840e-02
4.821834445128839880e-02
1.093210766873754236e-01
9.968795486134486572e-02
3.038186213358639101e-02
1.753716316182286905e-02
2.544475061906009347e-02
1.149648468377330590e-01
8.906818022422553771e-02
1.736004574582332427e-02
2.734802427302529537e-02
4.712957268119837700e-02
5.098622926539625455e-02
2.404218257809626058e-02
7.021702713415375885e-02
8.562950200940126766e-02
2.400139418209269390e-02
5.952863483907389064e-02
2.840395300806837151e-02
5.851432420036769416e-03
1.005554327063082759e-01
2.858441293814704270e-02
3.645218958130665154e-02
1.032481071732639366e-01
5.144648515000539019e-02
1.564089959973288466e-02
9.704106608947839219e-02
3.233923195723333727e-02
6.837776619921302756e-02
5.325651665726375411e-02
5.214599462720436590e-02
8.446585920537907910e-02
2.293521236101133537e-02
7.850174297237071108e-02
7.837100290174236258e-04
1.129007918812225675e-01
1.157696301052882903e-01
3.847361943944953289e-02
8.793348463164227247e-02
1.106362013967018354e-03
2.841282596562288380e-03
2.554940360272683203e-02
8.556930928894157518e-02
2.492084984771710324e-02
4.716327133434407987e-02
1.163181535828422888e-02
3.793736796769401481e-02
6.947783136241629520e-02
1.043582160198990166e-01
1.342346991706350190e-02
7.139726919319889197e-03
6.658494141129141231e-02
3.401131286660125097e-02
1.142752858382960757e-01
5.877925676669610092e-03
7.388791009953452581e-03
6.743442051444450969e-02
9.210337484042051270e-02
4.555762667150342615e-02
8.794466598105027400e-02
5.019091294056928637e-02
1.028622670061229288e-01
5.713486200206143589e-02
7.309350254361984822e-02
7.418888112933584578e-02
6.215488854579553739e-03
2.982345119492214869e-02
3.503614856194609689e-02
2.388173288609094988e-02
9.288210955163869742e-02
3.958333527803009600e-04
1.154291471550702476e-02
7.420999836624582457e-02
6.035117782724817685e-03
1.073756626734781033e-01
9.526795644016038123e-02
5.607479382366366977e-02
9.984048594321356593e-03
3.011539372769979350e-02
2.126236267322201279e-02
4.083072513940066983e-02
6.101100575712016527e-02
2.811549628640700252e-02
7.641269980328481426e-02
7.156670254996791436e-03
2.197695016930153664e-02
9.159859422817702435e-02
1.769168388804222281e-02
1.021748413260328142e-01
1.547490119082470987e-03
6.997969630206678227e-03
9.299630418855549252e-02
2.745707947709774902e-02
5.971604161727346594e-02
3.986045002134351589e-02
7.812397035327003914e-02
7.900787352754820581e-02
1.123344694538070537e-01
2.532327048768930750e-02
1.165717762913165284e-01
9.735294758858244191e-02
2.883550980567009883e-02
8.605254275409233988e-02
6.936768143021532218e-02
1.396665346328890625e-02
8.585683248685742341e-02
5.234825159709936143e-02
1.145822174240959529e-01
5.563669712855061344e-02
1.688805764160734857e-02
4.536180241246032252e-02
2.300226911266144841e-02
1.490217718885777920e-02
6.385884370366691487e-02
2.785767426098014268e-02
8.964777079981421648e-02
1.063972137562694820e-01
3.139914275309270419e-02
9.375416553306567535e-02
3.461633824867865750e-02
8.984526262109254757e-02
7.097022354179795267e-02
5.113718168408590975e-02
1.013279230291804778e-01
5.395352354563848207e-02
4.529926156638943574e-02
3.008260322989053312e-02
1.010429556900180048e-01
4.988799210167248893e-02
5.848070401653920197e-02
4.327492130243115742e-02
1.917316966270961320e-02
3.158981422958816176e-02
7.142275339304761383e-02
1.004621958756449218e-01
1.099372426070299447e-01
8.914936067197472280e-02
1.609990209629026323e-02
7.197679548240208669e-02
1.264270273344591557e-02
5.130799422637472018e-02
9.058260294038066041e-02
2.396476478464827642e-02
2.823881225998962907e-02
1.016291009632405290e-01
6.515717281597793731e-02
2.308557782202467698e-02
2.355580548754043768e-02
7.306776804664015523e-02
3.870942434205071336e-02
2.489956275587747181e-02
1.839727071909955797e-02
2.692428869920151027e-02
6.665981023599948894e-03
1.595706973986669650e-02
4.747052565289133774e-02
4.550513637323570781e-02
6.711051645134727406e-02
2.734968545642075394e-02
1.102336285839079777e-01
7.158666167358919419e-02
6.810657577012520225e-02
7.396475769093154018e-02
6.556477908705934943e-02
4.245809108702641027e-02
1.090579661176381415e-01
3.379354758859254293e-02
1.069641139505629751e-01
6.397401215157516585e-02
1.014588453120785910e-01
1.935949407138537470e-02
9.982761963791936255e-02
7.073539893624056218e-02
2.435500109164767668e-02
5.866251982026381151e-02
9.577451226950875474e-02
8.190499059371485202e-02
5.056937741006119202e-02
9.166250879001656970e-02
2.295350010122132814e-02
2.682899847733858506e-02
9.544004322453618350e-02
9.482501911340575351e-02
7.045349289830114825e-02
8.766814567102738931e-02
1.050509983707629408e-01
1.088420316745928595e-01
2.023549618422814528e-02
3.573463079374364360e-02
6.928790360702927198e-02
9.142762041519160443e-02
1.068293212028969819e-01
1.010175679110392466e-01
9.157400838703713686e-02
1.157653502944988727e-01
4.962455396425123622e-02
9.609675545480451941e-02
1.006198201106696249e-01
2.287438276755642680e-02
6.075118397240063944e-02
1.142359463144714399e-01
9.466507577396668371e-02
4.525121289206125025e-02
5.652664979335106019e-03
1.080705931036777950e-01
4.944618585351243101e-02
1.280537771904983330e-02
2.066278276463799982e-02
4.442088989897499327e-03
1.110528738233773904e-01
5.320536892232095860e-02
6.295078175055131287e-02
9.801541872607033579e-02
1.057803714436700987e-01
1.047904360061085033e-01
7.653340400463724824e-02
1.091943990578781408e-02
8.750641907380239670e-02
2.254040703983664976e-02
1.314037813086551924e-02
2.917978248682028680e-02
4.238102544192103721e-02
1.001311023762135460e-01
1.909036748622123733e-02
9.803789298732210056e-02
2.212256416651152933e-03
2.030503968203319423e-02
2.221064904079738528e-02
1.036355746880873452e-01
9.645850164061821330e-02
1.170048366102846571e-02
6.660868156234801829e-02
1.025096381480957303e-01
2.644655806816937141e-02
9.903113953496386901e-02
3.035941257448937849e-02
1.415189195950247551e-02
