6.021143395331134129e-02
8.991741113786030914e-02
3.397135611357584434e-02
1.050620979182597392e-01
1.776457056264589204e-02
1.164922210804396341e-01
9.793631914349408552e-02
1.165899290515380882e-01
9.874821497389528469e-02
7.565675278722434893e-02
5.816913473509322668e-02
5.883806763831884307e-02
2.745998456934642742e-02
9.865065560997329785e-02
7.861385800832922099e-02
1.763404653718905551e-04
2.280660049835836825e-02
2.901235115051389521e-02
6.860833264820447031e-02
3.157441510573361781e-02
9.164530276995880298e-02
8.165885299526655372e-02
2.455357473342088814e-02
3.165089633342283576e-02
5.960284220078193584e-02
7.630897689267142348e-02
2.937150817598102939e-02
2.647939633678415144e-02
7.313211166336398839e-02
3.237732290178139960e-02
3.568202502072120863e-02
4.406244959624810303e-02
9.583647762793648384e-02
9.944206340230891950e-02
6.634677626142813922e-02
8.501578123761570349e-02
9.462713109589943050e-02
1.156476451844401119e-03
5.165920194101519813e-02
3.228864400292680986e-02
2.948558746957630552e-02
3.848251224520264635e-02
3.543283340050806113e-02
4.466734173517704354e-02
1.005141185513991064e-01
9.254355497687288823e-02
4.867193691015142543e-02
1.954405950247161197e-02
2.896151299039547225e-02
6.382394944504311829e-02
3.553820647669934940e-02
6.235099439361364848e-02
4.432998065868858778e-02
4.468191331057643628e-02
4.386979589233626353e-02
6.052284032142000308e-02
7.466698347763017773e-02
1.066673192724204855e-01
5.800283599015114422e-02
5.018128632344949491e-02
1.042267325294603669e-01
4.649486981987741019e-02
4.455551318069279204e-02
9.595989412054839462e-02
3.256403125700552126e-02
4.270745138153587972e-02
2.316571893162641324e-02
6.131767778004642427e-02
8.626083444586192528e-02
1.117654781360495619e-01
9.752878479827346847e-02
9.379832503989744830e-02
2.529225800167813373e-04
7.930315010139993293e-02
2.929870173686427437e-02
9.594144423385994602e-02
6.626895452222734961e-02
7.954377142374542686e-02
9.977081970827511581e-02
4.954914921120844723e-02
8.998801168131348449e-02
6.523364064431136367e-02
5.033012698410847807e-02
5.425542034817572995e-02
3.029262211109137390e-02
9.908067372534822004e-02
8.975538390882399631e-02
3.025573994239113065e-02
7.524145127579234815e-02
4.026189498888390478e-02
1.999015314391059533e-02
8.630648627477228996e-02
1.091187020793348006e-02
3.351393603268549432e-02
6.973995079729385094e-02
1.488171241405122046e-02
8.113665746627701791e-02
6.945740692645206715e-02
5.089962464057436187e-02
2.273785717756435579e-02
9.974154136656702974e-02
1.530657435508053256e-02
8.858072851863781072e-02
1.147110690791854765e-01
6.957743782721938219e-02
3.111572851215221522e-02
3.018924595155694779e-02
1.108124434687865478e-01
2.310108139992134851e-02
3.888998761615487798e-02
3.095189144633449935e-02
5.147792278018847086e-04
1.695202314341901721e-03
4.420265773198205767e-02
4.793821902556152925e-02
2.452474298022185029e-02
7.054038430226805545e-02
5.007502677237894148e-05
6.688992135409088657e-02
7.758901429873005240e-02
2.368787305086907796e-02
8.465927327258086776e-02
6.076128902397261167e-02
2.441100653107887777e-02
3.776242998687989738e-02
2.587376303731639404e-02
3.118270151163658049e-02
1.137635062614322928e-01
3.623415310948008977e-02
5.537172377129127160e-02
4.398655278582411232e-02
5.715735721990274076e-02
6.172353153942267828e-02
1.015064376344971125e-01
6.448596041811785473e-02
2.411220596873000013e-02
3.287024970231006843e-02
8.220891401723012804e-02
3.674906315632472942e-02
4.283059968344992557e-02
8.648080523428071376e-02
3.859477961665835899e-02
4.760481276871134787e-02
9.113457439815057792e-02
4.147901517069502858e-02
9.440099781354671649e-02
8.616790345806660256e-02
6.149101202338498606e-02
2.281059263427970621e-02
2.329321823623873092e-02
1.135838345908739139e-01
3.341491943452180174e-02
5.147772064469617603e-02
1.153803939863895373e-01
8.139128452109187228e-02
1.084879586908733540e-01
1.009368870055817324e-01
6.439992721660363351e-02
7.097208435048940611e-02
1.302224565471804194e-02
3.261818359209898294e-02
4.962146886994758116e-02
5.993273038720300927e-02
3.033243821583736857e-02
6.062671089681416492e-02
3.476017580141605584e-02
4.802206749830429527e-02
2.680162932172867191e-02
3.012515837195222507e-02
4.987535982676950808e-02
6.667423240113937166e-02
7.780434692598672819e-02
3.045464585489842876e-02
2.373517310444291789e-02
5.588353163283068387e-02
2.779498792725172696e-02
4.535393191394414270e-02
1.840622537596353983e-02
7.940610007109394353e-02
1.081872994799480542e-01
9.179514501551562511e-02
3.795518094868182563e-02
1.480594754946031565e-02
6.515514547453039873e-02
1.023704914291441170e-01
5.416523248113914307e-02
4.550882999497352088e-02
2.988916421990810840e-02
8.263470192134907133e-02
8.048163830990917589e-02
1.094903778123996752e-01
2.692702729575001744e-02
3.582879333069285271e-02
3.509183874480169968e-02
1.206237350710706493e-04
4.775430892735814392e-02
1.582202952604620447e-02
3.887105979135629941e-02
4.577019985004469188e-02
7.417633035419871068e-02
2.912800710153337636e-02
3.832011644406620871e-02
1.035475106298295866e-01
9.790245964195544437e-02
4.531405454753331306e-04
3.579689517635050583e-02
9.524004091727307497e-02
1.237422693166377423e-02
4.343167363659943686e-02
5.724262928708811343e-02
1.173605022176509582e-01
5.812788510028846917e-02
4.215706850330544486e-02
1.050745218143022686e-01
3.407258604583110473e-02
8.397508136949378976e-02
3.540510707120191752e-02
2.310329110386914048e-02
6.850013900738795292e-02
6.694660340738811145e-03
1.153156072718000275e-01
5.775196235962822694e-02
6.928722733570674697e-02
2.010693059539378838e-02
3.540131434838274249e-02
1.181978459830483053e-01
3.448047508652190424e-02
1.802644774830601190e-02
9.602666242934575214e-02
1.639307649568334108e-02
4.043066633564552925e-02
4.236836269187205933e-02
1.150655402464312652e-02
4.388229079554577250e-02
5.165060186128388880e-02
5.618166072754092466e-02
8.525195888170453151e-02
5.724158847959479740e-02
4.452010912211198240e-03
7.929711297140328019e-02
8.642383895001147509e-02
7.153111213261818813e-02
6.518297199656755692e-02
3.964359693066264040e-02
3.112754316971613755e-02
1.282758377334943314e-02
5.905972603099170909e-02
7.416088902078098177e-02
3.315226732364164042e-02
3.576936012922646291e-02
2.170688873437089106e-02
4.966419611485187180e-02
6.980239216277060732e-02
7.453155753169413145e-02
4.140977222736451249e-04
8.655593037619037367e-02
3.275296362435747149e-02
5.660600869994490691e-02
3.369996427309011888e-02
1.011616071852382420e-01
5.281335286702715931e-02
3.508542164236765765e-02
5.927711850500505530e-02
1.209166313324408753e-03
2.444320278464421833e-02
5.312705792541178029e-02
9.530120329744050378e-02
5.359938587284412276e-02
6.392427563418762171e-02
2.095451143306449951e-03
8.725281483372904212e-02
8.320269705384980563e-02
1.181091550581579719e-01
1.977077889890763163e-02
1.879358521594080844e-02
2.618773394403630522e-02
6.815906265330617941e-02
1.875222088222677774e-02
7.820519503815891171e-02
1.737344067043431611e-02
1.701800860434445409e-02
5.254862474489998408e-02
2.453930172770988835e-02
3.631835981630883448e-02
5.731747123217830614e-02
7.718942687134683345e-02
4.979136208006526565e-02
1.009426373802773530e-01
1.169056362696290763e-01
4.876519068397443951e-02
5.273450367622959517e-02
7.023023509286595301e-02
1.200881911546501299e-02
7.440081037458595725e-02
4.622409771094165842e-02
7.432975229867203049e-02
8.243189234739770055e-02
5.645969173670591090e-02
7.142274740388160348e-02
2.433801115282973812e-02
4.483977142939747813e-03
1.495269084951038677e-02
5.739979422985098945e-02
3.913294223492241181e-02
7.504004184040083403e-02
6.174368312563703609e-02
3.526313729615393466e-02
7.242706631806776485e-02
8.226568001047944445e-02
7.309201585620150876e-02
1.466984212438316240e-02
1.017607334876559771e-01
3.199707931837570546e-02
6.544039376166989330e-02
1.133047740144939447e-01
8.692344529429962829e-03
8.226370411390994397e-02
7.129450448499395632e-02
1.082978182708199850e-02
5.992451550306225616e-02
2.760636727545213651e-02
8.254975659354672757e-02
1.055521443520817948e-01
1.161361651798664268e-01
5.294707946447772817e-02
3.782788094907624243e-02
7.146895647145931618e-02
4.832660576977709094e-02
9.977687377009368530e-02
5.138749796577130741e-02
3.065972925401957289e-02
8.449174062402436958e-02
5.178211810664809511e-02
1.114194359969517684e-01
5.601858407401993228e-02
8.453551972575440443e-03
7.036046224407725702e-02
4.510479845999819382e-02
6.245676820843636123e-02
4.160721085679262334e-03
5.638988109506472279e-02
4.065626717563835396e-02
6.889115346429515452e-02
3.140079174304966775e-02
3.831854052459029297e-02
8.520716146143782199e-02
3.442688037056242101e-02
2.421298040450953551e-02
4.432431836867769398e-02
9.151169543441951826e-02
8.670538907037017573e-02
1.101797006353813085e-01
1.046157761099521244e-01
5.429387678597730887e-02
8.398725516363471366e-02
4.729271047115084919e-02
6.698094058740464152e-02
2.210139008840457733e-02
2.136337689093227230e-02
1.171563099025207388e-01
2.822123863221480747e-02
3.071828316250298230e-02
1.140535431817244066e-01
3.863124909606177604e-02
5.890918453595727494e-02
1.965018769376932460e-04
2.585056149537873910e-03
6.895574848977238658e-02
6.304924097795128191e-02
6.017991667098339381e-02
5.485333312592304694e-02
7.555854037032974646e-02
6.254563010108278587e-02
6.323548366639418494e-02
5.979444820126871007e-02
6.192484860783204620e-02
8.505282406645676974e-02
6.823003064591495748e-02
9.191667107496402644e-02
9.399307512694483890e-02
3.868500018361284432e-02
8.666686990210138719e-02
5.872503018840578848e-02
5.178060130546534995e-02
4.502360706475880964e-02
2.615224630104012390e-02
7.597843853506835998e-02
1.154185960110669894e-02
3.051582763116201386e-02
4.047544029986015895e-02
1.071750902821165946e-01
1.036030657812558597e-01
2.707746937206524998e-02
6.698556092394424011e-02
4.766672708051084353e-04
8.587683881033253419e-02
3.761751797190990981e-02
6.107565167476612655e-02
6.926031238879200302e-02
1.135021712892406165e-01
2.136642341681226423e-02
3.658844859435095992e-02
5.954371018582253067e-02
2.334686325181536265e-02
6.936784797062187091e-02
3.371561993803384727e-02
1.793842213370131985e-02
6.666638976585080589e-02
3.815239387931969317e-02
4.674228192655237313e-02
9.469330009360092670e-02
2.713335892759999313e-02
4.705297198742894316e-02
8.142011099695720122e-02
8.432794123391799956e-02
3.098301868667000664e-02
6.067186807954926681e-02
8.762856701997817632e-02
1.550635828623229788e-02
4.450764343798012043e-03
6.409888087905421528e-02
2.052425865659368229e-02
1.181128550251235171e-01
2.081170941614667383e-02
4.011357201840105163e-02
1.178235938968635182e-01
8.463648350032106082e-02
1.552651121520565863e-02
1.720571883686973724e-05
3.300628699733026278e-02
9.068989270095575983e-02
3.440415310773596580e-02
4.010520698168747872e-02
6.957158279109409982e-02
2.358801543172490620e-02
2.877141049574788098e-02
1.010651400104124326e-01
3.458884388099627699e-02
6.297528512575396864e-02
6.084461601711704110e-02
1.081364712968971853e-01
5.190699496256012679e-02
6.617189576031844156e-02
2.747155435772456397e-02
8.328850368252593839e-02
4.779573317473746058e-02
3.499582174504478616e-02
8.465532992239790944e-02
3.545516241273085484e-02
8.023375003032301445e-02
7.453497765642448647e-02
4.350273713705193196e-02
9.790547594474212356e-02
3.628729214842782436e-02
5.078144993923732614e-02
5.751191483618064287e-02
5.936470327249546847e-02
1.082843797662187413e-01
4.867128690581452172e-02
7.591828310900218535e-02
1.174397704075993976e-02
8.684005219599040537e-02
8.681628019344597713e-02
6.111875592937281859e-02
2.187491881611874911e-02
9.313912980487200344e-02
1.866270093605204572e-02
3.523871558226774475e-02
1.020498255398072512e-01
3.432224891679736684e-02
6.036163754856218970e-03
9.591218265245253505e-02
1.602815324556473506e-02
1.014178233672847623e-01
1.118294251420567792e-01
2.070313582616169559e-02
5.692698028988436854e-02
6.287562231986179584e-02
3.087949073204572167e-02
3.547742046567484674e-03
4.317881271041832530e-02
9.061719933859362086e-02
3.482617676182408334e-02
4.340007244471191794e-02
8.892207656771934643e-02
6.040295551328918322e-02
2.420156689830895574e-02
5.628179036781217476e-02
3.654602180805903433e-02
6.261922873649798660e-02
2.792938802952504504e-02
6.287133861563362625e-02
1.067034497560539474e-01
6.590353661019637821e-02
7.075581850909647141e-02
7.797305390077738374e-02
7.989839279990097742e-02
9.725462013552857443e-02
4.513622926361108428e-02
3.499865057676834063e-02
1.034388131052994125e-01
1.038409991409846300e-01
1.928335576636357879e-02
4.673729419320360456e-02
1.126719371276370396e-01
3.777166556802537267e-02
8.856100863034999365e-04
7.372765177828971561e-02
9.269836810418605536e-03
1.187638979804464014e-02
4.466949663081018485e-02
1.611302182597900909e-02
1.067510935847960918e-01
9.610395353802074492e-02
8.966686970346712804e-02
2.551427456924508161e-02
7.430194495022476864e-02
1.081234148191668187e-01
9.239306243662853690e-02
9.467189193174578576e-02
3.190004399001725860e-02
1.880955817507667244e-02
1.173500934815439600e-01
7.523024274870210304e-02
7.604113460774646061e-02
8.556567801071925106e-02
4.945922044245033150e-03
6.736409882783753189e-02
3.232466896600161288e-02
3.116790811537669195e-02
6.735849082322466208e-02
5.541388528452002860e-02
6.640170264656253263e-02
8.948339622161402551e-02
1.040862090087378150e-01
4.827639951546823863e-03
3.869022016892255389e-02
9.139804042838639564e-02
1.030532844481957672e-01
5.209573453082179395e-02
5.651472134691611776e-02
4.627707987028220615e-02
9.004382537271030107e-02
1.098453652152996812e-01
5.212116807522138018e-02
1.143133928356030310e-01
1.579723195827840987e-02
7.253349441460124614e-02
6.702388607616228955e-02
9.809700725296881252e-02
8.698775493043752263e-03
7.748413728468380238e-03
1.101177617200550934e-01
3.349926842766133561e-02
7.182965119783761565e-02
7.976283322397469122e-02
8.045318103281871858e-02
3.509291254154804640e-02
4.608000674882554298e-02
6.823700327091433704e-02
4.637276877692145249e-02
9.109112676144150156e-02
6.768104331026690568e-02
3.873086598051854457e-02
8.567373153173808709e-02
5.650682791004059402e-02
7.973119786797516761e-02
1.132003213352204690e-01
3.415555873987737023e-02
5.141506380388648212e-02
7.011019703711574014e-02
9.220970607849236778e-02
2.566546404406397364e-02
5.305044061316982473e-02
2.845136128650991442e-02
6.088425031721788998e-04
2.816528271109412090e-02
7.215016250011982435e-02
9.201555545318539087e-02
3.688428853289639486e-02
7.029442810271627207e-02
5.636894615837444167e-02
2.407366999412257139e-02
2.893371887554863423e-02
1.003674854698352464e-01
3.235345130895993931e-02
9.706627701631427574e-02
6.238912305364865442e-03
9.266456501070310936e-02
1.524165195931293133e-02
2.029822262411810560e-02
8.073454721791303856e-02
7.340948845562186853e-02
1.046688237825672829e-01
1.154290935045280270e-01
2.223337015866596114e-02
1.604501902740533212e-02
1.039026871043292610e-01
5.248539136832307272e-02
5.343919512037192260e-02
5.179195184256223800e-02
1.478086410244140204e-02
1.169984672242324435e-02
7.092492974837465158e-02
2.914532260806422873e-02
5.307448775408388740e-03
1.097432817860546223e-01
8.039103451487981944e-02
1.138550634166576037e-01
1.015284346455726239e-01
7.786416626300669830e-02
7.020436516268944993e-02
7.177719291909756549e-02
2.164240214947741811e-02
9.186517492542413399e-02
3.851269976276944923e-02
3.352509614405165678e-02
8.431722617728877600e-02
8.087973866911293830e-02
8.933951560348375644e-04
9.379674464356774211e-02
3.322837774708220504e-02
1.019625774887386177e-01
7.141691368970819187e-02
9.658037877476206845e-02
6.214609716879154061e-02
6.033031562669566999e-02
3.885592676477189061e-02
6.945267919436154402e-02
4.199288002007891922e-03
1.050224335047063445e-01
3.977934551787647155e-02
3.399792779268085569e-02
1.661430189323805789e-02
1.179830841160073168e-01
8.371375225937385811e-02
6.010541056440011493e-02
7.460722894376300984e-02
4.236549085511433221e-02
2.571927125144646969e-02
1.131194367879450602e-01
7.638962198207575882e-02
5.552728053305977518e-02
3.398482085942589742e-02
2.464406657357758740e-02
4.287714470265852756e-02
1.123634728941148991e-01
7.897944243141330478e-02
1.003279018364212349e-01
4.033596521933449641e-02
4.880539812936620508e-02
8.961951423400339733e-02
8.903098356549835057e-02
8.743360565549028116e-03
1.806767635504881453e-02
1.033082637307661672e-01
4.435118508488779948e-02
1.068852085410255393e-01
3.641023587797781458e-02
4.959523682576592180e-02
9.257203339843660117e-02
2.452371615061023358e-02
4.897078499799563389e-02
7.119616933155009653e-02
3.681369547130788900e-02
8.472092035943711019e-02
9.240848778237945038e-02
1.163143502191793521e-01
1.224307258866270953e-02
8.669943144865550899e-02
4.143326147695498146e-02
3.108267637557575458e-02
9.115379665831145617e-02
4.074758363305901361e-03
3.640753992905001318e-02
4.295658607068476853e-02
3.953907613425367007e-02
3.084322109544241144e-02
1.146327075146717916e-01
9.105972004824809674e-02
1.140316637092367719e-01
1.064049443198163969e-01
1.087273560711347342e-01
8.992934829609361413e-02
4.198292985023337892e-02
4.355524453335304913e-02
7.287433189303592351e-02
8.750944580360855984e-02
3.552712876300265221e-02
1.948860229130417940e-02
3.053825740410408968e-02
6.142419614390738636e-02
1.160848760854666234e-01
7.095801537811557112e-03
7.254773025505135975e-02
1.608498214303049831e-02
1.080643204978900679e-01
1.702070875388005458e-02
1.293245429628885404e-02
2.149828528570606016e-03
3.493413315840415354e-03
1.835794903974994133e-02
3.401285967987796588e-02
1.296336708714718785e-03
5.582421956035482635e-02
1.800031454124307500e-03
6.616819131594195436e-02
6.226559552919002684e-03
9.898366514015920214e-02
6.647504212981213134e-02
9.149103191083889086e-02
9.016226197968480599e-03
1.082543811523164513e-02
2.531223847970219196e-02
8.566250254036739120e-02
8.617760647145553121e-02
8.219587934829877818e-02
1.045725975081781001e-01
2.821052720084100268e-02
1.773832119264322216e-02
3.020050737206209437e-02
5.085551626903931331e-03
4.643331703751711614e-02
7.988222279266968262e-02
5.221031653535073563e-02
3.381914562261637697e-02
9.671581185846364614e-02
1.068015662224586493e-01
1.106641398275972493e-01
1.070688097078089790e-01
7.749756304574051402e-02
6.807910120541452170e-02
6.275290900119698256e-02
1.561602748550948092e-02
2.284402405128921343e-03
5.575789427003349091e-02
8.988885275240666994e-02
2.257406505066249930e-02
2.998965863711568897e-02
3.019969770671122877e-02
3.051017740311880860e-02
9.312304120759695714e-02
8.014404655685171408e-02
2.300780042675866846e-02
1.031873005853216479e-01
1.131247644754998158e-02
6.385546800920821608e-02
3.809135747183006737e-02
3.421193996859995395e-02
5.379372797802269707e-02
5.510702457426586848e-02
7.533081319064688364e-02
6.394369349935927205e-02
1.167720933043434467e-01
1.971477173714219350e-02
5.354644991459241166e-02
8.803653187038433178e-03
7.019257798989179953e-02
8.852836523453508355e-02
8.988256513119802227e-02
8.187945582951272616e-02
1.003644691614133666e-01
9.324098664193319896e-02
8.859388630796546926e-02
4.983227545019238564e-02
2.931508529792569914e-02
9.588280010595889857e-02
4.747718034068550835e-02
9.388916659096713105e-05
7.862077577340390033e-02
8.834493179731571499e-02
3.613085500722230947e-02
1.024739052608223816e-01
6.080568048365039141e-02
1.051553718944372995e-01
7.861124315480359781e-02
8.148018404419246630e-02
6.897808330717784819e-02
5.281864815439192562e-02
6.883401431292140819e-03
1.680193110123164718e-02
3.528099423466125872e-02
1.560515201758966991e-02
2.614740324072509919e-02
5.285311466179353802e-03
8.359888273519458513e-02
2.817814562589642316e-02
3.709232763377685177e-02
1.113630356868514776e-01
1.708204923048410942e-02
5.655827898640301138e-02
8.442850247577171618e-02
7.971088743269087729e-02
4.693072188693413888e-02
8.758402631404975380e-02
6.293463320624721746e-02
1.372709911087921508e-02
9.641268998281332658e-02
9.562308594336500767e-02
2.327010461054377255e-04
7.581128013576504676e-02
1.762689854499109934e-02
9.665328976980676334e-02
1.064840301462267602e-01
1.021579907216722677e-01
5.036191550935584238e-02
9.494701398031334116e-02
1.827253121382400522e-02
9.232897128769854134e-02
6.927514648169760814e-02
9.964370282488030361e-02
5.690633933861159732e-02
4.979650456633774591e-02
7.771165194706741719e-02
1.943766941903826706e-02
2.690906456698989244e-02
8.973917806886510390e-03
1.746757613344175272e-02
1.707164223876773620e-02
5.876639855547950014e-02
1.653433966480662046e-04
9.684829564649460876e-02
6.982313096035085154e-02
6.365632860533886050e-02
3.995912302945782424e-02
9.395171472837846038e-02
2.707350425790958429e-02
8.496860259014733796e-02
1.091461466282246141e-02
1.091792745325762953e-01
6.877280620406450717e-02
8.169476851640575243e-02
4.126206050631494454e-02
1.012919847754566033e-01
2.623569304655269663e-02
9.825135603606048595e-02
1.611113402303026784e-02
3.142048788701592987e-02
4.436023530778848006e-02
9.590613393959623867e-02
1.023734478642687740e-01
5.055150583423563548e-02
8.510994174687402936e-02
3.288315495431626267e-02
5.899762175699835992e-02
4.469172789649532990e-02
8.544557586945930594e-02
7.612626802975111517e-02
6.121905265525554724e-02
4.704048839813126243e-02
3.447670471797943670e-02
7.161626663126607895e-02
2.123313265084713145e-02
9.246460903053980995e-02
7.175946537164364092e-02
3.344535375185924558e-02
6.636398143472584110e-02
7.235945924212006108e-02
1.885156191322076916e-02
7.418351653939798951e-02
3.737937988962460045e-02
7.905450774774545886e-02
9.538562950001004681e-02
3.541171499170490261e-02
4.743597550812939101e-02
9.094736315491849798e-02
7.751928064846341782e-02
7.873572470984488425e-02
1.140732679448906994e-01
6.777481873184870720e-02
7.005076357274452048e-02
5.805773742072547344e-02
7.750693639529716850e-02
6.345970847812315574e-02
8.725728536748152131e-02
9.020729708468493147e-02
1.040136384648579632e-01
9.998802632462348849e-02
2.100492373583380534e-02
4.506778495022237957e-02
1.529791878981415568e-02
6.843382521994446910e-02
4.952314059145448977e-02
3.255178681367520976e-02
9.144969620070977911e-02
1.839897348679468692e-02
3.137173781368231967e-02
1.118823461134259289e-01
2.590408038905199495e-02
3.323881602296534926e-02
1.090454387883661447e-01
3.995791315950469186e-02
2.942319927552548148e-02
7.293034568660951289e-02
2.168470708885357479e-02
1.084877223071248472e-03
3.540453939979357895e-02
4.239655038495947909e-02
1.143212499164042162e-01
7.153928393498849847e-02
6.009029311623632214e-02
1.139349792605699185e-01
1.848875253287158085e-02
1.558766192130882182e-02
1.082258078211411761e-01
4.663846423795206531e-02
1.645657740064487493e-02
3.049474709287399582e-02
1.849183066253319574e-02
4.874255220999528654e-02
9.294434924926930908e-02
1.068872224197204429e-03
4.475992082504572783e-02
3.450438006960640513e-02
2.602193861607320427e-02
3.297180311741020053e-02
1.584496901470413069e-02
3.848390172073896942e-02
2.157663023900998484e-02
4.885461389539986349e-02
3.070110038465338059e-02
3.977043236237324392e-02
2.582476222017475107e-02
5.765316364340897920e-02
3.209291582060208592e-02
8.921117057611853418e-02
8.876615764056297597e-02
9.871474596985115035e-02
4.617367970860544561e-03
1.091595355879318302e-01
9.108956783854021966e-02
1.097637946256979913e-01
1.061149568413446813e-02
4.875102991070841968e-02
7.793801439262039443e-02
7.418291027232705448e-02
1.434036297393694211e-02
6.191494455847080386e-02
1.006072880785575385e-01
3.232148278843384459e-02
7.509460535279926206e-03
6.343770043173052597e-02
1.603469023954948516e-02
9.937856315933529805e-02
5.178211692003559241e-02
8.984670023796456628e-02
9.108546277608858821e-02
1.654009590770154489e-03
2.737193966056827854e-02
9.988534494735806790e-02
3.484415199702408511e-02
2.841799665544127856e-02
3.701982741167843954e-02
3.314492766492999065e-02
2.056961261260816659e-02
3.165828957791570059e-02
1.026286832014032396e-01
8.745152819362012053e-02
8.723438058201700429e-02
1.074723567382965816e-01
6.807418511029887653e-02
9.158864838976484013e-02
6.685906214168929607e-02
3.952516919771825732e-02
2.407629589150836816e-02
6.617719927882437236e-02
1.946389834356447232e-02
5.018906373542801787e-03
1.830121554182278024e-02
2.248067256848583495e-02
8.003974783991153752e-02
6.158070426912571477e-02
1.204501649586798380e-03
1.453118184038595592e-02
1.397360523205230798e-02
3.241848486442625021e-02
9.320357582373588190e-02
1.692513752935639881e-02
7.865475601716008514e-02
3.988790408614482919e-02
9.334843417516426600e-02
7.288829292406436011e-02
1.588573265481504557e-02
5.718034693363290011e-02
1.480870594542586620e-02
7.713738916074210084e-02
3.185756074838862889e-02
4.731024433821010705e-02
2.244143087847508267e-02
1.022786000956785457e-01
3.402568826457649798e-02
5.370206023988330357e-02
7.508641869693978566e-02
8.119811638062322812e-02
6.679239798043994092e-02
8.086899171554373655e-02
1.562910111150462786e-02
9.932029976056040016e-03
4.998805763574961508e-02
4.511211862468084838e-02
