1.068307061486706705e-01
2.761053105263102520e-02
1.120996073546474542e-01
1.482845053404057041e-02
9.973577025422865339e-02
4.692475839793913868e-03
7.264522530625849850e-02
8.587502725146220484e-02
1.051679207659730608e-01
9.598563926653461142e-02
1.355303265494828789e-02
3.981949095858966503e-02
2.604142248753638718e-04
2.970868538999861877e-03
3.785548336549547643e-02
9.813546940547322739e-02
8.899445742398184866e-02
7.761509838219278479e-02
3.195179897892724136e-02
8.827136379431510527e-02
8.903487098465435318e-03
1.004156832454962262e-01
1.329580684283992835e-02
8.545665286812036132e-02
8.079136541117562520e-02
4.415154444223944648e-04
2.090123951360275262e-02
1.108677409759518256e-01
4.457683905196652835e-02
7.828853664938889567e-02
4.753649560348368469e-02
8.982130060102447300e-02
9.894379223484092711e-02
9.675992577456825339e-02
3.379351292047586691e-02
9.483191793715130269e-02
5.693310098937823249e-03
1.382042234832561722e-02
2.177832040782630516e-03
3.127760985206620714e-02
6.912539219113648763e-03
1.264708716006381767e-02
6.108433554535245419e-02
1.111529649105579692e-01
5.450246194831278451e-02
8.118837405103557225e-02
9.297594900325255318e-02
1.093172947865109906e-01
1.087438253679622324e-01
1.082230838462245881e-01
6.206150260500988003e-02
5.251469358220516720e-02
9.226579476980840966e-02
7.414102680727423234e-02
1.988432730416394428e-02
2.583713857761705483e-03
5.553544553940118617e-02
1.783711751866292206e-03
1.209971569521618717e-02
9.091204730131337286e-02
1.051614816158208954e-01
9.200168712450630670e-02
3.883084527030104122e-02
9.231918316541782785e-03
8.171397052905052250e-02
4.061560415836113630e-02
1.104167363775222233e-01
1.113223806434553015e-01
1.323642984026733582e-02
5.395145992392810785e-02
5.513239789751739339e-02
4.220772816996299498e-02
9.628855659512169929e-02
5.823702674100227072e-02
9.533263078114390110e-02
4.005667864366223296e-02
1.063528175281574888e-02
7.150273507086693514e-02
4.760114929428981706e-02
9.726549159569257419e-02
1.186994994931693699e-02
4.827974650784928878e-02
1.004642759519162182e-01
1.112718388238659178e-01
1.860329438931533240e-03
6.309665826866621419e-02
9.844062553896447409e-02
9.673083952042640932e-02
1.206297544859556876e-02
4.450355877215498614e-03
1.543413412554594556e-02
5.957912836751581842e-02
8.340941046653702062e-02
9.793674236648219900e-02
1.165367212309672065e-02
1.742717207727074308e-02
5.756654564071772562e-02
7.057465761908131817e-03
9.561756553478510667e-02
2.084347463462773650e-02
2.795034783999527858e-02
1.089289270022983508e-01
2.302426098773922500e-02
9.832118834163772192e-02
1.132686575981107016e-02
1.033016517003352147e-01
9.426890774220974059e-03
1.107682097380712771e-01
8.514666033185487592e-02
6.246906805438430521e-02
1.349273980951478172e-02
3.412420970339296450e-02
5.047009543101569490e-02
6.236743477672091612e-02
9.697747834043387791e-03
5.628842902933440390e-02
1.000630416948134760e-01
7.802199437817310124e-02
9.564909400394626393e-02
1.052351217553341711e-01
5.641020417011471250e-02
9.173032024394877845e-03
3.344970995739478888e-04
3.154266635249136641e-02
1.047361892537073541e-01
2.695793672707689180e-03
9.981974839210168426e-02
7.755651970935475981e-02
7.801927008924514073e-02
1.767883496685420178e-02
2.161005292022540741e-02
2.961346284114156624e-02
3.837769758455638995e-03
9.394683997985370238e-02
7.455163056114619269e-02
6.878618727075816452e-02
2.619825671381539184e-02
5.033729997434425313e-02
4.778438275989278783e-02
8.441840325337159057e-02
4.966125737345835484e-02
5.741171166176683993e-02
6.765300862193317222e-02
4.021129148945706139e-02
5.506972264427054120e-02
8.041864166716436446e-02
9.308421752572404451e-02
9.959498574105724034e-02
6.026837622628913177e-02
1.033473169183048018e-01
6.707797444304383627e-02
1.344462613553177796e-02
8.221007808830975427e-02
7.146888067426983293e-02
5.540172091054736125e-02
1.020891535396926397e-01
1.066652060928641177e-01
1.097812422048467795e-01
7.026802398849213427e-02
1.067628063114575698e-01
4.344483902136296767e-03
1.064550659476274849e-02
4.059943729029151516e-02
7.241479357045405019e-02
4.658915275381371804e-03
9.381341139865190248e-03
7.284919808475290304e-02
8.133781066916453972e-02
2.997936447951528999e-02
5.720115620465942435e-02
9.082201253393153151e-02
9.895456946596326020e-02
1.005314935299014278e-01
5.129454280988950295e-03
7.524834532622021177e-02
1.209009792443407026e-02
3.130592849121108939e-02
1.125045892847605783e-01
7.691540898689788741e-02
9.219609406469803092e-02
6.525743354171875676e-02
8.725224573961037899e-02
1.134389628624469376e-02
1.042591101485767016e-02
8.150195277139524186e-02
1.797957465677756540e-03
5.405661593929932118e-02
9.983028420065978570e-02
7.105944871124919571e-02
6.812992723155204822e-02
3.598107361332548212e-03
6.610565615455686606e-02
1.283488554555670819e-02
7.018057771641633691e-02
5.669674837972474291e-02
8.072825064114894436e-03
5.931676505804806768e-04
4.408346573626384379e-02
3.152565537340640961e-02
3.619698102067542278e-02
5.495949233212558613e-03
6.993567767598971030e-02
2.797518673056250196e-03
6.400577099379937962e-02
4.919216832116082329e-03
8.539489477428799380e-02
9.688558129972779653e-02
4.491739667453464174e-02
8.130008097325577485e-03
2.520742855046774825e-02
5.958489358205133757e-02
2.256539034166814284e-02
9.472679005734736812e-02
2.709277933359564849e-02
1.018777471693817077e-01
8.228391250276208269e-02
6.679354243002184888e-02
9.979951826815362803e-02
6.280593414752692893e-02
1.166804069356165707e-02
2.151888120305319937e-02
1.115979553039951611e-01
1.019384296732896988e-01
5.046016920189889954e-02
1.650041020769124275e-02
4.261587123369590252e-02
7.882961047209723071e-02
6.577732243815422042e-02
2.500426460618188768e-02
1.092188444488239041e-01
1.529849914755975794e-02
6.825010032484991884e-02
1.113449922993289265e-01
1.026917541496376318e-01
1.098207933981784207e-01
1.057925822390252263e-01
1.094987801428876362e-01
1.053549282079754568e-01
9.197210290968990676e-02
1.679848784774175263e-02
9.216373802413271865e-02
3.237590803513634707e-02
7.652380818897241976e-02
1.061936419057252223e-01
4.769174875592507509e-03
1.071017038125917503e-01
9.902756867725057144e-02
5.194151620878106196e-02
1.866136182936777715e-02
2.659566648445949380e-02
1.028832323735644622e-01
7.845465077326414793e-02
1.135393545371517626e-01
1.050819865527707481e-01
6.460697229170052347e-02
6.526178236585503112e-02
6.195486881430775639e-02
3.739506806724132021e-02
2.573560070427758847e-02
6.606667717930861557e-03
1.094476671669136064e-01
1.087540906446238520e-01
6.731254044215304044e-02
1.014009066535205006e-01
9.337457818743059856e-02
7.498581446127253018e-03
2.585962619512968078e-03
7.225704722468269392e-02
3.461609065409231717e-02
3.617447704209230536e-02
1.115991821573317395e-02
1.749528800535216002e-03
1.547218689513027608e-02
1.226915423165197451e-02
1.013058226245404231e-01
4.773817113702887721e-02
4.434023771500373440e-02
7.574292132470309726e-03
1.067461671605860057e-01
9.823505741248585166e-02
5.684861184355334551e-02
5.265071447903790086e-02
7.369037210293087614e-02
9.061824017908251538e-02
9.443828254388861310e-02
7.048296303915582706e-02
1.926048424576819879e-02
4.056754849442125582e-02
6.888684005999731741e-02
7.016242282666709795e-02
1.060972733830288922e-01
3.657994791754868615e-03
8.983642684698638081e-02
2.020126709049955421e-02
8.981169086613047248e-02
9.352868849644432880e-02
5.268967726312639988e-02
8.333200902836667215e-03
5.508152313597061006e-02
1.083095029253153679e-01
2.553016913554170819e-02
3.426779394705263548e-02
1.176414319232244390e-02
3.871466755286410294e-02
3.563183277600148052e-02
1.082632646564526957e-01
9.422064241430608278e-02
7.220287266505133472e-02
7.504434349506636237e-02
6.144912384006220862e-02
7.880818592716921922e-02
9.093081188738789955e-02
1.034568636715393758e-01
8.800107912488307508e-04
1.081868610403739633e-01
8.160220411131018092e-02
9.996103955916109396e-02
5.150015820788418630e-02
1.071982042686493997e-01
8.945014577338232173e-03
3.283719944266600549e-02
8.610142805487465412e-02
4.168255731992474150e-02
1.107982809626497367e-01
6.913085968883483923e-02
2.167430476810947720e-02
1.030720109915302975e-02
9.413857465160158089e-02
5.388204015423675441e-02
1.089489300048707282e-01
6.026741801967970547e-02
1.024830949581045508e-01
2.122010222059700704e-02
4.470664216358923027e-03
1.133829495541416321e-01
4.902314975753156723e-02
1.335159533921969309e-02
6.928877766173739856e-03
4.248882229646785968e-02
5.229919178121535811e-02
5.197075904057572512e-03
1.913830344580327858e-02
8.577030336831595325e-02
5.439445798185853220e-02
1.020464661283436991e-01
9.604642156044912449e-02
9.597694639119960791e-02
1.454728887910904100e-02
4.042338943837615189e-03
1.283191080627041868e-02
9.139741426515721190e-02
4.452072755817933040e-03
8.273655721061999591e-02
8.463850912270302895e-02
1.080783314739429818e-01
2.603582112317941871e-02
1.063077470643591094e-01
5.819504390101853247e-02
1.102005485485302305e-01
4.655843612261507253e-02
3.023244862674466168e-02
1.596488313476080931e-02
9.729630956616938664e-02
8.334866251100588042e-02
1.213545477518524623e-02
1.018245447801071762e-01
1.139612497250694356e-01
1.684722990238476242e-02
1.697833437017619643e-02
2.055709913740063483e-02
1.003589635014463105e-01
5.842564964281484613e-02
8.988285776995647014e-02
4.657684376493539946e-03
1.001497814305413736e-01
1.261536738673760261e-02
4.075382537086017637e-02
1.017071689708076883e-02
3.125395999881801223e-02
6.682786242355692741e-02
6.828530716651021182e-02
6.171264492515531747e-02
8.632324285611386872e-02
3.851085495784219159e-02
8.175093304489369772e-02
5.038388307840251969e-03
8.769983568742019397e-02
1.134191596193992457e-02
1.139858875348371270e-01
1.975386856870004967e-02
9.233266066048988197e-02
6.743303939894707000e-02
7.559029979647020892e-02
1.460969724061582722e-02
4.156064946368437374e-02
3.850788989295235443e-02
4.173745816461899710e-02
2.207784869853559456e-02
6.589732674596787340e-03
9.307911144761944755e-02
1.590036042498879643e-02
6.040228518380481165e-02
6.843325226195991207e-02
6.675650251619706654e-02
1.102331077315584357e-01
1.553683056094133479e-02
2.035695493059123604e-02
5.400644818138655018e-02
3.580349342377836530e-02
5.894579828986470926e-02
5.160884089789857798e-02
4.055741760707618632e-02
3.591510702718031349e-03
2.961383820315463197e-02
8.482385502500169872e-02
9.896491589151080667e-03
9.165024976290331304e-02
4.785939533758905989e-02
6.898214608393496775e-03
8.802511649608271704e-02
1.204623447416949475e-02
7.546437642504272292e-02
1.829010838588113197e-02
4.054820520474121393e-02
1.093531748750239535e-01
8.661665453665157166e-02
6.515985714697775100e-03
7.660241396097131061e-02
1.056833784755668720e-01
9.849225768671714121e-02
1.027543026267008219e-01
5.558031944226258375e-02
9.552460089948823160e-03
9.904962885900774061e-02
1.057204352332446196e-01
9.142688121859873784e-02
1.425884027446894416e-02
1.039950676701174581e-01
3.450818515195525765e-02
3.401128209632263595e-03
5.199561335903170323e-02
1.047365708963006181e-01
5.004063743895821245e-03
5.149870000521676594e-02
8.318966599896500391e-02
1.127126510476779975e-01
3.372990151997527775e-02
8.171302194100379945e-02
3.254763132977810808e-02
6.005627950192381909e-02
8.780536528476409752e-02
7.912241332977371783e-03
2.502069834874693852e-02
4.452316762729423283e-02
1.096139043497936089e-01
4.436338784966693816e-02
9.001538521953592054e-02
9.245701031152400370e-03
6.976433375678610382e-02
9.451327931589875719e-02
1.280816727426057483e-02
9.750105060355949982e-02
8.951639085704064455e-03
2.275578149037480943e-02
9.909786766796892243e-02
1.062138892589694072e-01
9.306865002795110600e-03
7.980253848107170256e-02
4.385256141917374950e-02
7.572590770770847024e-02
1.766612771815031374e-02
8.719918725118842862e-02
8.899447880576760728e-02
2.443241049771780198e-04
1.979159979352100932e-02
5.542005493399909492e-03
1.044628964510635749e-01
5.839915055695306390e-02
4.787049720189849589e-02
1.727621871880716253e-02
7.252842993601396615e-02
8.509776395013003703e-02
2.136114601155929271e-02
9.637801007400746689e-02
7.890931357339885099e-02
1.050022022482122036e-01
5.032789521236651076e-02
1.142885056704144447e-01
7.883218024471022600e-02
6.129063925797490452e-03
7.672470031887505815e-02
7.347856703737783157e-02
1.144174214463756223e-01
7.905681954860220573e-02
6.056113448409115863e-02
2.196735883369059852e-02
6.614239747825202687e-02
1.194550082778965405e-02
1.034728152126609263e-01
1.506751056532205403e-02
7.316006911030631388e-02
7.386421906896382950e-02
4.943843127962528616e-02
1.509672059780102406e-03
3.175810505544431062e-02
2.209557316012552425e-02
1.816519513430493032e-02
7.384797245962354539e-02
9.354731716627495697e-02
1.012617088362991746e-01
2.483072895771436250e-02
7.827187960283582546e-02
9.772645548322118902e-02
8.385982132150054946e-02
1.286802608538005141e-02
3.575418131368830743e-02
1.056648286768832254e-02
8.451027047082378119e-02
3.080132658573673035e-02
1.070576757960750025e-01
9.722846151829085681e-02
1.903550662401873317e-02
1.054947462700681349e-01
3.940786178253888328e-02
2.762860415391942860e-03
7.838673600803069616e-03
9.801279304665359848e-02
1.585412742986085782e-02
1.013330265027122534e-01
1.056251140080613493e-01
1.071687203723578480e-01
5.165246521652979567e-02
2.706574109542591797e-02
7.958159420863983313e-02
1.466246608292180384e-02
5.672806270507920606e-03
9.585390958438770592e-02
5.044330761765354609e-02
1.679673017570679563e-02
3.443801304533524593e-02
1.112916447715653345e-01
1.635479925667719355e-03
1.250515888917296155e-02
1.073004112918418407e-01
4.969587718511687263e-02
9.404616146069370852e-02
1.059718514613554874e-01
4.881702628180007580e-02
1.125211138886918760e-01
9.323882854967495415e-02
1.098731809232381396e-01
8.763815988431468418e-02
8.486754366347934453e-02
5.925994270644385775e-02
6.110586323245689733e-02
6.014332066767746898e-02
1.130659148876908965e-01
1.076926087119242786e-01
8.565573109659706599e-03
6.420260150266703103e-02
5.909835116748413456e-03
5.377542998861895018e-02
5.854934206011275927e-02
2.900719381661924848e-02
2.412641165092765938e-02
8.408824893187233362e-02
3.562364764072076251e-02
9.268227863740446937e-02
4.329862223072328264e-02
1.373030487834028292e-03
8.691715212767531923e-03
6.553571517697227844e-02
4.385634688231183909e-02
9.031181963295811799e-02
8.600621235220569372e-02
7.972762257395472896e-02
8.931231193038750849e-02
7.112896779967244065e-02
1.184401441016892653e-02
1.507217245375133772e-03
9.903678576638062780e-02
1.709773664872287630e-02
1.026920363709300232e-01
3.893008250646916996e-02
7.793940705789657863e-02
3.664319271736056483e-02
2.403698259372693755e-02
2.436098764007858450e-02
1.119318097785210603e-01
6.370136488585581569e-02
1.073719268480598059e-02
2.766327097679288985e-02
9.554221428986248155e-02
6.386632897833875722e-02
6.896768902785650746e-02
1.019751924813033644e-01
9.184562451921483850e-02
7.496623407338874438e-03
8.988792560038313256e-03
6.595015345954036157e-02
9.104054725510780932e-02
8.109661390900245459e-02
5.327726721910545221e-02
2.966746872574246158e-02
4.833955357625899403e-03
1.432191524690746079e-02
8.626191830500831714e-02
1.825792866958247593e-02
6.103098837013659628e-02
1.316343330328985893e-02
1.096892439555545440e-01
1.943560644509020365e-03
9.993274991521208794e-02
8.224523262408361610e-03
1.099822410073594652e-02
6.218273471232772104e-02
9.348092824309439663e-02
3.147224819367054616e-02
1.310130750375804252e-04
6.765396741382058085e-03
2.797253294084697806e-02
7.276418017235392055e-02
4.549498966981510573e-02
3.920802833263645204e-02
1.027328976673337960e-02
5.133386612735513568e-03
1.807729227205095296e-02
9.237872210261266481e-02
1.059647030469391821e-01
5.042807094345698460e-02
1.073723110101180017e-01
2.476331891071170688e-02
6.161064874110961515e-02
2.302485297470467304e-02
3.421942679040358010e-02
3.288441981673959069e-02
4.286885602634169651e-02
1.039993027900511062e-02
8.638612850712452940e-02
1.049340597870924291e-01
4.668240116197640635e-03
1.619367900780397176e-02
7.420602505333095955e-02
1.597677269357965224e-02
7.641218657434134531e-02
3.973145554102397448e-02
9.847697183809751842e-02
8.375264414870652041e-02
1.030707697419222801e-01
5.841614836541679512e-02
4.981492583440930155e-02
5.336262882793219725e-02
2.687522572064779142e-03
9.725025234349093939e-02
5.202770896424842133e-03
1.096439521196145017e-01
2.387697824106691305e-02
5.136529496697815611e-02
7.710592027118667868e-02
4.165488922613008044e-02
1.058080978421981622e-01
4.702125381067000232e-02
5.731796895116347823e-02
5.198907983510760861e-02
6.889874062192388651e-04
1.146796043869255204e-02
1.130969791269678254e-01
1.511808995494765863e-02
1.600690314323248431e-02
1.046419600947001011e-01
5.880773447675216592e-02
9.274235392491161911e-02
1.341042684976963620e-02
7.858097806946666430e-02
9.228041160265202563e-04
1.035451166235067666e-01
5.231494103640294685e-02
1.014505199509061206e-01
6.629497648064593129e-02
1.389715916149363191e-02
4.680989240177420990e-02
7.077828576349902423e-02
1.106447014881403179e-01
4.657076319901271716e-03
3.393214375474273153e-02
9.517903475929367918e-02
1.202898081229251959e-02
1.650131763712549965e-02
8.256403431749194388e-03
8.691634660051038297e-02
1.040466627994219954e-02
4.945135164164557451e-02
9.195580022103381698e-03
8.756546220348580822e-02
7.672582074975946298e-02
7.828330861948437636e-03
3.049241085559020042e-02
1.740642928237112752e-02
1.119462684979490308e-01
6.034563539576530411e-02
1.287936346794301204e-02
6.654201976468442081e-02
1.108491407574087873e-01
2.494634483025637631e-02
7.457524453915818918e-02
8.892329736327808654e-02
8.892282015936511796e-02
1.057660545678979769e-01
8.775350632437498022e-02
3.322455988781423258e-02
2.208767682917866376e-02
1.596074493624835902e-02
8.355670311668580638e-03
1.118454483468533101e-01
2.014195101098810795e-02
2.312729660098259560e-02
9.957953572353324401e-02
1.081454955152088282e-01
9.693512547752686226e-02
9.611358321887591982e-02
9.033235181134541963e-03
7.620699938537844886e-02
1.003337526238741589e-01
1.091787047256703169e-01
1.058686077139295717e-01
6.261826901346773111e-02
6.056336147352182897e-02
5.599104565473422140e-02
1.094391342601553629e-01
1.520469523685612050e-02
7.141821204946698087e-03
1.079060102581921865e-01
2.147009536866133564e-02
1.117074595621962985e-01
8.404496256759567963e-02
9.266831732976814340e-02
6.937939018597184815e-02
9.917227293210202632e-02
6.414271440420514503e-02
1.096895630083369599e-01
8.786696216520469005e-02
8.519569309035039673e-02
3.973691881856759867e-02
1.407386679402782524e-02
9.524144449656622713e-02
4.614316630075517012e-02
9.158760208961945481e-02
8.615248824668915451e-02
1.663249345386997799e-02
1.288506681994691129e-02
8.052841086079752519e-03
1.990006075265361024e-02
3.675462521582922859e-02
2.633053237906757965e-02
1.089927841141470205e-01
7.951305023267152272e-02
7.501176552635903383e-02
7.510318877191780873e-02
6.421999601812156816e-03
4.948582754470123163e-02
9.259348397306139955e-02
9.401219591190880520e-02
4.981435130357714409e-03
5.394541713744254591e-02
5.307690820307000429e-02
8.769383898093181806e-02
7.058054455074470879e-02
9.054959724379441077e-02
9.213974693650318903e-02
2.366496954667942493e-02
1.614427660377918544e-02
7.059212433157681377e-02
4.341082840176350988e-02
7.841515259100664825e-03
4.214545608295001966e-02
1.115840991072479388e-01
5.613378960122771683e-03
1.059702221530274130e-01
7.705593277951364173e-02
7.381313807793661586e-02
1.127687014452015135e-01
7.385185747448110016e-02
5.637592733548923984e-02
2.155320900201695977e-02
8.858583748463468022e-02
1.134195890217409852e-01
9.724149302076016965e-02
7.191578386708663562e-02
7.352377307038623910e-02
7.253560459626852419e-02
1.170091909053353613e-02
8.820639830751009214e-02
1.655214133791339456e-02
1.343011507923345949e-02
1.923516314023845930e-02
8.075401906027994403e-02
5.681228845977871755e-02
3.283981830108233940e-02
5.526243524878795416e-02
6.466883010337674820e-02
8.881557060809955328e-02
1.418390113233402444e-02
4.240921198572288053e-02
4.355795565162334099e-02
2.056098707588203608e-02
1.899190171598388183e-02
8.808918261740758190e-03
1.244154329611910602e-02
9.612524275970087129e-02
1.124744989594551464e-01
3.939551846778129029e-02
1.495029677441474421e-02
6.357960064997260352e-02
1.333144686975356284e-02
8.510827582828030952e-03
3.737704798034041306e-03
1.915157799906156560e-02
2.324116385229436227e-02
1.054451330350313354e-01
8.879193507970280230e-02
2.078561809259891341e-02
8.907561999033843103e-02
1.055519261177874923e-01
9.406711760728787841e-02
9.683879008187588899e-02
2.893358536553252564e-02
7.386729320771504015e-02
7.247167023716187539e-02
5.218660763012628739e-03
5.763909452201457922e-02
6.837690202993269850e-02
8.385041714463890850e-02
6.621195826528873674e-02
1.559780863791029176e-02
1.107444618343121773e-01
5.716545091481766566e-02
7.123294049029466057e-02
1.004507250458085699e-01
8.553964263997136663e-02
8.514628200136462044e-02
3.959923256890721804e-02
2.343427681622121950e-02
1.030575157495913080e-01
2.277111298096205771e-02
7.182016678688994682e-02
4.393807107765947129e-02
6.551963635169405498e-02
2.140434186902974434e-02
5.358941884864479310e-02
1.002227203667744315e-01
8.124236695201254854e-02
9.946967878274927399e-02
1.018520452959022771e-01
8.485864153051472791e-02
6.465279758240066732e-02
1.420225860518801314e-02
1.030299241965331736e-01
9.800610982075662336e-02
1.488336789724954527e-02
2.419253085153762542e-02
5.626807585073491380e-02
7.796936647992427916e-02
7.178543218622403244e-02
5.589856598556038753e-02
4.405248831005072196e-02
9.890111063938637759e-02
3.063725405343599092e-02
6.403855441773316504e-02
3.300926871562064047e-02
9.159849866777374991e-03
8.990675766977317129e-02
1.083575895408059597e-01
3.516874093674026563e-02
1.809286006375727604e-02
5.265752984438194784e-02
3.177544204461676958e-02
3.099448452851407548e-02
5.951658376987292026e-02
1.408782779567463103e-02
3.331672439218099496e-02
2.234775123344835256e-03
1.154785696303954265e-02
6.225322551042618280e-02
9.662907029358352995e-02
5.908139917848293649e-02
5.612648066627945465e-02
1.033781393790027675e-01
3.233807912694028341e-02
1.061700314370667281e-01
8.380696906192922069e-02
1.038085883688872058e-01
1.115345072730493658e-01
5.864061415474663974e-02
1.212913409434069039e-03
1.008049232960043784e-01
6.515425125674153412e-03
8.902319104814639117e-02
7.453861123375682407e-02
9.522179585890451145e-03
9.582661359199887846e-03
1.109605222836688998e-01
1.066205420327420855e-01
1.002963498541355747e-01
4.198046151595035552e-02
2.375101088498852986e-02
8.845629848625037595e-02
8.867199377434445418e-02
5.095756725830726669e-02
8.759293438800162812e-02
1.142020459288338730e-01
1.029338631427239026e-01
1.327268326756805839e-02
2.838797956667106145e-02
5.118219706137012992e-02
8.163481518658773084e-02
1.009977853744285226e-01
5.833635348395251052e-02
1.793317354232304081e-02
7.833718345248248671e-02
6.896108482587312745e-03
7.258834447137743617e-02
9.550212818457050334e-02
1.675208533693188506e-02
8.848465456136560270e-02
8.937585147199871016e-02
1.053259830648898693e-01
1.048407619034654459e-01
1.002371243294424841e-01
9.634549362170448383e-02
1.000450138607748840e-01
2.216169882664417723e-02
7.325150776164972288e-02
1.106756225573187757e-01
1.228362937564326553e-02
8.502502326987770864e-02
1.127904283689877829e-01
7.410023638229883136e-02
1.529090080090769049e-02
3.879645996803154223e-02
1.058969621830439106e-01
6.066873112381201277e-02
6.024641582464296263e-02
1.014051117308751304e-01
9.280224787258053998e-02
4.920584860474098293e-02
9.651916926646220141e-02
6.178408504821637087e-02
8.812334043248742921e-02
1.135396222372331981e-01
6.811799136795915199e-02
1.009745878185261680e-01
1.682372610917048927e-02
7.053759685892295461e-02
4.737252346787241414e-02
2.583698667819315370e-02
1.144333542976556650e-01
9.444166187840163929e-03
2.546936700756317548e-02
1.058301656889064912e-01
7.025197222964443822e-02
9.426453535850302934e-02
1.123203497351249608e-01
3.813964026165575505e-02
9.098710075552884913e-02
1.765650369526311492e-02
7.742171657535854012e-02
1.422502965577992877e-02
1.232668219083878081e-02
5.297208579295200476e-02
8.804922353024058346e-02
8.770862276490802578e-02
3.969529373871932831e-02
9.653347961249997278e-02
1.138381849503908444e-01
6.512463481151870535e-03
6.046557767183250581e-02
9.309630851232748514e-03
7.370176453846434377e-03
9.204002195509725093e-02
1.252154043305887289e-02
1.064374204259748435e-01
1.246618023313246157e-02
1.242178451744628542e-02
4.117218996595344016e-02
5.490592835526874466e-02
7.274990905626957383e-02
1.005446135279817049e-01
6.890089058857519488e-02
2.911359387633092460e-02
1.316625880173796607e-02
6.575569398645446373e-02
9.915092622440335735e-02
8.909812063504864155e-02
1.112732124475321188e-01
3.517119209309192696e-02
6.333434431840043177e-02
2.266659635844319939e-02
1.084872847139167068e-01
4.785246434165340776e-03
8.379356922450328926e-02
