4.432547964767378362e-02
5.157073317646599514e-02
7.642264583379310139e-02
3.405582029492893598e-02
1.769581284289826377e-03
1.044451171173283420e-02
1.322942649705800139e-03
3.491865094450718326e-02
3.871471372745953488e-02
2.830478562445945707e-04
8.887582092726617825e-03
2.926695440525038314e-02
3.876108992576128565e-02
2.418240822111147187e-02
3.155664675325243335e-02
5.100476429369044801e-02
2.926100019559597920e-02
5.879795694050599791e-02
3.327957470200886003e-02
5.173114659752792860e-02
1.058355172218392558e-02
1.655297215743828257e-04
3.809108610604907547e-02
4.631020101154856294e-02
5.516263948164474434e-02
3.573976094424628769e-02
3.108621334388659771e-02
4.927265942972920698e-02
7.952336967840883952e-02
6.070884290428314733e-02
1.926044493854116649e-02
8.985671925611046773e-03
4.806346492889450317e-02
2.225771681803529259e-02
4.504974931549481781e-02
2.300812237065089083e-02
2.270538225765467849e-02
3.224222135299173643e-05
3.596487411198210672e-03
4.971500371515534707e-03
1.804055197159576797e-03
1.935553407833544640e-02
4.341585617107993067e-02
1.536340321787459107e-02
7.205874865028984166e-02
3.850067448727679392e-02
4.811217293461919620e-02
7.016147970574314330e-02
2.785845926564263497e-02
3.220641063601469012e-02
1.193402486461439364e-02
1.513198151538434379e-02
5.485453923336199716e-02
4.725441596268896427e-02
9.156201515022098850e-03
4.398595819534416307e-02
6.716458385895675461e-03
4.978672236899171766e-02
5.065489892729470311e-02
7.950737145642173057e-03
5.474748118890756599e-04
2.617231831119096880e-02
5.670504270536452091e-02
5.959481046376816776e-02
5.364283694266171187e-02
2.364865687637311698e-02
3.688196274154681431e-02
2.128063783675637755e-03
5.458614817074586983e-02
1.600665621804915801e-04
3.875016890787916918e-02
5.436473371440457558e-02
5.542589088041398326e-02
4.781580031290367377e-02
5.135618294310737714e-02
3.744969703463000427e-02
3.543636355002348359e-02
4.222605576615343081e-02
4.377013819360955904e-02
3.744329871701269213e-02
4.446358083442799951e-04
3.772862613254325884e-03
5.670087884492461261e-02
4.896317423685615788e-02
5.639152222350345134e-02
7.610067155087003009e-04
1.007125695346548430e-02
1.245250080419594771e-02
3.601103082128671862e-02
5.734614366520135280e-03
4.632328640229420313e-02
2.398247575185640662e-02
5.795788219098466088e-02
3.218887673516919457e-02
4.820691882313826032e-02
4.276332527036266068e-02
6.106922593351878092e-02
2.107791919615529586e-04
3.319719071955425788e-02
3.630664692478460104e-02
4.256385825519361278e-07
4.367330468617577899e-02
4.254348733495917460e-03
3.258140975084077712e-02
4.974055990409423367e-02
1.063661594689426816e-02
3.224345973864735804e-03
4.604988194153592646e-02
3.165437134222084947e-02
5.566323995621319520e-02
3.153947375736302489e-02
1.403459758362353839e-04
5.428382824188886235e-02
1.337354127337141065e-03
1.249057743274819329e-03
7.508607741465521401e-03
5.396544813989779393e-02
2.611388834299397874e-02
4.035264594773826929e-02
3.348061488991503631e-02
3.593557423684650559e-02
1.496199942311430197e-03
5.885304794518828042e-02
2.846725457233122147e-02
6.773431784315414594e-02
3.244096786281607664e-02
2.745036458469116841e-02
9.252179543725102347e-05
1.845163395069268283e-02
5.282863085562593958e-02
5.609202227117997958e-02
3.991878145901490288e-02
3.081587422147834959e-02
5.430354923511498955e-02
7.653409681518583141e-02
1.146706492485494513e-02
3.946381559486072249e-02
9.693415706892779052e-03
5.364530219703243091e-02
4.816803746548431464e-02
5.044658582483001891e-02
4.982901625117930333e-02
3.396441404404017955e-02
2.186820059949423287e-02
3.401707694003357207e-02
1.635295218935774121e-04
4.230688222237274942e-04
5.690706200829095257e-02
5.152365661242424427e-02
4.315773901122953171e-02
3.238198607420721131e-02
3.066471608084727837e-02
5.599986897303181783e-03
1.696077398045166967e-02
1.809443048537614715e-02
1.552211002544597040e-02
9.618817378431831003e-03
4.762852883801104581e-02
3.654224115519366656e-02
3.358661652101831152e-02
1.322863151395435415e-02
4.031892096056814007e-02
1.353283087326612177e-02
4.077415075076892825e-02
4.583357377804741367e-02
1.507498305408546020e-03
5.191896155116550171e-02
5.198820723467054324e-03
3.254771132752943413e-02
9.948328681245374727e-02
1.631278912869673194e-03
4.251208778193773380e-02
4.633500341895375324e-02
4.882439348969692255e-02
3.972289266698486587e-02
3.540011048312384501e-02
4.069486488573580141e-02
3.450762742290849200e-02
5.047943783644680965e-02
5.577042991485389040e-02
5.639993921015120509e-02
2.372980906448849368e-03
4.863073633326879530e-02
1.419791106668149248e-03
8.120438731704915369e-02
6.458124467050585689e-03
3.178435068202703495e-02
3.140180775806860475e-02
6.477972838216170329e-03
5.170728948820089294e-02
4.801762153559745866e-02
2.815249855261832759e-02
4.567890166640405786e-02
9.935572144357012608e-03
3.787630165167654023e-03
2.452930756948428284e-02
2.693553387976491478e-02
2.522051640387769703e-02
5.172357512715813899e-02
3.104725742220861354e-02
2.181001597497108507e-02
7.659874521557646920e-02
4.026067228697512851e-02
4.123266942510215444e-02
5.337264790511241780e-02
2.078871357442061557e-03
2.397803788001188693e-02
4.000571506628626539e-02
3.035029330313257501e-03
2.356596508874206353e-02
5.914118262227935352e-02
2.643454787051468385e-02
4.000587841360467301e-02
1.152261858266591908e-02
1.374573764916962263e-04
2.469625871039942897e-02
3.321869971469258026e-02
5.909680987142520298e-02
1.235862965567182097e-03
5.967297645533532757e-02
4.653306979384151665e-02
4.656084311301215972e-02
6.263144341894594236e-02
5.286437317661903459e-03
1.105822263229068458e-02
4.052352059394872391e-02
1.602660536221680795e-02
2.314117998582456565e-02
9.033339198647492158e-03
1.522493521008999942e-02
3.571324518302414208e-02
7.756671761332928350e-02
1.813881404519461851e-02
6.414831266574321390e-04
8.079302659150464365e-05
2.517203139936822348e-02
3.124260574005933988e-02
4.809838944448646680e-02
3.983922962796571793e-02
1.263843546256883908e-02
4.856798999793080635e-02
3.550943676435140695e-02
1.794707735549084030e-04
4.940170733837795369e-02
4.823229310384017504e-02
1.679549289092966552e-02
3.580308206007305760e-02
2.612057174230076467e-02
2.730339797251392711e-02
8.730683834951884215e-02
5.840450811178801716e-02
1.726998530684244540e-02
5.767743718011317293e-05
5.547905298287060527e-02
5.600074105015383913e-02
2.805618570462638239e-02
3.196379365917773052e-02
2.183671546066728864e-02
3.515685272299366032e-02
6.991593878847131511e-04
8.696544132060004271e-04
4.183602666822475169e-02
3.261082900283080398e-04
4.836200918507051194e-02
2.165943562317924030e-03
5.250162777769087213e-02
2.683302333626766401e-02
6.196105539187812122e-02
1.214300955595262396e-02
5.266656838723616368e-03
3.279316797269235528e-02
5.464808803308034840e-02
5.640136325943591322e-02
2.034490038271471188e-04
6.245965842150426025e-04
5.138658094140741150e-02
1.687553933909155882e-02
5.500894479341965349e-02
5.051913660018789859e-02
5.977604682152649895e-02
4.635797470400659925e-02
4.437363710286434254e-02
1.087155269424978335e-04
4.999710008948071022e-02
4.171088356032087718e-02
4.801101400435535405e-02
5.392903398106928259e-02
6.778444545665022504e-03
2.147641029449186278e-02
5.200786361914031680e-02
5.095322148070622476e-02
1.276570123838863778e-02
1.138371916440097768e-02
4.997271482956387734e-02
1.667192019909887260e-02
1.185149285395536121e-03
4.579738851592883575e-02
1.317051744073395201e-03
3.360912344335172802e-02
4.951750170468310897e-02
4.131009737736689169e-02
7.311509574443322661e-03
9.520196451353308111e-04
2.229816762735942898e-02
6.652124721261600503e-03
1.698006260456285874e-02
1.266843811156533571e-02
3.773533540315945206e-02
1.284435946254799087e-02
3.266058793956191225e-02
5.336731611621261390e-02
1.597682282248586577e-02
7.515696718496325812e-02
1.153239407418325292e-02
2.815033431043896528e-02
4.482412702788365899e-02
1.457823160057891004e-02
6.131675107621413490e-02
3.754957943255284036e-02
5.067257012949699657e-02
1.037572171591062339e-02
3.795197222063054904e-02
4.308831786814730502e-02
4.578157571474540666e-02
1.662222025140233650e-02
1.756161677839959689e-02
2.406058409550580410e-02
5.369806451749376680e-02
9.567851254864043545e-03
1.250905186976917181e-02
3.991517210763163848e-02
4.552363405788938805e-02
3.907960786440136530e-02
5.635960381331623498e-02
4.919401240133963737e-02
3.158524573505085229e-03
3.674392669257266902e-02
3.210840282657234646e-02
3.226648593992789693e-02
8.246461776283589562e-02
8.275915159778531038e-02
3.174544033708699003e-02
4.534080489025502092e-02
3.549331910620241032e-02
7.114902106540214877e-02
1.813658469593040778e-02
5.063896726985488150e-02
4.967663847164784791e-02
5.722651692990640172e-03
3.287157914597355762e-02
5.543147607424704290e-03
3.148174246551584121e-02
1.405607866621260034e-02
2.902221062291919854e-03
1.547370486269260487e-03
5.974535858928393256e-03
2.736529542449165145e-02
1.604309117523259817e-02
4.639807085364498762e-02
3.306937681372831145e-02
3.289127062384707839e-02
5.386772068516820083e-02
1.338372930988954504e-02
5.737261378329834571e-02
3.508979134826196999e-02
1.931882606230929736e-02
1.276918333319082902e-02
3.272772581819378968e-02
6.091747280171733690e-03
4.594069566180836867e-02
1.935167171762178576e-02
2.457799459400181880e-02
5.006891774847987281e-02
2.414934729294425375e-02
2.504729148580782383e-02
2.482899536992155126e-02
4.951104465132984828e-02
2.333178113023175182e-02
1.684488691284650314e-02
1.033752057950391989e-01
8.210212234288666745e-04
3.688202613413127384e-02
2.784930321574396322e-02
5.267997402666659695e-02
3.125973581460449874e-03
1.457198820332221423e-02
5.626500301647194280e-02
1.107460909039987770e-02
3.378799115019479049e-02
3.253035414057831032e-02
4.041178648728885325e-02
2.919131126445223892e-02
1.009864666361520551e-02
3.700247583340544877e-02
1.333730987485209039e-02
5.441451810618830320e-02
8.149678317769246116e-02
3.153656554418653255e-03
8.449246430878569469e-02
2.545694299378487360e-02
1.324513877857835939e-03
3.951331151691358373e-02
2.459872191558019894e-02
1.686044426964428480e-02
5.301618689595968825e-02
4.296011654151238139e-03
7.655551279396737539e-03
2.710908721717444556e-02
1.599148953151629041e-02
4.909164892546535180e-02
3.018406911564422077e-02
1.680696843249451441e-02
4.308487228562316723e-02
4.807087471979065718e-02
3.586051765010522113e-02
2.874925698813268066e-02
8.644935010911209946e-04
2.288996333378002027e-02
1.241265578750328554e-03
4.596623891027547953e-02
2.321843259307588767e-02
1.066989001027311527e-02
2.913296829581900338e-02
4.871407823229436523e-02
5.425307296271474067e-02
1.919727509085277113e-04
1.560478435849558393e-02
2.048794961951544771e-02
3.943650253498331634e-03
4.908460869406375271e-02
2.453970881728276526e-03
2.602693788621024754e-02
4.054288625069461804e-02
1.614541258756456573e-04
4.332502716956742467e-03
2.925804025724350332e-02
4.705079219997867351e-02
3.309737300779543034e-02
3.641358800822231540e-02
2.636305816216745132e-02
2.294391610779383806e-02
6.616065909248654633e-03
4.645015357763180447e-02
4.516921831165703755e-02
3.023312093101232848e-02
3.585634287424822875e-02
5.359995102910150577e-02
3.650385615704691833e-02
4.987476553959404452e-02
3.552439984333901485e-02
5.327697243481755579e-02
4.748529162879906035e-02
4.838658034008880282e-02
3.248626284983902740e-02
3.021455377591177743e-02
3.040200677876609206e-02
1.291198342713387702e-02
4.476022564044908336e-02
5.670222963805178831e-03
1.447352045838410598e-03
5.378834305822906975e-02
7.610634514297522080e-02
5.099750954423611093e-02
5.052245061310529917e-02
7.804748404598153833e-03
4.451062251305541728e-02
4.255120506286842047e-02
4.589364362240763717e-02
9.165861405395112071e-02
6.075363926860338770e-03
3.001325740656477295e-02
5.041804596455450732e-02
8.081863411219565585e-02
4.045817775195569010e-02
2.692191553051979935e-02
2.427771963760673446e-02
2.817749714938082989e-02
8.337432262616710152e-03
4.409085225260345187e-02
5.275771282221024261e-02
4.037480553992458220e-03
4.441369921258370157e-02
5.893531437020767261e-02
5.134901826541513753e-02
5.430730541819506207e-02
2.880342123869479272e-04
1.911754658326506365e-04
2.315779801412337635e-02
1.012732067794711033e-02
3.794063195180377018e-02
4.946700179470780306e-02
1.996739515873681317e-04
6.057236752120170528e-03
4.459091665763342816e-02
1.343931702910159404e-05
4.684721600073749742e-02
2.060138398143781385e-02
7.529066339397851026e-02
5.628005388677492088e-02
9.564486432985531625e-03
4.054821769098283790e-02
2.337392799862880038e-02
4.851590505449258905e-02
5.503117222542284331e-02
4.441058905968209639e-03
1.779527586517495961e-04
1.247456166408181244e-02
3.487433204786113961e-02
4.461642590778612527e-02
3.978642165220555582e-02
4.788148282573631564e-02
4.001145428888891464e-02
8.761629435060232576e-03
9.218501419538949193e-02
1.360844520492178987e-02
5.047641094741383422e-02
5.037216576908522259e-02
5.229881209564021805e-02
4.634470647751938455e-02
3.625987912800385238e-02
3.178704937210585085e-02
5.062152215781504788e-02
3.025063332625054641e-02
2.957609443127961341e-02
5.736658007153581929e-02
4.365279355396781136e-02
4.764567717710668782e-02
8.959786490716378196e-05
9.238134508854323190e-02
7.572992113243719181e-02
4.787413101285160726e-03
5.945218928313368394e-03
2.078442644681243248e-02
4.724416411814062050e-02
5.005740363599958664e-02
2.796250707397395646e-02
3.611454930898510239e-03
1.506272644347587779e-04
4.290176317255595638e-03
6.667608961107238108e-02
5.138897721802001411e-02
5.230873522443103829e-02
2.143796208024102354e-02
2.141410523530956709e-03
3.354852123533599156e-02
5.615481506239995702e-02
2.654156496400416482e-02
4.680167578057868767e-03
2.775607916222526741e-02
7.783979929887191451e-02
1.732886198566591443e-02
2.457027140017273986e-02
4.631466394033906080e-03
1.088132377439262471e-01
1.128677422353488273e-02
2.209254800588732540e-02
1.184368311752182542e-03
2.569615816024803379e-02
9.851279269176038342e-03
1.113273918042171490e-02
6.397369304133435075e-02
4.564308228852521215e-02
9.282277279377446066e-02
8.116300349635005530e-04
3.559537657170162850e-02
8.858728169331921056e-04
7.421590301959294636e-04
3.718311015147757193e-02
5.183070632358648643e-03
3.582559551768291911e-02
4.758047366812227785e-02
3.817995241180704297e-02
3.657875994505719458e-02
6.808930081974977084e-04
2.347115279719172096e-02
5.038485275326973906e-02
2.665644258343151732e-02
1.063233344627472409e-03
5.900790236944650213e-02
5.518214986540084799e-02
9.617719228416511668e-03
4.487159697592375124e-02
4.335575976187618086e-02
3.204453422003193663e-02
5.071572150170392673e-02
3.453304461137302744e-02
3.667724525371321431e-02
3.312514847021179321e-02
2.538504687155609257e-02
3.215653178669312592e-03
2.405566667380406795e-02
2.873065311996080701e-02
4.354487272860985830e-02
5.050828486156331426e-02
3.945160439833206301e-02
3.154020565816668259e-02
4.307712960951225883e-02
6.824575230203388729e-03
1.695832443732098530e-02
6.603225616494737531e-04
4.404866700736207591e-02
1.134276681139454986e-03
2.394950079009907848e-03
3.316558789182676159e-02
3.729524768728743195e-02
1.316577565748577698e-02
2.590167043301894872e-02
1.793085937128906238e-02
5.098127425304869315e-02
5.887843587250109895e-02
2.954287604814216303e-02
1.137376476872971044e-04
4.345845916584196306e-02
4.650105340558985390e-02
5.501216683193712285e-03
1.882865333814369782e-02
5.659982390988501505e-02
1.954809650550071339e-03
5.681398714992318464e-05
2.696674107700819736e-02
3.984213041070025496e-02
1.924596019634202196e-02
1.497659380857449367e-02
5.707388841347512537e-02
3.056301100088076590e-04
2.767259500650449608e-02
1.670603751505382551e-04
2.447969257049211270e-03
2.970011910349979953e-02
3.693085274170731857e-05
7.973146763124566716e-02
5.097128878661293105e-02
5.358739465895816928e-02
3.104553110894325840e-02
6.852912604619382231e-02
5.402665662845644590e-02
4.756408985236768028e-02
3.604110084596898189e-02
5.507191968490421363e-03
4.472870813886507813e-02
2.616304459693708645e-02
7.188949721221822575e-02
4.859553769314047672e-02
5.136587881147418322e-02
2.402332594376508507e-02
3.784129772667475106e-02
3.573692159071614749e-02
3.287170676793547269e-02
7.693102727075015919e-03
5.008175638889910547e-02
5.052719944642730665e-02
1.954975055938276349e-02
3.239577693502602301e-02
4.460129665363834345e-02
5.080869655567903792e-02
1.226405900655222134e-02
4.153029696116796593e-02
2.547524357534290684e-02
4.122786288312748487e-02
5.280324824887212831e-02
7.381156196742345854e-02
2.771988578486870095e-02
1.414266377435146813e-02
6.450626051705809008e-03
1.942981961914166250e-02
3.233471408225298271e-02
4.779096596912704720e-02
5.095568014647727101e-02
5.040213699750083903e-02
5.329867657431140715e-02
2.422362469700538312e-02
4.857111983959413321e-02
2.918396910221536175e-02
2.847551672476964640e-02
4.058981429076511521e-02
4.584331389285214303e-02
3.085299202993717002e-03
8.259896787849080324e-02
3.367925403528791646e-05
4.908563609231696157e-02
2.508247540669581929e-02
5.105573043307698455e-02
9.144331460677385462e-03
2.271253073225979260e-02
3.025280170185733197e-02
3.948790668615915350e-02
4.879651317432529695e-02
9.078989517542946849e-03
1.488965859338532488e-03
1.956328810475491814e-02
6.415364378900167974e-02
4.825333881647131395e-02
3.437604697232442968e-02
7.011135878898131727e-04
2.653212456711097691e-02
1.149855401001300889e-02
4.546087992722756127e-02
2.601920792459757464e-02
5.695943398814869857e-02
6.372516122428158181e-02
9.432829349342736203e-02
3.206509388910906699e-03
1.903586422366849854e-04
2.472426206897447923e-02
5.071864528682491075e-02
3.008538907269707463e-02
4.758264678032573386e-02
2.816563681584888582e-02
4.523865682072574640e-02
5.253130599844636761e-02
4.848548838259740534e-02
1.448035164573042294e-02
1.957970001424402112e-02
3.095261650099307565e-02
3.885292593792315924e-02
5.864668403194699814e-02
6.247578412932967493e-03
2.166384792007587309e-02
2.319782851193363457e-02
5.216836907895216341e-02
1.024080856562745688e-02
1.562354009648387991e-02
2.319953129995114965e-02
3.201044954413739449e-04
3.509778915895350043e-02
6.392503793871384329e-03
2.060608942198726562e-02
3.308185297269048558e-02
9.554401569847308789e-03
6.597273367059938503e-04
4.373192639920409769e-02
3.816539994347344349e-03
3.568349091847707044e-02
2.340626408070769614e-03
4.545495276808948076e-02
3.089031159483477860e-04
6.393276530176803755e-04
3.793138751480904652e-02
2.240944764538362055e-02
5.872904847630751150e-03
2.127339768182445745e-02
3.626687438189167968e-04
3.895450194238592873e-02
1.119477306185169899e-02
7.507985648855465457e-04
1.218875718434172042e-02
4.337075046163546554e-02
2.458864198591237393e-02
1.045622063139714855e-02
2.396638374157234602e-02
5.757020165414033878e-03
2.829113898150303549e-02
2.663122509693039222e-02
9.338859540958321243e-03
3.682225453562420342e-02
2.253209146677970925e-02
1.951726542594717922e-02
1.470685425834835844e-02
3.226502803037575862e-02
3.365666000276809188e-03
1.360174704403048669e-02
3.016363620306374699e-02
3.189896562509534489e-02
1.993897991288009694e-02
5.009674298500553513e-02
2.429611385150248857e-03
5.394775099687212916e-02
2.652496635594819505e-02
2.910509011453980138e-02
3.892247596344873550e-02
6.133019863485488637e-02
4.248962202647055264e-02
4.792559322843150532e-02
3.920574395012266407e-03
1.320618115748161021e-02
4.202675642676810541e-02
5.744432444571020285e-02
4.961715333449067539e-02
2.527814610324336658e-02
4.519027554068152366e-04
3.809184181432139632e-02
4.674568921856601944e-02
3.109989690721216490e-02
1.469170907479605027e-03
4.268915010436489382e-02
3.875481676678145439e-03
4.447927855754886528e-02
4.708892044044732383e-02
5.461525253051602996e-02
6.051001341630547758e-02
4.948519011854567162e-02
1.967927743664851445e-02
1.556432137405588424e-02
7.821402452445017084e-02
3.497582201761758464e-02
8.469980365672126477e-03
1.620134646336046647e-02
2.178644360471395508e-02
2.603983570073616170e-03
5.056951215550128161e-04
5.783385705034913005e-02
5.840690756684994295e-02
4.795364792568936746e-02
4.020275573604942254e-02
3.202642528950276624e-02
3.560880622688915396e-03
1.018581030772228863e-01
3.820116192091667362e-02
1.559606622499733024e-02
2.625785115022081020e-02
6.184558998752054523e-04
4.175672046009544502e-02
4.295260714180081096e-02
3.788839720085069446e-02
4.474216353612756741e-02
2.871784662445840339e-02
1.574889127537474611e-03
5.789738654921450407e-03
4.220934851272016564e-02
6.633358368775701952e-02
4.615128591708865849e-04
2.393671828152181373e-03
5.486876818810577927e-02
1.390185535954932203e-02
2.096015856667853353e-02
5.286171951256273677e-02
1.541272912537902879e-03
6.159559437444732562e-04
5.113776471179685285e-02
4.627384755723212145e-02
1.058334600965456403e-02
3.495722867507154719e-02
1.643647218423293505e-02
1.415872078245030731e-02
5.387809669339291979e-02
2.744116973378402449e-02
1.283841160398776528e-02
1.746194976434733981e-02
3.666751948277210960e-02
1.094327822816879535e-02
5.373925101891497726e-03
4.379373138817959504e-02
5.491888291205167250e-02
5.165867023847804662e-02
1.121086042134912021e-04
2.764806986608856626e-02
4.197342999799361096e-02
1.601098580001588875e-02
3.979629540339331417e-02
1.233232521890120087e-02
2.663512751366476500e-02
2.991998938253847412e-02
1.521617309072782189e-03
5.037495227874522197e-02
6.101085097874667240e-02
4.623912772244238162e-02
7.796309971527233193e-03
3.374752816962567348e-02
2.791917292435645848e-02
4.257379604376588383e-02
4.969343907966569662e-02
3.216462060948722251e-02
5.674331526172814427e-04
3.657371368917905485e-02
4.324271906711115582e-02
2.255574225951901407e-02
8.300661988587058546e-03
3.091632190164555344e-02
5.650887879200363392e-04
3.911783818399255930e-02
4.767710975395436646e-02
2.821973873660980989e-03
1.464648647178676136e-03
5.013269294181723484e-02
3.941331196351113147e-02
3.204291000768463848e-02
5.090764668442279012e-02
4.059625228652873064e-02
1.918187674073156337e-02
5.737749845528914566e-02
3.563286484978895469e-02
4.462210763108864775e-02
4.769842742262806606e-02
3.041687293212105847e-02
6.808330731327273677e-02
4.337734076728207849e-02
6.452250359989243622e-02
8.018374665515947894e-04
4.379454468801049355e-02
4.626712265369235105e-02
2.878809869345591577e-02
1.905297465086700989e-02
4.597671930661093032e-02
4.812573140058881010e-02
5.088419582952664888e-02
2.644506637309405363e-03
5.026480532769661341e-04
2.605129561975913846e-02
6.188676940571759093e-03
7.181817285744045154e-02
7.916320135094684698e-03
2.612592457734693244e-02
3.326508125510548725e-02
8.942449672862741103e-03
3.813743649722114992e-02
4.988349010986763143e-02
3.196076406217022298e-02
4.988731377882366785e-02
2.857432020236541311e-04
3.547099064854014692e-03
1.112602370442625221e-02
8.045768137876881110e-02
2.061426547307208118e-02
2.248667484859099772e-02
1.012963178474610496e-02
8.380820679176642640e-02
4.344712312445755259e-02
2.215075172391642137e-03
5.110639241930717280e-02
2.198990723276638554e-02
4.499536952305151216e-02
4.239448362174256385e-02
5.813730464789474556e-02
2.342608679920478898e-05
5.645915395537675794e-04
2.457706225703827629e-02
3.043328786913585687e-02
4.192509233161886839e-02
6.707336289508027450e-06
1.517916771311979621e-02
5.145108627711815485e-02
4.033588295719033046e-02
3.769421196148238506e-02
2.953044920669641721e-02
4.140388159090511305e-02
8.757998085317186820e-03
9.781090943885854122e-03
4.758793698831613982e-03
3.292932327107642859e-02
4.442813640061576280e-02
2.634493973255578117e-02
4.311698851720862508e-02
1.402646433119245084e-02
5.514125716605598054e-02
3.786502113378968637e-02
2.178290041298281896e-02
4.932811846436373215e-02
3.612131049747078181e-03
3.891486371728101849e-03
5.083234042157518118e-02
3.118921213567434764e-02
4.867527775529535694e-02
7.022975563771403787e-04
3.467772992826818196e-02
5.711237374084697505e-02
2.766115170538753151e-02
5.569060719799975162e-02
1.442567217864776895e-02
4.887995752827403728e-02
4.997193286302385740e-02
1.317470460503016548e-02
2.133422534673990595e-02
4.958228044548170649e-02
4.571340695963826972e-02
1.055957844766896615e-02
3.154706118722505614e-02
3.720490118260467993e-02
5.009655359640102085e-02
4.244217452037083588e-02
2.695885233373382373e-02
2.447214165916432316e-02
4.294575633859713110e-02
5.470491295087184097e-02
5.689569210015211348e-02
8.888485943646908666e-03
3.454622824207589926e-02
1.258638088728748425e-02
2.963831288060397168e-02
4.855892726188186515e-02
7.557342674396880233e-02
4.464143211312193021e-02
7.968144295836024002e-03
4.622802115767947820e-03
2.278072641043250510e-02
5.167952288949743955e-02
2.006468362528063265e-02
5.017130372336428903e-03
4.871442912289245669e-02
4.183653145075762886e-02
5.844368199308925399e-02
5.580965002979480089e-02
5.804485392763374801e-02
4.143533509207977805e-02
1.555443897731638957e-02
4.350165352779944428e-02
1.424039995585807059e-02
5.349617505731243949e-02
1.250233243810021551e-02
2.665300439513944297e-02
5.234847881806362763e-02
