5.736131996458054307e-03
6.442804254446379830e-02
1.277214289837639953e-02
4.129864533091991141e-02
6.897488484025034172e-02
5.189944031498897742e-02
5.585108111157317812e-02
3.366165875155290033e-02
3.382482728024450644e-03
1.706023874658363707e-02
9.843145392672529581e-02
8.275939665504386533e-02
8.434663439176356969e-02
1.501723934311185484e-02
7.718799819546193208e-02
4.758206273625223415e-02
9.760173304901369196e-02
7.460404262394309746e-03
8.140656665635512268e-02
8.791293230382415946e-02
6.430178497129639473e-03
1.014297002312637436e-03
3.127207545195482413e-02
8.414109671291762627e-02
8.753581603566727709e-02
6.964705736926130042e-02
5.676384758242491307e-02
1.073848150612216334e-01
1.529859160731527300e-02
8.109570663845719340e-02
5.931497456872628776e-02
3.423969645549219259e-02
1.018049959641144364e-01
9.407950545433482747e-02
2.356022361176686453e-02
7.971640869811164043e-02
3.723296703134167801e-02
7.731857909487709068e-02
7.642469141987554004e-02
2.185810853721773907e-06
8.766751347608156553e-02
9.234587639417039806e-02
4.488317401149380381e-02
1.019463440367597146e-01
1.097164832509527205e-01
7.797075347867916950e-02
6.168716336176909010e-02
1.708717932435594887e-03
8.623319726607131530e-02
4.672463718048431441e-02
7.992704129843403171e-02
9.852774094334278143e-02
5.103309077574771230e-02
1.085038111163895945e-02
2.467284037563616944e-02
7.934541076599695153e-02
1.099176326221943667e-01
1.007622650059208647e-01
9.017184462840625858e-02
2.473410344493888122e-02
1.692289678096720040e-02
1.020866706285206565e-01
8.518982146530761079e-02
2.190291719374102761e-02
1.281579968400565171e-02
3.115137032636632747e-02
2.291805524015979451e-02
4.986892598884112154e-02
4.239304172808305154e-02
8.686010083308420143e-03
5.920582559365347719e-02
3.573724700049076691e-02
1.191553530780881283e-02
1.069091503841869406e-01
1.453273137756625486e-03
1.367507500145248751e-02
5.675195522232089063e-02
9.895926587794921445e-03
2.395841395834094611e-02
4.962398805754437980e-02
4.016259627852020175e-02
7.530725149371171080e-03
6.766892921129269434e-02
1.552032002691777074e-02
8.937852889522127087e-02
8.230422445804691511e-02
4.867226115347954296e-02
1.593693358480899325e-02
6.776154469049555651e-02
4.305189602945311972e-02
3.318496319447219317e-03
4.802879884742024263e-02
1.085993255663505325e-01
1.016450165946635870e-01
5.710471155224422501e-02
1.170757566697247856e-02
5.390189182127829836e-04
2.117693415931416051e-02
6.669076422641634361e-02
2.401179982979285629e-02
1.078532771890761827e-01
5.852393706417254038e-02
2.418563075433924001e-02
5.560088473468419168e-02
3.519876499894050714e-02
1.082805225251989162e-02
2.696998863534792387e-02
1.001360013119783621e-01
1.019143284689519868e-01
8.336218079792739877e-02
9.912608063593881733e-03
6.554092699925592735e-02
2.841445545311334017e-02
3.264453225581968876e-02
7.227803923869696723e-02
3.192210190007473136e-02
9.616642239141852400e-02
3.996152726617935996e-02
9.621615654399792716e-02
1.325450393890506215e-02
5.236374960124652762e-03
1.375603757206421245e-02
3.086831415203956236e-02
4.155523965914406648e-02
1.042004108417908664e-01
5.301423876982853250e-02
5.157627640388698365e-02
4.836855834282412225e-02
9.806839407013005772e-02
1.093856777934440055e-01
5.167123574996083935e-02
8.688541385923297111e-02
6.469564942400909957e-02
2.207101669531784122e-03
1.622428626850424063e-02
6.380183267424710536e-02
5.852680521643602307e-03
5.806979144752930089e-02
1.074588174314458355e-01
1.915037701324484934e-02
2.474628778665933712e-02
9.067457061551383035e-02
4.664759823572109387e-02
1.005584354144352932e-01
6.369029256857475230e-02
3.889289855977336868e-02
2.859223982908646808e-02
3.647676431436726319e-02
9.667788916871174545e-03
8.574609392376730810e-02
3.166833937660624293e-02
7.592676419488728068e-02
8.452078113772758250e-02
1.027311119266993422e-01
2.254620760997204723e-02
3.741036389820923819e-02
4.556616478434655920e-02
3.878990165851722849e-02
3.247571775472257727e-02
5.977183464493214526e-02
4.067581976753683465e-02
4.293937782365177258e-03
8.304838053779235729e-02
4.636887541473386914e-02
7.669175648169011816e-02
5.239495740251482597e-02
2.613704396195382779e-02
6.397725887713629107e-03
1.136917913815495458e-02
1.777363709002586015e-02
1.081415187547058454e-01
8.945748136282721807e-02
4.707029173142952827e-02
9.070173730886554875e-02
1.053736336093473794e-02
4.169967238465796533e-02
3.650624051119547714e-02
1.045522871904875639e-01
7.555365889024154291e-02
6.360057764742771402e-02
1.011131655086262709e-01
6.780134541380815338e-02
8.327381744220004045e-02
5.400638989249599564e-02
8.828401024997215019e-02
5.343821291155465697e-02
7.815875383868485515e-02
1.000091218782731134e-01
9.323711858208556802e-02
1.787170742597854120e-02
1.018360257267457575e-01
7.602929612311834506e-02
3.902766417267466287e-02
1.063043761878592897e-01
6.272496038969295040e-04
8.934435500938235630e-02
9.515539670069551870e-02
6.709859611768136112e-02
3.709786842287875197e-02
7.930182674824391709e-02
1.196640137336180132e-02
6.443089373575247580e-02
5.982018366532426690e-02
6.738099192336201304e-02
9.592896604774131530e-02
5.982852563025227444e-02
2.274168370803579230e-05
4.335048448319757386e-02
1.125527832032701889e-02
1.070777108287617047e-01
3.981211199894779673e-02
1.913616678156519367e-03
5.646232553642526603e-02
7.097194227675710128e-03
5.705902630863272755e-03
4.516452730866136328e-02
5.762547701473712258e-02
7.670990270369848485e-02
2.125724227130939420e-02
9.011536206687267847e-02
6.676914383035802147e-02
4.325656909244397774e-02
9.617751150754144662e-02
1.093783736022198860e-01
7.749010370969708350e-02
3.433038681331493369e-02
6.839716819098294424e-03
2.614763685023387824e-02
6.070847132958189646e-02
9.132662438656227732e-02
4.715343549825590230e-02
4.356588853404484013e-02
3.841727278083913177e-02
1.165747849312508307e-02
5.395970466527923864e-02
7.546298771804620109e-02
1.081810746004767537e-01
8.868763377331782133e-03
7.660265930988978400e-02
1.062580401176876355e-01
7.142749403938067343e-02
8.543804686752358435e-03
3.896558229388268069e-02
6.552562948064560855e-02
6.999068650063342001e-02
4.124492949051072888e-02
1.384382457186597234e-02
9.728188282371511009e-02
3.957478876137245777e-02
4.953077847567877168e-02
8.717047269188424319e-02
6.279455768386281445e-02
8.647158532688911659e-02
4.618918812911024241e-02
8.007273504236479475e-03
6.847971127610495701e-02
1.415755462692937575e-02
2.654200018016762350e-02
1.246123260649735975e-03
6.338136115143085114e-02
1.501503926061131811e-03
3.393773364387296654e-02
6.049099989443195574e-02
2.049920234248185646e-02
3.578265595171117863e-02
3.680995979606381530e-02
1.094856081060427248e-02
1.082342790029314494e-01
1.035706400463404092e-01
1.610060099596410943e-02
3.339802351942432884e-02
8.500122292658006395e-02
3.513243089552107318e-02
5.656330925511272173e-02
1.211345927687770656e-02
4.153905887637198563e-02
8.172159380387615524e-03
9.328450303338689520e-02
6.875786897245950158e-02
5.420857178798723502e-02
3.007205056847980437e-02
3.086500871277507441e-02
2.510273993744459656e-02
8.283678927248046275e-02
5.516750652939747535e-02
8.878412757130872690e-02
4.395046207313045572e-02
1.063815471149816838e-01
1.095474290234047486e-02
6.269851216347864520e-02
3.431649645368742979e-02
1.008677699207277262e-01
1.025771449098735327e-01
4.638867099965479635e-02
8.763679855988326661e-02
3.630069098927230647e-02
9.584779708435423040e-03
4.096868794431061250e-02
7.541719696981738497e-03
7.378033398293409525e-03
9.576112946520710240e-03
6.417858691502102697e-02
8.956363957940413623e-02
2.485541531657859890e-02
2.433272996971389338e-02
7.912351743409699878e-02
5.232819885921102115e-02
4.563983543392365755e-02
1.093987036739353935e-01
1.095070148679173488e-01
4.637720496668337744e-02
3.951187972027660200e-02
1.712903616998221953e-02
8.552158350283524391e-02
3.300209584981611457e-03
2.217603328068364771e-02
4.351228419371430678e-02
8.139619243845855334e-02
2.813084716815154526e-02
9.072607321948814724e-03
5.246336627148623713e-03
1.287470600113324419e-02
9.833543075723592819e-02
6.392267199802730004e-02
8.412389296710710840e-02
8.488823417392390991e-02
6.637441987963491052e-02
6.838717526515136758e-02
8.036488923041873456e-02
5.384561665961904581e-02
4.409077220090613231e-03
1.533219008036836722e-02
1.082639854457353584e-01
8.883045714228422762e-02
1.035662642517149595e-01
9.666544129209439506e-02
5.271158113757982815e-03
2.237754913941396306e-03
1.068092153313262849e-01
9.158864790076065576e-02
4.746754701201128662e-02
1.625246058823654957e-02
1.395398205152310889e-02
9.185673235548406923e-02
4.738727405550403199e-02
3.321268617481767937e-02
5.884869115843120724e-02
9.472311497637109223e-02
5.779543578475109661e-02
1.605126869374132875e-02
1.354016681992219369e-02
3.245332740530441906e-02
4.311144057659801673e-03
7.267525088805597278e-02
1.058767444192787038e-01
6.353521812664329749e-02
4.435922381887871108e-02
1.372191154659748065e-02
1.050523933920516906e-01
7.069183919306912256e-02
1.244082815994205712e-02
5.673064891995366343e-02
4.790514325146551233e-02
5.891458309235163976e-03
9.352905900385938276e-02
2.016252674603135828e-02
3.678168981301186552e-02
1.541870689944925196e-02
2.317514253240586519e-02
1.845979523747372231e-02
5.496048889135531079e-02
6.533669770457193465e-03
6.527145316127451295e-03
2.960663147231651013e-02
3.752630598930413452e-02
7.018974548912343403e-02
4.692536115877669889e-02
7.570037423594100368e-02
1.859160139989519652e-03
1.522253682242037665e-02
8.118619222438953897e-02
8.531397014302805060e-02
9.685234732152135650e-02
4.253646511218486803e-02
1.030488733057706024e-01
8.374338075596021030e-03
7.755464368180627066e-02
3.360566292493911956e-04
1.814672635091618344e-02
8.402985956938784085e-02
3.418332702212636270e-02
1.051927071593564966e-01
1.038568263311973883e-01
7.814795845535661700e-02
9.166959495193721663e-02
9.646650564852182058e-03
2.538165778592805025e-02
2.786348346869490719e-02
4.662016721921129897e-02
1.038427622860721988e-01
1.720265749111703560e-02
4.816361384273967067e-02
4.793656060584648715e-02
5.173202982279258288e-02
1.098101805830707101e-01
1.093348169314856816e-01
8.477132048936585063e-02
2.602889610670265641e-02
1.004090554331955598e-01
3.140385419051554619e-03
1.064037705086288976e-01
1.067637572096389320e-01
1.534602172602776617e-03
6.788484945214091903e-02
8.593028933916485590e-02
1.043894309395784897e-01
1.099061157031678004e-01
9.792811771812671984e-02
1.526881998236366382e-02
9.058202352885037778e-02
7.494806632739081653e-02
1.741846049909386365e-02
4.029939635554873750e-02
3.393964050033086710e-02
3.000060195983656960e-02
1.086313481780501813e-02
9.169782602764336987e-02
2.465451344153642491e-02
9.949151417943096626e-03
5.153590446338406073e-02
5.187837231641209690e-02
1.147065253398965069e-02
3.434376988024923777e-02
1.307225891955616538e-02
4.541002721549688634e-03
8.371419561649329211e-03
1.035566068143486118e-01
1.096814267941494531e-01
1.651538975074092613e-02
1.275654573051725714e-02
1.034095590288075378e-01
1.061874838164347662e-01
7.532653128304629686e-02
8.263212833740124497e-02
7.166782271280325300e-02
9.709383747476467430e-02
2.050052677120860548e-02
6.240010950095922077e-02
9.403588936243829910e-02
7.208930199410532036e-02
1.318287452038899819e-02
2.622873974080034906e-02
3.831952629544325278e-02
9.781296713744400476e-03
1.279909005151762562e-03
4.368341425802473553e-03
4.927312855054969201e-03
1.009959997134315668e-01
9.382779633631947724e-02
8.436058664399725959e-02
1.233446787089048039e-03
1.643043535311766029e-02
6.348605640485929270e-03
1.084599976002129651e-01
7.332575365952059832e-02
2.098758446842750348e-03
8.859854800347713444e-02
6.879202090969217809e-02
1.072873861978650145e-01
9.352086637007792080e-02
8.383817281593497484e-02
4.126413362295831833e-02
1.060379319400212017e-01
4.424604986827901376e-02
1.079900105785190495e-01
8.777477731230015623e-02
3.278164538113858412e-02
1.030743677926267976e-01
9.602383000417151482e-02
7.333820111776580275e-02
1.053758081242344852e-01
4.363393462435170150e-03
2.160558578062450955e-02
9.350575816563333476e-02
8.418550293392754180e-02
1.090108961400656634e-01
1.425576970708008692e-02
4.179600563737538577e-02
4.982874806153605313e-02
5.439035123093915319e-03
2.496479962654076998e-02
8.930399136010486183e-03
7.454227602337977487e-02
1.552605551459481856e-02
1.571626855390934312e-03
9.730399575643275401e-02
3.251694888316007670e-02
8.408565829750910825e-02
1.073644800976083225e-01
4.656072799870837782e-03
8.573840175487569548e-02
4.471044622997275703e-03
7.713916473704816867e-02
8.966846341881805349e-02
5.108330345536038486e-03
1.875557791519164366e-02
2.612319759967679598e-03
6.498360975887222495e-03
1.916122707939917763e-02
7.392251984081407712e-02
3.137528918810219419e-03
7.905825267039366319e-03
6.609388053878011322e-03
5.714905512616650501e-02
3.280741768063212202e-03
6.815603936332381707e-02
1.233326904762566296e-02
1.028367619687551998e-01
1.772702295562796418e-02
3.430936166944397597e-02
8.934550828900190977e-02
6.546904103093686977e-02
1.083406519534499401e-02
3.692881520926465880e-03
7.696799757056825564e-02
7.097380702577450740e-02
5.899461707424315943e-02
2.454789316396102216e-03
2.098414192394241345e-02
1.708377118580165291e-02
5.507490325945784554e-02
8.745587504476300122e-02
2.917432484622006425e-02
4.620741498469425196e-02
5.566726017757000350e-02
2.579032194566350210e-03
8.151058584708895105e-02
1.467860587196135767e-03
3.168283515932836247e-02
9.042352874772639770e-02
1.098833128639980644e-01
8.300285602956347653e-02
5.517630769279585623e-02
2.593976836577328166e-02
1.353296781352812152e-02
7.534937519364118264e-02
7.231482047803124147e-02
1.317463832857578357e-02
1.533601527333234259e-02
6.531789126968941088e-03
3.652901779295293638e-02
5.464037719491707940e-02
3.007563042282836857e-02
1.091850189128549947e-01
9.187152185866785670e-02
7.189792547336718020e-02
5.682819401956123312e-02
6.164735963846470351e-02
2.378527091268201749e-02
2.293644470312991915e-02
9.848964734195881157e-03
4.448227282531489607e-02
9.554822896574255431e-02
8.431423945643232165e-02
3.720485288174370242e-02
6.049619765419997353e-02
1.040487900775622643e-01
5.665810133262311893e-02
3.937649913562082243e-02
2.966171911293075808e-03
6.115698852310114814e-02
2.272306796170974613e-02
1.052212124636754953e-01
6.386747337733153507e-02
2.319661409061235871e-02
1.070306650142659882e-02
1.622491101667502059e-02
6.558823206769899550e-02
3.685860560526566659e-02
4.608958949049777459e-02
7.347325726998496509e-02
5.294365479243329925e-02
1.056211185227129944e-02
7.636895425758118139e-02
1.009372550658173273e-01
9.154633567548893427e-04
5.874085487427699315e-02
4.259771742824206529e-03
4.335637705187938250e-03
9.288604411632360447e-02
4.415114942766013711e-02
3.361893272569629974e-03
9.585325551570737443e-04
2.206970410329815377e-02
4.790021815917861608e-02
3.615116991420013609e-02
4.511987717454108565e-02
5.119288131470503544e-02
5.944511981956833446e-02
2.071390828420836133e-02
1.091304540647382582e-01
5.558034254372537508e-02
3.793741362873317285e-02
7.658631478019063297e-04
5.412968352364961461e-02
1.532015864343701066e-02
1.110322725630216896e-02
4.460278352992257805e-02
4.659895379395733589e-02
6.957877763836213363e-03
2.846914904197377083e-02
7.095180753893962078e-02
1.091737311063270960e-01
4.113997637101819704e-02
5.527754590317461580e-02
5.411553235791795313e-02
1.612579517961713546e-02
6.169211643409652085e-02
2.763321128610066527e-02
3.600476441354803769e-02
2.139933601869761434e-02
2.751120065200931067e-02
6.955607116803191881e-02
8.426785136455555714e-02
5.651312899862460243e-02
8.872085454600703303e-02
3.124921050814544188e-02
5.684548097849579339e-03
6.967945350799573112e-02
5.399013822291812148e-03
9.878433551874259144e-02
8.325103395595005729e-02
1.465278655041825882e-02
1.019764388433395605e-02
1.096655001600629203e-01
7.475755854564583580e-02
7.479325057477111821e-03
1.041906285356271472e-01
6.372609253030220300e-02
7.133911344514440311e-02
3.052054310416977417e-02
9.165417206913147041e-02
2.491540904691598793e-02
7.809997124991811812e-02
1.938693386271245211e-02
8.162373882609381959e-02
8.942929385311101931e-02
4.704497503408637538e-02
6.410188067065440698e-03
6.807784003280360763e-02
1.055632747075206310e-02
1.431851382650933292e-02
2.945231886687543071e-02
6.868141683400998121e-02
9.869930442748395261e-02
6.793950078124594283e-02
2.663878408057151342e-02
2.043855479307915904e-02
4.519228745587851141e-03
1.659287822885119335e-02
2.340029498814807582e-02
8.988274148841131350e-02
9.387204720102931832e-02
8.363707661036081514e-03
2.890138517850354000e-02
1.080996632774484517e-01
1.022965944128501753e-03
1.045734123472197852e-01
1.029199439804533572e-01
5.516136796473997128e-02
6.900108654392679564e-02
8.209162619723667231e-02
9.905200807447746281e-02
9.691595794841442735e-02
4.451224683583132093e-03
3.995142011165826734e-02
9.514796709630161942e-02
1.460709919167642486e-02
4.050786240395930216e-02
4.927541024652144774e-02
4.180694866612033600e-02
4.294811896002860389e-03
5.808901656628162602e-02
4.938411581357265989e-02
3.694110435392468188e-03
2.516686928470002887e-02
9.102100959112170708e-02
1.009634373471547941e-01
4.253828745708410075e-02
1.311365274829232042e-02
5.637081924239014698e-03
2.429731619804462606e-03
8.912515336406971744e-02
8.766146280458934903e-02
2.345192591046079897e-02
3.117719403244888915e-02
5.939749946430755018e-02
9.603369010251126825e-02
1.067092843536308205e-01
6.111252246121062770e-02
1.914049364525280406e-02
1.041623620057196137e-01
2.201281358076047009e-02
8.831365275306661544e-02
1.930416680788082234e-02
1.034864910090804307e-01
9.300429960994024969e-02
6.396509499005122168e-02
3.073863785427068465e-02
8.057320786964000670e-02
5.116239417185477339e-02
2.592120218825776437e-02
1.612429662689877571e-02
4.911958071210666826e-03
4.303601959026781597e-05
5.339701284634564005e-02
5.717080689866108761e-02
1.904978386380420594e-03
2.223956771911404784e-02
6.765926379425931877e-03
5.521126612993883936e-02
4.309436634413722766e-02
5.350010533394448063e-03
7.058238482530426738e-02
3.254059443759900472e-02
4.865373689655126677e-02
2.012255290429029037e-03
1.445801109849073618e-02
8.569419846104775473e-02
9.844400751989970666e-02
1.041186823688819291e-01
2.496606563874961653e-03
6.200252255916165883e-02
6.561619018127359815e-02
7.662267099209922605e-02
7.308611193921589304e-03
5.838560164030189709e-02
5.598324109420076827e-02
8.194562968791201107e-02
1.617627553118001441e-03
8.559406471388446291e-02
1.052424457577671446e-01
1.051656886160738935e-01
4.038398145355948966e-03
5.353503113760729043e-02
6.587086587005575034e-02
7.427924200635770136e-02
3.611311476333552151e-02
1.048298959957327803e-01
6.209042172652423641e-02
3.018037350694917006e-02
7.347196958074506123e-02
9.091826020883442272e-02
9.950252288275192314e-02
4.642851651464691143e-02
9.900207141757810803e-02
7.424770948810648086e-02
3.409081350113045417e-02
9.744274738222395704e-02
1.064715534338496750e-01
7.886535739910974230e-02
7.837743235495658878e-02
2.535377748552786886e-02
3.411088160370202155e-02
1.133890567876148781e-02
1.990213291760517013e-03
1.095799759146867253e-01
7.712638728865725546e-02
5.587054321151375957e-02
4.803046476162631251e-02
7.481591378889700106e-02
1.720786922768240135e-02
8.077353131469532099e-02
4.060530802404236500e-02
1.016790834060538190e-01
5.953929231991428317e-02
4.101398000031995783e-02
6.349059512670879313e-02
5.416657428457906376e-02
6.240017788572736757e-02
3.024684016759919547e-02
3.525874678349213975e-02
6.715275749100273195e-02
2.372902581478653072e-03
9.470365016807649750e-02
1.070647965594659218e-01
8.715765842808460839e-02
1.083762139098790184e-01
2.102169574156024026e-02
8.118573801188533334e-02
9.708092199654799748e-02
6.059054912303091234e-02
7.413314707109540380e-02
4.022971908770073268e-03
6.218053798464154985e-02
2.448120048060358021e-03
1.555395375417586773e-03
6.209100305110762386e-02
3.723795694478407997e-02
6.316558679709501078e-02
7.453647088168291468e-02
8.261294069354371827e-03
2.427003660354852196e-02
6.761490213625438728e-02
4.629436763275728700e-02
8.832354679996722024e-02
1.003521991337650160e-01
9.561651221120874566e-02
6.241402030925542743e-02
1.558761536127521025e-02
9.489417919683185154e-02
2.959817276579567585e-02
3.800633929607848821e-02
4.168878152447253599e-02
6.647597494793675010e-02
1.850627670342188530e-02
6.971516883536123255e-02
8.705055525819703488e-02
9.932651182772338216e-02
1.717690822947793086e-02
6.859641713547871833e-02
1.658236172359773414e-02
8.254947154352322569e-02
7.193665236860220802e-02
8.159486552350068977e-02
9.699785081404824205e-02
1.655050208954069249e-02
5.652365495708902565e-02
7.823993798973895297e-02
1.726610622654651400e-02
2.144975860754106539e-02
1.094304553044556094e-01
5.898679042437655895e-02
3.730644902160837328e-02
1.186269974225005047e-02
5.195844224033702857e-02
7.496996318652471292e-02
6.396016879063072536e-02
2.300516058360240271e-02
1.751856428567974064e-02
6.872689002978106532e-02
2.353580722500751149e-02
2.175993850438527090e-03
1.014192275696552542e-01
2.661212173866800228e-04
9.367957837689440403e-02
8.737574065692993441e-02
2.751210803694145723e-02
3.044287475884247668e-02
1.045729531318924377e-01
7.015245378059585535e-02
1.061214210442286004e-01
5.795329123826763879e-02
2.682507380298682076e-03
1.004691202829040286e-01
1.091112671797022787e-01
8.339157730675074431e-02
8.525619789531181658e-02
6.107798157012428453e-02
2.143195106197007607e-02
1.070900663399119712e-01
8.671576575928159614e-03
2.812637624161821656e-02
9.517664159803861448e-03
6.080841137863968095e-04
1.036936313415745409e-01
5.420076810485131499e-03
1.546798367067608697e-02
9.641423371787362362e-02
1.101580250133533945e-02
6.365133332046096597e-03
9.574310346682121664e-02
4.284445650453316129e-02
1.310295836522187320e-02
6.338151413865956985e-02
9.705310924575084874e-03
7.420027967354998017e-04
4.725935514554481932e-04
6.280338610916810956e-03
5.194473336571012179e-02
7.637260812518735509e-02
1.625649340809161769e-03
1.939938005263590684e-02
1.001999438145906307e-01
2.813349178753873567e-02
8.908049241506001137e-02
4.430788026219276143e-02
3.476898537061228617e-02
1.080177701506693580e-02
6.942280214992881116e-02
2.305591645424316660e-02
4.276828644764228866e-03
3.999698268368406806e-03
2.535726728416664091e-02
5.612322994198965659e-03
1.067270867021491432e-01
6.002111708689811254e-02
1.034459539922616689e-01
2.571921096928392846e-03
1.503097681575935561e-02
2.702114200355923077e-02
1.386788220929513959e-03
2.263562563041149941e-03
2.170345506902230520e-02
7.798947254843958954e-02
4.422846596830854946e-03
6.578014717582325241e-03
9.058223454162676880e-02
6.822836143654957552e-02
1.026745035449311561e-01
2.095279117713654340e-02
4.223170665711186572e-02
3.838018861806484494e-02
4.972236025646584873e-02
1.046976592418057822e-01
9.562666815129160225e-02
2.600085070824879191e-02
9.077064348719988962e-02
6.223899829470368877e-02
7.880349814751062831e-02
1.092454188944089605e-01
1.551221647475253124e-02
5.823703779062670144e-02
7.065153507281571321e-02
5.114044632977242377e-02
5.640175887325797610e-02
3.346974441337376149e-02
5.935517577114570592e-02
6.371229506143301217e-05
5.023056070416950791e-02
1.306531680382551699e-02
2.419790987235788567e-03
2.449955968274694293e-02
5.127070533580106032e-02
9.271675822099646747e-02
2.066913554301938113e-02
8.972503538422553493e-02
3.795863205473777591e-02
1.899364586601018368e-02
7.888100860584884577e-02
5.691431701355673806e-02
6.758707431406828225e-02
3.060211094843160416e-03
3.274052347561275827e-04
8.245907703729703220e-02
7.341592558429539672e-02
4.446001285387123081e-02
9.643580571964943671e-02
7.048792375734645732e-02
1.469060490174698471e-03
8.922603831086039702e-03
4.788044821834515352e-03
9.345505010167216853e-02
3.214757137584720037e-02
9.356846556154240976e-03
3.181644207107547917e-02
2.461832884222595400e-02
7.725627749296984370e-02
9.688291571826816717e-03
8.358249531777117713e-02
1.027811938267313985e-01
4.967725495007357245e-02
9.484144767477801705e-03
1.056435670632398655e-01
1.894129597188273784e-02
1.404857011501223739e-02
9.501825393614295179e-02
8.685360907893424631e-02
1.095485638411588802e-01
9.381039023223972095e-02
1.828027772742334481e-02
6.828852961475782857e-02
4.273659063508839645e-02
2.836542072980110293e-03
9.251762533370813668e-02
7.541608481622051607e-02
3.070590236289337267e-03
2.736054001778780859e-02
6.722023352957011422e-02
1.125842624928407362e-03
3.165162080142137728e-03
9.981106700220103434e-02
1.024339132587228085e-01
6.148812343149080359e-04
5.376020791218555361e-02
4.728985051207724478e-03
6.116568925245900734e-02
3.967952949845240940e-02
9.501064235902127730e-02
1.727070554876068714e-05
4.953961829064546657e-02
3.379366949032017002e-03
3.802357487517243895e-02
1.892565426628775235e-02
2.250445810236630442e-02
5.785119992248224582e-03
6.821842252477688939e-02
3.188667083648152271e-03
9.232488907526649469e-02
1.091746099535664261e-01
