1.625252097124442116e-02
1.102510299324186566e-01
1.240015782318220098e-03
3.348521409407589911e-02
5.743939889331403648e-02
3.400834349628729936e-02
2.544429453220429897e-03
1.038742632811036209e-01
8.448685884199951587e-04
3.223168138687906165e-02
7.467850893180873195e-02
5.040628790461088200e-03
3.370829090203903561e-02
6.782317960956835146e-02
7.093199512237019499e-02
6.249409241980353330e-02
9.677615538511838422e-02
2.702535609515022141e-02
7.726323871997532733e-02
1.509949830110307069e-02
1.081041873890580124e-01
7.774536684515455376e-02
9.853249313516497521e-02
5.813036040873371946e-02
2.036467771388224962e-02
2.712777920309913764e-03
1.035002915173320187e-01
1.111300596623923526e-01
9.214715411594916628e-04
9.949527793298593159e-02
1.032035705563014716e-01
9.453625620885998393e-02
3.387339739653980053e-02
4.212020021192749986e-02
1.043956582377522785e-01
7.410091774993557423e-02
6.559447867456137671e-02
1.975784045042567813e-02
6.866288242014678689e-02
5.787258873785706970e-03
5.530697982538225477e-02
5.286457266699921831e-02
5.477072412123581285e-03
1.035833620442545844e-01
2.157494238923870350e-02
3.242503936665513259e-02
1.034158892670733604e-01
6.679260416320101368e-02
6.280556322701537353e-02
5.859131692700206284e-02
1.833783219703320061e-02
2.304541701177332050e-02
1.023564493019384902e-01
1.458475717034099159e-02
1.116140170530624115e-01
6.103448108174145889e-03
1.047457608614956459e-01
8.850632142844835903e-02
1.548886232570231315e-02
1.796688827042250414e-02
1.061594747360862512e-01
7.589159534570910637e-02
5.166572929041182705e-02
1.568838309922333807e-02
8.461772087784814877e-02
1.056865400445940323e-01
1.941112992860362027e-02
7.329386031154398740e-02
3.174163986255576497e-02
8.202540009212803962e-02
1.155414815716594365e-02
5.759523066146869652e-02
8.486347101610414168e-02
9.042675749102968563e-02
7.509572522975003529e-03
1.090734130885896991e-01
8.767636255060917705e-02
4.424834487027711621e-02
5.664452960163335327e-02
3.141773688155832800e-02
1.181607863259230215e-02
9.791847610174039818e-02
1.892759467021205714e-03
3.030176515747965219e-02
1.058547265144565985e-02
4.731987388489308430e-03
2.639586553472609079e-02
9.101496563794586256e-03
3.908425563412300241e-02
4.864627002882214446e-02
7.149255589348810225e-02
9.789710096335872691e-02
1.524603792846895671e-02
8.160349744048626952e-02
1.117388598813335854e-01
8.248144633699977524e-02
1.022554135717516216e-01
2.051821048284948115e-02
8.501935178328544340e-02
6.807178693609387821e-02
1.067358289803940763e-01
8.775291579644398099e-02
9.788201548597898205e-02
7.119081541172012084e-02
8.864677828805406223e-02
3.955183945930639683e-02
2.727143050263220684e-03
2.750810296967015015e-03
5.998303536886143150e-02
2.976832299200253898e-02
6.090145155342456540e-02
4.069096112666563056e-03
1.065986019327856416e-01
5.993489282314533317e-02
8.995509211991387089e-02
7.051144646748237765e-02
5.939144129594060156e-02
8.987491884675993803e-02
3.134464463463126210e-02
8.807550280600212611e-02
7.674521319126488550e-02
1.327614664492612201e-02
3.669105055976894930e-02
5.046760386448924385e-02
1.030768908044989024e-01
2.183181362365507056e-02
1.325746514013647487e-02
8.176503064541919275e-02
3.451075549385833005e-05
3.539567953290533725e-02
4.631988043458425824e-02
4.196585018043749032e-02
3.388758392178164991e-02
3.803371446838174370e-03
2.262482953166412153e-02
4.691981542800591903e-02
6.959580256437215839e-02
8.295011247689336453e-02
8.799673809431462004e-03
1.155355364103511284e-03
8.357758191749585508e-02
1.106585044293391523e-01
5.148475263469316082e-02
9.439464495303222236e-02
9.500332822532380969e-03
1.616248718038807916e-02
7.640337288976907504e-02
9.433515189412473856e-02
4.148444854762350920e-02
3.018744635124377337e-02
1.096764241025931508e-01
5.000121077271693637e-02
1.792902258049538025e-02
4.447477824652241313e-02
3.053979860986515138e-02
4.814530068111965572e-02
7.806528623701304223e-03
4.392813079668624748e-02
4.464737032127003014e-02
3.468997138465232388e-02
5.645703948525931243e-02
6.470941177969312397e-02
5.708339501315491497e-03
1.273864336558959073e-02
1.023675082119085561e-01
5.195010182112890645e-02
2.190211857057228206e-02
1.081556426197637366e-01
9.515978233467595193e-02
6.810551385544393044e-02
1.399132209137552395e-02
2.461048683110417593e-03
4.330288392453918861e-02
2.885316829207444991e-02
6.900201834602788693e-03
7.712354475275637333e-02
7.052632471867402442e-02
1.096012682413110978e-01
8.996201070990217374e-02
4.806465282452211663e-02
4.149837129645418676e-02
1.102778426691269215e-01
8.167676992169917161e-02
8.700586501837768993e-02
9.378085491578692923e-02
1.007330928205767417e-01
7.097043822567478122e-02
8.593869112024964119e-02
8.963048802913617386e-02
7.817538184813138669e-02
6.157661806745573507e-02
6.758360820439465733e-02
4.989658263848573833e-02
7.083688393499751323e-02
9.044127100020775412e-02
8.339704748386803090e-02
2.126912440422779309e-03
1.495855758073965508e-03
2.041470262395182929e-03
1.331482950258335018e-02
1.103300476651722511e-01
3.773366553697642969e-04
7.899985248925640857e-02
7.041326871736121318e-02
3.143504161341452875e-03
2.416012280237594609e-02
4.337417772101321428e-02
9.819508918985978690e-03
1.856681084766570716e-03
9.413035132652626535e-02
1.131468438322313051e-02
6.560738301414313633e-02
9.134003593578293723e-02
1.077545944593208621e-03
6.536541735791122354e-02
6.884155366309043195e-05
8.913629879349124763e-02
3.422855868270394814e-02
2.309327228776125035e-02
9.491595201079459920e-02
6.960620434704310744e-02
1.946166253970800161e-02
7.873013288792519299e-03
6.986918592425385433e-02
1.025524477620805286e-01
9.180562036134798376e-02
5.739684869999475345e-03
8.307631422099565066e-02
6.035344000834069744e-02
6.774963803419180308e-02
3.354293604470379164e-02
6.652562384904454895e-02
7.662731064945910164e-02
3.262585466267126783e-02
1.112922859848982232e-01
7.919316043661411841e-02
8.709058059639744609e-02
1.924360735424130234e-02
6.103854325640003381e-02
2.553051836508237263e-02
7.868292151192302422e-03
1.071584403701725807e-01
5.846538262954720927e-02
8.168555021604149979e-02
5.725162864016085026e-03
1.038934174676132277e-01
1.101774090679474155e-01
9.704386068025350198e-02
2.091854897463584634e-02
2.680930079875487831e-04
2.346011309858231364e-02
1.110559943384058570e-02
9.063746117596888086e-02
1.002359144296853244e-01
1.067459216589372178e-01
6.606289654805244660e-02
2.082871573167883669e-02
7.650216968727363565e-02
1.034326239016426646e-01
1.371298836724435533e-02
8.180388447207628810e-03
7.468081819402943612e-03
8.988461906731975634e-03
8.793615225488949846e-03
9.087625465877295639e-02
8.967043529205896701e-02
7.418159587765399410e-03
2.989496629751230150e-02
8.366994755117771257e-03
8.473128123706027970e-03
7.356830801972030764e-02
6.889682817773319645e-02
6.905147417650066809e-03
4.930479447153440081e-02
9.885684572312989152e-03
9.851348218056102390e-02
1.076134641959022309e-01
5.464737580535621725e-02
4.409705218404508242e-02
5.351490396247932449e-03
2.742586821326113006e-02
8.123651200336019784e-02
3.041165477578574444e-02
7.803636331467193876e-02
1.118169310774640990e-01
1.214970051972077449e-02
3.616760563623532682e-02
1.502115550735465439e-02
6.606385408766078660e-02
1.170950524354459274e-02
1.052309462870474471e-01
3.239068455225115745e-02
1.018949902078778863e-01
3.698838651014352968e-02
1.066968355082146408e-01
8.290724813998195941e-02
6.702220940803051141e-02
7.525673735601719205e-02
6.593937015361198660e-04
2.899991508427553558e-02
3.287076672419079072e-03
9.109089120768996267e-03
5.917556054388090070e-02
1.014077600874481316e-01
1.081036567817378058e-01
8.234211707418477577e-02
2.231389671207865272e-02
5.694214007839045605e-02
8.529657619415785541e-03
5.581604283039020425e-02
4.413708846681163589e-02
4.199957287454755134e-02
9.044430916257392705e-02
3.405590116998006428e-02
1.676627512129946762e-02
4.671353370626515206e-02
5.127684582200816438e-02
1.666192036649360303e-02
2.801489919210510115e-03
1.927137507419833789e-03
1.091077046050476784e-01
9.901141018597807431e-02
1.069267549313831084e-01
1.786488315924995070e-03
5.532491439229344360e-02
8.396207906850208791e-02
1.088036245981153366e-01
1.014876050205600483e-01
6.708818601894177801e-03
1.000677018325832890e-01
5.539794188315585316e-02
6.279516135532879628e-02
9.747930480964004871e-03
1.119096629229882622e-01
4.910984248221698933e-02
6.882006562340457594e-04
9.522845620490144602e-02
2.939142868297458730e-02
6.855994165306573962e-02
9.919611126298033543e-02
5.819708992069667214e-02
6.286084307268506588e-02
9.778341897925443837e-02
1.077732062814221459e-01
3.020478960713933111e-02
1.585246655059671314e-02
3.229971475926657343e-02
1.338446071177029108e-02
2.462323090432961409e-02
8.996321061927446683e-02
4.371625480138508629e-02
6.402361360130968959e-02
9.664401440061938520e-02
9.373794142409223873e-02
8.361602900686073347e-04
1.091999656272036046e-01
6.027296068274152346e-02
1.115263787654375283e-01
7.853190993582721824e-02
9.321326896314867383e-03
1.067020451908928247e-01
1.082795508983811217e-01
2.519723603384957031e-02
5.312409278020439191e-02
1.012740086272918318e-02
1.044678203361069369e-01
1.033615388625105519e-01
4.052881301461382091e-02
1.461187331595956151e-02
1.020091468595955495e-02
4.311931936554295325e-02
2.653936414965673077e-02
7.902247003672219217e-02
6.106172524444256067e-02
5.534789045320684733e-03
1.111369335693139643e-01
7.615973579172807643e-03
6.695645101029266966e-02
4.303102069284595738e-02
2.007979542771214793e-02
1.042409912070693528e-01
1.066442202421560570e-01
3.775320454960293809e-02
3.864443423560011241e-03
1.114380657337616654e-01
3.722073606732745864e-03
5.621547467342290216e-02
6.023772362504025563e-02
1.061988159322512226e-01
7.721982572320973404e-02
2.767940833294389030e-02
9.942645840681710312e-02
9.656382614139624385e-03
8.163171710639109679e-02
8.807103881409043822e-02
4.268650918084303941e-02
1.507425148833118483e-02
9.954960747782688746e-02
4.742142026203354649e-02
6.673607363229730471e-02
3.690733990799416006e-04
7.728939750371202622e-02
1.114013824507295441e-01
9.146773720396489393e-02
5.502439894373094970e-02
6.517845101585716117e-02
4.579132803283764153e-02
7.766302953105713724e-02
1.092862149286094320e-01
5.954741831947315406e-02
2.686417725236835401e-03
8.021586380436399044e-02
1.640652340228825751e-02
4.589516058223450795e-02
8.144660137080113327e-02
2.263175940865447700e-03
7.266832604804115969e-02
2.643053605063899834e-03
5.342690409747156977e-03
1.095731806231310945e-01
6.842049731828006576e-02
1.401457687103754369e-03
1.120231634646966581e-02
1.070837687350576772e-01
6.056288739463048382e-02
5.141103151300795149e-02
7.440809003761095219e-02
1.069732875950903384e-01
6.712999853585260857e-02
1.527186805025477004e-02
9.535057717966907709e-02
3.976468387334057553e-02
2.414831695604906930e-02
8.710710757472034382e-02
7.787018396736165859e-02
2.308498969260843001e-03
4.843085228861084696e-02
1.146930286854590773e-02
6.341441031328544364e-02
7.475817554745703419e-02
1.360117739727778954e-02
5.409316413421374342e-03
3.961872128007985251e-03
1.078354293245530615e-01
2.704743133126410841e-03
7.077273270769023072e-02
5.388730519778142658e-02
5.365399496885212699e-02
9.018773390741358087e-02
9.737940861590325958e-02
5.525776241341287531e-02
2.419680011776703665e-02
5.536571283612201633e-02
3.677508674918452541e-02
6.250056461793916662e-02
7.619350638153185584e-02
5.131877524634125692e-02
8.471433143770919216e-02
6.119352385631176942e-03
9.668132284303442014e-02
3.631316266979772028e-02
7.104647408017107646e-02
9.900294625294894790e-02
2.885315855916789542e-03
1.222114829621119732e-02
6.929920616084973839e-02
4.559817706310537871e-02
9.166361931608932312e-02
5.354996506339105428e-02
6.108049336113198502e-02
1.042793640803623828e-01
6.431706528947087054e-02
6.083872435721104921e-02
1.078364707423425939e-01
1.582918966765551293e-03
4.817894705325945215e-02
2.025226499986852030e-02
8.247812942540264092e-02
3.264189442434960436e-03
3.106409265898733493e-02
2.505374769016094350e-02
1.098831097840314297e-01
5.730993657938041053e-02
2.713322939697417752e-02
9.251751631709050072e-02
4.264246616083409297e-03
1.014211699817845758e-01
4.372431069132472897e-02
4.777539808719604569e-02
5.683730222259202915e-03
5.898899458661484643e-03
1.036693367700962515e-01
1.075602423307566030e-01
4.752890208866740462e-02
5.156701805400579208e-02
1.102988132899690443e-01
9.360971658425830400e-02
8.590909761366276320e-02
5.640341425994559177e-02
1.117032989624230227e-01
3.798217816582533362e-03
1.038980696209498705e-01
7.054750715675883743e-02
4.589789201220947218e-02
2.230912139836687194e-03
5.237749463298792263e-02
9.398824247841362778e-02
7.501228860553997568e-02
1.113935872592670406e-01
1.000401878293428887e-01
5.872439022101989814e-02
4.785637108794783823e-02
7.148379455145557893e-02
1.644271947631284481e-02
8.435889134747043673e-05
3.384766224108910759e-02
1.097930224477224603e-01
7.442280376591058066e-02
9.980736331326050398e-03
1.109442311727514840e-01
1.034522628853541681e-01
5.419317727723092087e-02
4.158811439736363746e-02
6.102294249929213904e-02
3.596931841254053658e-02
3.832935333234980396e-02
7.590535040009054046e-02
8.475367793623274013e-03
7.170848465822420026e-02
9.298372673213049777e-02
1.065393693300975553e-01
7.156489832062104539e-02
2.165089714741236238e-02
6.557461096678278423e-02
1.044868359470627339e-01
4.893532806434301025e-02
1.120649104437563409e-01
1.065741822348419132e-01
1.121919781886522582e-01
7.798208036490220096e-02
2.813155947550475058e-02
1.057266343207663717e-01
2.414474116556716149e-02
1.723409410869163744e-02
8.927220160657316217e-02
1.662690902632992657e-02
2.519859676054491196e-02
2.172107413082967342e-02
6.349767443878855111e-02
4.765224905152204253e-03
9.701862701936619926e-02
1.012646654703705934e-01
4.640803578716699851e-02
1.099390067567968671e-01
6.580405272179919163e-02
3.007994189184925310e-02
8.870898565770091171e-02
4.522728897323866765e-02
8.453003774641414114e-02
8.137014166948590074e-03
1.467766430665547704e-02
1.735655817646890656e-02
8.821663150868580203e-03
4.097503335324801516e-02
1.660050598813712572e-02
1.293337019340225560e-02
1.290476783789758566e-02
1.281035807638999935e-02
2.172121988674686685e-02
1.382175414296118489e-03
7.538945863358045840e-02
1.018842297367476141e-02
3.287991385859524718e-02
4.060460259363459640e-03
5.996908526183636345e-02
7.986924051167483551e-02
5.500073197023626348e-02
1.112271259188019196e-01
6.515586500041468943e-02
4.157367874647016626e-03
5.979716348612004739e-02
5.105910929676497206e-03
8.975088390000654504e-02
1.043078187736607709e-01
5.272957300841663031e-02
9.545755814743128384e-03
6.472289349053361729e-02
3.324407842954445885e-02
5.753115690053835912e-02
9.603615205284482537e-02
7.765997450922206002e-02
3.404908745741269671e-02
7.927717903985675302e-03
5.691001776852051006e-04
7.636776926974818414e-02
1.019029078220528850e-01
8.753341011655513260e-02
7.059950596622870111e-02
2.178816060634833698e-02
1.281192454136903004e-03
4.388530941933595914e-02
1.121604309655803572e-01
3.911558881069138183e-02
1.100334457552923223e-01
2.535338944037186099e-02
9.835860945433835822e-02
1.080583681542283819e-01
1.060669657577930913e-01
9.771934427339264151e-02
1.544251992266291312e-02
8.738102893775180624e-02
8.409533214223442743e-02
1.102955185847597497e-01
1.306463229931642545e-02
3.385926536032683731e-02
6.826628549859070638e-02
4.009230948353279672e-02
1.102175984138682452e-01
7.470101319599767309e-02
1.075918497104192822e-01
3.607733624142537426e-02
7.031805923313189099e-02
3.639548714797215256e-02
1.080157725170524663e-01
2.856884204684643006e-02
2.959586988163972684e-02
1.675692688907842037e-02
9.899900294279688484e-02
7.088950545772985078e-03
1.112947881795814664e-01
9.456892806906304350e-02
1.772685418367051999e-02
3.482837938778992476e-02
2.557744828819328783e-02
9.253941514502372900e-02
1.300920698381262744e-02
9.935145790409458111e-02
7.507288176171980632e-02
5.616010583281910717e-02
1.801071317194909843e-02
3.500032478367588740e-02
1.053351237965929332e-01
8.848564167774652933e-02
3.168551531942728067e-02
5.033814930826830715e-03
4.885999140881299926e-03
1.099328178903596215e-01
4.392989242213940493e-02
8.801576764248586482e-02
1.109320826541507488e-01
4.209022992760658860e-02
1.023907174749035115e-01
1.055006145635130482e-01
4.281156162556316869e-02
3.977976899750619577e-02
1.021464827841717660e-01
9.136229249168568989e-02
3.072809060348224985e-02
2.098928188826622646e-03
8.402115227528398830e-03
3.883759038795528418e-02
1.396716924844643853e-02
2.403344306485020315e-02
1.104039221396406617e-01
1.005749568234320414e-02
4.075859335266326239e-02
5.380367300296312605e-03
7.099372439970363935e-02
2.282789298931531263e-02
1.048885926092520682e-01
7.051580687438097073e-02
1.104809855500369364e-01
7.783655478823396645e-02
3.395355691919456353e-02
5.466015676862134159e-02
9.156376322664025458e-02
1.002138439542707149e-01
6.067111248481306396e-02
6.775919292202292610e-02
9.518577760675597799e-02
1.152394379146967456e-02
5.815034559414869637e-04
4.708242126707484071e-02
1.023993959251956604e-01
6.627305391519580646e-02
1.791527541822020633e-02
3.158807673901360691e-02
1.080055164421323266e-01
8.045981900670821918e-02
5.723640194365720024e-02
4.142108004772737141e-03
4.740869315705276144e-02
1.002200298755911989e-01
2.118987592933209776e-02
5.098193501659199420e-03
9.933179199244797364e-02
4.440999806443891862e-02
8.340675879783471247e-02
1.034368348575338999e-02
9.798494688144486486e-02
6.907563502145055989e-02
1.105385789270618424e-01
4.971182810335866842e-02
4.247869925123896363e-03
8.855170643074794512e-02
4.620967780896965277e-03
2.729222046411134556e-02
5.335656567396908356e-02
1.587544985606419504e-02
8.896729287750617526e-03
2.625735141539831119e-02
9.346639764814973841e-03
1.018010246711420069e-01
1.016154843717187589e-01
3.992625858959543417e-02
1.798126650323649336e-02
1.055242996950971207e-01
1.366407174916143760e-02
6.527653011030896957e-02
1.057382384731986313e-01
3.796758659061995334e-02
7.796298182808733546e-03
1.022998634776716570e-01
3.559476752439173775e-02
5.504579514716755224e-03
7.653582765172561864e-02
1.197424232567494140e-02
8.054621180554041859e-02
2.539135952619129069e-02
2.321826974757176375e-04
9.420681148155835016e-03
2.859684787202556450e-02
1.781459819226972495e-03
1.097507960548656930e-01
2.603707056303742121e-02
7.994142036661580630e-02
1.410823804112444103e-02
9.469813590214605156e-03
1.917561397068739959e-02
6.178904291111865336e-03
1.086359888442297167e-01
9.981411971412565420e-02
1.595421888024057752e-02
9.487414561497965748e-02
6.064085623963835076e-02
9.005446275333761283e-03
1.424808377587051880e-02
1.622587280074366898e-03
9.661460624030224209e-02
6.828089549273150261e-03
1.046946326686237078e-01
1.054911071817658946e-01
1.028949230242569152e-01
7.428150560866070284e-02
1.108297480503044191e-01
1.086219720900294672e-01
8.339485177498810742e-02
3.255302106536316770e-02
2.148432135118010650e-02
1.031906545013164672e-01
1.794842988780982491e-03
7.546016821258846874e-02
2.293735746769684850e-02
7.983907285262381581e-02
8.628553440400724139e-02
4.423757000640184123e-02
1.084534168524102365e-01
5.588551984955067442e-02
1.505019370550875549e-02
1.516593889544081211e-02
1.062286479921401294e-01
1.118821250616408025e-01
9.337931985356916209e-02
7.795047806694570258e-02
1.104244531857715150e-01
7.940142800071967044e-02
6.639871755312340418e-02
7.513835531329950135e-02
9.311538947642693242e-02
1.091392242064561369e-01
6.450604745054089317e-02
7.414570859154354099e-02
7.257200340432022612e-02
5.791192710315239828e-02
1.074268090396225533e-01
7.848817398342118612e-02
1.093332971603709763e-01
3.877053272527346967e-02
4.492227176238056119e-02
9.459407965780979033e-02
6.533629595580060789e-02
8.900357573010067580e-02
8.683770840221652354e-02
9.456252184665496496e-02
2.072267212965803879e-02
5.696541114146187328e-05
9.290460272860673330e-02
1.464902867488799935e-02
5.670596421491273798e-02
1.992835009048241762e-02
1.067089421893377063e-02
8.633707359852027096e-04
3.704671313315352488e-02
1.022047691271360526e-01
5.817964587522645586e-02
6.381761249644146185e-03
6.654820008081003407e-03
2.323759856226378234e-02
6.422971511053911231e-02
8.787690205193909865e-02
7.383505843470541952e-02
6.765260219658475460e-02
8.645970688799704817e-02
2.997493956798842271e-02
4.959725469860416791e-02
2.662320622821116867e-02
2.373052454716239462e-02
7.731451073654609096e-02
1.328363889333733765e-03
6.312205472054233102e-02
6.485679812552203743e-03
5.432018882829101752e-02
1.256083189939483612e-02
5.076817199822566962e-02
2.707065633148029657e-02
2.198604556803428894e-02
2.617932361981809009e-02
4.224255256086719562e-02
2.027709103935709366e-03
2.843675362071533281e-03
4.261375906552577336e-03
8.855805522280675579e-02
5.173921890152841097e-02
8.484039477965474307e-02
1.496350840733329420e-02
1.144186460583825581e-02
7.082470140238755762e-02
5.415591989173137479e-03
1.117129613112430031e-01
7.857222988674995856e-02
1.741706753512209035e-02
8.804535152679460186e-02
5.122173979026500151e-02
5.215203059598338270e-02
3.194261519857138215e-02
1.095269978237205510e-01
5.151629234665295459e-02
5.773354086148398123e-02
7.697752901860317742e-02
1.048037384150601048e-01
1.767432203338011390e-02
8.185116832322381075e-02
1.101501012055005752e-01
8.009187142421848871e-02
1.060281702706400569e-01
7.160188347135427664e-03
9.753172808783425185e-02
1.103014405319526631e-01
6.958150294367525246e-02
8.828853734931545183e-02
6.690819085002808198e-02
2.175212226265111140e-02
6.490896430571338471e-02
3.664300804802783553e-03
4.520745643201361935e-02
6.360740575275958958e-03
6.675954979501881950e-03
7.604703735994303680e-03
6.334983157507896590e-02
7.016028291695634855e-02
7.848497917274287194e-03
5.227815937341302732e-02
2.086712132874576908e-02
3.842895360463498972e-02
8.462025423221510023e-02
5.511079374681126727e-03
2.284697976954917775e-02
4.131541351183805333e-02
6.400043886938214244e-02
6.045112487562128573e-02
8.977230628779329924e-03
2.517866581811873533e-02
9.640288901566590463e-02
5.822527109920703353e-02
8.575693917690798904e-03
2.592686897301741192e-02
1.099523241391644479e-01
1.079896878756142427e-05
1.086779379487778398e-02
2.506312583352720853e-03
5.250289684623390268e-02
6.683687805234692081e-02
5.534221896391291334e-02
4.755745503009188579e-02
3.156404222690722548e-04
1.216793191717052041e-03
7.456921860626869458e-02
8.785163226927046598e-02
6.980112383084031979e-02
4.925588052848519499e-02
1.022480451990332023e-01
2.648615888463260598e-02
2.035122857015590064e-02
4.783427342973369661e-02
6.492938418415858393e-02
3.523293300006643397e-02
1.774117668905116074e-02
1.108948227727606650e-01
7.022268685918546527e-02
1.260958279116545545e-02
1.842005870882123739e-02
3.970686742092852800e-02
4.976137874279404349e-02
2.232723482445250415e-02
9.758487355865771984e-02
6.610609664521734097e-02
7.818136420045182500e-02
4.586707691820342270e-02
1.011154082735170601e-01
2.110064277549468167e-02
2.781296639246352842e-02
2.366987192861276512e-02
4.309189095470524443e-03
4.860620512121282405e-02
7.778660682257894365e-02
6.569655917796797528e-02
6.358203387848274102e-02
8.247767411921334835e-02
8.767744299008999043e-03
5.527519345592083605e-02
1.868476958035978144e-02
1.119486434621592835e-01
7.868799586078620290e-02
1.463519351234497147e-02
7.461259582099644128e-02
9.629692444110253546e-02
2.124385744279298424e-02
1.037475307709472827e-01
3.691793835434194898e-02
1.602066760756052158e-02
2.828745517797794096e-02
7.856603060544814499e-02
7.857521725736775486e-02
7.276922033478153140e-02
1.302996054081331616e-02
1.063192474757604367e-02
9.456120096071145287e-02
6.064382515714226984e-02
1.020139329648550586e-01
5.664345959111747805e-03
4.307624151460684447e-02
2.650510602156656501e-02
8.668277376400217171e-02
9.903479750227242584e-02
4.489475808690925746e-02
5.668726747389514486e-02
3.506064046385537914e-03
1.087108449519456482e-01
1.047297523592739671e-01
5.474785429707148404e-02
9.568726186999607086e-02
4.656339398379271549e-02
1.425240608859018251e-03
1.223483358681088122e-03
1.556148735574810343e-02
9.259860954806849176e-02
4.250315425575541123e-02
9.638396270469438976e-02
9.482978801871395913e-02
1.064041385998218125e-01
6.135847915534995561e-02
5.512297651633872716e-04
8.575529478653934334e-02
6.578290998689105898e-03
1.029689051982506653e-01
8.920911756088684141e-02
9.959818059262945736e-03
9.881974587723059422e-02
4.813429471390023862e-02
2.356207115444911362e-03
6.848035736886114166e-02
2.817675083305648358e-03
8.171107757170632813e-02
9.561932632061083404e-02
5.568947648699689758e-03
3.271481388458998690e-02
1.075001759518428718e-01
7.352189693987222496e-02
3.447127512743924926e-02
6.861950400520967774e-02
1.081864981469169845e-01
7.096758571358495124e-03
2.686284245413988678e-02
5.314450565945717797e-02
6.283774840980760334e-02
1.058923262444306790e-01
2.930393243125724301e-03
4.266353548068003813e-03
5.019462308295371579e-03
7.910216372677124352e-02
