1.057756481171663321e-01
4.286473154461982460e-02
1.264907397932118691e-02
7.806527108025858308e-02
1.101292596731028167e-01
6.619799268897261224e-02
1.382197002361717705e-02
4.842646219287572579e-02
2.190049168137765678e-02
3.916129317138100467e-03
9.455076725982758390e-02
8.430912714366314842e-02
3.573013707146873927e-03
1.082952098210526320e-01
3.334092014629421591e-02
6.686048456024902553e-02
1.708558567629195335e-02
1.407744791213689194e-02
1.022954373259247346e-02
7.080635940771645709e-02
1.750746587282001748e-02
1.776755327347033508e-02
3.644584245412543083e-02
8.962685009378561218e-02
7.640262214689264031e-02
1.337021975029285825e-02
7.171098318409402372e-02
7.777142005684938020e-02
8.752179429686227086e-02
7.562018289917864233e-02
9.821385970461889159e-02
7.097127797892732303e-04
3.529270330232132241e-02
1.106540679273693706e-01
1.139606879797967071e-01
7.994931068715969980e-02
4.236599623840006656e-02
2.055586333262549806e-03
8.450332069604556129e-03
6.050724206637859287e-02
3.312490174004890237e-02
7.410565697327958432e-03
4.840335154127433336e-03
9.497931627447531167e-02
7.206910486247947167e-02
8.480984072212341407e-02
2.441963963210061136e-02
1.004783584007901964e-01
1.425130095286500885e-02
6.548612543930126817e-02
2.516595024450131446e-02
5.252901917032939266e-02
3.555850371556756439e-03
9.775994313728887664e-02
5.757010954114940432e-02
9.883054482358370751e-03
1.437665581285468494e-02
6.868980507146216219e-02
1.014383717823386967e-02
9.947833917883891486e-02
6.023941446712816755e-02
3.719678889510599079e-02
5.670784848247399645e-02
7.523072387168373842e-02
2.506858521530027153e-02
5.235705862189459631e-02
1.087331864056643727e-01
1.149205588941892009e-01
1.075426521606604770e-02
3.312158680524479593e-02
3.544108913752908041e-02
1.012218760986888927e-01
1.442386949297853709e-02
1.076735773317661765e-01
2.339353952781537613e-02
7.487304590567532558e-02
4.132702740065551106e-02
6.048618010705855003e-02
1.336005443030987595e-02
1.057658631333063953e-01
9.307695513181532543e-02
6.712047355216850530e-02
6.360528278100516242e-02
1.143785912786678266e-01
2.987312280615053717e-02
5.465336318991200620e-02
3.663755613056736415e-02
4.288199930016078909e-02
3.698221075657301404e-02
1.057269727883137084e-01
1.613713071008111843e-02
2.427053765103011351e-02
1.482252313840949284e-02
5.526569614087144255e-02
8.948085892493823357e-02
5.861422633094430512e-02
1.129280898840776155e-02
3.302500084287514348e-02
5.658693040745525066e-02
4.280289717909759734e-02
1.616760513584376141e-02
8.887249620110938830e-02
7.070701978092439055e-02
3.527017033914583988e-02
2.211608196709334562e-02
9.120644177253732499e-02
9.384819940805892366e-03
5.726592019283090196e-02
1.713299798173049254e-02
4.918452581251544359e-02
1.138179027751534261e-01
2.473896237143393198e-02
5.531357230461860647e-02
3.060979448625436843e-03
4.749157694605374985e-02
5.005793034278503001e-02
7.668428793929715770e-02
8.962329144787338497e-02
8.609460850575670343e-02
1.567405385620075989e-02
1.140090746538321848e-01
1.121104648277673754e-01
3.853219983887726241e-02
8.695126730297067508e-02
1.928567116158858702e-02
1.777496544966041675e-02
2.117525198699637262e-02
6.001210417355123256e-02
1.529953394536480785e-02
7.846843374378177638e-02
1.699870970371256031e-03
3.816875491637897883e-02
4.563801911001646311e-02
9.164030752273762126e-02
1.126341255465042462e-01
2.091520827813314262e-02
8.720942099146290760e-02
3.132333926903614618e-02
6.789301290546344292e-02
7.334916308625972353e-03
5.279082669248384707e-02
5.264707723562615793e-02
1.092573323494521326e-01
3.579053410249866812e-02
8.624389712541064013e-02
6.464627338842808546e-02
1.669793517339312333e-02
1.599034505972051629e-02
1.038952863558713358e-01
5.490517116681983834e-02
2.312900351279996436e-02
4.056464234618767373e-02
1.030256820236629955e-01
9.970867063833610544e-02
1.590142908701974722e-02
1.364111951025342474e-02
7.997451720518414242e-02
2.898152792272360237e-02
1.093762243613999180e-01
9.036069988459942415e-02
2.546307861350376525e-02
6.932187042984155889e-02
6.205751873221538456e-02
8.338076155952603430e-02
1.099801439733869152e-01
1.073422320907136129e-01
1.150710992939907723e-01
1.012039907242224812e-01
7.507152645046513695e-02
1.066141869179709073e-01
7.329112018657647776e-02
9.331183644243472297e-02
8.840551561374641876e-02
5.121475568314519042e-03
1.116302559943023742e-01
4.133644010620558806e-03
5.400353994708602390e-02
5.853479873077993556e-02
1.032084918511798066e-01
2.596492340283475253e-02
5.970188148331874098e-03
6.024862386792552600e-03
1.070184815798789525e-02
4.845928778192436920e-02
7.006351999388032992e-02
1.083918359084339866e-01
1.725747183666405046e-02
1.761569798960940444e-02
1.757227401656492882e-02
7.036098243298792576e-02
3.429369806198311055e-02
2.622596482591823749e-02
9.830225046633728203e-02
1.283719346802458458e-02
9.227629818448082610e-02
7.891765522608316930e-02
1.018134198335230722e-01
6.766978652170299591e-02
8.579082238242635716e-02
5.029901273945198287e-02
6.381427293731871397e-02
1.883342665680723740e-02
2.112170383809326354e-02
1.081216227782848260e-01
1.110083703869134408e-02
8.618972820452321104e-02
1.116527770064704717e-01
1.052359527898384245e-01
5.338327661334936469e-02
5.184561411255524804e-02
9.921359825711401417e-03
4.848676348720459307e-04
1.027941762819776367e-01
4.315535397743118506e-02
8.160245349829232941e-02
1.304838625755046048e-02
3.957825934139088883e-03
9.699008354546671817e-02
6.935009473134876035e-02
4.577871636895617519e-02
9.241438766204528032e-02
7.683409391585942216e-02
1.086032005882030665e-01
9.443252791947780167e-02
6.245971906197856499e-02
9.414817172758037367e-02
5.610078566542619355e-02
6.344295546729099289e-02
2.011156666137967758e-03
2.297733565282492757e-02
8.124889998323052420e-02
9.528533922966890557e-02
7.986616938670292043e-02
1.862570546600052918e-02
6.043987713765597639e-03
9.256823941697783775e-02
2.594694784493171199e-03
3.961159933619063517e-02
7.925789609135698577e-02
6.948581561010855334e-02
1.135067999516670284e-01
4.652763644147878130e-02
5.879330387881319397e-02
8.964553512460625428e-02
1.077242443191925719e-01
1.076412969467005903e-01
4.536681302445983929e-03
6.783783074047321227e-02
1.079809812966813498e-01
3.611415939120010687e-02
1.426212811521043906e-02
9.284363196224595938e-02
6.308476398865922596e-02
9.938365990844445774e-02
2.949586606703659755e-02
1.065974858706670719e-01
8.457722035760545376e-02
5.056764959974844459e-02
2.127809402055159949e-02
1.870804060438673380e-02
1.824017217363937612e-02
5.515348475785008392e-02
3.695189129959726773e-03
2.493250656778230739e-02
3.391089213809454078e-02
7.946860727292075210e-02
9.449258366207434479e-02
8.873040310638638517e-02
1.095069002070272468e-01
3.932379818819434734e-03
3.677150130344645357e-02
3.470106996331900201e-02
4.394105755669592585e-03
8.541653700738960353e-02
4.297705634568550759e-02
5.047992688296305819e-02
8.187156656302457813e-02
3.033543870206454121e-02
1.130198304175763502e-01
4.096571618672718157e-02
9.306422463025643133e-02
4.754085614137621568e-02
1.081409562069372970e-01
7.371438930695153879e-02
1.362419470555551772e-02
5.635517651098146535e-02
1.856446372705370176e-02
3.441100742876588431e-02
2.005420589234807247e-02
1.151081313029581402e-02
1.677722535206938037e-02
9.806856847419166689e-02
6.769458140550448089e-02
9.463229720523368138e-02
6.352315899537080111e-03
1.017238160808274366e-01
2.849550183505324130e-02
4.639185507291367430e-03
1.398940690092320520e-02
2.854723300823048312e-03
7.766543615178329862e-02
1.012897603446020617e-01
1.967424433051653300e-03
1.121127435908337577e-01
2.785438305033613102e-02
7.259916639467985100e-02
6.503494329919905226e-02
1.111105493347461365e-01
6.255786696076123810e-02
9.599264650612714111e-02
6.173920898782007428e-03
1.312919346020536768e-02
9.258875279513607837e-02
6.688047735164874552e-02
9.132657505561810052e-02
8.886169973143739909e-02
8.745642721797175501e-02
2.550285229608612037e-02
4.714411378395307745e-02
2.654943383961760883e-02
1.089375273400260968e-01
7.430940896847612609e-02
5.639950534770531848e-02
6.026450334989954215e-03
4.475221750452593183e-02
9.348298360161695630e-02
1.851713547469667834e-02
8.974662802033493703e-02
1.006708174794363891e-01
1.326636097234995017e-02
8.453191235448379026e-02
1.083960463051132500e-01
3.075533405995578215e-02
3.345956499085629005e-02
1.165414677565789793e-02
9.778865782256536410e-02
9.132900231054806583e-02
9.713324849541532524e-02
7.187711200432725378e-02
2.534341720188202328e-03
1.143348153486246355e-01
9.604824191454704174e-03
6.301402296642154288e-02
3.041312001410797702e-03
1.045991203583057222e-01
1.062109709308587391e-01
1.261330378821273225e-02
1.008359152171572071e-01
6.637857154908873535e-03
4.860167582400535397e-02
2.449439169912312128e-02
9.020810295470881035e-02
1.886771880040149021e-02
1.344854100030718966e-02
4.182194865584646509e-02
3.266769692762688110e-02
1.022423678820550824e-01
3.088485369767000541e-02
6.788031002268614909e-04
1.085377069712371578e-01
2.831671826222121463e-02
9.572315519254548377e-02
2.570103265972576920e-02
9.973509743271882777e-02
1.079026300274245342e-02
9.424370084537829484e-02
1.412825219193864987e-02
2.571130173890981072e-02
8.524782347120403447e-02
5.585118891177807271e-02
7.461590670624192179e-02
7.920272205562479961e-02
3.776864325660585220e-02
2.568025879007891643e-02
5.594079063209383106e-03
5.637664762998505913e-02
5.786076244968374471e-02
2.903177069369062419e-02
1.985252135172430445e-04
6.047351511892441051e-02
8.461956772855018516e-02
2.630025917551375835e-03
1.021230556733263017e-01
8.119663947205579824e-02
6.085060061905810114e-02
9.255061883593310168e-02
5.653365180766527817e-05
1.002817711484992602e-01
1.052222609825856636e-01
8.700398538030511275e-02
4.689890027771598940e-02
6.287455001290345735e-02
2.968628954434656547e-02
8.006883766742557695e-02
1.505820156461244903e-02
7.893503429715972505e-03
5.860909384081305906e-02
1.039039905173379102e-01
2.258286531490049168e-02
8.513134439796088415e-02
7.763331097391400204e-02
1.743573212635001271e-02
2.966653266551630679e-03
4.224901648353696776e-02
1.062699301751246078e-01
1.047902439764400034e-01
1.089033881362988510e-01
1.421679119137207736e-02
3.228796880816678372e-02
4.819391628604690475e-02
2.425939263005655669e-02
9.378165572262971150e-02
1.941011205765699396e-02
1.809709221715045599e-02
1.150639867857560644e-01
5.044572111495074923e-02
3.493061203091243905e-02
3.584336081981899513e-02
1.042018989116688388e-01
7.542244219712546105e-02
3.958189376383304536e-02
5.653439967817178863e-02
2.238105771155348128e-03
9.963021028780967916e-03
9.471525196973404337e-03
4.257121225602939624e-02
8.499028741556004241e-02
8.282616088533070742e-02
7.053405205702942271e-02
5.211616522086814918e-02
6.893782470526224615e-02
1.136697051648593720e-01
1.726925009735554364e-02
1.666957743105141167e-03
3.183324254859174526e-03
6.415340812164768702e-02
6.704470118123696809e-02
5.999974443607367786e-02
2.662393126068736404e-02
9.093288181718529872e-02
8.784917061105564084e-02
6.213516156206617957e-02
1.026322592866505262e-01
1.003940869682964504e-01
1.001972984125893279e-01
9.384699062795649749e-02
9.020358162479742703e-02
9.118163275676698099e-02
9.221888449939683735e-03
1.720400245432845629e-02
3.043587937658915818e-02
6.203989820861381503e-03
1.473093958170883233e-02
8.792331590215644865e-02
2.983699877744009840e-02
6.446326780368413778e-02
9.004033447935017032e-02
9.186652575224764361e-02
1.104039389334111193e-01
8.594045271736128200e-02
7.348086462687360154e-02
9.174758415340834861e-02
3.969049117098968904e-02
5.478381221610184593e-02
1.099624552598246208e-01
9.088445804924519950e-03
6.542407613450551551e-02
1.560993011476610910e-02
9.856657668522197935e-02
6.262370640961295587e-02
1.568217259408870301e-02
9.345490990222665717e-02
5.354854463584797497e-02
5.462298378152909140e-03
1.147713823118531457e-01
5.491276295158274007e-02
5.656049286793830844e-02
1.049987224451731094e-01
1.303877628451978118e-02
8.046955452594095615e-02
1.070934020630440325e-01
5.744310320354280297e-02
9.076292887001730092e-02
9.890918547394829397e-03
6.675829109364844749e-02
1.537634218706846606e-02
2.114491256010310807e-02
1.088720508189410796e-01
1.034302466256894759e-01
2.358412001102225264e-02
1.111439688527500469e-02
8.481905009542023421e-02
6.941850551170879180e-02
9.147334213973247474e-02
7.993741886678452924e-02
6.777665516964676007e-02
9.497972477274493897e-02
1.124544701064911223e-01
5.991448749319094186e-02
7.662806513796689700e-02
5.747734731438036010e-02
9.409494599244068447e-02
7.305346041246824074e-02
7.212698845848346252e-02
3.987980298045343958e-02
8.749134933695874514e-03
7.345059077099427847e-02
1.130902161164000219e-01
2.553851902341241695e-02
1.039935122569881215e-01
3.938563404075475297e-03
8.620109390160338170e-02
3.629923465595182031e-02
4.367860792141808890e-02
8.362758519658812506e-02
1.079022316009720373e-01
9.844268503542965773e-03
1.498929023884110548e-02
9.666890226671824571e-02
2.898802698786353410e-02
5.865698963593085624e-02
2.091379452653472151e-02
1.621030199952372755e-02
6.617949471928810667e-02
9.126209835896963163e-02
2.363490590914848512e-03
9.415846778118025506e-02
5.624628220362645065e-02
9.282356948112885364e-02
8.710142178785243439e-02
8.958392494724144728e-02
1.321868063772663193e-02
7.130401313537426677e-02
8.068006821514561722e-02
6.716824104376849756e-03
8.733119259168893589e-02
8.315774211460977283e-02
7.143235353300843304e-02
5.033317755662743143e-02
9.494773597547655208e-02
3.995068825700155875e-03
2.114684890206428719e-02
4.789154942405109139e-02
1.003451273107383059e-02
5.316645078261877239e-02
7.494037270401866790e-02
9.540792469565169409e-02
5.407372855278753249e-02
1.081255218869695417e-01
8.346484427912354009e-02
6.703283038323339105e-02
1.046474954855027562e-01
8.969667326105122684e-02
5.285295531130402430e-03
8.963337205354478254e-02
1.089028266305703055e-02
2.860286990177374200e-02
7.508291487012717924e-02
8.999264129756100183e-02
6.864220952214361918e-03
1.005891000116053702e-01
1.064286747821730772e-01
9.680024720623345291e-02
9.857142779367417118e-02
9.487785342729791738e-02
8.644158023329756579e-02
7.666141571223072937e-02
6.891621814975232296e-02
8.925860619699939325e-02
9.453759595416307004e-02
9.512440969682148251e-02
9.829084266470396181e-02
9.785378114011590578e-02
1.070964356820237884e-01
9.107652724097249630e-02
1.549547643728126957e-02
1.591527775695068814e-02
3.162697710922105269e-04
9.383079488038530147e-02
8.661463354233440992e-02
2.314483232094501422e-02
9.139840419826530948e-02
1.029328545591416122e-01
3.075224683138190820e-02
7.558415713291521953e-02
7.869591831664637938e-02
1.010821983461750312e-01
6.194549012162472307e-02
9.872230881660334911e-02
5.542417577048474112e-03
6.021796741455551737e-03
3.300953782724218993e-02
2.724690434927738714e-02
6.280881827350531799e-02
1.070402153460150163e-01
6.044579088728827682e-02
7.408241416676208946e-02
1.126843637888032441e-02
5.439996253470456150e-02
4.801941106344118776e-02
1.847854449062171986e-02
7.867993555041512266e-02
9.558910038807361120e-02
7.950500688503631119e-02
2.107273883626117200e-02
6.731780940824318160e-02
4.669489548943761559e-02
7.488926914784094224e-02
7.645413929846672785e-02
1.469024847527873774e-02
4.275631107057124847e-02
8.351194804685077577e-02
4.429762825194532433e-02
8.929649137973064144e-02
7.217729239760696525e-02
4.746627120153161516e-03
8.600237308251684754e-02
3.696371020144392089e-02
6.542747075262192111e-03
1.001641302691969465e-01
4.479022503754425538e-02
8.519583442817536822e-02
1.847141350041677996e-02
6.235526537346545994e-02
1.156358627488410402e-02
1.136108147852191858e-01
1.077366052438646776e-01
1.068599411355180238e-02
7.763215306022301643e-02
3.656373555959421123e-02
2.610340033785874675e-02
8.322936390374270632e-02
5.102413457038035283e-02
7.638308687939092401e-02
3.971351448453924737e-02
1.032660059936680863e-01
1.027146295891778333e-01
9.963452898160153615e-02
4.337763625618769325e-02
7.882885543114750981e-02
4.026413003448911510e-02
1.103209430642100725e-01
4.566595501186553746e-02
1.098899318559157789e-01
2.889814610852076485e-03
4.004690689220843230e-02
9.812138197397421435e-02
1.816555401527044852e-02
6.337556868560995094e-02
5.647965341100803088e-02
3.152885546704269071e-02
7.745352522087212144e-02
1.142794907853676434e-01
2.144856986610577110e-02
6.151892187408661283e-02
1.020883044149984709e-01
1.025252932995481536e-01
3.706561722967094408e-02
6.510513639060996893e-02
8.067304587370603686e-02
1.013309116586072062e-01
9.104960796870313622e-02
1.123664599849187873e-01
2.053632532424684229e-02
7.911585769580223304e-02
1.104361632967902074e-01
7.561310171820125742e-03
7.343410094998470417e-02
8.172669967970834504e-02
9.700417354967916239e-02
6.725384397759634481e-02
7.924047908549240737e-02
6.125000787925229812e-02
6.984472070479423589e-02
1.138548222542191957e-01
6.868936010247295165e-02
8.323676305476912507e-02
9.570207855859103052e-02
2.380817308361894702e-02
7.341793701855746368e-02
1.049934119370728447e-01
7.135867759000730226e-02
1.060748390637327315e-01
3.448547890371786440e-02
6.854511638205261492e-02
1.138095561612961493e-01
8.946997222118109605e-02
1.321775090791056130e-02
5.608082756009707959e-02
3.845790096291109433e-02
1.013962707286917425e-01
3.925647646049664624e-02
9.835904997528954752e-02
5.306673468749022182e-02
3.042682633193474415e-02
1.948798146170021076e-02
1.492870516320065786e-03
4.272755232374694095e-02
7.885777229136982369e-02
5.210362473338990552e-02
5.019277859921161128e-02
1.041765015798960664e-01
3.670954674067128387e-02
9.914909714626453374e-02
8.250012532819184230e-02
4.342675698184680910e-02
7.321793924054534330e-02
9.181371433797816395e-02
2.311050569309978930e-02
1.946397610705210418e-02
1.017075976753535060e-01
8.483444645418949936e-02
8.208125668054834512e-02
8.577961340954527725e-02
4.792636089593238502e-02
3.255280184800558169e-02
2.230512358114281057e-02
9.465758121305997697e-02
1.533231225905424405e-02
6.069798231558520135e-02
6.048463591724315830e-02
9.494698902391100759e-02
5.925253806551699504e-02
1.014358954345043334e-01
7.488491342543579510e-02
8.621649206935935728e-02
5.167786362957350194e-02
9.636843301010002139e-02
1.108754478226676027e-01
1.107489404369010749e-01
3.529329925490458375e-02
6.669182974726117763e-02
1.075204063645575185e-02
4.511113682179597462e-02
7.928318177883514339e-02
3.449766077863131858e-02
1.392061801063119823e-02
5.416158517787816179e-02
9.917450942478080178e-02
8.457383371540745653e-02
9.715101588013304312e-02
6.783933735692167233e-02
7.753964759894169112e-02
9.479746567062889706e-02
1.649924645513450167e-02
6.546891099881255172e-02
8.867500160233662831e-02
2.657701513379075869e-02
1.096217005140593115e-01
1.010793795067685408e-01
1.060141876225824918e-02
8.538007074779713212e-02
1.103721204929114935e-01
7.370967571363244708e-02
5.528505613061346358e-02
9.803370717572086612e-02
6.471993027040491564e-02
8.204560598494430729e-03
6.411708319698314340e-02
1.775780859735351033e-02
3.119496690114344217e-02
1.108843312712487622e-01
6.158968810579670827e-02
2.788909113196815642e-02
2.255022008741269790e-02
9.036690923773894879e-02
6.115198154850259860e-03
3.264884786164843310e-03
9.507800123164641959e-02
2.449584049779572267e-03
8.221802229062950829e-02
8.315267609920365399e-02
1.001829495823882421e-01
7.535742768114791178e-03
1.111857647407982624e-01
1.343157835031882560e-02
9.583931900113816515e-02
8.327041771630258604e-02
8.136909901763503261e-02
1.648348399453546109e-02
7.252159042997667615e-02
1.118203443548485831e-01
7.855930457822153656e-02
9.844041704295788953e-02
2.333611312320088560e-02
6.099518516299072546e-02
9.040830469252515711e-02
3.849736090387227000e-02
5.195006765103610258e-02
8.520584459936443589e-02
7.828058378125382633e-02
5.830302755235927496e-03
1.663074469569534447e-02
3.936348707502975580e-02
9.679457626289769689e-02
9.538157710029625258e-02
7.100090754060657539e-03
7.047051654400339482e-02
1.494447047795380984e-02
6.179225135989317719e-02
2.040483829077322994e-02
6.541525256598315630e-02
6.456955610515938138e-02
1.527255044545872305e-02
4.541268131490820703e-02
2.928793977448728228e-02
8.469311106678213685e-02
9.657071042811918304e-02
4.940480772182483105e-02
9.390779066457322077e-02
6.974748647608261520e-02
9.013778782305510370e-03
7.987685347963635607e-02
8.832623051813517923e-02
6.237740822964170373e-02
9.131836000532778108e-02
8.213258610254203784e-02
7.385783964973705040e-03
8.460046036261038849e-02
1.633358038773537191e-02
9.895888223835157260e-02
2.022632705712031770e-02
2.629128906466463717e-02
1.112926376603741441e-01
8.205500525869414974e-02
3.914131226297264121e-02
6.660295510634037242e-02
4.714404395982957352e-02
5.705022457902329813e-02
3.324556875230817027e-02
1.108425243474412403e-01
9.888414279221494074e-02
1.119669660839701375e-01
3.412958164519371701e-02
6.511132729226710991e-02
2.525779071889296470e-02
7.831857299890557234e-02
7.702189078892858302e-03
9.436504212015650594e-02
8.885859953243507858e-02
3.126297939246268365e-02
3.063114619315238443e-02
1.126073923859185338e-01
1.258253190720718361e-02
2.181683167212365021e-02
1.096816254968654937e-03
1.531614591801246268e-02
1.737370306962455688e-02
2.430223377531046114e-02
4.563459639897870547e-03
3.241228556783119080e-02
7.617752666513358251e-02
6.133532396483881710e-02
2.779721900528082240e-02
1.034523423504453282e-01
9.963885675502479056e-02
6.710405439878776301e-02
6.962731676604667908e-02
2.820365766042120734e-02
2.636551709602959551e-02
7.836652706720791117e-02
3.786099433058679603e-02
1.084181258919898194e-01
1.124658845129923937e-02
9.097392145425471643e-02
8.881509985069795110e-02
1.359450519358790938e-02
2.275716073965285829e-02
4.779435980342694457e-02
1.074884051900956150e-01
2.443656042343774967e-03
5.287174855629717118e-02
1.064189155943801868e-01
1.660253455528839031e-02
2.140718572540890180e-02
1.080732217271388185e-01
6.256854881426766879e-02
2.540408595780626125e-02
1.586914701754864321e-02
7.015444688211922020e-02
3.971026270305586664e-02
8.508863919768649975e-02
9.863660434096448160e-02
3.193662690458515252e-02
3.748548251834075279e-02
5.050419028069855036e-03
7.941350969686174210e-02
1.214814119796536751e-02
8.828389080244331000e-02
7.029107955312885458e-02
3.637659789293148233e-02
1.626787430266217124e-02
8.140304179105263549e-02
5.391752734728617186e-02
4.825142309695168094e-03
3.421933955922401571e-02
7.557830666202151881e-02
6.058813148916919467e-02
3.066044176327841278e-02
8.333728106368139266e-02
9.242278850595832262e-02
2.922059570284686256e-02
5.688063508948347502e-02
8.536552577353562210e-02
1.777021786651010113e-02
1.763679063280833639e-02
1.879600806813549324e-02
2.360930369544325322e-02
1.006235980407241826e-01
1.033612885116686475e-01
6.659578496148445270e-02
9.316142368057657441e-02
8.439099036144441512e-02
4.067472621197468609e-04
1.033634043652116724e-01
1.040724145450631494e-01
9.637181285085863469e-02
3.064227254854638011e-02
5.201062812159496992e-03
4.431381071258819887e-03
1.090578485466424802e-01
1.224073938815418809e-02
9.325635952718587529e-02
1.151688025432203999e-01
4.575344043650139345e-03
7.384657032838320978e-02
6.865173906720123398e-02
8.912836949823775556e-02
7.169831190532541254e-02
1.206288709288556339e-02
7.827846680458515338e-02
1.123193369867538927e-01
1.005177046001957120e-01
8.041196547583795429e-02
1.142134204407751624e-01
1.010852783551436096e-01
4.851879209601183546e-02
1.023578044555976257e-01
5.481946820399951660e-03
5.902417502504911026e-03
2.734364744773858016e-03
3.582798126922916507e-03
1.135033423377415224e-01
1.716553812197021966e-02
4.157893223860192888e-02
9.556735294346423160e-02
1.015810843273409481e-01
4.123704697483455278e-02
6.436067871765105419e-02
1.114160062190677342e-01
4.766807657985925803e-03
8.428805929778603045e-02
4.036076573114955220e-03
9.596037601901456771e-02
7.828631709704479691e-02
5.400513671938445698e-02
4.691155074504282929e-02
2.386098240525372921e-02
4.988955263956411194e-03
1.132735829732595123e-01
1.252266340481890047e-02
8.964877286489168762e-02
1.126893370060269434e-01
7.874718352987350456e-02
9.965871313080569560e-02
3.137302249159413386e-03
1.078951380379147493e-02
6.825878221687914360e-02
3.846790172320375956e-02
4.243837349677603843e-02
9.697103063653715604e-02
8.038239116036797333e-03
1.474839777134730710e-02
3.822637398949889354e-02
6.597413857007286553e-02
8.425501590844765298e-02
4.501182761091851274e-03
5.930333651311204407e-02
3.423104677261593065e-02
8.480374190050771199e-02
9.016512954654432033e-02
3.465467274896799621e-03
1.042998815022717560e-02
7.243356647443674468e-02
4.848988924115021221e-02
8.069020222843896473e-02
7.693106163268972897e-02
1.072506430140008071e-01
3.736447905946520265e-02
1.096608060743464452e-01
1.767330538881554600e-02
3.388794883730939650e-02
2.333319508023076055e-02
8.068239654841374842e-02
4.782138046599802850e-02
8.749182841517098852e-02
7.279472614595888791e-02
7.286332709637827199e-02
1.053863155545367719e-01
9.254047228363984634e-02
