7.744169809250795247e-03
4.445579979005748195e-02
1.270790645657827490e-02
3.274157441261110746e-02
2.999275654595993587e-02
3.682703325145331857e-02
1.838584578871025124e-02
1.189887860719520199e-02
3.093824846297515627e-02
1.438145133772000817e-02
1.439983033102161872e-02
3.704632170867747099e-02
2.480363137013220226e-02
4.996243604905117874e-02
4.145104371192422088e-02
3.762551781685097990e-02
4.542265477923759787e-02
1.742865892382589044e-02
1.397866511151743367e-02
4.394059155868967437e-04
1.207440630474014218e-02
1.563937378350016300e-03
7.981771803046067496e-03
2.110277668839632623e-02
3.647673868281582632e-02
3.279943851984679776e-02
3.780904967068315220e-02
2.206642014153154321e-02
3.787599275355841427e-02
3.646772418161620122e-02
3.955522977384564459e-02
5.737810605415102211e-02
6.935572587078233124e-04
6.608086186713919841e-02
1.952900783884249918e-05
3.121646019974350789e-02
3.178353009048124483e-02
2.257888963460417345e-03
7.393351828000086726e-04
3.331546266329138417e-02
1.140934723670833460e-03
3.633497941694335820e-02
3.477492525373762633e-02
4.534549740646454802e-02
3.899384362040776708e-02
1.613432953865514760e-02
2.565601193505280542e-02
2.037741389823942081e-02
2.018152037523943208e-03
1.810189836973079974e-02
5.931134831245816336e-03
5.008799905010970221e-02
7.281427891874763100e-04
2.516884266417651877e-03
4.247337445916510323e-04
3.672355716227383021e-02
1.492637062827774884e-02
3.087957561297767495e-02
6.632291102192568177e-02
3.056964765180602076e-02
1.049713958525043574e-02
1.020267281235930495e-01
3.857628897477832774e-02
4.388837136178249526e-02
5.181484577573570657e-03
1.718206640155679754e-02
7.026103688896712801e-03
4.317820777134464411e-03
3.735113460369168803e-02
2.533830042775327487e-02
3.461422046499169208e-02
6.935137458043309777e-02
1.909721982482533512e-02
1.009862229487890201e-01
3.827522170789997985e-02
3.991455435944235575e-02
5.358569853008778028e-02
9.158127859535602697e-03
2.271464446974059970e-02
2.146953679373144255e-02
5.989965461263869334e-02
2.908459435879593227e-02
2.764829689061598910e-03
2.421844673883778623e-04
1.684780764203435213e-02
3.908544831823962395e-02
2.563069820472021337e-02
4.637276877692145249e-02
3.890928164165693287e-02
1.240862477312083129e-02
4.721916657611038154e-02
3.105995656769883553e-02
7.232006140931009942e-03
1.475884583937183206e-02
5.094972894348588632e-02
2.769706726669669480e-02
3.652482440100461580e-02
6.339202734395053829e-02
3.323607726500218268e-02
2.807195239514559057e-02
2.864806586087871240e-02
2.919107577504324522e-02
6.609475994551528011e-02
3.971632246748060813e-02
2.914391340361253274e-02
5.786448127732262293e-04
1.468300401201379744e-02
3.996216044213923846e-02
5.530627663385505322e-02
1.440874283106952515e-04
2.609488775479320774e-02
2.160745676725612033e-02
4.597756467035837846e-02
1.712077031441481753e-02
1.783206483040722726e-02
4.168390054645792347e-02
1.728542665368693054e-02
3.639469411610196659e-02
9.568145762172306293e-03
8.839404131636086071e-03
1.161634153050291121e-02
2.009422644103573286e-03
1.848156211054116649e-02
1.516032627593954726e-02
2.614278547734158204e-03
4.098225344557316491e-02
6.879630579818382663e-02
2.598334049860236052e-03
8.207153070083030022e-02
3.099930403841226131e-02
1.793799948901083144e-02
2.935121402161121416e-03
4.364027213936554767e-02
4.755902565285246436e-02
7.624022082470083284e-02
2.916363968043305180e-02
1.973135642483178978e-02
5.523433417325764733e-02
2.351694032167026688e-02
1.777052465508512785e-02
3.688818429580712627e-02
2.415410597982111870e-02
2.954502940995559421e-02
4.212260243257573422e-02
3.063881544282311478e-02
2.299364315713582976e-02
3.333110882473359058e-04
7.047537643212536951e-02
3.087061429106466304e-02
4.193674967575127671e-02
3.805733930580635499e-02
4.048682262723670572e-03
3.027572250632197363e-03
5.556515330995304841e-02
6.032483606145008781e-02
9.395116290910804357e-03
4.165706438384943200e-02
3.945299195686623184e-02
2.185308158196203748e-02
5.259670636049228881e-02
2.686172381811527995e-05
1.249843228268274556e-02
4.880745197466054841e-02
6.470105194607221263e-03
2.346522880258119018e-02
2.630547394494068495e-04
2.600892090021916098e-02
2.619336862444037947e-02
3.680018254686313883e-02
3.767934892827396604e-02
5.762694949654690452e-03
3.887213843921098755e-02
3.606636501044319099e-02
3.945134652659700036e-02
1.502124471358981007e-03
3.976522689541842764e-02
2.292648855706794914e-02
4.297807662294192421e-02
4.735872059736738471e-03
2.973500229524130619e-03
3.139755575325781090e-02
2.577312098440491181e-02
2.104205129712290526e-02
3.925328973307137814e-02
5.473475030627828614e-02
1.901948886322548217e-03
3.016294229852721845e-02
3.313983572090620222e-02
3.339094063521262819e-03
2.128345112305876294e-02
3.643047639972297330e-02
6.200263290418709522e-02
9.600933015252065966e-03
2.834602957950468557e-02
1.440468815106569177e-02
8.455131970750108181e-03
3.823554651770003782e-02
3.207582155599844609e-02
4.028166911819233698e-02
2.740011150874467269e-02
3.747972150594323232e-02
2.062213095664373538e-02
3.450558593905492764e-03
3.686767614380501157e-02
3.024326080176115497e-02
4.257653367861102128e-02
7.811476531550451581e-03
9.359285652523557930e-03
4.222123190819502409e-02
5.210737395000755029e-02
8.896427157233065264e-03
7.755830977973947500e-03
1.224068681549198012e-02
4.883805336590021917e-02
4.175437261102354219e-02
7.482706918020247920e-03
4.905307609277946568e-02
1.903909854539615615e-02
4.315793820006881554e-02
3.241067167420354223e-02
5.996715111868306837e-03
2.540972291963947485e-02
3.312165702724385180e-02
4.301659500482912096e-02
1.269272004347104556e-02
2.540556597934057886e-02
3.536042979912211448e-02
3.239133876818760943e-02
6.790633630224945927e-02
2.801258589311583780e-02
1.837447980441007239e-02
2.894774634797493782e-03
8.135883281768759370e-03
6.205913672217696839e-03
1.685500511948112914e-02
2.427298500121361901e-03
2.079979706553896149e-02
8.861908108308125254e-02
6.700057029117698071e-02
1.908534973527549819e-02
4.260928818179846728e-02
1.082223411746262298e-02
2.179672857058973304e-02
2.608987552914566376e-05
2.870452926645458008e-02
2.523028640850082799e-02
3.498249266436833250e-03
2.838407974712505236e-02
4.100128946354218012e-02
3.656897586301471881e-03
2.855834940789317780e-02
1.983590254097489583e-02
2.856655358936067979e-02
1.561301764580232988e-02
1.638019896517377153e-03
9.402425966594076326e-04
1.100965800384638878e-02
7.523057291922850831e-02
2.174481181131371343e-02
1.564228401307996355e-02
3.702476988194675078e-02
1.507740605856537630e-02
2.529542099724255838e-02
2.359380531175142570e-02
3.708314990391306520e-02
4.448686415780088443e-02
2.722340869461634810e-02
1.631171361025235064e-02
4.076702076222095406e-02
2.603882567621918290e-03
1.945867877322970257e-02
5.826558765979772576e-03
7.675529254422444603e-02
5.750400598784238815e-02
7.405641918162414461e-02
2.810361993820434737e-02
2.780007119151432435e-02
6.281001202630865678e-03
4.768204320091278849e-03
4.468044757248213622e-02
3.979430688420063783e-02
4.781686227527356253e-02
3.164584673772675907e-03
5.818590041837787274e-02
3.503685013564045853e-02
4.732105924357705301e-02
3.034462956262467745e-02
1.289467987618147897e-02
3.452134546065378784e-02
1.549620535100526553e-02
4.855067769465348793e-02
4.229402871853808060e-02
3.138424864100559930e-02
5.461609607219259505e-02
3.253175288230250595e-02
2.067818898269641742e-02
1.042403308372590216e-02
2.473670266910883361e-02
1.972191701758354773e-02
6.106427893858285688e-02
2.101863569061774954e-03
1.817717721983300519e-02
2.028804750832464607e-04
2.217629984939195262e-02
4.271847121647157075e-02
2.241690826256043101e-02
5.047845150979370782e-02
4.192727680986767236e-02
4.357935682007561123e-02
5.506799910353559618e-03
1.060855892097705040e-03
4.963476628657211009e-02
5.064547239195329748e-04
4.996395771999084280e-03
2.640510560041815086e-02
3.923467483524676475e-02
7.717604776812019636e-05
1.065196354497358056e-01
3.426330787781937254e-02
4.274375732967101472e-03
3.934639198176963226e-02
1.084337859607850175e-04
4.400615210214151030e-02
3.126522270550555899e-02
2.947937076136250209e-02
1.438426944332521322e-02
8.846745926328480891e-02
6.146998142822402865e-04
1.341255162282986232e-02
4.407192174507894300e-02
4.208962856140022191e-02
3.234793491000984011e-02
3.686562050252182449e-02
3.363293042623541340e-02
4.262532131916155209e-02
5.517605608379688026e-02
5.047836265756543497e-03
1.494923036193517019e-02
4.443229272570155264e-02
1.633147252835890142e-02
2.255911746561027262e-02
2.347428187332186930e-02
4.187781683847194292e-02
4.004610394431045578e-02
2.556208059998250556e-02
2.973332460626064086e-02
3.563703768041387096e-03
3.407693516136801187e-02
4.006220657712199901e-02
3.958271280338693937e-02
5.471246920652556023e-02
3.704823420864883365e-02
3.342927745315815453e-03
4.200765114388160110e-02
9.572561828821140456e-03
1.151264998530172542e-02
4.350825000794412284e-02
1.344469089131047380e-02
4.361866718889242933e-02
4.006669921139983243e-02
3.886874776989120150e-02
9.775209144743787684e-04
2.993342746025802817e-02
1.299896214336901216e-02
1.918538310476997077e-02
6.303183727251467083e-02
2.818634327790453184e-02
3.316922901781663852e-02
1.571853742360202399e-03
4.626257263444836371e-02
2.566891813570868972e-02
4.801472689648012687e-02
3.499192155272638077e-02
3.290016689860694038e-02
6.052637901511978558e-02
4.129836574609043603e-02
1.734117279404061296e-02
4.500556718420331559e-02
2.258167379646090420e-02
4.850315712535505086e-02
4.722648536466466512e-02
3.029324146773533857e-02
3.338589921294137647e-02
4.692925218327184157e-03
1.973130853331308415e-03
1.529143543940341375e-02
3.510345508990653229e-02
4.556049060722751343e-02
4.620400331485141621e-02
1.359466065650958948e-02
4.052940703649776655e-02
5.363722990069007962e-02
1.086654974266813498e-02
5.432332255849616452e-03
5.262849933365146282e-02
3.082630078196617676e-02
3.257027490717398499e-02
1.542069169226381251e-02
3.922082342226243523e-02
4.460049749972307825e-02
2.444115067779637634e-02
8.884391168707302111e-02
1.870684074984020791e-03
4.163163288939504547e-02
1.310938204933163008e-02
2.689724890711137767e-02
6.602240981765522543e-02
2.086366629663185049e-02
1.920276805518635749e-02
1.970392265008211879e-02
4.527616423284768626e-02
5.519325538766242870e-06
4.242776978502062202e-02
2.925756603470607009e-02
3.049073915025179993e-02
4.074071132291844782e-02
1.920582812695717165e-02
4.342242350738738897e-03
2.060342115066035248e-02
8.635833104873388497e-03
1.176736335716394369e-02
2.341909178470633762e-02
4.648067051548152723e-02
1.228795439363355481e-02
6.199464263269804237e-02
3.734456117447730594e-02
3.706418107804097112e-02
3.085753496340272461e-02
5.574032014158902121e-02
4.209218890802720464e-02
2.604518584132776288e-02
4.569938638718990670e-02
6.580819040441963919e-02
2.025550899623459328e-02
2.632136889412100070e-02
2.578463349077958836e-02
1.125509670298282562e-02
1.528673389794732787e-02
1.303480205697326276e-02
4.247700995203010366e-02
2.026202940854872694e-02
4.037763746142879889e-02
3.953121533789180631e-02
2.312564219828378009e-02
2.159843050340333123e-02
2.636069115205084967e-02
4.657623729237505422e-02
3.868826242388995196e-02
4.567279267812238602e-05
1.515662910540480600e-02
7.050505800776635246e-02
2.017785044531252708e-02
2.003766807511856568e-02
4.927889355363589130e-02
1.232650273054354713e-02
1.925679886968987772e-02
3.654796606650533020e-02
2.143708048444696937e-02
9.135690852476894760e-03
3.625970602374296164e-02
1.333235241529343897e-02
1.845305202600748193e-02
7.743885570590833267e-02
6.633183613788661004e-02
6.127634565084769114e-02
8.719697098300529386e-03
5.709030266582038743e-02
8.718700601810112916e-02
3.887149088715523282e-02
5.615914645911432301e-02
4.865964583703222268e-02
2.365918385024106535e-02
2.314392300435025350e-04
4.959852248079969599e-03
5.588102709283820219e-03
3.537271918398790516e-02
1.688718022760055809e-02
4.022676451976732459e-02
1.124074714038563946e-02
8.123249495808462783e-03
9.020251661304341112e-03
1.130411887349896255e-02
1.198926463693960297e-02
3.736263529496985925e-02
9.092776732128091122e-02
2.472535230494259627e-03
4.384429440237421621e-02
3.786236160494780775e-03
8.261192268747087619e-02
1.071566153276081808e-05
3.718022947011133394e-02
6.401566967107898999e-03
4.447974672988665862e-02
3.303126560583123650e-02
3.759916569499678618e-02
3.868740714042961937e-02
2.962170833214579444e-03
6.474369418567909283e-03
9.815864579872603246e-02
4.379908021850822952e-02
5.313850385273395172e-04
3.998167789379597492e-02
3.101480170684903573e-02
3.568568939951041741e-02
1.323899815656583157e-02
4.624349261048128767e-02
3.919517585067915783e-02
5.701217681827447370e-02
1.142224789083538979e-02
5.467196882377500788e-02
1.274798305422119270e-02
4.013133996770447409e-02
5.057350506024649306e-02
1.928227761755497288e-02
4.070705238381528562e-02
3.340983887645364303e-02
5.935018988842961744e-03
3.390751262774956143e-02
2.600964858976016758e-02
2.284010864898190427e-02
5.967858047540780704e-03
7.066413113159823733e-02
3.122710637647996626e-02
1.626864030371314926e-02
3.259952522152874399e-02
1.239335016711400062e-02
3.238012935923927083e-02
2.273404662858749190e-02
3.656136984770346626e-02
1.879335111559612232e-03
3.158876158192510525e-02
2.896782472772200037e-02
3.357236378920933073e-02
3.894101008856770685e-02
3.723952267090799295e-02
2.965217722031191633e-02
4.989389213132919970e-02
3.909659321711984187e-02
4.695403904207773316e-02
1.267340758413859104e-02
3.749662854663197292e-02
3.660323334022377948e-03
3.713225749309680829e-02
3.737467014490403194e-02
3.291529275079924793e-02
3.559303744113109097e-02
2.712607558196089216e-02
5.081387314802346400e-02
1.087053427901416274e-03
5.188996148705207756e-02
2.983879728574585430e-02
4.409033036329924882e-02
8.871305345892321892e-02
3.259501775877433633e-03
2.936558162036737030e-03
2.320660966815318860e-02
2.002408809640171886e-02
1.190977111941199330e-03
1.984281937261149487e-02
3.267778370231209234e-02
7.240875330942264177e-04
1.737798025338441882e-03
3.664386856441281121e-02
3.684330429643409288e-02
2.336644915841550041e-02
5.690606435227335037e-03
7.274123253691945623e-02
2.846119977381506710e-02
4.354240565457932863e-04
9.176479597612550998e-03
3.126380561637293314e-03
9.952495001774967764e-03
5.180375225508410120e-02
7.229426656971405830e-03
2.949799598095374786e-02
1.444835412397555904e-02
2.674478067119273952e-02
2.622587514940213568e-02
2.454691765001753515e-03
1.793579576552852689e-02
5.838347276393167362e-02
2.328082929285253330e-02
2.029747464000088153e-02
1.670363125914295366e-02
1.320365878997242781e-02
1.759191886087866155e-02
9.061864303647579333e-02
7.387758938991458718e-03
3.348765269002155348e-02
1.080106401016439344e-01
3.517903170919661759e-02
1.276803602549746595e-05
3.070195548174886602e-02
8.011745703753990217e-04
3.153906569362700113e-02
2.723398937476679757e-02
1.567718114465120605e-02
3.279331526848961592e-02
2.143177603258999975e-02
3.179783179141319749e-02
3.442053892885837962e-02
4.783178140808960754e-03
2.232540482299130019e-02
1.536947074325294323e-02
6.107651340502862070e-02
3.689741774589438451e-03
3.992250546257890276e-02
3.458635574843555577e-02
6.966318429536370004e-03
6.612577419678185991e-03
4.131956518782040760e-02
1.446854073267213846e-02
2.770089568549175332e-02
2.300725065479512430e-02
1.526524235830210331e-02
4.999697939028452387e-02
2.044286531675913125e-03
6.119477798770566954e-03
4.117531031845269446e-02
1.381571365440309278e-02
1.801465549750407708e-02
3.087196900440523223e-02
9.045389797415905693e-04
5.354972862874912524e-03
3.772446466099604878e-02
3.434759941276334383e-02
6.180087936936567300e-02
3.152124022883138338e-02
2.965223358909549120e-02
2.410267150641896318e-03
3.480486346614348331e-02
4.712912500177959818e-02
1.354908076923861879e-02
4.118181998956478573e-03
3.181472058184281471e-02
4.991551374608158009e-02
3.751179084804955044e-02
1.539221799087069249e-02
2.913929611690984321e-03
1.616325353255138389e-02
1.357337130087022878e-02
1.948801300983083948e-02
5.191150824425575655e-02
7.604258606000688023e-03
3.588797264680219923e-02
2.666454886829338657e-03
1.524173468413927805e-02
3.558115170460243032e-02
5.827046909821963910e-02
9.049601538779086449e-03
2.508973606099569251e-02
1.701480746532939639e-02
2.837876677552134477e-02
5.039766271604097236e-02
5.024591437224740914e-03
4.049200639240328053e-02
2.431778019703284555e-02
1.113532667613208529e-02
2.682613048040007747e-02
1.637028968100612270e-02
2.130813405092953777e-02
9.041027480486702600e-03
3.681928741437546560e-04
5.800060089299124630e-04
3.388413721689578079e-02
4.933648080472460840e-02
2.227569762201981121e-02
4.291912376396848916e-02
9.723664999448648760e-03
5.290099626165530033e-02
3.406675049441876962e-02
6.770267002517674215e-02
2.516820176069793982e-02
4.141736489018432027e-02
4.229526552705090148e-02
1.581234555797433883e-02
4.823329391672107058e-02
2.014275752525096844e-02
2.125961433003198398e-03
2.850506921220342894e-04
3.728127794196416100e-02
2.140943996190529039e-02
4.876211661202387720e-02
4.312203038512942704e-02
5.373354918279407005e-02
8.940912587862384631e-02
2.183171537394787767e-02
3.072935311696772809e-02
1.888699729875683783e-02
1.783799120943315613e-04
1.605420140534446691e-02
1.540670407113895390e-03
2.107725859048388550e-02
2.283253738720100734e-02
4.663347340121849066e-03
4.043440984190006804e-02
1.507721788522771444e-02
1.977740262062032892e-02
3.915558899280936755e-02
2.301804774412337731e-02
2.985832097838669180e-02
3.852327083314690658e-03
3.911563371652856252e-02
1.424463869984934840e-04
2.964241787072873294e-02
1.428086236507053811e-02
1.750912635706693490e-02
6.430365882226743435e-03
3.773243076611466906e-02
3.911114147415422487e-02
5.258897331684924542e-02
3.397674637443745625e-03
3.894547947447254271e-02
4.141478750921048779e-02
4.675450671549876563e-02
5.289713977463793987e-02
5.534667692625809196e-03
3.070989738474057956e-02
2.083351536852123126e-02
7.490301033888340637e-05
1.225411263623278797e-02
4.168957052737767149e-02
5.742202589868222740e-02
4.246264691812484671e-02
4.443742689062320228e-02
3.826255275035134878e-02
2.204885826713419775e-02
2.109675629384551859e-02
3.447026889134437166e-02
4.161021491877781725e-02
3.103211596267449815e-02
3.981884556786200596e-02
1.942413705335333798e-03
1.766765582359308348e-03
5.399561807879730765e-03
4.093288993035165690e-02
4.194920984105684342e-02
1.577895303403051633e-02
1.366125443783159851e-02
4.413209875370499580e-02
2.195501405051574189e-03
2.354680341968727261e-02
1.580080933627115922e-02
4.745769588043922960e-03
7.296720421876435290e-03
4.122926801716696871e-02
2.151732556387592546e-02
3.046356498468916901e-02
3.296468298434387240e-02
2.835398846364317951e-02
1.575322237011418181e-03
3.614665513593517260e-02
3.863225524692471408e-02
1.079542927351970346e-03
4.079777538759277872e-02
2.321928188145271944e-03
7.837201159366074393e-03
7.363386485971603647e-03
4.856057885630354204e-02
6.706515384799673074e-02
2.035887371523513456e-02
2.081505824283256742e-02
1.001417506063243581e-04
6.533305878333029240e-03
3.571178007698518411e-03
4.667587812872536074e-02
3.610115726822726856e-02
9.848670361278190344e-02
4.371270549502245806e-02
4.465575515476045282e-02
6.882521152348539117e-03
4.220096997523185844e-02
4.965001184676309798e-02
3.526428141250764758e-02
4.898482029453311154e-02
3.230789279975547490e-02
3.836577995041083600e-02
4.072602012832066826e-02
2.566688032921001923e-05
2.066383068635582656e-03
1.983091789860354399e-03
3.945452319126599439e-02
4.963443142357481380e-02
9.381272841688881314e-02
4.264997257841068867e-02
3.877172381754253466e-02
4.334357647157775772e-02
3.664938911512968800e-02
1.589550782909972954e-02
4.089188786308160101e-02
9.733640833921272315e-03
6.619784594595151672e-02
2.190635694539355346e-02
3.860181897121389705e-02
1.964310069136693954e-02
1.724294072857301616e-02
2.063388088390400235e-02
3.843357911599856735e-02
5.408218029990038284e-02
6.762943480636904314e-02
8.305273364140376008e-03
2.136717210504665218e-02
3.363010190790904907e-02
1.915986347784980059e-02
5.341938363256965028e-02
5.741550758267518345e-02
2.568190718074737575e-02
2.607524695108707005e-02
5.811575735421139165e-03
6.487887846064067932e-02
5.947552164944807426e-04
4.318509980283598282e-02
7.734727213206561702e-02
1.680793437960340780e-02
6.222802456586365655e-04
3.480821952940586078e-02
4.234656814172794125e-03
5.297402747724525018e-02
4.108562733888666135e-02
4.951741627728868840e-03
4.953118577948448546e-05
1.099693513210956569e-02
2.501897093548037521e-02
1.426933920255586165e-02
5.441819446148100925e-02
1.599506076881557215e-02
6.762533456476585306e-04
2.123257561583093839e-02
4.067306651311929783e-02
2.755793580892069300e-02
2.220193993719742770e-02
5.537611542693911260e-02
1.894664034793909144e-02
3.195780522920267652e-02
7.122992253042931265e-02
1.997346241625290800e-02
1.621579741241860328e-02
2.828898653675451097e-02
2.659176211684093766e-02
8.064429297751196657e-03
3.948984173290671223e-02
3.688370085448345465e-02
2.114022394170002751e-03
9.184160056286587437e-02
4.128324773524926633e-02
2.761183818041240690e-02
3.422696697920797615e-02
1.399002388069107462e-02
3.682057513217589645e-02
3.852689044921269595e-02
2.736100471743449850e-02
3.380194033437541358e-03
3.775005846064759252e-02
4.348136015646399816e-02
2.931393397525441924e-02
2.651958222625068473e-02
9.019192727399035197e-04
5.711988256269794756e-02
1.328587650109466257e-02
1.900930231715731999e-02
8.393755589851141508e-02
4.836039095158508466e-02
5.358755700619245547e-03
1.099468029040084026e-02
3.618060367984928666e-02
3.476490723963130552e-02
1.903752689980168361e-02
4.416655526975987733e-02
1.208661393075363168e-02
1.757422400527505930e-03
3.410557142344827763e-02
9.165603666012272707e-03
3.064957627880823474e-02
3.763412953382162980e-03
4.366871232076832698e-02
1.313214819620590890e-02
1.110808447031015741e-03
4.262933281118082285e-02
5.591810405502176118e-02
4.445328911511313430e-02
4.276182146767537606e-02
1.759337200304324222e-02
3.944972262233889526e-02
3.499806940061808008e-02
7.464333789624766693e-03
5.416665513779209129e-02
2.660562236943586276e-02
4.227118170972998801e-02
2.716291631212952931e-02
8.220390178502499923e-02
6.073613292453593909e-02
5.361275662202598380e-02
7.067749877628881186e-07
4.284701585491255266e-02
4.796323666147576936e-02
3.621862453913304164e-02
2.755046063100255113e-02
1.470403209074098863e-03
3.722624055400846482e-02
6.476743501227591460e-02
3.461583342624605184e-03
3.076580537717511429e-02
4.348484993846292446e-02
1.091175752696188841e-02
3.424108735460174718e-02
3.729889573670550768e-02
3.440400102450027336e-03
2.183793900402164131e-02
2.530041632469207016e-03
5.007742159014788585e-02
2.825641681944936548e-02
1.867431910352804550e-02
3.226912519953569532e-03
3.969804580943973871e-02
2.382620695649272438e-02
3.640968483285624696e-02
8.974885303810044984e-03
1.192181983530553281e-03
3.059153791478868775e-02
1.695774045617072165e-02
2.057072793440111597e-02
3.767682769893457295e-02
5.105531775900946229e-02
4.178506153310553028e-02
4.014890351505083499e-02
6.508645712934432379e-03
4.839781791825570854e-03
1.838250787992361940e-02
2.012198254237436770e-02
4.791881684616212250e-02
6.674055561722579989e-05
4.727549860156112643e-02
2.534516539784288647e-02
2.847746949357934237e-02
2.845174088538156981e-02
1.801428356635466918e-03
3.942776780210622417e-02
2.115187501239431528e-02
1.885075323366866909e-02
1.070214952880768622e-02
1.753529836810602260e-02
3.757142029446464832e-02
2.130322122907314306e-02
3.544543676850552688e-02
2.681625286937291183e-03
4.395055183180484465e-02
3.943349745724462202e-02
1.361073568923253964e-02
2.599892826340148566e-02
1.050541760740618565e-02
4.152775973534343634e-02
2.356421841190642005e-02
8.588966534309282327e-04
4.445396772751868120e-02
1.441914542467715755e-02
3.304761273377079811e-02
2.294733171540767544e-02
7.175007038955465155e-02
3.228623013692406493e-03
2.538320474139312694e-02
1.826698509552344973e-02
7.142193958382986492e-04
4.328291611236457365e-02
1.023143018695158307e-01
3.005891699839331743e-02
1.122609729958256429e-05
6.927728157034553080e-02
7.043958542177639927e-03
3.428270439865693797e-02
5.181010781159939294e-02
1.469603732941932072e-03
2.903435094921748630e-02
6.115501731271947260e-03
1.160077959546762690e-02
1.309425246249612247e-04
3.319719175901932745e-02
4.916013288739908005e-02
3.795089181956248781e-02
4.816161612701076039e-02
2.331640154778572352e-02
4.969875692908339027e-02
1.652019480000179938e-02
3.052777046026140806e-02
1.750820876252263958e-02
6.640507177450949428e-02
2.616743597261371457e-02
2.864608250639284065e-02
3.063280507295185542e-02
1.313564749109789528e-02
2.372522757721154049e-02
3.377747203605201143e-02
4.866699336404028964e-02
9.563591790821288074e-02
1.995597210268377011e-02
1.928013729836571336e-02
2.900934699017575572e-02
2.493101762531222537e-02
3.174328933492456817e-02
2.455351399164073471e-03
5.371053747267395297e-03
