1.632314169381578195e-02
9.263243638809315339e-02
9.264361914908685047e-02
2.548472651029776159e-02
2.904099324350167474e-02
3.516977286286025045e-02
4.785400176314521387e-02
3.417062723822723164e-02
6.576807106441243111e-02
3.995306833213650016e-02
7.419288874929184929e-02
8.458914895823907432e-02
7.975005127038269082e-02
1.913216014314473440e-02
4.559735009871259542e-02
3.218727261168645437e-02
6.598367654789014103e-02
7.866681940011051311e-02
2.630098499230900527e-02
2.611823057774750878e-02
7.054456242586058801e-02
3.838004032168756269e-02
6.549230408711206007e-03
2.617749418588865770e-02
1.405708051841792448e-02
1.047088011121300316e-01
2.911389306644172198e-02
9.400907063526309226e-02
6.134547580904032432e-02
9.101845269688652040e-02
7.239673993376950778e-02
6.276060586492271387e-02
8.481901979750596648e-03
1.008536427128169238e-01
1.599234090864618332e-02
7.398528712202790368e-03
4.861980022356735681e-02
8.207548823017289663e-02
3.250429555245860913e-02
9.725261702106410833e-02
1.707631331703436943e-04
9.781645682290289467e-02
9.781877719229126189e-02
9.599476818438282266e-02
9.589698347776071108e-02
1.117559950349062275e-01
8.815163990865047816e-02
2.482332300276725648e-02
5.340301621677744776e-02
3.906384205375902641e-02
2.769244085600577974e-03
1.266543637149636879e-02
8.688794405449322411e-02
9.858212354886934647e-02
2.601001180808856089e-02
4.988529834852263589e-02
1.042370910354677854e-01
7.461882280000117773e-02
1.070792874936981470e-01
9.859594756307182850e-02
1.185075942433095122e-02
5.901423445504495879e-02
8.933549455565836794e-02
2.252944242111693321e-02
8.387363137032549654e-02
7.314599867160280489e-02
3.722653171553306356e-02
1.082764334622939167e-01
3.529712936912016152e-02
1.157466848024907465e-02
4.554231753648437658e-02
6.919121367423569646e-02
6.869791797361977925e-02
7.344482019313715304e-02
1.779110379138318376e-02
1.007459204141889081e-01
2.229964381720352454e-02
1.992225914169318268e-02
7.618334555524843010e-02
8.329843536222285294e-02
4.983616590353826675e-02
7.613382610854775578e-02
2.315852757870330222e-02
4.987316033948448191e-02
4.639035259246036824e-02
4.769409931626535093e-02
5.649827964363859228e-02
9.542016502049808363e-03
6.531898060123865479e-02
2.846915864903441784e-02
3.301154291538146990e-02
3.519608127195544139e-02
7.133821651080735071e-02
1.636346826523128392e-02
8.440662878194893359e-02
7.484730148841862996e-02
8.838938692581001233e-02
8.547654636353149704e-02
8.035378240896730306e-02
2.143791295109935546e-02
8.594915612853536169e-02
4.008690498462018359e-02
6.521716486755489706e-02
6.825492826406691360e-02
5.404193711039586429e-02
8.311713774566514834e-02
5.540352626403562131e-02
2.296718824042885687e-02
7.449099293638891672e-02
4.318091445817763552e-02
8.276522065698688202e-02
8.750713466182098721e-02
1.057730928780070134e-01
9.188980824310755136e-02
1.386036290685124447e-02
1.029649254745192977e-01
7.260566127818851578e-02
1.967576244760247187e-02
1.219457766980513135e-02
9.599004629849745840e-02
9.259729272271736804e-04
5.285022654805143771e-02
1.962360534239622131e-02
7.451688561238707653e-02
1.676117452666806701e-02
9.943239463469448480e-02
5.403518336410677997e-02
2.370597455066487946e-02
3.531245650272821918e-02
9.157601746559144995e-02
1.489983162483243632e-02
6.165058802423762502e-02
1.113851032588398515e-01
2.841512593443231566e-02
9.475947732056549944e-02
9.913516502789707086e-02
6.724633267842154705e-02
1.043421791154993117e-01
9.676765780691133634e-02
8.899210202497197242e-02
9.567912674904034687e-02
6.374586159184363054e-02
9.553561259240217485e-02
6.156174415423815854e-02
1.151858559007364613e-01
8.706572613632208857e-02
1.864073728819215167e-02
8.212773178979704269e-02
1.010452835644179148e-01
5.448660436282051767e-02
7.959649768948220960e-02
8.617584328143700068e-02
6.644730873968021818e-03
6.075360502397227080e-02
8.142019208281204255e-04
4.591169024845908296e-03
5.223748846402625351e-02
6.364327422100296561e-02
9.530469390130197338e-02
3.007548009069256970e-02
7.651719693737930872e-02
1.029498260015022926e-01
9.468867100852015883e-02
8.500203689310255328e-02
3.148593238752623886e-03
2.370489629173731447e-02
2.277775979782499169e-02
2.060757479000425649e-02
9.120413265537137548e-02
7.237668663833347893e-02
1.066237776871746673e-01
1.302302716650841942e-02
1.155795513509710881e-01
4.425077584373386663e-02
2.676513867717719014e-02
2.055581693106156918e-02
2.765962963124872845e-02
4.455195473998010275e-02
2.775158036497382685e-02
8.130276861919683018e-02
6.972133941448503680e-02
1.495281643205283000e-02
4.585300567617870554e-02
4.545754556031553900e-02
6.718074064560176917e-02
5.540237639164605904e-02
8.227584179462020531e-02
7.541367537212606553e-02
3.781966243660481869e-02
2.707434366747148505e-02
9.057178224131461064e-02
1.043319434111305288e-01
9.843391452890749849e-02
1.559878972060281012e-02
9.942201309596412906e-02
6.406584426711245395e-02
9.290966073612724752e-02
7.527526492735382713e-02
4.117272030815059825e-02
6.848430437063941778e-02
5.508940393484468290e-02
3.552636552540498066e-02
6.610593366095461609e-02
7.819574543328179639e-02
1.791952121498900652e-02
8.155315649225858277e-02
2.017469494455224888e-02
7.161263534570251610e-02
8.864793757179170730e-02
8.152066257941160965e-02
1.145604067670224768e-01
1.020107084160020716e-01
8.727090547950538957e-02
1.072143428780262947e-01
2.917925326532409477e-02
7.682849167010456781e-02
4.181311389057248973e-02
1.079358329202664488e-02
9.810291815955821115e-02
1.109979000905478436e-01
8.942834561399370941e-02
1.053148502220593724e-01
3.934573793226220362e-02
7.195728689897094854e-02
1.059087744311494605e-01
6.586171233330691266e-02
1.569222861084420412e-02
2.726500317335886926e-03
2.962004525405055252e-02
6.731365563817522102e-02
1.044325574311891214e-01
1.832447679201790192e-02
4.290440950964910516e-02
2.115244030022584223e-02
6.758814559791118115e-02
1.314620724558080919e-02
2.331068283124832288e-02
4.196310039247859447e-02
9.480434250036617883e-02
9.391238920982034055e-02
2.411473578130786735e-02
9.953850425685268483e-03
3.556893694018569062e-06
1.060829985632333744e-01
4.178639381476700193e-02
5.688758693246343673e-02
5.778120514992003687e-02
1.090071707260055062e-01
1.100593826141660070e-01
2.711805890590513260e-02
1.097694108716469052e-01
1.086741275551411645e-01
2.715153914657691264e-02
8.102985210690678841e-02
9.753586518317049203e-02
7.141863037515137902e-02
9.524957821148959114e-02
2.933490948879216229e-02
1.358699108711701117e-02
7.870389027127717985e-02
1.288270456196851689e-02
6.479221466753651293e-02
8.035269929712085535e-02
1.752404551333865829e-02
5.275710443269363351e-03
9.465409184200582193e-02
1.003010994209060786e-01
4.334267173268162299e-02
1.145203242407639155e-01
7.291765789085639937e-02
7.707821798991644664e-03
8.221709694413364966e-02
9.809463832641002190e-02
1.120158831473151845e-01
1.140367241447239749e-01
7.172400655594540764e-02
7.952646081199504779e-02
1.006021389850926401e-01
1.007393586340378511e-01
8.158641943406939878e-02
1.105547444229081494e-01
1.569945486547910662e-02
4.931032654585749270e-02
4.204359554394425380e-02
4.776075348852030361e-02
3.155185649869323566e-02
8.028962915566985326e-02
1.053967506774716317e-01
1.987096380477123159e-03
2.469939412608227955e-02
1.046738239844496737e-01
6.800618225268188766e-02
4.273058424370499570e-02
8.298815297593324647e-02
3.997119758596558853e-02
1.862984332557437311e-02
8.610000437265938333e-02
1.868545474166561846e-02
7.030023708921408210e-02
1.526203886283172655e-02
1.088876147648743659e-01
3.869865069716364736e-02
2.183837143631815400e-02
2.577441555942369678e-02
2.127407109494227483e-02
9.439461696266779334e-02
4.160884797007469160e-02
7.555611653809612624e-03
9.763168442912474598e-02
6.606733915717519874e-04
1.391913932821895600e-02
9.431984852395318419e-02
2.751384914142523952e-02
2.276614910704799141e-02
5.433054921381778868e-02
6.633208746377957515e-03
9.932141234172109021e-03
3.708364538945773878e-03
3.047904509009575699e-02
2.714014678542755327e-02
9.508385480194928019e-02
1.002046875705819295e-01
4.744038232595079729e-02
7.917755989646553527e-02
3.616264573160692802e-02
2.831036405184646915e-02
3.122621192124961850e-02
5.680942679797575112e-02
9.063797978141328870e-02
1.052792431465436745e-01
7.248461543202435603e-03
9.686007490240754192e-03
9.498338398240305236e-02
1.329318109411509359e-02
1.129601985127872271e-01
5.676110940467877369e-02
6.526643336955917363e-02
1.538166628337944057e-03
9.850819757249686115e-02
7.709827203393999906e-02
6.521269790130951316e-02
6.530262566246609716e-03
1.333371070609178609e-02
1.312842111181783226e-02
1.056004189607508137e-01
2.124732726713550110e-02
3.996935380610190658e-02
4.626289499079860867e-02
1.156827905272490159e-01
7.826190825566070597e-02
1.122337298862470523e-01
7.704391182759166845e-02
1.179847416600165316e-02
1.533979383895149942e-02
1.100141159217669917e-01
6.692231653724364793e-02
2.811857727156113346e-02
7.353544408474690756e-03
2.019004182140023487e-02
8.992308577142218984e-02
9.176961021529521367e-02
6.144063741381308036e-02
2.176661030293926963e-02
9.550669131813768753e-02
5.618405153253408502e-02
1.031010202196440129e-01
4.965578492084345846e-02
1.821647093447735163e-02
9.129504468844669776e-03
8.293895832203128371e-02
3.068816859916291204e-02
5.573174462103945570e-02
3.095381565999901982e-02
9.446409335018658704e-02
8.980281697018244191e-02
9.793648608537677130e-03
1.092227991668627274e-01
1.076328806138159566e-01
3.953320840964637956e-02
7.766435294902054864e-02
1.112954234845073553e-01
5.740569346002980661e-02
8.234942262262550522e-03
6.406071172038990680e-02
6.723774402425014606e-04
4.455108856818500856e-02
7.685256293546825421e-03
1.000744043432352237e-01
1.131060836654107851e-02
2.734821741697827935e-02
9.250364479383130223e-02
8.316911859995989101e-03
1.919758944875491966e-02
5.150298719341181442e-02
3.840758755879960379e-02
8.042143106347444947e-02
1.772264349168494596e-02
7.738234996277841560e-02
9.653231435716705389e-02
4.713545422799231277e-02
4.284021057847486880e-02
1.092441641097070815e-01
7.668191196394416598e-02
6.131707738974498390e-02
7.566358510611291555e-02
1.001539049692580646e-01
1.816873494505430800e-02
8.440428164220059593e-02
9.941869504226933524e-03
8.136737542710002768e-02
2.105387369130887892e-02
4.781684609614227782e-02
8.579700885118553277e-02
9.258836159869202054e-02
8.391404920450584726e-02
1.131157734233184803e-01
2.790541461140688250e-03
1.055464707219636554e-02
6.413154622975267283e-02
1.143449294564412300e-01
5.366878410807564975e-02
1.072234348246188518e-02
1.938687046333115171e-02
7.946678116768211841e-02
7.784476333523465685e-02
6.461815339731769026e-02
9.499033533140539831e-02
2.913443114268982059e-02
9.405975595744940632e-02
2.349050435548504304e-02
7.394685743695754432e-02
4.350192244110928641e-02
7.141472500805408352e-02
3.941731884046462825e-02
3.826563602343552306e-02
1.081267739142123957e-01
9.956996455034025639e-02
1.212161644057152196e-02
7.770547802570960949e-02
1.263376491263050634e-02
7.163856249157690703e-02
5.496927983893842157e-02
8.590488498056840505e-02
7.693125870859394977e-02
9.469514713687907093e-02
1.024342261860511222e-01
1.059101698577359085e-01
1.359321039734067912e-02
8.841826167287460472e-03
8.619732334679447439e-02
1.126393751742107985e-01
1.082176883444735116e-01
9.278893293069044590e-02
1.272134601658336805e-02
1.116866104270186275e-02
1.028629391918410019e-01
9.819204322800138829e-03
1.054053992566740677e-01
4.781081164144884710e-02
5.297017050406532118e-02
9.812238968699702954e-03
8.884817264714170437e-02
4.454944487510752865e-02
8.605686635859373379e-02
8.927460856673799516e-02
7.993879483522128848e-02
3.742898739523718016e-02
1.113240556305263862e-01
6.203367137784802920e-02
9.409562688089340154e-02
1.436673083625731803e-02
9.586960247233944354e-02
1.133649621360171417e-02
9.079872998360717651e-02
1.130275751206979290e-01
7.336098665818803488e-02
6.875162757917939460e-02
1.151639543320975428e-01
5.536725477567972648e-02
6.955487017019668095e-02
1.112512873328431323e-01
6.816003868019260281e-02
8.095990966626930019e-02
1.689183776711750129e-02
2.867682856076467571e-02
2.623817581963069565e-02
8.167238115777457341e-02
1.150006092401431174e-01
7.448830439196363340e-02
1.121069791081057837e-01
3.205377346142177647e-02
3.983965780330763623e-02
2.990491474017634502e-02
7.833943920899123781e-04
6.932301418503589163e-02
6.185201990444455511e-02
1.146416258641497765e-01
9.088824405272746820e-02
3.269756386853161362e-02
2.199293312495103833e-02
2.115523863919078693e-02
2.617352702173828677e-02
5.944286836178762357e-02
6.267076957255669767e-02
5.235451059131302626e-02
7.370342738442986485e-02
1.052506977614090788e-01
3.068427252776578188e-03
9.266781842456403573e-02
6.142451311138654585e-02
7.027549926844407768e-02
8.721744957301248713e-02
8.869618877670629176e-02
3.117784677217314004e-02
1.003414626012278099e-01
2.563282938433206551e-02
6.081510209950850843e-02
1.069669627451887844e-01
6.038915694410631335e-02
1.088987344024190812e-01
7.668005372690971100e-02
3.424241566432091599e-02
5.504882307590393958e-02
3.143879360980135484e-02
5.956769778964408207e-02
4.783220638335872188e-02
3.360392328742491108e-02
2.742564356662512744e-03
7.874815449110943166e-02
9.832569995746258396e-02
7.340787193986743342e-02
8.168871266536884002e-02
2.347006746910743763e-02
9.686537481646416425e-02
6.363637316433304325e-02
4.415183669951316947e-02
1.095085703364138269e-01
2.049854953796790072e-02
4.388394113419907816e-02
7.673918828710699080e-02
5.591186704005861319e-02
7.592374631562857912e-02
1.843040887765161340e-02
1.853589971254409469e-02
9.022148934839381573e-02
9.141655542111609689e-02
8.905521157364187923e-02
8.680037633476422876e-02
5.264533484374715050e-02
1.164442805683238089e-02
1.976157495183753637e-02
9.863242360131008191e-02
2.907562713623385031e-02
8.433856320353077390e-03
1.891470570847575763e-02
6.563783372698984986e-02
1.985976124818219363e-02
4.414197048873479134e-02
1.141866320996069196e-02
9.028466838748896994e-02
1.327579718721338606e-02
7.224148771373981037e-02
1.078291082883045884e-02
1.903240423644026943e-02
4.333334887105653316e-02
1.783986312768200827e-02
6.892257858424907270e-03
9.310080353203456505e-02
4.059710454597391383e-02
1.123385236932208375e-01
6.047372179138333498e-02
7.976840747872342152e-02
3.295248504338142009e-02
1.231511752634556131e-02
2.524592303853437705e-02
1.072969253167855436e-01
6.445890115458623171e-02
8.697097538252480942e-02
5.044587303404521328e-02
7.676141638088121444e-02
2.133683036794094962e-02
1.061739057970972899e-01
3.068513243210089017e-02
1.114588205194831372e-01
4.081790533634526395e-03
8.605445382620313666e-02
1.578048224296452542e-02
9.388181075353453642e-02
8.983665523143286036e-02
2.983555919961663680e-02
4.034946687643544555e-02
1.005182678069731772e-01
7.030607138525926669e-02
2.230752915916615550e-02
4.712011810360935971e-02
6.476890389523702607e-02
7.910056075217171412e-03
4.500527530698622547e-02
3.458327531327108628e-02
1.063721438895450927e-01
1.134722844349421444e-01
3.361366539326177127e-02
9.849395813883157769e-02
1.869175611994519648e-02
1.995861326007779962e-02
9.062626199321943687e-02
7.733954075017566987e-02
4.340153740167592387e-03
1.003470283148320541e-01
4.032000700764423740e-02
8.756861789544548302e-02
5.946236723893640053e-02
5.734676443609091484e-02
2.785661516700095944e-02
4.657713282996273768e-02
9.865102382272918080e-02
6.859410064741332247e-02
3.863322813954581103e-02
1.927397216142918979e-02
9.280139755727809248e-02
4.168897098725345834e-02
9.406044953945472131e-02
7.202714601228411839e-02
9.477735172537854469e-02
5.952464271561418163e-02
8.571022229357672106e-02
3.348602318215773178e-03
5.779544647754765452e-02
2.638304059803326523e-02
7.774622407400461066e-02
5.340481914976648314e-02
5.528724967779329730e-02
1.031372515283221214e-01
2.214157258210123699e-02
9.588829596720481463e-02
1.141488580448753454e-01
3.877703358496707026e-02
4.456994318395765542e-02
5.334704805232654695e-02
4.150820930312354440e-02
9.070505272624224125e-02
1.155064610180887158e-01
1.008480659907563387e-01
3.147144237444268744e-02
1.174478518202053817e-02
1.153911506457676317e-02
7.945488796693407629e-02
1.144136147702169530e-03
1.086604349011893594e-01
6.340529894594360005e-02
9.145444044354383850e-02
6.994473627940785143e-02
5.445670448477797979e-03
9.827168080175821552e-02
5.042542538277589026e-02
9.623789743746204162e-03
1.816556357252476980e-02
2.933430560404680018e-02
7.777686739604838806e-02
1.648233771232512218e-02
1.045829384884810753e-01
2.725530400557808763e-02
9.025514052109152863e-02
9.430635470952675181e-02
1.098090237281834081e-01
9.441306085994398412e-02
1.106280410601366143e-01
1.200003288796455680e-02
9.456054677039953116e-02
2.483688012173597068e-02
8.121695227068928546e-02
3.326258751117792262e-02
1.483696048524850257e-02
7.958098076784031472e-02
6.462498620049940412e-02
1.580654221409459603e-02
5.053733496472187503e-02
7.874124570135782042e-02
6.987439654217300622e-02
1.874652514673614753e-02
7.166842905507156414e-02
1.205520859573912945e-02
1.814241644440372364e-02
2.270603659622835030e-02
4.667750957288371166e-02
7.361522501086947834e-02
6.147990844191659338e-02
6.665693474802103502e-02
2.990637711285226014e-02
8.975440611891689902e-02
6.619831181792872055e-02
3.309543207514169250e-02
1.148825259075258454e-01
1.116204334770483017e-02
7.252063529738948799e-02
1.020997222174528235e-01
1.020953320679501841e-02
1.615463443734699300e-02
9.409724159591754955e-02
9.634941797806742536e-02
5.487897075606322506e-02
3.350905558158112640e-02
1.889451505482548158e-02
1.152042823103827940e-01
9.219040720604201877e-02
1.396647498213720619e-02
1.110771068717217834e-02
1.439828055100178007e-02
7.667653720669800887e-02
2.092768733635907985e-02
5.794414512529719521e-03
7.741438493669399422e-03
9.962589612253865134e-02
7.472869686824352639e-03
8.107136298022385446e-02
8.884079680509828630e-03
9.975976865074201450e-02
1.012323899907596331e-01
1.065241600466882398e-02
1.127822333173782166e-02
6.478717298947152259e-02
9.171776066755371604e-02
6.994924783852659450e-03
5.459494614365673071e-02
8.365289975932013733e-02
8.277728265451760048e-02
6.275493646858257279e-02
1.497766769462566608e-02
4.069819947727942866e-02
9.361695476140111105e-02
1.413102631214605172e-02
1.115659255722025074e-02
8.338388845565380958e-02
1.367117976469326389e-02
7.827814438166490196e-02
2.104156305261161569e-02
1.441721463306509105e-02
1.000045629172461731e-01
7.488099823327062921e-02
7.651412969626905647e-02
2.577116365475787263e-02
6.874826845860923519e-02
1.019214989975496671e-01
9.498744308595315211e-02
1.863472089970742013e-02
9.095619834583757238e-03
1.355894678195768144e-02
1.108679213055141360e-01
3.213719124136803912e-02
5.334194589098261580e-02
6.316136327781070314e-02
3.750878119711875680e-02
9.501413572699103638e-02
7.532760623803155808e-02
9.515653725820520659e-02
3.831898392753826672e-03
9.990813214183309754e-02
3.399855318639238150e-02
2.159493924447716123e-02
5.018540168489494212e-03
1.114152983595052410e-01
5.637324820286073596e-02
8.368614639320347270e-02
8.250731220987583825e-02
8.862467866818436735e-02
4.265330536370292441e-02
9.152708694280763113e-02
6.701600034274089734e-02
4.836806408339153901e-02
1.162176889978228794e-02
7.895922857704207320e-02
9.393336866183499279e-02
2.699553232518963480e-02
4.915706209457067905e-02
5.668270576876333761e-02
2.584375352418299618e-02
5.076570160432545414e-02
9.914944542800868676e-03
1.360379669031242834e-02
5.780745908410962752e-02
3.719246798072295412e-02
5.213597693401505334e-02
1.049167817904861355e-01
8.016336685734568035e-02
9.270271911567831702e-02
7.444252183870481154e-02
6.665487358088088843e-02
9.008705965085675449e-02
9.347797328500548342e-02
1.008547778934792451e-02
9.640645107793646695e-02
1.435347204687216147e-02
1.146001301183463689e-01
1.417451066276183454e-02
5.834048276766758134e-02
1.097747978064810559e-01
9.454513704070480196e-02
5.228728119239590619e-03
2.587824575287312953e-02
6.165473940311176626e-02
1.035378177811230316e-01
1.642305460991615521e-02
1.024377670623158876e-01
7.664791656191048685e-02
3.849909602864942659e-02
2.263876534076392569e-02
1.082293259817874859e-01
5.347467310903532278e-02
5.683404619733090080e-02
4.106704853223719365e-02
6.501571792397260741e-02
1.488614921436575735e-02
8.785347960844373805e-02
9.575191521695362515e-03
6.969075715122058368e-02
4.181016452924427029e-02
7.607053683302073682e-03
1.031533166216462849e-01
1.042239277032222800e-01
1.039731023673761690e-01
3.091628247893306314e-02
2.221682510120702447e-02
3.749544190874203042e-02
3.127354916804401391e-02
9.931619233168599570e-02
4.510294893709038827e-02
6.446020331822667482e-02
1.001517635287965668e-01
3.933704584369857732e-02
6.873723840366015303e-02
1.055704409673442479e-01
7.629984051003060874e-02
6.505031346454973051e-02
1.860334537839127781e-03
4.944918995353178581e-02
2.726953793358505643e-02
3.350345188518130679e-02
1.806025631415483432e-02
4.996398165268514137e-03
1.061673270323190560e-01
2.907155559914949977e-02
9.705758923736841626e-02
7.307998315317100479e-02
6.971673035689723852e-02
9.091217654746419630e-02
1.819894628164231767e-02
6.643159526533426451e-02
4.175672945766412819e-02
6.375053530022194853e-03
6.560029433820094291e-02
3.479461979010109451e-02
6.558665050418708035e-04
5.069541868966184750e-02
1.615629250560770766e-02
6.655150950153640443e-02
7.740433210758697335e-02
1.019121071164730413e-01
9.722229991111028258e-02
5.106990044967513881e-02
1.152701935800439642e-01
9.191210833332918995e-02
5.994106469003650933e-02
8.959937698167005915e-02
4.869307435348847052e-02
7.897176910057738045e-03
3.038743426936194036e-02
2.557649303299414784e-02
1.134364206907843980e-01
8.621692579680495516e-02
1.023417189475634217e-02
1.012571734524093658e-01
2.023907286188681570e-02
1.607804117768671728e-02
9.795652315998350235e-02
8.040769472512032667e-02
1.011923285434824099e-01
9.538458085057294200e-03
2.043782026734293142e-02
9.203106255698091653e-02
8.837258740082938602e-02
1.105058308976037268e-01
1.035102417303242900e-02
1.272149938538304215e-02
7.870714479875173808e-02
4.247463691365585547e-02
1.074975888791513123e-01
9.814548320394138325e-02
6.790735748133315541e-02
8.309940367629754798e-02
7.912201695857033756e-02
1.843271490092054585e-02
9.483725299559196686e-02
2.731433964988268931e-02
7.262427992046631420e-02
5.298365630728149589e-02
5.986888348930319986e-02
3.169031781633138006e-02
6.843791366598178660e-02
1.052232788055338930e-01
5.997788521462065620e-02
8.313888682423828391e-02
3.616985244874448141e-02
2.488839392325810015e-02
7.087065546994667474e-03
3.948515392079891828e-02
9.836480023224575264e-02
8.933913961381766133e-02
3.724563144413767148e-03
6.670146795324520539e-02
7.021821823603068002e-02
1.026005196736077540e-01
5.215309580444370957e-03
1.045307433429449595e-01
8.875521384735775288e-02
1.143663217001864851e-01
1.982970895390907817e-02
1.067998195760392621e-01
2.646037443502267592e-02
2.371784980367378295e-02
1.059089735932373516e-01
6.143588842420114049e-02
3.964537788490878067e-02
8.492529428129907965e-02
8.636498057376520987e-02
8.165191142097417976e-02
1.106572378694786890e-01
1.520702880661583233e-02
6.947181883335798447e-02
6.199661339151783801e-02
1.779441290957210764e-02
9.269310424875475130e-02
2.980408505660490925e-02
4.552701460173300130e-02
1.008468079519667104e-01
3.200867438583521185e-02
7.350779837454686494e-02
7.491091750974415708e-02
1.025193303090414648e-01
1.142440562949136040e-01
2.051020797226146483e-02
8.625382277790781538e-02
1.041938706042484786e-01
2.349984631998914067e-02
1.147486495450041610e-01
5.239956015031912995e-02
1.006522817352281246e-01
3.658347898954584371e-02
6.272703096880519191e-02
4.693325955532592908e-02
4.081010668989049073e-02
1.470907515725492637e-02
4.622549556541136889e-02
4.217134185502910415e-02
8.373145686094789208e-02
6.290179289513185557e-02
1.226267637159391549e-02
2.311268034968101334e-02
7.396046753659508977e-02
3.347105778603586684e-02
4.497943598454065550e-02
1.049811121633060090e-01
1.023546910067373444e-01
8.094248664953883343e-02
6.106156911608418697e-02
1.052644968320944931e-02
1.138604999533127937e-01
6.514903600781654647e-02
3.801295465632271997e-02
1.088736091699275960e-01
1.301186436320460847e-02
1.149665252312815217e-01
8.190812472866379479e-02
1.571701318603605999e-02
9.153602283581303845e-02
3.537045650362525412e-02
9.154963843718588734e-02
2.503706770091627606e-02
1.003616872641037855e-01
7.596879085948768894e-03
5.539905579667538105e-02
1.109483709879445223e-01
1.768928898725844259e-02
1.008316093252125539e-01
1.122396291295134491e-01
1.096617485874145925e-01
8.724473905328902767e-02
7.026717289481454465e-02
9.205992642214401445e-02
3.887042283689577660e-02
4.837856469535743026e-02
1.057700230126743662e-01
8.590179898744412790e-02
2.065709792185837362e-02
3.211706488275083843e-02
9.132124684009661209e-02
5.238978955733016724e-02
3.240211955744756039e-02
1.003134891744579260e-01
9.523656328650366432e-02
9.658328315151402943e-02
