8.511923745945687569e-02
8.522267626501184301e-02
3.306393569370850299e-02
2.230993497754600943e-02
8.644019463087350419e-02
4.965629141668000818e-02
4.297369362975057838e-02
2.467479017677396899e-02
1.133944165956456696e-01
1.242035800737850866e-02
2.968960936901472378e-02
9.286273575206632769e-02
9.921167324400667620e-02
9.799909394411229768e-02
1.453781064353693725e-02
7.306741075908042282e-02
6.460932039495110267e-03
3.548172676254387342e-02
2.448103788351742478e-03
2.067015483897884174e-03
1.120476283245610272e-01
9.026585432552028387e-02
3.876714369844639491e-02
1.017709826738959211e-01
9.643158774601184868e-02
1.995951733467727848e-02
1.589788514377963105e-02
1.038888802103499903e-01
1.031574695469784225e-01
5.504957653022085617e-02
1.015920552362486740e-01
8.918163766942724391e-02
3.848632369108703072e-02
4.308628161981419707e-02
2.746645115586109943e-03
1.093285935009822157e-01
4.222396618543653585e-02
8.645861494223090749e-02
1.135408121139466209e-01
9.867469427145356131e-02
4.739922833391291973e-02
5.027581159264313954e-02
7.713838477270430760e-02
5.024714031648083029e-02
9.717764731151225244e-02
3.179432890786920013e-02
5.928229125010998912e-02
9.914887407957594101e-02
7.053495050219102391e-02
8.451887566687049658e-02
3.491069996739760289e-02
7.491942461510801843e-02
5.987688183643036927e-02
1.053064698711316943e-01
1.013965332891593324e-01
1.131841480853978260e-02
9.337512549218165980e-02
1.100452149668477431e-01
9.447098938356160436e-02
7.224416626208213232e-02
7.421201264628855820e-02
7.478465082208418657e-02
4.372259307003267814e-02
1.403338596373676639e-03
3.601179111744633871e-02
7.282165262796189142e-02
7.746640942981235234e-02
1.918764817404816636e-02
4.393493043125214215e-02
1.220246845357930883e-02
2.657493433806068506e-02
9.023933743408740771e-02
9.773144966204369566e-02
1.043275734675505467e-01
2.730645168632987382e-02
6.279332327138189250e-03
2.989849483705528388e-02
1.425229100583826417e-02
8.904936007488549465e-02
8.125345079326956599e-02
7.229649436490555303e-02
1.450508799851278618e-02
9.155833870750647308e-02
1.059184655398768132e-01
1.524331814559072053e-02
9.855585300371964841e-02
7.192828443585480569e-02
5.877135500842086899e-03
1.099941890133302597e-01
1.015492029029005649e-01
9.624960039119680177e-02
8.405217306334011873e-02
9.230531086887663883e-02
1.071227079323411324e-01
2.029110972820723224e-02
1.046695524884125733e-01
3.843119947981793461e-02
9.150492268697194009e-02
5.160739425808872488e-02
9.846845699969267174e-02
1.139984098336514762e-01
7.193017157366762317e-03
2.952200298109959944e-02
1.020841431591689719e-01
8.367622879991945539e-02
2.463188785439297118e-02
2.119482055672937404e-02
6.341051116865763226e-02
7.646303984656807606e-02
9.895970062134368250e-02
3.020116444404479569e-03
7.684514361543545030e-03
6.888613131706730619e-02
2.053688161490493588e-02
7.736701201727834432e-02
8.424507739226459735e-02
6.827595868635157050e-02
4.720880402116646446e-02
7.854393214962562819e-02
4.615224078131513474e-02
8.166321334309152580e-02
8.970000509532273514e-02
7.039662998408774408e-02
1.086585088892112055e-01
8.052596587965261954e-02
5.530669926580190909e-02
2.361033505495494997e-02
6.599296730373262199e-02
6.139957309393994506e-03
6.391847334807676528e-02
1.020354156795316991e-01
9.233880067430362548e-02
4.349379055357636449e-03
9.690888894571633716e-02
4.132808592216297844e-02
8.205821584309699879e-02
8.278628640101717839e-02
9.668476478641320482e-02
1.874098257956866714e-02
1.082004091638954918e-01
2.679938255168885439e-02
1.073022039218517465e-01
1.954173646735716044e-02
4.426089389193031687e-02
1.071481097171459868e-01
3.390148835497147628e-02
5.693788026001787850e-02
7.063040543077447192e-03
3.472926510352076362e-02
7.722550077840423244e-02
9.929666067372408533e-02
6.411501816125333986e-02
1.937228863714467522e-02
4.299601258015199601e-02
6.317351234759353840e-02
3.307780113165229713e-02
6.581040339655599980e-02
9.367014575779632202e-02
6.041307356576001986e-02
1.090272259601302307e-01
7.591294830411969563e-02
1.422963584554771434e-02
1.063048967461706074e-01
9.330102768603387720e-02
1.991317326515468916e-02
9.762539963484195837e-02
1.046597466544716415e-01
1.308866608460885692e-02
1.726600409375610504e-02
1.015858906497643932e-01
3.157975235854770107e-02
9.513534980652600670e-02
3.472759554245247182e-02
6.360605576685265938e-02
8.379890841565861351e-03
9.334748912818169320e-02
9.825005756880307584e-02
6.133309347243214027e-02
1.403025844309474870e-02
2.968011810494537717e-02
1.530026235852561742e-02
1.147269600367353988e-02
7.505450828410760444e-02
1.147846061477944268e-01
8.976726083257827171e-02
7.915386794542993154e-02
4.001486026882011132e-02
5.312398795356985254e-02
2.597414592517374374e-02
6.298479081962708725e-02
4.889181474932850074e-02
1.703053603523952547e-02
9.293849861150206559e-02
1.110560869865118983e-01
9.823777608617280388e-02
2.349464691297184146e-02
1.689836604971408848e-02
4.130935942479552203e-02
8.317797414557849545e-02
9.841102918932030652e-02
1.246101585978998810e-02
7.791295395516147082e-02
2.195855625319969879e-03
1.090121125095830090e-01
7.067212174275545877e-02
3.774054096764028424e-03
4.746374308539776793e-02
4.381485845699990833e-02
7.491185017347331936e-03
9.322969053034171893e-02
4.880353885981629503e-02
3.252858679378129673e-03
1.010059575644325358e-01
1.720833613944095647e-02
1.303783648250681111e-02
4.933700110945147405e-02
4.984229660182504934e-02
5.428040023868262870e-02
8.382570015179643952e-02
6.422705834226713484e-02
2.130797082321587348e-04
5.727354889118038000e-02
1.309838491170117573e-02
5.093418149398325906e-02
1.118150692872112995e-01
8.479296189151330765e-02
5.362374443251752970e-02
6.322417364247413796e-03
3.159007324213036066e-02
8.715949478920556603e-02
1.089601482323272336e-01
1.138755472313053713e-01
8.076398305986387527e-02
6.812313511954769772e-03
3.957568865997136004e-02
8.879944504261720606e-02
1.107059739293797529e-01
4.087919475868134755e-02
4.513414732279065825e-03
1.374036340943429572e-02
1.779683263357626128e-04
2.065898230591449794e-02
4.968807230532280850e-02
1.252182271530418757e-02
1.066745152128633356e-01
1.065884976958265777e-02
1.784393884066814637e-02
1.037329180796881800e-01
9.842097096005797408e-02
1.124644801652412707e-01
2.910195533134178614e-02
8.601001576739941701e-02
4.255734783314467362e-02
8.121595117237302708e-02
8.440948829182151614e-02
1.104598345721630875e-01
1.194111112180073174e-02
9.785269398435891830e-02
8.386190719912266223e-02
8.499733395421367466e-02
8.891966667678331826e-02
4.822338047389908983e-02
1.204538434753415176e-02
2.826827078775337454e-02
2.740084030959593145e-02
2.245916684613154593e-02
7.528915552863343907e-02
1.408402926175266433e-02
5.673709082356918898e-03
1.009311682434010649e-01
1.097442256854664622e-01
5.806718644506106419e-02
1.686291783796253774e-02
8.445957479100851817e-02
8.638777926541638119e-02
2.158442483624514047e-02
8.032949233920334831e-02
7.628283360313020678e-02
9.281170922002894563e-02
2.173298020854156493e-02
1.049482920649293660e-01
4.702132797852667107e-03
6.925775056300845396e-03
1.112610444668575699e-01
5.432400644688829133e-02
6.817504218487807632e-02
7.379603944266445448e-02
5.257656066985771405e-03
1.131887443338961546e-01
9.566887397457782272e-02
8.266144874574518631e-02
1.146120131189676955e-01
9.009158159475688654e-02
3.421933162626487196e-02
9.403338029302082957e-02
3.315034144718880665e-02
6.862428492523696411e-02
1.787134098214705064e-02
3.478083749094711043e-03
9.661559172547275198e-03
1.022265968057360919e-01
9.910370291305457824e-02
1.359961464667867707e-02
5.194721440979242072e-03
9.844422632467005052e-02
7.625071651117437503e-03
9.597314047670922610e-02
8.149360833026385309e-02
8.017390851083576464e-02
8.215676343591450659e-02
1.147472410076953997e-01
7.554024884435822651e-02
9.212504779561828117e-02
8.511227481462881050e-02
7.637183890912839675e-03
4.241237500151240000e-03
7.536586676238839211e-02
7.665482744393832537e-02
8.980363023252511956e-02
7.837307531081653955e-02
8.135630571993243687e-02
7.788259813192914549e-03
7.127771594731596716e-02
2.635473041017713167e-02
4.128666074700085981e-03
9.752816099864548838e-02
8.514107847597995882e-02
3.327768300003430130e-03
5.507133952437313212e-02
1.048816837438665550e-01
1.008475284915884146e-01
5.681955553087508076e-02
6.827187720657203196e-02
9.543330012156819864e-02
8.933634770638561318e-02
7.067110237254807525e-02
7.321631495123405442e-02
5.057524843478301835e-02
7.154179290003108427e-02
5.468999374015453413e-02
7.676779205833154929e-02
2.579312148772574392e-02
1.630638016286749953e-02
7.192456676019157169e-02
6.563754224549211980e-02
7.402698155510321898e-02
2.193611156882777774e-02
1.033733789676855586e-01
9.056347545441494062e-02
9.931765929753059996e-02
7.754120752718367260e-02
4.245609933318553880e-02
9.396842131298883960e-03
9.237365216158793801e-02
7.422538056889509128e-02
3.693781332138406336e-03
4.845067224243342768e-02
6.661586736366373329e-02
8.350433037480003984e-02
6.640088869118977721e-02
1.201504575165276978e-02
1.235568463760192614e-03
9.429467448359143966e-02
8.453889607846963583e-02
7.771012351516372318e-02
1.026637416759191845e-01
9.039539237991925380e-02
9.517676902226986091e-02
9.409209573598145693e-02
5.337811283994453636e-04
8.557317505033128213e-02
1.181132397312097300e-02
7.222000189865236067e-05
6.304299434391187618e-02
1.148710213271694064e-01
4.193640683227063681e-02
8.430565127943939752e-02
8.050956034887631063e-02
1.097848294551952847e-01
5.771716820653611385e-02
8.492957869604762788e-02
2.210406672728590979e-03
5.669419339312842948e-02
1.564862448874396531e-02
2.119436539983773557e-02
9.007846652617260488e-03
1.081876813532881149e-01
6.930373428547331738e-02
1.022144217315439224e-01
9.903357563211283299e-02
7.399161912659057982e-02
3.211855234444381448e-03
4.019824072968850720e-02
2.413998196925382783e-02
1.051564172393203017e-01
4.502194402002376861e-02
1.084658770525770283e-01
6.550168880146951811e-02
2.668740826672406571e-02
2.881032766934103415e-02
1.109948580081221853e-01
7.435291261314479726e-03
6.731697493629727747e-02
5.882332127221861356e-02
1.713273137743203181e-02
6.712085988562933869e-02
3.166240403822453281e-02
2.713497223512587823e-03
4.208112790056204450e-02
1.125390748055985490e-01
1.111670023078496633e-01
1.093638430009719054e-01
2.637816574254424340e-02
3.103713037230697389e-03
4.877051763212802288e-02
1.835221316024929217e-02
7.914887110311512319e-02
7.026844654468979157e-02
8.492936506139234232e-02
2.640009982041407674e-02
7.185464480937460430e-02
7.974769883949557603e-02
1.126960754973317380e-01
1.014221996489467897e-01
4.556808555662557325e-02
9.110060288652210847e-02
1.020925978361574005e-01
9.641016615051058170e-02
5.524358156230960853e-02
6.420352024115598237e-03
1.488726029280039269e-02
5.942167753067605779e-02
4.446973509341229508e-02
1.138392812396515907e-01
8.495035275394342833e-02
1.094715471086180197e-01
5.924194756488820185e-02
3.029910282760862276e-03
1.370960929200223943e-02
8.929244297046881607e-02
1.064165276196613885e-01
4.994065499581372414e-02
9.839665885418948099e-02
3.117195405565591562e-02
1.047954378036672907e-01
9.841811560151171590e-02
1.411590930129725304e-03
5.127632188612433334e-02
1.142563396674585174e-01
3.923692910122989624e-02
9.700084289586294317e-02
6.133773884306970708e-02
9.527344946759659650e-02
4.137916962578653407e-02
3.275885595370305742e-02
8.621677505667317554e-02
7.287325751636909710e-02
2.025878817649477345e-02
1.084872232902118067e-01
2.614216314938796679e-02
4.992988850877153745e-02
3.755755840101263759e-02
5.286171476802761088e-02
8.848905349021228550e-02
1.051858789714363862e-01
1.016958794547341907e-02
1.611649908736105877e-02
1.045797321113397377e-01
1.046369256272575432e-01
1.788250782950961959e-02
6.421974779458229296e-03
9.438530391589790292e-02
4.556943363163609012e-02
4.056765010441868574e-02
2.902360319533740796e-02
1.381508041149851450e-02
1.838912403640188126e-02
1.130405196511889351e-02
1.116001981960006717e-01
1.621327836851341186e-02
8.947528662406048494e-02
2.047375495695706593e-02
1.340226627612242302e-02
3.322515898946834349e-03
7.950951737852315904e-02
5.304569640519558871e-02
6.166813988737992677e-03
7.861930446676903411e-03
1.029952389605936630e-01
1.675420954418398167e-02
2.748155730245496406e-02
3.598047125547716718e-02
9.904540973986636354e-02
7.313948117772675617e-02
1.123392364009611483e-01
7.942260708493080468e-02
1.026310907776744052e-01
8.458113688451759926e-02
3.147734400005702121e-02
3.004174487994261834e-03
7.363844149685591645e-02
1.103111817937334621e-01
8.115680737773672826e-02
5.314774859657826755e-02
4.238531056199977423e-04
1.068325511594346716e-01
1.136868542001362309e-01
7.838068577261773917e-02
1.579937986512450904e-02
1.032247602847861656e-01
3.871983651721735975e-02
2.176232116163632699e-02
3.828595580651975028e-02
9.764092645114821889e-02
5.100599773544642335e-03
1.243996373151733809e-02
6.231591983963715581e-02
6.697040017357143438e-02
9.531259868709998639e-02
1.140985906974231051e-01
6.795967352582611698e-02
4.349019777596430797e-02
7.399622435030524248e-02
1.079607963988575732e-02
5.198694302445443227e-02
1.120266214927805870e-01
2.048741926460686050e-02
8.155498681044580367e-02
2.145150425367437982e-02
7.678782579909398942e-02
9.693698382172857841e-02
7.373361847774387301e-02
1.131622898892778034e-01
5.503380291189924334e-02
5.136479396785508661e-02
2.149156914096586948e-02
1.211212672964557396e-02
5.665022767294095041e-02
1.045637599662437994e-01
1.015078275612130571e-01
6.124875160724083806e-02
2.355783812702386126e-02
1.077728624399588997e-02
8.159125882240243766e-02
2.739637546177202745e-02
8.748814813460367365e-03
1.143513022664587042e-01
6.393315590229273204e-02
6.364791175834093317e-02
1.044308079794374761e-01
1.027380839497456233e-01
1.088038341884116078e-01
4.521767268919428540e-02
1.053535947720507793e-01
6.509658899517101194e-02
6.193406817895727445e-02
6.252211956813398530e-02
4.166258401639043318e-02
1.454957809926146935e-02
2.142210566894241219e-02
2.235022785738966997e-02
4.998406207410057388e-03
1.117424647248162761e-01
1.062378929876654776e-01
5.003622598459352144e-02
3.837479509173497699e-02
8.769091886049108775e-02
1.057605106184282551e-01
1.018198108842510025e-01
7.674744409005976320e-02
2.193754116860419448e-02
1.003229788363235592e-01
7.012712677728635824e-02
1.024295213205583949e-01
8.315004977547357790e-02
6.316952218482639603e-02
4.237669385093693203e-02
1.082193174299745375e-01
8.746107325114761688e-02
2.195603468236877881e-02
1.000840926394658409e-01
2.315862067656729306e-03
1.267058101503147800e-02
3.629651541590227237e-02
3.373307354097741101e-02
9.393296710744804268e-02
3.162698125800139648e-03
5.332444109728412540e-03
1.005158303494364663e-01
3.393137310002007634e-02
5.918709923244270393e-02
5.734208367631619951e-02
1.932484116982856326e-02
1.041494514959713097e-01
3.230087613789078133e-03
5.155704776725426181e-02
8.404718244801104299e-02
1.302554926545416124e-02
2.852963216951471398e-02
6.183109221812128908e-02
4.285542669030383001e-02
7.464005272631392407e-02
1.102279652056658704e-01
8.500328595538095278e-02
5.376130462214955691e-02
8.081737256141884040e-02
5.304170775697863126e-03
2.385815370005729685e-02
7.812952311968235711e-03
5.667266342504020948e-02
1.155105586487778675e-02
6.991488402773766986e-02
1.695166018052948797e-03
9.924973747767865118e-02
3.562295301936100472e-02
8.319076960741986215e-02
7.654549150666503654e-02
3.052215958610209751e-02
9.529749186949777739e-02
1.653944069846518053e-02
1.812438581526986184e-02
8.456633762024108603e-02
7.784849509504355308e-03
1.103006836173976712e-01
3.339689368365535843e-02
7.968564563409689938e-02
9.394834805321641835e-02
9.710703464628725468e-02
1.059326131397342885e-01
1.125338346010384266e-01
8.123910585908394877e-02
1.010838461984093217e-01
5.490485744573110616e-02
1.059150438045554227e-01
8.369444263601392639e-03
8.638165699975564049e-02
9.516504257007778189e-02
5.340030150758069694e-02
1.085608427762889266e-01
5.386082127394697938e-02
3.950183957126504608e-02
1.861448214471888088e-02
1.850965812784183262e-02
7.493598207286903540e-03
7.526251884441202689e-02
2.718708062449438564e-02
7.382844932267881854e-02
1.065726698282007251e-01
5.659943417287049278e-02
1.618552640827919734e-02
2.106228719878119882e-02
9.123307227428242849e-02
1.151136246214816278e-01
4.711185160545706962e-02
7.953930236339765147e-02
7.695421724804979435e-02
8.602375143602747354e-02
1.025651463335603975e-01
9.503179089210334052e-02
1.018723192417823470e-01
6.124445816901770423e-02
4.756437965668567323e-03
7.286437207168906804e-02
4.076353276803112123e-03
2.983497887638889359e-02
8.299557579961544529e-02
3.478428184677810620e-02
1.007427741600636605e-02
1.049473212068398609e-01
9.136910249387060479e-02
4.298339708231844331e-02
1.130739056808881607e-02
5.476693962981248748e-02
4.512578343031427991e-02
8.892679992477607598e-03
2.218089820178334882e-03
1.017372821531283555e-01
6.920399577997085605e-02
2.421581799240891605e-02
6.607857525583413563e-03
1.084193304813275693e-01
1.028498060089395039e-01
7.416293417855936501e-03
8.079495706225738039e-02
9.478078836951109309e-02
4.410082307280318442e-02
1.384502062731141243e-02
1.130051787398079627e-01
6.817821140052886253e-02
5.424999368855849824e-02
4.847093703136791387e-02
1.103542966666077457e-01
9.931307413356890712e-02
5.066854046550572400e-03
3.632523337964810306e-02
1.877159562323858083e-02
5.336352288803211663e-02
3.274537186346933998e-02
8.264631716456971589e-02
4.353071472494332572e-02
9.570006877695086400e-02
3.188531044185805713e-02
1.516203535123342334e-02
4.557600677419854779e-02
8.823267380417139372e-02
2.892888073331066623e-02
1.432867181843733989e-02
1.006027042115526238e-01
7.321261463071704334e-02
9.224006683204440116e-02
1.136004593460627210e-01
3.193009483861131842e-02
2.469948789456316920e-02
1.051009007960432978e-01
6.854241012745505846e-02
6.216848973092369696e-02
4.184841600242514281e-02
1.358871983721399689e-02
6.326199076627359030e-02
6.481780430220415723e-02
9.675882477749216115e-02
3.140629677910272005e-02
6.643838343633744203e-02
1.936398499001816542e-02
3.592173121386194046e-02
8.689442953359079180e-02
4.782124490640808634e-02
1.162460083981530423e-03
2.276557967766183049e-02
1.145094848325082376e-01
4.484367926814791100e-03
5.543638997058254747e-02
7.912334935027823257e-02
7.239496985402063545e-03
1.105446586908719053e-01
6.169962508101940746e-02
2.147474437944242587e-02
1.744236756308558539e-02
2.278398503509179371e-02
7.922531975500812784e-02
7.612939898842645270e-02
9.811116063516801822e-02
5.967865727776868433e-03
1.109402654773858771e-01
5.822676922629871354e-02
4.688142595541253121e-02
4.616364147126477552e-02
7.137820506279735078e-02
7.909710338173982225e-02
7.602866009500867939e-02
1.257227930131106551e-03
8.739487256730378573e-02
9.764722538127726392e-02
5.724818859385671921e-02
7.772705303044492864e-02
1.098002524567951860e-01
3.340421380044939631e-02
9.931949014826549349e-02
2.411267936594578207e-02
7.633643725491211229e-02
1.112495866140478934e-01
4.062028861186385564e-02
1.436368045346653362e-02
1.741249162780249618e-02
7.764538277155429158e-02
9.736068999543043279e-02
7.373694835212521448e-02
6.584541067382795876e-02
4.367095583842113549e-02
1.075491763618079827e-01
1.090961192612848046e-01
1.074921208530345007e-01
8.038098052235136126e-02
7.601836151709757960e-02
2.480595759427145150e-02
7.633369472163577252e-02
1.133540760318058754e-01
2.949001518411539097e-02
4.637019853292496246e-02
1.559836313667127376e-02
6.382618869767717196e-02
9.452617847231500892e-02
8.654898611190996183e-02
7.194280997959036361e-02
1.979282920970874392e-03
1.241041465460141803e-03
4.303750812468076087e-02
7.836122605075158953e-02
9.365214142348982085e-02
1.083493778824192039e-01
2.660476379570765257e-02
8.853528264959548144e-02
1.726816754680714910e-02
1.131838542078423687e-01
9.085925884670711938e-02
8.277614231956136048e-02
4.669535154164301122e-02
8.092495910907006318e-02
8.404658432952137603e-02
2.114927557278585557e-02
1.592640290299245087e-02
9.314605075018886349e-02
1.721535433786347893e-02
3.730035568910794463e-02
8.656449747766054026e-03
2.665826956219600682e-02
7.453595378802710392e-02
6.575944106305235681e-02
1.929447336524888965e-02
9.933179098838552934e-02
8.972330092098874249e-03
4.577263809774883424e-02
8.101658989541334066e-02
2.932116969877681875e-02
1.106344626928995739e-01
3.868347781501309951e-02
1.070231069251753033e-03
6.514716887415583635e-02
1.087160074375150831e-01
4.131608478470478671e-03
9.206214994473063684e-02
8.846924241531102517e-02
5.051303887667626946e-03
3.353589754138430051e-02
1.066102934755976811e-01
3.471826126433659454e-02
9.577812026569815229e-02
2.358290891591928798e-02
3.248865786897742192e-02
6.435084050270048484e-02
5.491093944306019853e-02
4.947455399295189876e-02
3.471233911010177236e-03
8.916147254330680783e-02
1.106448504825602829e-02
1.041720456140985407e-01
3.314570511768025283e-03
8.812706773389418491e-02
1.924773186512158604e-02
5.032285473713637991e-02
1.013181108533923180e-01
9.261085976609112480e-02
1.128674198786502186e-01
2.431106689863449591e-02
9.203288941334706805e-03
1.089328203365443754e-02
2.152669395767162902e-02
8.393200602714458169e-02
1.639558578765485525e-02
8.580403536515597562e-02
2.141561819429586150e-02
3.506942729330483205e-02
7.946178527895494947e-02
4.985219230613234520e-02
3.904910885376850632e-02
9.980058328835483827e-02
1.869117763574062313e-02
9.049429582063989175e-02
1.041013692875869395e-01
1.139526252930320310e-01
5.104309148644010918e-02
9.509515423690527436e-02
7.694742668427518272e-03
5.668011807010830266e-02
1.508911644432386033e-02
9.057934777043695485e-02
3.622955294909165069e-02
3.736655880615179226e-02
7.852948452485356001e-02
3.145440736618040217e-04
7.944930613621345450e-02
1.018273211148876672e-01
9.775206777814725301e-02
7.726518018400087284e-02
1.050158700295718978e-01
8.710931020948188552e-02
2.106397395128862399e-02
3.751023010117531670e-02
8.224168483903118720e-02
3.190185803213042154e-02
1.572265209584793044e-02
1.506819218984362628e-02
4.431132228869646278e-02
6.956741533889821034e-03
6.412066121688968223e-02
4.775042589479442517e-02
5.982627040743697389e-02
5.390868705199754543e-03
8.703261557370771395e-02
8.316552072216680525e-02
6.832511621385072009e-02
6.195499886929323186e-02
7.269823103155342858e-02
1.224371832677410149e-02
9.166709057435455665e-02
6.359962861477400087e-02
9.060316101249017706e-02
1.644204533409556954e-02
3.968611860186226081e-02
7.638143417358012055e-02
7.298718922345717730e-02
5.341332380598444451e-02
3.044450189189059144e-02
2.203892657485155906e-02
8.799765027844708154e-02
1.171189693003957255e-02
5.756769169857998969e-02
3.865143845338719214e-02
5.535929946032565330e-02
3.607222323984590751e-02
6.529562122133907021e-02
9.832303590309193764e-02
2.500940701689468790e-02
1.983189554783660116e-02
5.530233726183129278e-02
7.119899529224171927e-04
2.445375125978121664e-02
1.023252434847449210e-01
1.519497263245081498e-02
5.649081952304162851e-03
9.335815757086869671e-02
4.652923641636079466e-02
1.133322772070103346e-01
9.013188588099278753e-02
7.323793027287636703e-02
5.677743615893389439e-02
5.445979510984479653e-03
4.169960980813714434e-03
3.104343290354604629e-02
9.656963610533660699e-05
5.040620922143262267e-02
1.005863831425341942e-01
2.927674812972898624e-02
1.802428869018389210e-02
2.252687039652591025e-02
7.389375163506810285e-02
7.333847460326607670e-02
9.681477316104471209e-02
5.287906114156231546e-02
9.771197457607135040e-02
2.097933066655058298e-02
3.915022821956738730e-02
6.383172520134515471e-02
9.156077678700799694e-02
9.302181713155875664e-02
7.010154462917017604e-02
5.950784693893308719e-02
6.661426827211290591e-02
9.942144596535253467e-03
7.692994293653888926e-02
1.694742808751571045e-02
1.045703070404211191e-02
9.410224001543537886e-03
8.546750347491430255e-02
1.086720323774680724e-01
6.422617303807419409e-02
9.563209068075365082e-02
4.486616430179215728e-03
1.464951936065527795e-02
1.074583783989608160e-01
1.334567961173619213e-02
8.034977940034346289e-02
2.948856551477526539e-02
2.739403206068467475e-02
1.074713973030621966e-01
1.044660125533260764e-01
2.558541637511642028e-02
5.796302909151976497e-03
9.787507808901611817e-02
3.486907160813268458e-02
6.855492898353153508e-02
2.842828798884774674e-02
1.730907282658805278e-03
5.516767836486864002e-02
6.418201601565939884e-02
5.084127411548089448e-02
5.785730439386434221e-02
3.589651046192925132e-02
7.651971940637238012e-02
5.048583722274400248e-02
6.198066395562763786e-02
9.215149296514070498e-02
9.880845670311454165e-02
1.141645029287291328e-02
3.285832392394210516e-02
5.756422226107432011e-02
1.001994735395349556e-01
8.390103194732138892e-02
9.017356054869390958e-02
1.892676592231890692e-02
9.445437916076255755e-03
6.949559247798972605e-02
2.260953990600349586e-02
1.115069490345417247e-01
7.638053444147799298e-02
2.604568674115996518e-02
2.497763365284310852e-02
1.060303822396267866e-02
2.842543051533647988e-02
4.957053576973244335e-02
