5.378898745780099494e-02
7.822964263792712980e-02
6.456349675898549745e-02
7.477454455870870265e-02
1.313253141331030896e-02
5.997705021505857215e-02
7.860066793467424331e-03
5.513528066801813565e-02
4.950716391367300517e-02
4.763331664920875119e-02
3.534781519698868696e-02
6.567898653304621304e-02
6.203911549914604279e-02
7.448314655596646738e-02
2.743535071620176527e-02
5.350958066613732689e-02
6.631586192771925237e-02
5.704865346674579257e-02
4.613842952300995642e-02
6.056750567007581493e-02
6.229106054362432143e-02
6.618633841404961138e-02
6.431840793681072033e-02
4.993806702141478926e-02
6.230029626598378861e-02
3.456667291524055663e-02
6.804578678317217688e-02
6.240031837425270844e-02
7.866702565662851351e-03
2.892834312552923157e-02
7.868745350525646609e-02
1.535000262260410517e-02
6.669456397966379291e-02
6.476619934676410006e-02
4.636496631049392969e-02
3.701513180295858824e-02
7.216843413318896339e-02
6.628005901020712909e-02
9.958535127195290021e-03
6.521969245496395118e-02
5.591068188344999745e-02
1.012089652653458058e-02
5.637334065961133872e-02
9.153752285032226363e-03
5.527130611371824931e-02
7.262119916476211801e-02
1.000080765672366201e-02
9.289321239279367537e-02
3.072315020446632176e-03
4.324337611298115225e-02
3.005682954154665493e-02
4.657769574532812573e-04
6.685954528509446826e-02
2.607412659412760084e-02
1.761123051569267808e-02
1.532934715035087769e-02
3.723241610655008554e-02
5.597285067188459418e-02
6.120163328180359269e-02
4.348810625432709270e-02
5.378821379104992834e-02
6.933694071394790048e-02
1.935788306877666773e-02
6.815803636383303832e-02
6.262418704384591084e-02
4.977041617191029638e-02
3.679246651281757596e-02
5.035240949567495322e-02
5.606951534539558052e-02
4.625275947653827852e-02
2.929378377233865169e-02
5.783425829331360207e-02
2.749214280234906979e-02
6.356499318072768301e-02
1.194303638009935713e-02
6.494890823445280403e-02
5.905870325777903829e-02
7.570945476403359575e-02
5.827840092823204088e-02
5.548818898976760200e-02
4.598142203089122804e-02
1.231792285033596335e-02
1.611356669324195273e-02
5.520891938012475325e-02
1.720005722975161480e-02
4.628122363827678887e-02
7.141153033829625296e-02
3.722851281953364067e-02
6.336093984217792963e-02
4.519624875763682270e-02
6.305952996562211310e-02
6.192405471912519610e-02
4.413867922678027522e-02
6.348056124220805008e-02
6.912478017290499266e-02
5.892108635760021085e-03
2.755796260755479302e-02
7.161064194494336406e-03
2.445585673807258373e-02
4.034084428468077271e-02
5.880756024799827647e-02
3.861865322979583792e-02
2.631062904947183145e-02
7.469512437037426414e-03
6.289634823453300883e-02
3.537613910863856778e-03
2.788961630227896737e-03
1.860700138723483943e-02
6.298739187299026709e-02
6.448334622906222446e-02
6.658888858613506989e-02
5.742763997815166638e-02
6.698548208320977138e-02
6.792411261207710604e-02
5.949166019950890422e-02
7.188278601762083941e-02
1.778413340155639982e-02
6.207860415736531773e-02
7.439417726218745808e-02
1.397369414499120832e-02
4.961498115424225336e-02
1.815328695807200826e-02
7.127865563376026281e-02
6.739738376582550539e-02
7.202192044072630583e-02
5.212400662465217945e-03
1.969184503400536398e-02
6.768569838887016077e-02
2.116954354606682270e-02
1.333937021332237509e-02
6.297026886127225775e-02
1.748002831681950541e-03
2.333820202436296537e-02
3.452683814416423330e-02
2.621151147236254128e-02
5.914023264826012011e-02
4.253604274491502163e-02
6.546964377906741572e-02
3.035680377904480948e-02
3.478676372188308635e-02
4.819325510509825383e-02
1.609584207083490301e-02
1.915136081080898167e-02
6.955720527598294178e-02
2.018530658152126525e-02
8.081914040767258778e-02
1.695849608419405102e-02
1.967091775569395143e-02
3.852217545701308588e-02
6.180956783093826583e-04
2.981502444543379649e-02
1.967839011490044032e-02
4.418815316909276147e-02
8.890757366551541030e-02
5.828070455553073514e-02
6.997727814624672693e-02
5.308977568876235842e-02
5.689984476373451464e-03
3.005091449911937232e-02
5.293822610977760856e-02
4.292774239427502025e-02
5.763102728434367494e-02
5.387034565832900940e-02
6.245808331311663436e-02
6.706060471050290239e-02
4.021657105416561601e-02
6.096056369515212570e-02
1.225830168621049911e-02
5.833726391328655780e-02
3.486815417579407217e-02
6.425453008746812023e-02
3.542863027854050578e-02
2.188509064985783709e-02
5.398098605953311618e-02
1.138184147781529619e-02
9.641568777654350303e-03
4.583300892458965631e-02
7.365840963522533869e-02
1.887408533004800507e-02
6.208070205369296130e-02
2.940286344299321980e-02
7.811880948346981712e-02
5.461713988320994473e-02
6.469997904005793388e-02
4.031984462642728556e-02
6.726579454207112785e-02
6.170484464245911543e-02
8.302798537615839469e-02
2.850615224128215733e-02
1.502395162875794915e-02
7.559651182074517139e-02
6.651396135366524631e-02
1.812116632046609568e-02
7.700417798268911762e-02
4.146234934899068608e-02
7.030154798358170809e-02
4.204982169122577218e-02
5.641758212795933841e-03
5.550337058986404282e-02
6.575525692357392371e-02
4.986057672454378975e-02
1.942511807057435008e-02
4.568462555982040485e-02
2.959357507286268247e-03
7.225341054443398803e-02
5.293539552254270669e-02
4.003709579920046446e-02
6.603206583718983225e-02
2.962913673829043956e-03
1.283314411827390792e-03
1.663453346175431530e-02
6.884273256945366848e-02
3.348283055736056557e-02
4.827678004420550562e-02
4.931837801765769080e-02
7.217035319523129600e-02
1.731797734134251157e-02
4.656307782530504091e-02
1.668571051047573056e-03
2.238473322196849608e-02
5.002526485139329598e-02
2.890739781169327643e-02
9.844378698677677328e-03
3.425377578748585450e-02
5.656375251964812501e-02
5.631721471050760153e-02
3.352981329807995514e-02
4.646850258984674270e-02
3.809308903812454183e-02
1.007742616893753801e-02
5.597828172603633301e-02
3.075015608623590281e-03
2.491859855145419148e-02
2.553342377252688575e-02
1.651927388894609480e-02
1.729864737341378720e-03
7.084386576025913929e-02
7.313022256465306903e-02
5.327184574368768605e-02
6.846623882875450817e-02
1.397832608961557463e-02
5.792485030703287130e-02
2.058703966760734930e-02
3.893800467473070015e-02
6.431308307044225625e-02
3.480440288403747334e-02
7.858933465738719704e-02
7.268994175899559651e-02
6.375719621349922039e-02
4.850029308362045766e-02
7.355780937637468320e-02
3.543435638665982240e-02
6.225440014043868292e-02
1.016700653368021560e-02
6.118348527100129185e-03
2.248919630289003893e-02
3.497754788215232113e-02
6.299103169171553496e-02
4.810206896569275276e-02
1.515138800033856772e-02
7.514590794948246277e-02
5.525475817164801282e-03
2.087235009758862947e-02
6.216688046017227604e-02
4.103438644801469387e-02
8.449075061211049463e-06
3.773139549163331830e-02
5.019222925667279206e-02
4.841514926669675256e-02
3.404357404210352905e-02
6.549154259570641456e-02
3.461579949161723568e-02
5.728046963529664221e-02
4.904203169144177171e-02
7.158171374012149701e-02
1.578483357841503273e-02
7.724297115141375014e-02
4.285850801935752602e-02
4.266470978331353414e-02
6.864943620222305198e-02
7.654885464005663220e-02
2.619083191123171891e-03
6.803308000453704707e-02
4.046800337456538110e-02
7.800207783637870540e-02
8.675405465436412250e-03
5.826110458373993245e-02
5.973729600629134467e-02
1.602768750055307001e-03
3.771206427093461849e-02
5.006994515648158228e-02
2.603859029256115620e-02
5.260832951976875810e-02
1.420556195102036338e-02
9.117276542151376423e-03
2.658110718776524398e-03
7.802393670958639171e-02
1.238839467799926226e-03
5.368582438056659911e-02
4.564699434512786008e-02
6.847786573529143772e-02
7.162821105213894660e-03
3.826547535143139805e-02
7.319418512518260922e-02
6.989157675867923442e-03
1.845467156500385508e-03
6.664359533587577156e-02
6.616541097117913106e-02
6.539697131552756060e-02
4.494891100449228960e-02
2.638758911799031492e-02
6.742008053294551440e-02
3.912225312239096808e-02
4.275841729609432262e-02
6.686326365263209337e-02
9.486849933977825958e-03
4.206704436156176452e-02
7.881280360896433801e-02
1.688015859159986559e-02
4.775063578217566412e-02
5.104097367640648975e-02
1.876496964436153228e-02
4.119876235997661784e-02
2.713594959434775106e-02
1.478627041691464063e-02
8.139455732226836757e-03
1.688432714397310880e-02
3.959585924077670127e-02
3.924909741880383551e-02
2.131961194402681031e-02
7.307658314105197617e-02
3.083048050569567669e-02
1.211188748628020014e-02
6.108340099195820605e-02
3.949265539114034385e-02
6.324204004825721703e-02
5.971765825292388308e-02
3.064632587261218941e-02
4.931588429634537613e-02
1.769917600005072728e-02
6.786407944453652641e-02
9.234535102117528288e-03
4.215132247769400736e-02
6.822509656147494883e-02
2.081764374190376091e-02
6.503868615920764540e-02
6.253534137092101042e-02
4.150655837772375401e-02
1.211411546193682381e-02
6.726627608148702184e-03
6.603350980808736503e-02
6.772623950297221307e-02
2.149927448121909807e-02
2.337390196454853641e-03
5.779683985087291642e-02
1.072062994147350221e-02
7.090418291697506148e-02
2.648579901361533886e-02
4.874659922970030895e-02
2.326001465476820740e-02
5.566010929155289916e-02
6.826253869838408428e-02
6.769947864733312504e-02
5.930792824439601318e-02
5.942638559584424718e-02
5.098030674000322143e-02
3.767790654634682601e-02
1.676811677614306259e-02
5.693637378561141466e-02
5.594866913613857212e-02
2.753400387514380598e-02
5.514352072343590289e-02
5.016284843178350078e-02
1.261502987422982638e-03
6.903972922631222697e-02
6.493255667306224721e-02
1.549307660321043272e-02
5.985633196405274609e-02
1.947247101320463691e-02
5.319568441350026877e-02
3.933940522752272378e-02
2.089525316078207507e-03
3.226982802918023502e-02
6.386705744338780355e-02
3.970350381861462857e-02
4.151496101678955192e-02
5.142223835355791417e-02
3.263372159428992725e-02
4.207290719572958498e-02
3.138279530251582988e-02
5.435981100005827377e-02
7.087273544291869398e-02
5.271204322516216678e-02
4.792596778459932289e-02
7.058475090741741197e-03
1.688172421123283404e-02
1.138088007319432160e-03
1.854185605975864487e-03
5.497579427977156152e-02
6.723983389999284299e-02
6.519635317639001226e-02
3.675485798278946975e-02
5.756949927211141987e-02
3.263669954271582619e-03
4.861325500942964561e-02
3.203501917420244205e-02
7.291464518699085351e-02
6.642320664475556691e-02
6.483958128862662984e-02
5.120738249170117551e-02
2.816507263834875166e-02
6.862595920316999672e-03
5.189151964223445712e-02
4.766324304472784046e-02
3.575782354227063226e-02
5.953762867856855767e-02
2.467241669936267798e-02
6.108692111260866781e-02
1.230314432062165099e-02
1.647357939285398407e-02
8.354230136292370434e-03
1.635814682276177240e-02
2.487466841907497173e-02
1.749103291241869973e-02
1.192260232075056763e-02
7.706120344478342710e-02
3.872891636157702738e-02
2.716916648764360759e-02
7.354810065877508130e-03
8.145655183635477914e-02
2.691227175446140804e-02
3.622642046495196111e-02
9.995576166994138076e-03
1.813418189828830407e-02
2.380818540969790661e-02
5.826615545847917826e-02
3.356495359534946571e-02
6.812332958600227084e-02
6.969032525922910781e-02
8.706490398847098466e-03
7.190553527293375158e-02
4.252141578503428054e-02
2.249698886140800991e-02
5.779699233592282270e-02
6.751079235014252611e-02
5.533498440283445528e-03
5.524487525999040999e-02
5.064495794586108823e-02
3.496824099354724907e-02
5.065648108346550160e-02
4.920275752046754381e-02
4.070376878398111048e-02
7.378163468549810144e-02
5.848546428406215664e-02
2.476383705254629058e-02
4.271889637917920118e-02
7.320366696740198602e-05
7.210216167476274363e-04
5.128910674232171202e-02
4.101661015477511829e-02
1.687208420905904338e-02
5.099691760664688128e-02
6.823243341537185702e-02
6.559942041462274442e-02
7.352087825670458598e-02
6.646781889514555286e-02
6.790391441071919054e-02
5.431979318832445142e-02
1.315578257069972834e-02
3.705536243110484160e-03
6.951577082423576748e-02
6.226988743947588223e-02
1.812412948011618216e-02
4.399848502810899814e-02
1.762622126989181123e-02
6.743221102227903163e-02
6.662677222003997313e-02
1.564945176989625958e-02
1.101056029494670331e-02
5.562808036906597559e-02
6.445149962772010743e-02
3.314194821520950046e-02
1.323976770439903210e-03
3.948785806716353236e-03
1.805195787749595132e-02
1.287317416624210453e-02
6.741103770399728412e-02
5.223627678739244107e-02
6.355678368269145062e-02
5.537983368849268284e-02
6.800169469880378015e-02
6.069485140489911529e-02
2.049141597270805193e-02
1.975972384895955877e-02
4.201338930304088226e-02
1.511776345989595052e-02
5.264700632681201115e-02
6.660822752897439802e-02
2.995342598058341882e-02
5.583300513053107011e-02
3.138887443190583465e-02
3.775707315563421596e-02
6.642505107050773738e-02
4.100623500436678670e-02
2.570956464438682587e-02
2.645611027586722286e-02
2.744058962414934119e-02
7.413713186776819952e-02
4.433821890803860827e-02
7.361832933269522872e-02
6.208142886710193986e-02
4.160329207226797638e-02
5.582286106220748362e-02
5.260917004750403220e-02
3.151737222375286529e-02
7.599830911849632387e-02
4.264041242884612781e-02
7.679383697262884279e-02
7.075549064837551028e-02
2.141055367312715701e-02
7.462483951837529939e-02
1.645738572319150120e-02
1.115057697023713948e-03
5.127492383619588340e-02
3.092405365320886196e-02
5.555083601256594061e-02
3.770284825981421589e-02
7.221394535065091269e-02
6.258089298398319955e-02
6.449340589699270598e-02
2.547189316193639030e-02
2.373669806248178069e-02
3.322498602926538674e-02
5.778877605975824006e-02
2.767851539909063976e-02
5.254863412828394975e-02
6.441356447957739817e-02
6.087147974328053351e-02
7.529441142525093722e-02
4.569207147034340388e-02
7.615604633958968084e-02
5.034152560158757124e-03
1.207709120236038006e-02
5.292898525389271719e-02
1.215565121536105880e-02
5.827179368086372185e-02
1.366702126058978728e-02
5.902776350390907117e-02
7.216292386173633888e-02
7.197247761123853893e-02
3.625542050735620914e-02
3.179804447834133629e-02
3.382717962239440573e-02
5.504020516677533836e-02
6.583424149542060899e-02
6.740159717121768645e-02
5.333130402894638300e-02
7.040358503821272929e-02
5.478547400214565759e-03
6.716817488200578501e-02
5.863204789110257331e-02
7.073049180178708761e-02
6.826823359601352781e-02
1.910360710466749851e-02
5.498591535792757973e-02
5.456685030969419051e-03
5.715386430973755372e-02
1.835831964491741256e-03
3.572742764254355219e-02
3.365001421194407233e-02
7.349223665707275976e-02
2.476720264884414019e-02
1.952150499218243199e-02
1.049142153005598772e-02
6.678648108455548238e-02
3.858632412031922504e-02
5.493836014469410250e-02
8.647316712829118679e-02
1.738283847600582358e-03
3.271184250945564464e-04
1.918483500802987268e-02
2.405723743686248237e-02
4.456176753591113010e-02
7.900321775089641507e-02
6.484728999688885165e-02
4.321846058410204472e-02
3.500796747915221885e-02
3.484512843996338122e-02
4.668033585940960933e-02
6.897123761311611811e-02
1.713597487232394745e-02
5.862881635062624358e-02
7.743250506792727361e-02
7.009449371827629338e-02
2.699339800221842167e-02
3.445661810827620186e-02
6.266720316457953521e-02
3.896146905433704732e-02
1.352332554143236866e-02
5.860813449344285525e-02
5.765313079505643423e-02
7.038303019012978612e-02
5.994650027841485346e-02
6.537282058636789683e-02
5.490027324509617716e-03
5.940313283981300124e-02
2.631748083804711855e-02
3.958393647326008402e-02
5.781533528390862126e-02
1.188165711075052020e-02
4.592502476383920201e-02
2.851928248096889315e-02
5.592707446652361164e-02
3.731026718915864820e-02
5.098452590477691587e-02
7.428792354515355301e-02
3.918830906090896293e-02
3.824083542133228236e-02
3.978608867511657793e-02
5.015434025216244235e-02
5.068580539214552483e-02
2.511390019624130596e-02
6.908000728738460106e-02
5.705942644146892728e-02
1.964776290374392392e-04
7.766136566832357313e-02
6.121969879792019294e-03
6.570469374653270522e-02
5.732221817024614474e-02
7.142090498357325790e-02
3.878927294017912863e-02
1.732672962578962750e-02
3.345023538855040890e-02
4.265321058576100610e-02
4.382019690524877747e-02
1.926848372154705072e-02
2.062650302223519375e-02
4.727999411353430576e-02
6.657244020267033546e-02
4.539763539606892634e-02
3.086468332948484952e-03
1.782557961943889019e-02
4.752427589611442349e-02
5.462913158494181465e-02
4.040457505798222132e-02
1.937863039556478317e-02
7.468142129157044617e-02
4.429802983337409461e-02
2.835369655485605461e-02
6.861737783202896679e-02
1.092572151875416224e-02
6.556015511127272211e-02
6.244192383748220498e-02
4.359837159172668536e-02
7.677408954692022114e-02
5.991202105399087013e-02
6.351455468987678155e-02
3.830971507640082430e-02
4.716674086425103746e-02
4.809209167932541190e-02
4.707456415301217167e-02
6.091659251854958379e-02
2.129842023609859400e-02
3.526811805882779094e-02
4.952256864454534363e-02
3.727482375758485456e-02
9.873551065987253364e-03
4.879004565004602112e-02
4.261834327823800506e-02
6.726683528875464224e-02
1.942061934705893375e-02
3.475072537823695185e-02
2.581609201494281663e-02
9.305643949351738442e-03
1.605345138896644569e-02
3.027088562131531949e-02
4.417371991099255241e-02
2.343588626532641661e-02
2.941103073726569761e-02
2.497001343741924936e-02
2.499270232247105192e-02
9.884840025836266492e-04
4.634040059333990186e-02
5.921242156870246132e-02
1.141288286845870172e-02
5.176759436737358999e-02
2.171897492840420708e-03
2.574156155668628349e-03
3.072990171201159595e-02
4.746925103773770582e-02
2.415400377800524037e-02
7.722289767152835938e-02
2.636488893429236174e-02
7.628853595520512787e-02
7.026671156317455813e-02
4.502532403388685364e-03
5.059128463745798249e-02
6.614578134686706357e-02
6.031497013298842136e-02
1.708296328894246029e-03
6.145389850953724559e-02
2.893390496272061838e-02
7.409065199360247156e-02
6.796133324223246897e-02
1.296223203309996002e-04
6.775207131112769834e-04
3.223446395176311763e-02
1.273925620424016386e-02
7.861013980171603632e-02
6.825273393580989778e-02
2.213828058033199403e-02
8.006562609807915676e-02
5.647942377341202275e-02
1.100299992707371756e-02
5.568520467490106762e-02
3.239798039241327532e-02
9.720449043214687834e-03
2.804419251106616412e-02
4.147842418063835829e-02
5.630312702772835576e-02
3.634794344549690387e-02
2.723895353224861995e-02
1.091762896031252608e-02
6.547706707192381403e-02
2.137988548447882289e-02
3.536189387027506570e-02
2.325899439235670774e-02
6.812675684989381863e-02
2.571885827737188570e-03
2.129888774238430232e-02
3.263726979402650774e-02
4.155318077862297371e-02
3.111234177474238305e-02
7.117348002236251192e-02
1.985016870198291501e-03
4.361932540484574072e-02
7.128035487987807728e-02
6.752770940653810006e-02
5.579851054931137672e-02
6.986974489737216021e-02
1.896276293519210537e-02
4.240805845415162451e-02
6.657978632871108804e-02
1.148110403915895104e-02
7.210296454030933055e-02
4.517279850230604410e-02
3.403704854818082048e-02
1.066710363835402355e-03
4.751551754521559506e-02
1.848640754704482247e-02
7.334306846966434645e-02
4.570960078396495152e-02
6.981891059590045190e-02
7.673321920559518505e-02
1.921916504736466760e-02
1.145887730755127017e-02
5.839122061088639765e-02
3.204869607767093110e-03
6.234987996654878933e-02
4.516222289148520697e-02
5.090325198140813190e-02
6.529276174889758755e-02
4.463668412583764178e-02
7.813063517557400361e-02
3.088213041205122369e-02
5.714980299649835040e-03
6.243025557092585914e-02
6.962701918187719219e-02
2.185454885481677434e-02
1.625298030076737172e-03
4.397966663716064428e-02
4.869032791779105522e-03
1.013414775299418744e-02
4.715363106914095825e-02
4.412218514708726724e-02
5.683795911721141458e-02
4.450989885145309466e-02
6.705466298828231808e-02
6.756851292858177815e-02
7.190895569404334546e-03
6.347549341323196342e-03
6.641616914006753802e-02
3.450479483085695104e-02
6.465678399244739749e-02
2.778470237278604996e-02
3.212240251955097298e-02
6.829101118273754600e-02
4.774418032902771891e-02
4.292938173864899870e-02
2.208419880871165253e-02
3.473700124566108521e-02
1.154328904321538958e-02
1.485347731208170804e-02
4.988739431457267504e-02
7.764071010282613816e-02
2.943881730878451092e-02
6.651736934008094237e-02
5.438205573816128763e-02
5.185703437654130832e-02
5.008588796082945327e-02
5.993193886216659910e-03
4.819403308015517140e-02
5.110383682817801893e-02
1.617321291809664663e-02
4.672361609789161402e-02
5.781406131315075525e-02
1.365283662866796990e-02
2.275298885783269900e-04
4.086157041671741041e-02
1.615724528697195725e-02
2.223940121413724852e-02
4.110746215995395719e-02
2.659277228341321367e-03
4.701584055851741606e-02
4.255381430285787303e-02
6.590766781199361435e-02
2.165174670807527499e-02
2.511832498359058488e-02
3.387723995008782001e-03
2.616100400568769843e-02
2.543449790128024524e-02
3.580451463058766104e-02
6.628933503295827978e-02
5.125084732783534436e-02
3.746521230388166063e-02
3.742275024662686245e-02
2.387375362071831805e-02
5.241206537170332164e-02
4.471519463130213811e-05
3.927422400381812284e-02
7.069913704297578483e-02
5.526617318024480696e-02
6.817349692753608970e-02
3.869748475506403634e-02
6.553656552604258945e-02
6.172709983498567143e-02
8.703654367148420945e-03
4.736257614689306952e-04
7.678687561982587562e-02
4.852124953863567319e-02
6.615311027562742474e-02
4.770861985112431758e-02
7.459904861052134295e-02
2.229946035988992700e-02
5.393826209050283510e-02
4.926695810283649585e-02
1.279351665772362513e-02
3.414983768519880281e-02
5.910418503588256434e-02
3.872060666233261700e-02
2.244842225931167196e-02
4.494607067570485087e-02
9.034333348712371772e-03
5.241933567956143930e-02
6.361424397844317458e-02
2.563274992654823725e-02
1.562246823203711785e-03
4.132540162645904902e-02
2.526195455231253911e-03
5.116182821801044944e-02
5.062807821327141439e-02
4.523751256960191480e-02
7.669411872482320702e-02
3.498891617837354695e-02
2.097367326337041312e-03
2.752256131821054913e-02
6.746095963975891341e-02
3.894137509898492472e-02
5.164818287884228448e-02
2.537793795495121504e-02
6.393737386235463782e-02
6.304948120194260597e-02
5.492719790007555974e-02
5.264475215525332014e-02
2.206261517032026553e-02
3.922812367785424165e-02
8.515291805988178461e-03
2.543328810713891414e-02
6.020103245973785350e-02
3.333328111846838721e-02
1.767431428122646789e-03
4.765240352119971823e-02
4.066191079399025798e-02
2.620016956799485486e-02
7.088317114536013541e-02
6.103309851894129362e-02
3.639445850527627674e-02
3.403949769462338848e-02
3.242334270572428540e-02
6.439594066763379421e-03
6.971506915669430093e-02
5.117460566672188405e-02
6.801344533079034527e-02
7.645711676754174402e-02
5.667444325154979284e-02
6.559640523213373930e-02
4.596996177345895329e-02
7.333530509489337434e-02
3.637478981180793103e-02
5.677881714173782512e-02
6.419445282404061259e-02
4.074623382384786469e-02
4.588573467592866467e-02
5.283402858946444069e-02
6.769037093798672966e-02
4.248087719461845352e-02
6.007314884936895000e-02
7.332524145370426794e-02
6.311430810169674221e-02
3.899658412014643527e-02
5.641581652232187383e-02
5.151061475664195366e-02
6.901696919905334765e-04
6.769768839866856236e-02
7.297944360826280098e-03
1.008117920713576254e-02
6.198046381641390823e-03
4.332758149007020360e-02
2.462535936867869812e-02
6.393358702982934738e-02
7.430358089644371888e-02
7.348097890181581882e-02
6.037553187234141749e-02
6.711914691792914001e-02
6.867713405274772365e-02
6.701534819497521889e-02
4.565747198749618707e-02
6.364128567979779327e-02
1.896184988269126884e-03
1.451560879660669569e-04
1.101341104636027052e-02
2.344656112258811792e-02
5.581600910935975018e-02
4.967319092320893192e-02
2.513421537978738005e-02
6.609257474817602229e-02
6.783954608184547541e-02
5.943175506501974237e-02
5.680462631970041587e-02
7.173402359622142732e-02
5.330924959940268326e-02
4.975502208902898849e-02
6.184012174473973306e-02
5.279008813801642358e-02
4.273101804618749389e-02
5.705767524206532826e-02
1.230209434302658063e-02
6.340146055698080152e-02
5.270091316679262339e-02
5.685609305931361296e-02
1.557927504514848051e-02
2.167005539116363330e-02
6.018643906636984148e-02
7.205595407178821965e-02
4.423692272564637429e-02
9.960635270384989373e-04
5.676058169050544888e-02
5.643406133269313757e-02
5.084450102933050358e-02
7.310782828517503606e-02
6.579827257205438096e-02
6.339586709593493519e-02
5.761013491461042246e-02
4.501866445496955499e-02
1.801589117272721363e-02
7.059839093421051148e-02
1.905733844654299708e-02
3.771786765837653339e-03
4.094417960077204738e-02
1.796025459488041764e-02
6.584687713538449338e-02
4.957278663489479015e-02
6.681341420280866028e-02
2.646789574162130773e-02
5.326422392073758977e-02
7.097149017488460498e-02
1.402123607276751539e-02
5.507375523843235920e-02
2.367682000241996126e-02
5.864898744419859422e-02
6.039098410123596578e-02
6.566992855827098220e-03
7.872015822144985339e-03
5.615658136563847491e-02
7.265589802385669094e-02
6.473716642143789723e-02
4.814120672037083132e-02
1.476637820704705499e-02
6.071057098161233151e-02
7.483861740386994754e-02
3.301079694134757109e-04
9.905206902429684532e-03
6.826813581774492101e-02
2.037369306024302412e-02
7.536690895294937548e-03
1.538399993085341581e-02
6.738952024643123095e-02
5.119623481915646507e-02
5.388142190823341782e-02
2.470026995581492066e-02
