1.193035226196565921e-02
2.104846417180471219e-02
1.063950194566810059e-01
3.662164105069184994e-02
1.658464422637103558e-02
6.719332433032551566e-02
7.812359127424363392e-02
5.910864662333347938e-03
1.895452267955840056e-02
3.771296458116915606e-02
4.571834866615943904e-02
2.439093328931648402e-02
5.356884599920122558e-02
1.157918051663359704e-01
8.859682381661380945e-02
1.122845238577229871e-01
3.202515004800686720e-03
2.986227106180389460e-02
8.203418125424291607e-02
2.601314611102601218e-02
1.141901767701597632e-02
5.500797475196785719e-02
5.965174443098275256e-03
2.020846139838079758e-02
3.146448977830283017e-02
8.617148848823616425e-02
2.033204527567054887e-02
1.131593505009744344e-01
3.721739353823148855e-02
5.188502477325035445e-02
2.472290304645569092e-02
2.682785214806465181e-03
3.759777574163678665e-02
6.056817637741084698e-02
1.652917677618894604e-02
8.732957678865137241e-02
2.878864496761290859e-02
8.577719583060164354e-02
2.791919085764505912e-02
9.616387940617156238e-02
1.830271063687432392e-02
9.680960047314675354e-02
1.780144974586393702e-02
2.161633716865978688e-02
2.864115585250493617e-02
4.274282426548177416e-02
1.070164922557783893e-01
4.445315962300629836e-03
1.473779296910497638e-02
6.676352435539216479e-02
2.558151312692328889e-03
1.114673839459889848e-01
9.581841203552589337e-02
3.034308327984626755e-02
9.225210322499359517e-02
1.609033830669242757e-02
2.641435288072698645e-02
9.936111381683868093e-02
1.199250027951992426e-02
6.530975625313623079e-02
2.854287159705837240e-02
9.868393171691075549e-02
9.000401288734287408e-02
8.469697885489950451e-02
1.896638771586225958e-02
7.420313282966427282e-02
8.139512593973755039e-02
7.520131602802819504e-02
1.006924655186968859e-01
8.840258300275045944e-02
9.808149320301436103e-02
4.729116522213239887e-02
9.533568470303727116e-02
1.153863283211118834e-01
6.750514387114746329e-02
9.170983719098717291e-02
2.325870098798336200e-02
4.554724919337484884e-02
4.715682682894389161e-02
1.011141545640645428e-01
8.153674987255384032e-02
8.014903364890489657e-02
2.473648595107705642e-02
6.803384595108486789e-03
1.161236432572118754e-01
9.820034999746679594e-02
5.950130521302537251e-02
7.908922635648986399e-02
5.271281812783377291e-02
1.019961823988642102e-01
7.705298528247849291e-03
1.775791364899430638e-02
8.301800896048794343e-02
3.498761562067045222e-03
4.911997667689622232e-02
1.139430899558815796e-01
1.672289353598011702e-02
1.416628875586190169e-02
2.252070100423607737e-02
5.179384044210993965e-02
3.091772876366478615e-02
1.045409246063239150e-01
6.045370522005274333e-02
7.198612578089960690e-02
2.123442274422453202e-02
7.161435091573663259e-02
1.800724396683383438e-02
2.041979993204499910e-02
9.035264593920334930e-02
4.053877332627110058e-02
7.402086126881511630e-02
4.444036645648063999e-02
6.281641754492550168e-04
3.446116045974201812e-03
5.751989693425360595e-02
9.503363507114548359e-02
9.112602491669144489e-02
2.002366768781003309e-02
1.007077504450562266e-01
2.763902542559288147e-02
1.489759627420848137e-02
8.440607865063123882e-02
9.038777435965948681e-02
2.232821773875863849e-02
4.086625255900887266e-02
1.000592001388648095e-01
9.178796402703806590e-02
7.072222087768600951e-02
7.874416625888905341e-02
7.563474459513275239e-02
9.049413667513144660e-03
6.106647612570161726e-02
9.764055497954005070e-02
6.066054323312156799e-02
7.856609378395906784e-02
8.766484180262673620e-02
9.359823758054588994e-02
3.387596037229174267e-02
1.133512332230124237e-01
9.727058575482057379e-02
9.332839818580150604e-02
8.142720539400290225e-02
6.255838817729322821e-02
1.157779111813613954e-01
5.794505629155773108e-02
7.383153763264707625e-02
1.184504386017215354e-02
8.347493833080946168e-02
6.253645414693975724e-02
4.535780893095073263e-02
2.608007632780723686e-02
5.547430213245195529e-02
4.629429225422597438e-02
3.941965283143655102e-02
8.492843561482114889e-02
4.869907261959351835e-02
1.393447135190880107e-02
5.521162926279736538e-02
8.269899653538577422e-02
1.300337280109548424e-02
1.082651024663794231e-01
9.306390024294852736e-02
9.837772878058680115e-02
5.435974973578934152e-03
1.081014357607076350e-02
2.900596886686926390e-02
1.052282240477258046e-01
1.011162238550178394e-01
1.880793453586734887e-02
4.027107887772006511e-02
5.429652929491162600e-02
1.034058416535542924e-01
3.370502256454488421e-02
8.458816444759108266e-02
2.203635164394037935e-02
1.110932955880134659e-01
1.674170638820538307e-02
3.067320554721320210e-03
5.030961566575575111e-03
3.284692417375660589e-02
1.150873025558481616e-01
8.624298189258401692e-02
2.406976200113237693e-02
8.736166286306690232e-02
5.858289109392487287e-02
7.370813988197917610e-02
2.336344174674140003e-02
1.756006550575379271e-02
4.420841830131026773e-02
1.983107107407488731e-02
1.970222831031758284e-02
1.021970265265856742e-01
5.032028786900490797e-02
8.386052592433730635e-02
6.108336557091331720e-02
9.205854419775831576e-03
9.328776064660997125e-02
6.194129182450757581e-02
8.585409536294258404e-02
8.651257361243860911e-02
6.379064479179522018e-02
6.325752334689324630e-02
3.181895630338932301e-02
2.432841031337678109e-02
2.056409523186326568e-02
2.814546467484949077e-02
1.113082823272771027e-01
6.313675304784618914e-02
2.177765230964066531e-02
7.075786963326363699e-02
1.095259880363751021e-01
1.196898489538339265e-02
7.324687996973093529e-02
9.968551125647247269e-02
4.939830432156709639e-02
9.653122007433212470e-02
4.347396299160258965e-02
1.727675592489835363e-02
1.061901898479885448e-01
7.157502690646558308e-02
1.092005204070021912e-01
1.210777842620550451e-02
1.071788112630075174e-01
6.267064559733052931e-02
4.550770449195189887e-02
4.811745175637974214e-02
8.281198386215687934e-02
3.760848603332681006e-02
5.399387268222687747e-02
7.885493271244669450e-03
9.222594532088370517e-03
5.830627670248316602e-02
8.115591419369817816e-02
4.257706339747829860e-02
2.108657542155632433e-02
7.099368907652921223e-02
8.817768355045606243e-02
2.911021771114715231e-02
8.859709543285101963e-02
9.113714554954766012e-02
6.115127955530975240e-02
8.948101770304536795e-02
8.183516355506509701e-03
8.513962080947637401e-02
9.207051808625607570e-02
9.928008409213319452e-02
7.639623427116590260e-02
3.770468831843110796e-02
9.810025835062871624e-02
7.668435085511730864e-02
6.352015516244526039e-02
6.261016695692293854e-02
1.082653269818771025e-01
9.255449300021556525e-02
1.465177990335627539e-02
1.000810545555557568e-02
3.858292773309916768e-02
7.149811380046706966e-02
9.235628276548747684e-02
9.509433459344662776e-02
4.778008867303014384e-02
2.762297286977879324e-02
9.204099360872970703e-02
1.954219616105113549e-02
9.590685339861078351e-03
8.359634935206447515e-02
1.105982433657575446e-02
5.426673729459168677e-02
6.435813116671604099e-03
9.096966660629642737e-03
8.053017715116800312e-02
6.289327924784507418e-02
1.092179242990749533e-01
1.325423042733247722e-02
2.873207522811863437e-02
7.322869853795158090e-02
8.417116184910294896e-02
2.108561820198688944e-02
8.256423759409725616e-02
5.810909250514943031e-02
8.747734053857184056e-02
2.331851087946339510e-02
1.144536324577409697e-01
2.607240095412621111e-02
3.431643762664141756e-02
4.445862500414959895e-02
1.765010918042495686e-02
3.809470933058610453e-02
3.712492279851583449e-02
6.012472304405334228e-02
9.679400433277499105e-02
2.401354837677858317e-02
6.063605539094897579e-02
4.553519829644705336e-02
7.767789366337983503e-02
2.656569823449124804e-02
2.552716805684206863e-02
2.202553865918980419e-02
1.873840606637083850e-02
3.405527174771032922e-02
3.843515085271958370e-02
4.993311272101052384e-02
3.958667590086946408e-02
6.322007890099010097e-02
1.146252564269222285e-01
1.084043159218487512e-01
9.412927054770783841e-02
3.846466194274674594e-02
1.294609934737489879e-02
4.416574034015743888e-02
1.038767749757496667e-01
7.967873350415356770e-02
7.495402551349152065e-02
1.750336912999839872e-02
3.643590502631306044e-02
2.638802734821948590e-02
3.366337769563241406e-02
1.100794917099280623e-01
1.099604723160380604e-01
1.837517441781912064e-02
1.005276375561044849e-02
7.830012692506763128e-02
8.834613380719208431e-02
3.986867234954107053e-02
9.097172182242140026e-02
4.060162269699932325e-02
2.563235671615090444e-03
1.172097922151339386e-02
1.077343110629934431e-02
1.126579301749961251e-02
8.772407795413460219e-02
3.238807857561833842e-02
9.398008313570210609e-04
1.390219232844848787e-02
8.478461548271527815e-02
8.330338396365669085e-03
1.694994315374114338e-02
6.725573144630385674e-04
8.358383072332839850e-03
7.477112683027874185e-02
9.774106081087963194e-02
9.218594654891963669e-02
4.701890769105305373e-02
7.632770305731402527e-02
9.054440295906110436e-02
6.300323405862329196e-02
5.596210482383844054e-02
1.041120420147861603e-01
2.532177060253986214e-02
3.763626377900316459e-03
9.832682283689773983e-02
6.035741087074075056e-02
2.296754220882706726e-02
4.473738520955557012e-03
8.492763165167176165e-02
9.467306052294427454e-02
4.830061424403164078e-02
8.408523411906292100e-02
7.217589625951112420e-02
8.014864438649275946e-02
9.853737593932694605e-02
1.352276856816141994e-02
9.875522071199517582e-02
5.369637283925655924e-02
6.165864701932190911e-02
4.901859881988407386e-02
4.921168234508821460e-02
9.108746197579419002e-02
6.506289362489252326e-02
2.386508618809608101e-02
1.132515997493188514e-01
3.152883248885775952e-02
1.945809494454515953e-02
7.897038544414487771e-02
6.962493561859030289e-02
1.031764489293202081e-01
8.373194383073445657e-02
1.346626386333085734e-02
8.904883144557351748e-02
4.459311226571145009e-02
1.151781326236793468e-01
8.734776005694820655e-02
1.061128251563833585e-01
1.924593248681165727e-02
9.205777657516080181e-02
2.656352562090150485e-02
6.903024786475789321e-02
4.844476608402354528e-02
7.761915434161078056e-03
1.967106861193275089e-02
6.840483024765973974e-02
2.115236648994622479e-02
7.652379598791250737e-02
1.023174455789879200e-01
1.614662986378160442e-02
9.381124159861058132e-02
1.068972336636774129e-01
6.336552604829770105e-03
6.793768318463840050e-02
8.081453671467139777e-02
1.741076762448750745e-02
1.194005321295534341e-02
9.758246748771559620e-02
1.038111340118567233e-01
7.310109208014764492e-02
1.011148691542664430e-01
3.393642897963521088e-02
1.111697546800892999e-01
7.388707278161088347e-03
9.096980107705279761e-02
5.042345678450865093e-02
1.151603236148502352e-01
2.044670563197622040e-02
7.795945112853649994e-02
2.541944566259917836e-03
2.692517690243933365e-02
1.136431246469433304e-01
1.023515191110566797e-01
9.221514736702206283e-02
7.490599771449445166e-02
9.681573039106881884e-02
5.759132017515538465e-02
3.399242915682133825e-02
2.238702957624358336e-02
7.437620545570536312e-02
1.037482334061101859e-02
1.963178614156065732e-02
7.701332427995165320e-02
2.370796163146607002e-03
6.894460550165677770e-02
6.999384796500754402e-02
3.309240632683014410e-02
1.959411398072069196e-02
6.084671981262265716e-02
5.059225085371332753e-02
1.062264875313051471e-01
2.591005882540569835e-02
8.716871592329315105e-03
1.121503223751944556e-01
9.903171624073738976e-04
5.190016342205255179e-02
1.449222262767472895e-02
1.611652740576169016e-02
1.363097632205574963e-02
9.412139489177082097e-02
5.770011510362572926e-02
6.871589995239398008e-02
9.092014891423329248e-02
8.571247951370464246e-02
1.949583897995344969e-02
7.966985998267783753e-02
3.851755483409800840e-02
1.963666756571689695e-02
9.317941270116082697e-02
9.318176650836479391e-02
6.251085785644160120e-02
1.143731074688659338e-01
8.393307329412291740e-02
7.426606481273988203e-03
6.893849580571799474e-02
9.152940935715947468e-02
6.020476630880951946e-02
1.063058354671967132e-01
1.118710931198378250e-01
3.694532507053141512e-02
6.028462399384990067e-02
8.662138141797255664e-02
7.224592481278681137e-03
1.907195375859611214e-02
1.008801220336641782e-02
3.868615924084363444e-02
1.004465867786840938e-01
4.086037589185907704e-02
9.863846011505478240e-02
7.260732110094550440e-02
2.139475137704383023e-02
6.893548782756747650e-02
6.205098955737448074e-02
5.149030045224858160e-02
1.059686971333475142e-01
9.558906477447809413e-02
4.901754052190687022e-03
3.725688212272597333e-02
2.914301513763397494e-02
3.965805401883049780e-02
1.106207521071715383e-01
3.836265265485051812e-02
1.104695131895826049e-01
3.421512741864549123e-02
1.590368896303527221e-02
9.448765399503226969e-02
4.168276794143065123e-02
1.055288597780148635e-01
6.046287511517164232e-02
9.150924637998299194e-02
6.128561090641797965e-02
5.346689861255568554e-02
1.013703353405650265e-01
1.212099256377042328e-02
2.940136830933124529e-02
1.104067980210821504e-01
7.453835503567783627e-02
1.112332177610310391e-01
8.677719851131197870e-02
4.488356042630038678e-02
1.081059614678710340e-01
8.542768151081713002e-02
8.812953868197011265e-02
4.274981251953639122e-02
4.975285411150256326e-02
2.732394427711582960e-02
7.376572875946628416e-02
1.662957579531256598e-03
4.716796410593276923e-02
1.597808945107063658e-02
7.517490825206296634e-02
1.118247980051479129e-01
9.513167059862685793e-02
1.130002057550689998e-01
1.084172925191776160e-01
1.017154308523704562e-03
4.303363878788823288e-02
5.185424731593517647e-03
1.082416758196534795e-01
5.160466089423160208e-02
4.726614901270709962e-02
4.472356810862276009e-03
9.680694724377486571e-02
5.212936819685414641e-03
4.225882940622426552e-03
1.095538785230045983e-02
1.072905191319098173e-01
2.002901875889478989e-02
1.089912214871544827e-01
4.186716420370942965e-02
8.386533810732582639e-02
1.024597097343984443e-02
9.126931529104575710e-03
8.180940501502845241e-02
6.261200091843194260e-02
1.709905234855012279e-02
9.770843189639132065e-02
9.235300730144968551e-02
8.427439117909234223e-02
5.892790873918868355e-02
6.418101345127708024e-02
4.422922268133865076e-02
3.119389629271841768e-02
1.869232079246027634e-02
9.799582006931133182e-02
7.065073529796886409e-02
1.116893784317687099e-01
5.261770817446511511e-02
7.405210168618266142e-02
1.111681712232223673e-01
1.891868761663379611e-02
9.668921761808245419e-02
1.325788382490832029e-02
7.734735684445498416e-02
3.671296419995367238e-02
8.300881501615994806e-02
7.923059689382876136e-02
2.376336973823648530e-02
9.008303496464159510e-02
2.488947428286342883e-02
1.817324842151513825e-02
1.052415069809193721e-01
1.167999177110646825e-01
3.486079038188116819e-02
7.294501184866940269e-02
1.103375622453364180e-01
7.778254131412248862e-02
2.058632821550413286e-02
1.088353088961458229e-03
1.031535405330066685e-01
2.949233630619057731e-02
3.104932693579272665e-02
6.936027062141315869e-02
2.007454812650549467e-02
2.222830620028838633e-02
1.011054618430133750e-01
8.543797552606773038e-02
1.183973901957178360e-02
1.691623808181179703e-02
4.133776907132143130e-02
7.007257292624065326e-02
6.155902224537338624e-02
8.557507556773706614e-02
6.620523800601879616e-02
8.807603950672095519e-03
4.989401490236255315e-02
3.259646686515659669e-02
2.670254732182010191e-02
4.722110410036994832e-02
1.078455471640679258e-01
1.055130503559120886e-01
9.942406444067854177e-02
9.684633840591407028e-02
6.689060021347077722e-02
3.166811232898291556e-02
8.988698826304832024e-02
8.584428985437796145e-02
7.715006450313106889e-02
8.389978903137015886e-02
1.130874445295459024e-01
3.717123377269170026e-02
3.834725557651946781e-02
1.110641639255157964e-01
2.773567304074416040e-02
7.246845182544148223e-03
4.433446735110002646e-02
9.389101692524426390e-02
5.250535172848489612e-02
6.573373732491623322e-02
1.156340949878255364e-02
1.688035782777372665e-02
6.714712370688627474e-02
9.278814739771329423e-02
7.378146732309920353e-02
1.684132078280348860e-02
9.410576745740840965e-02
1.408003995586403281e-02
5.702130247893879428e-02
6.015359514106526778e-02
1.824578781286351897e-02
8.387953721230492765e-02
2.127906106830631042e-02
7.937371756722153004e-02
6.349324952862016314e-02
3.470544100832056014e-19
9.003784297624507771e-02
1.165438878294756397e-01
1.452177838525684113e-02
1.100980244486022275e-01
8.771048073919136823e-02
7.277311140155712232e-02
5.634191212781601565e-02
6.986710002497614758e-02
9.200533001803261335e-02
9.389281092390758254e-02
2.455863995571968411e-02
5.764138587078936754e-02
1.062439526186119143e-01
2.546551811853500769e-02
3.105650783230965231e-02
8.973545912018027204e-02
1.083678021953524695e-01
1.011848220172906349e-01
9.341596038862537421e-02
9.134764795814884208e-02
2.683038483189324752e-02
1.050342084572606222e-01
5.498883262830028124e-02
5.386474039741850905e-02
5.708983040944821258e-02
5.609878387045536680e-03
8.858556278033712442e-03
5.804689894564275809e-02
3.842311362718824064e-02
4.350420321814309210e-02
8.982903744060501128e-02
1.110646027820240134e-01
1.903385791606683822e-02
1.091896995478943040e-02
8.077298956924618134e-02
7.781388397237924692e-02
1.997939384185094119e-02
6.119754983560573430e-02
3.347495895648622960e-02
6.481148362931166140e-02
5.524354314550795897e-02
4.415143270181163399e-02
4.847078599803152782e-02
6.108628929384848222e-02
1.148854535789359532e-01
2.258521111072879853e-02
3.668298812999335606e-02
1.098736887785352750e-01
4.419307204934586064e-02
1.190319468600349248e-02
2.261279856534985713e-02
1.314553459293041002e-02
6.912868843544699160e-02
8.463519888883844211e-03
1.155843379256824288e-01
2.682930460296150885e-02
7.718854811768291468e-02
7.968383703074685687e-02
9.385703316567180210e-02
6.556271350152134691e-02
1.053958886947266999e-01
3.152031596254632750e-02
7.796728681711383169e-02
5.224756581897738866e-02
9.554540965510900652e-02
1.013632947570244081e-01
5.945574943383719752e-02
4.709027721130785993e-02
6.426973194603347039e-02
4.507492298067684866e-02
7.607891309152690906e-02
4.041126802265920803e-02
3.279421323833834473e-02
1.056736208024147278e-01
8.163757648226131758e-02
4.728934832658326232e-02
1.349574553100641415e-02
9.923898970426056620e-02
8.421731448526942332e-02
7.659225762662631720e-02
4.894564093103142416e-02
6.048804933399425099e-02
1.069301764567958529e-01
1.132076097739603548e-01
1.123873073381666393e-01
6.791448288994512972e-02
1.997582030926789085e-02
3.232967706260660851e-02
1.012507095737552945e-02
1.108208821094426033e-01
9.459706547284146838e-03
6.489741087939966679e-02
8.029923559511185915e-02
1.303706566161294891e-02
1.477582731400663499e-02
5.658964465872525634e-02
6.558716647475799910e-02
8.614390090202065850e-03
1.948259850361784562e-02
3.284475873437163462e-02
1.819598324341626869e-02
1.127968158319517245e-01
5.425701432713929406e-02
7.005978940728202486e-02
9.896776575623024430e-02
4.774462263944226348e-02
5.758085096437449285e-02
6.398816472369504849e-02
1.615101605234823406e-02
1.473171410012553799e-02
8.470712101638804004e-02
9.107064305813014626e-02
8.180571302397944555e-02
7.837074572479538204e-02
2.563904400935971412e-02
1.540281424321540693e-02
8.445165369523521814e-02
8.957746134130141480e-02
7.781317749251262517e-02
1.108830009077655526e-01
2.634594541306816903e-02
1.025151404118993248e-01
1.136783698902404799e-01
9.506235450724959124e-02
1.612896736455035271e-02
5.799003375727369847e-02
9.976491995255637457e-02
2.453548547267183841e-02
9.953472488555795139e-02
9.271008898142221732e-02
1.023189665035482560e-01
1.031681516546109068e-01
8.915018231646543168e-02
6.550127059281346531e-02
6.718464485332176217e-02
2.378073830401425046e-02
5.410155790128895296e-03
1.150019484911725121e-01
1.651307908199994021e-03
2.347156390092557110e-02
2.186130402135431916e-02
5.971983862554432892e-02
3.271174346178488263e-02
3.458458312326177786e-02
2.760405543928071831e-02
2.897392611036193541e-02
2.301586647678675185e-02
1.014303779000906014e-01
3.703298731105389430e-02
8.858801396813358042e-02
5.230337050230509516e-02
2.977854206142990789e-02
3.838178926330661211e-02
8.439318204307198756e-02
4.755534874714423960e-02
1.730892334662953100e-02
6.569383385867251166e-03
6.988216987247248581e-03
6.111657264016652491e-02
8.688818046043737461e-03
1.033045953867396116e-01
7.777630101118260253e-02
3.685629201720353604e-02
1.045594743130655868e-01
8.151131893782469218e-02
6.608253199930025357e-02
1.448820120822155548e-02
6.746015887781012244e-02
7.567494523937473572e-02
1.028333001767411659e-01
8.875107259051506770e-02
9.709444576912248936e-02
5.967727487196877734e-02
1.043214070093606560e-01
3.155003840122860143e-02
4.246015785546641830e-02
4.061473776549615056e-02
3.746447681048869355e-02
4.872737256371675180e-02
8.089855222139502589e-02
2.657347180021856978e-02
8.360200109740086039e-02
1.660070381239319576e-02
9.968081513708479391e-02
1.967708117726110068e-02
9.019058394080992080e-02
2.023564566278737709e-02
5.308583854464954399e-02
4.959038317596176776e-02
2.038730320746231020e-02
2.321425646792375092e-02
7.839160788383779666e-02
4.039725587740766732e-02
3.094077636409723470e-02
6.559051091775942866e-02
9.731783113716539757e-02
5.801816317971675990e-02
2.921794460485066178e-02
7.289600363596328292e-02
3.185502665223856333e-02
1.057802114282335310e-01
1.958242246484854371e-02
3.804531490808229360e-02
9.816506497383419017e-02
6.088744801440294785e-02
6.354772434986699289e-03
5.660262880815829928e-02
4.923680061952943887e-02
5.902064048945972891e-02
3.635602317445803949e-02
8.807350002883093665e-02
5.158325705768040947e-02
1.708764760811595784e-02
7.964410036515734773e-03
1.806226311316624575e-02
9.144662590682960113e-02
7.626397771364960831e-02
1.010034919497273670e-01
1.091462786859584595e-02
7.558966075693523967e-02
9.396059805877142457e-02
2.431404542459149679e-02
9.982641499088139303e-03
1.892222764112421872e-04
3.932157885460606239e-02
4.304254244470194501e-02
9.512115935869014383e-02
2.105202390183123773e-02
1.132374802319759260e-01
7.538095125564608923e-02
5.736854091795755284e-02
1.015532801666323565e-01
8.345854124799546858e-02
2.406805604621517491e-03
1.076976014161906553e-01
3.132932066864732579e-02
8.096391044795262643e-03
8.235086811208733315e-02
1.349675311116398102e-02
3.453176561999653921e-02
8.036912862610026687e-02
3.223128485983910163e-02
2.864924135956113671e-02
1.487769294104947411e-02
1.992679237753250399e-02
1.120398120505704115e-01
4.073028470782856514e-02
7.432881816521139107e-02
8.266512682432261561e-02
2.959298645744190895e-02
2.841376182097573797e-02
7.012528887923343002e-02
4.635597469506729656e-02
7.024754978227787383e-02
9.749112805058023079e-02
8.238421266626025363e-02
8.623045732368225802e-02
5.557722934310373869e-02
4.893014089752006912e-02
9.620374039239525110e-02
1.097755374024853986e-01
2.449943062437197339e-02
4.586576355851811060e-02
8.790879787710113857e-02
1.513961036405704272e-02
7.850428415728200049e-02
4.107793682816089642e-02
2.808881812622986834e-02
3.152130037133932250e-02
8.580943496332771314e-02
7.795161046500388713e-02
7.884289772396695095e-02
1.107491905425355555e-01
8.667376603907907262e-02
1.006653004092769588e-01
5.585477356707719936e-03
8.051670236913062439e-02
1.851264994951211384e-02
4.029425831742258074e-02
4.842318778750099965e-03
1.036881574736787590e-02
2.838471200292575283e-02
6.821733395980500436e-02
3.275711470261422065e-02
1.765360065786819588e-02
7.877203222327004706e-02
4.583508083184263671e-02
2.551559573633040492e-02
4.323994250568383851e-02
8.576508709541712239e-02
1.001492390920139391e-01
4.296110399382314232e-02
4.081392735121652446e-03
1.031283402249550535e-01
9.257251463360488541e-02
3.503465625207505263e-02
2.641445906896824208e-02
7.347100085218766230e-02
1.059739962885160314e-01
1.133153374321297230e-01
9.418146382209217904e-02
1.009626354832246636e-01
1.012494705635224868e-01
9.453750248152723024e-02
1.021129383651183525e-01
3.977182759236012194e-02
1.023357878454828063e-01
2.082655152102620005e-02
9.287302441486010307e-02
4.116455088920668165e-02
6.305388611547456390e-02
7.224236752795439032e-02
8.199133985751581866e-02
9.792740578368207272e-02
1.381277751722381590e-02
1.537684532183937990e-02
7.462427708080537903e-02
2.369688626848888077e-02
4.343086516619439758e-02
6.556889955099633183e-02
8.410955776824595442e-02
9.495884147550162635e-02
4.734471992829861198e-02
3.282998068106981332e-02
9.175236227520286447e-02
1.087397466361927773e-01
2.620368423741085626e-02
3.777654786533594239e-02
9.101231632652348469e-02
7.986193462382620845e-02
8.785111822640659374e-02
2.842616414998421631e-02
9.462297059974837665e-02
2.335118599411831197e-02
3.147705821811851157e-02
5.574203981302042893e-02
7.465540242969754235e-03
1.154304413847576510e-01
9.983957124002133809e-02
8.441404044763922698e-02
5.086034804121928460e-03
8.839612690649215065e-02
4.506776422803768917e-02
9.126991179033018542e-02
7.012130306021187309e-02
6.971197660752813385e-02
9.829957531376748436e-02
9.269598622312584524e-02
3.566905837605965912e-02
1.108105468342796517e-02
6.076512568693031441e-02
4.949515721507619093e-02
6.537389722020830497e-03
9.561079846468051313e-02
8.479054531518803728e-02
2.634376255271674711e-02
1.167990281637405620e-01
7.482699880804531689e-02
5.290264927166953013e-02
1.051205636222398015e-01
2.362891638393732965e-02
3.208785391046344720e-02
7.382205632709391840e-02
1.886926955910374652e-03
1.004563923090553840e-01
9.772107660722995082e-02
8.057567376374108470e-02
6.943035728136085459e-03
1.027834484320132441e-01
9.053793435300686032e-02
