2.617848517336248543e-02
2.830267664910080666e-02
3.938383125638609400e-02
2.799844495080726012e-02
2.007454145099762249e-02
4.355693107364057293e-02
6.725079998548770706e-03
5.882261630051240087e-03
3.554000665040044082e-02
3.014369678877164976e-02
1.387226937696489810e-02
7.078307972007416224e-03
1.245346442773455874e-02
9.396044994403884854e-02
4.204584775591401619e-02
4.659737234385939730e-02
1.888032605918348733e-02
2.977250580312573031e-02
2.599214498951035388e-02
2.888412089593870094e-02
3.852619122877073803e-03
4.761905846563863759e-02
3.389226782267591026e-02
3.682651544820458606e-03
1.295362152059525290e-02
2.684419542024701899e-02
1.052628605100239950e-02
5.958826220476111379e-02
1.940479164138270846e-02
3.980103074265225332e-02
4.651739654625432208e-03
3.167765859889225266e-02
2.946723588669470512e-02
2.321526850867153182e-03
4.081601851922669368e-03
1.532354016932688245e-02
3.622724139383506903e-02
2.579824668225518675e-02
2.170686248065087365e-02
2.115978130873876970e-02
3.642113325711125726e-02
4.334089706370834738e-02
2.123548620035801190e-03
3.538846602509229666e-02
8.149293402873725861e-03
3.176753575392853718e-02
3.655719064319526423e-02
4.376328065534949158e-02
2.304709459467871660e-02
3.975939542403715554e-02
3.567196007667949864e-02
2.402484016289761770e-02
3.824869993731794954e-02
2.669289601332455394e-02
3.866398738690984133e-02
4.156690011606437724e-02
2.056206167768480624e-03
9.978477732007856593e-02
5.128805645348387399e-02
4.033120884720774180e-02
2.479626254921533240e-02
2.724146779001799384e-02
4.979905812215419669e-03
4.111343421258897152e-02
9.340172051019239932e-03
4.308481626215645427e-02
1.815641761959093520e-02
1.070952899065534362e-02
2.673054610696258201e-02
3.359179038932661593e-02
5.973205208053782413e-04
4.359692075755984553e-02
4.203771411530325686e-03
1.714087464095717358e-03
5.339702893035368908e-02
4.338892794086050136e-02
2.907775352621591938e-02
4.185845582962729322e-02
2.098548799130742215e-02
1.929115383933745903e-02
3.307525473532284960e-02
3.751062736493829958e-02
3.927683561417152219e-02
2.550649989606992157e-02
1.615075258027340657e-02
4.412765261707623371e-02
3.868475007876559513e-02
3.522250088286305730e-02
6.189515075248677549e-03
3.019545260675331796e-03
8.195823326425497393e-03
1.267353276431562841e-04
1.846534074772649553e-02
4.102944408569127177e-02
4.633712906515534630e-04
2.505352721650737358e-02
7.472305423504731203e-02
3.603705236240612592e-02
3.131337756810921580e-02
3.120923826926935360e-02
3.104067863904745248e-02
2.688734915704701217e-02
2.793887929545481666e-02
2.109331436288297210e-02
1.906701302418086896e-03
2.870742212715071337e-02
3.531703950304393956e-03
4.624751396574907324e-03
2.638825419746401724e-03
1.839364127498347573e-02
8.652249755621636840e-02
1.416330245379457571e-02
4.216966457857479478e-02
8.169065872060925215e-02
4.706506464034456751e-03
2.435039293813880470e-02
4.308783962855997768e-02
2.978074739710971988e-02
3.529205684835118317e-02
5.089581562337762433e-02
1.134224470621748686e-02
5.161761280385642608e-03
5.056286152789932903e-02
1.132891542468128336e-02
3.325949925309294036e-02
3.289971084952169906e-03
5.925660215078697862e-02
5.453435240550812829e-02
1.946718519989420939e-03
5.477828988690747018e-03
4.492844803263835313e-02
9.260577211907579029e-03
7.619341599403428762e-03
4.191299236836124736e-02
1.608769377527523303e-02
7.259501169824067804e-03
2.396053410284257335e-02
2.899990523519384300e-02
9.072730648322230307e-03
4.579415445939920282e-02
2.038105424262088260e-03
2.954245128740695496e-03
4.367779060239480177e-02
1.453484030282821719e-03
3.728846968538182538e-02
1.477332821394943419e-03
4.023631076034994876e-03
4.834590017628999370e-02
4.665787428082685678e-02
4.799959791253825825e-03
4.929035756366647453e-02
4.463927369094472519e-02
2.735438881187307950e-02
3.546852968831453595e-02
4.864749711778908192e-03
4.454564721958060441e-02
1.254760905117053606e-02
2.969229743585094158e-02
7.658647325212883383e-02
1.160401242559464668e-02
4.603183657652621524e-02
3.537489962079033625e-03
9.033846905803946670e-02
5.447810431615724563e-02
3.903158133137462488e-02
3.930743213239290546e-02
1.468165533016606815e-02
3.797709286922633463e-03
5.857701213163762910e-02
2.664239644891671158e-02
7.685831122049522355e-04
4.408674688329057567e-02
6.367004977554057126e-04
4.939504303430684168e-02
1.926966897896587386e-02
2.059055761154290551e-02
1.398735341087237183e-02
2.289869258314049943e-02
3.247928470889510644e-02
8.059691601109326715e-04
1.592788559701945397e-02
4.166820446289114244e-02
1.602457586527308506e-02
5.971655652960226185e-02
2.213458130890747638e-02
3.964345219983974483e-04
6.851306683077685276e-03
8.116818976413837927e-02
3.319493028812359886e-02
3.222911034958707288e-02
4.192166663446805774e-02
4.243728885537564194e-02
2.449391940366747560e-03
4.987787700560643994e-02
2.687478994463205016e-03
3.940372089578240283e-02
2.874024945889773822e-02
3.634218460839961501e-02
1.088593074942589736e-04
8.576653458405661401e-02
6.668971920324999903e-04
4.824880481447677331e-04
3.214643874825981462e-02
1.829089706100954157e-02
4.430352810668930670e-03
2.597104798488530583e-02
3.067396884362942611e-02
1.610990185245477976e-02
5.587541356727993708e-02
6.229056595162561771e-02
8.070501401938420805e-02
3.959276434019947007e-03
5.309817719774170830e-02
2.131896225007115162e-02
3.244631152862023638e-02
4.065227893171034085e-02
1.410729820902572153e-03
9.266882804694443615e-03
4.058106624723677863e-02
1.455977375171680320e-02
5.002839295149973803e-02
3.678952505448448290e-02
5.475581578877547484e-02
4.541002963300503313e-03
1.909116168012376519e-02
5.954041340090977276e-03
3.439723763301825304e-02
4.202876309218646356e-02
2.367213437769399246e-04
3.278721719550263536e-02
4.106000187128193424e-02
4.158149794382710179e-02
2.419302865888552784e-02
3.801750322229324741e-02
1.698696541659486942e-02
3.245559503138831930e-02
4.407629817888453205e-02
8.471294280806121457e-02
4.777980846321012217e-04
3.040435772745581772e-02
3.818106668392716452e-02
2.139297781915915769e-03
4.333134115594804853e-02
4.134035787375672788e-03
3.604000179507499402e-02
1.594696663754061744e-02
3.172968936886913505e-02
8.969386808977965978e-04
6.442443165561305071e-03
3.245750329344725127e-02
3.622242977820957360e-02
1.654326138484553052e-02
1.905133270247036381e-02
2.782855967017834262e-02
8.534497042156696800e-03
3.797882360850741990e-02
6.642621951001421304e-03
6.019534720014465580e-03
3.732212879324002530e-02
2.207795838828126994e-03
6.359837256181138064e-03
2.452387593975536434e-02
8.805237377347456540e-02
3.359842107621351104e-02
2.605746114257353942e-03
3.503936482633962420e-05
3.313051386649914359e-02
2.037061545567747309e-02
3.969249261676299073e-02
4.732604073978121523e-02
9.769854072925675606e-03
5.535177867688151343e-02
3.602252493329630156e-02
1.172579430512043185e-02
5.057794951218704677e-02
2.279777745563297056e-02
3.807539343677773108e-02
4.509096211596683168e-02
3.169339729654541832e-02
6.146310674648280264e-02
1.263494748831893270e-02
4.261745608473430785e-02
7.932617616055191723e-02
4.188733309931204352e-02
2.376229512546668837e-02
1.258437788561956108e-02
3.931289641125434303e-02
3.163199719943698279e-02
3.387450251038916921e-02
2.855310077106656356e-03
4.034777524362394979e-02
7.774797752100753162e-03
1.642991144758935984e-02
4.043783138951675959e-02
4.318062328273690464e-02
6.516888647813588731e-02
4.281525907616393067e-02
3.623041837994804559e-02
1.893178498995475023e-02
1.960800483669568675e-02
3.330976517416167626e-02
2.730211525370458692e-02
5.922581004259337006e-02
3.653906630757450258e-02
4.530469070498184536e-02
4.829471198428101492e-02
4.449618310074926475e-02
3.931456931251814391e-02
4.236915045843856614e-02
3.118730070833252224e-02
1.493293877210029319e-02
5.639681932874164322e-04
2.481953473655070311e-02
5.681871597377111116e-02
4.363727720826011958e-02
3.386523210498622316e-02
2.633638669913223804e-02
1.175870611565497589e-02
2.679706299649670109e-02
1.474797755537051412e-02
4.393974742878022782e-02
4.256396410849783846e-02
6.441999316504785911e-02
2.643971444534161733e-02
1.746853031719833999e-02
6.102389692544740729e-02
1.797455257552893829e-02
3.874534867074206496e-02
7.333881898720055748e-02
3.012402096407484908e-02
9.015286278818517279e-04
3.915504154905043860e-02
9.252654038542395046e-05
2.082273969667316690e-02
5.328141318237718249e-02
4.107066843133732464e-02
5.551820067730058733e-02
5.350505915950106578e-02
3.878806592188606406e-02
4.410234397654374562e-03
4.894492537028240914e-02
3.073288359202751979e-02
2.205263494122639348e-02
4.695553098992377716e-02
3.550779969171363043e-02
5.838853069727160429e-03
3.555208282214825793e-02
6.094173671137226994e-02
3.921697359192137522e-02
2.472713385975197631e-02
4.229269526810058161e-02
6.937762521199299960e-03
3.515782989542221015e-02
4.279060703335493127e-02
3.084689105223945363e-02
1.694626277773414805e-02
4.060649193004712415e-02
3.663722207549506560e-02
3.826210718354312867e-02
2.740841310249287135e-02
4.256914249669420391e-02
1.605125851297780964e-04
4.687275990174619850e-02
3.982663715155348311e-02
4.588147164735818795e-02
3.319686472050227544e-02
2.675228764969890885e-02
8.522513272653586131e-03
5.241000356379245557e-03
4.576964585520311435e-02
3.744667295616459224e-02
1.029687048767346930e-01
3.577807521005823416e-02
6.858244226524363497e-05
4.408099285204606504e-02
1.669129426302379260e-02
1.413713924128692616e-02
4.031408333932292448e-02
5.299893169479682337e-02
3.829883681893463815e-02
4.064972301396375942e-02
2.148960943980631963e-02
8.567263826782391123e-02
6.297707867264179527e-02
2.059200689054434957e-02
4.020153218335616868e-02
3.307032427644458067e-02
3.157348055414272575e-02
1.312813530932091174e-03
7.776691508304911515e-02
2.317568684268308350e-04
1.754731910858464694e-02
3.470915218567035415e-02
2.224116594610083680e-02
3.583044188295558125e-02
2.916902460464659147e-02
5.657918450214305395e-02
5.138633109279479305e-02
8.186027740932529106e-04
2.722275009269916474e-02
4.055804625129946772e-02
3.430103334007110483e-03
2.615983294951858620e-02
2.565487459491534727e-02
3.617727814560562499e-02
2.333630704788189347e-03
1.658940035454302929e-03
4.256781080985482663e-02
5.220972747036066453e-02
5.823692045841365314e-04
3.391980471628184418e-02
1.818259239407092262e-02
3.692301835735188609e-02
8.988953310147726472e-02
2.485824619816060649e-02
3.946585187325193228e-02
4.289237755338243252e-02
1.781305280034972335e-02
4.295468062443466573e-02
2.566622568536752053e-02
2.932891649487404800e-02
2.173556907201928609e-02
3.484936279115268681e-02
1.948136228829665945e-02
5.003698818297157985e-02
4.719748886053779652e-02
2.847752888828684534e-02
2.003451075139222465e-02
4.639640105845817958e-02
1.925687270457129494e-02
1.397905131910862596e-02
8.315038276259105465e-02
1.183684732367221507e-02
1.098364861693964210e-02
1.468458842782062630e-02
3.295602859090270703e-02
1.952280058466838303e-02
2.091287277303629545e-03
7.102922219925993097e-02
3.647246544070562729e-02
5.790466824187807168e-04
4.205500848919711820e-02
1.178167746952807349e-02
4.628189713901015995e-02
7.439892595992471554e-03
2.891142692084919946e-02
4.011415764123140576e-02
3.452133059707844509e-02
1.839879245132911359e-02
3.897584708488340682e-02
5.581211381680437067e-02
2.289780185571494223e-02
9.145405880737771109e-02
4.712188387015969759e-02
2.371804022730147551e-02
5.790028917427432026e-05
4.050459245160890204e-02
1.002596432329961457e-02
3.794941311705078008e-02
1.838918780718391821e-02
3.028014502030224042e-02
3.266513673190761524e-02
3.938808862006959455e-02
3.922909945376578528e-02
3.822937428696290135e-02
3.647374063504011527e-02
4.078781464910302690e-02
2.429046068968321315e-03
6.528538211968633320e-02
1.792590379804243073e-02
4.191955856535117819e-02
4.112283787048775369e-02
5.772761289640216710e-03
3.956514074936361147e-02
1.510794497655423493e-02
2.901833904771190104e-02
1.377129114120217816e-02
4.460232102228139234e-02
4.015548616877388788e-02
2.916288718027248636e-02
2.267037343981776615e-03
4.310532782766440807e-02
2.801104488441353776e-02
3.583837851873651614e-02
3.412525749548491610e-02
4.038506504758092308e-02
2.585915753587162552e-02
1.328679369497318575e-04
5.049947193042082089e-02
3.560968095127748853e-03
3.985135697837310920e-02
4.107775542974184679e-02
3.862849462526848215e-02
6.359874499303398709e-02
3.395596324430026625e-02
1.124065532003812665e-02
9.485128866087010058e-03
1.300514868513191410e-02
3.818156334930753598e-02
5.596823691573721282e-02
3.033289307586009911e-02
7.036437793030663043e-04
1.495220507587974833e-02
3.936107116563026045e-03
4.455520165435240820e-02
1.886840227303575313e-02
7.039581901781611674e-04
2.098080379690856964e-02
3.485663733226781330e-02
5.278940505522793786e-02
3.798996231649404837e-02
4.416827916767151335e-02
3.954203991334803714e-02
3.603589588278248521e-03
1.331435311068124988e-02
3.276497175434343184e-02
3.950286542354591868e-02
3.721975032836891822e-02
2.200261270388085763e-02
3.464161911166811769e-02
5.332077572683200511e-02
1.338780745446633419e-02
8.616293621250759038e-02
7.967681572165873083e-02
8.044116092714896984e-03
4.329355503895189472e-02
4.520239015126988752e-02
3.181954342211540387e-02
2.915378318221822571e-02
2.714602715669294300e-02
4.673042276216825275e-02
5.498570624368124410e-02
1.548571566200837232e-02
3.219794396726673169e-02
2.186917460074228048e-02
2.152124805692520564e-03
4.259262112955694568e-02
3.377734605069850635e-04
3.780553393140004964e-02
9.468937688704789782e-04
5.563869860633274822e-02
2.733800356446406191e-02
6.517934055906909885e-02
3.851591626914159516e-02
1.482555641513163582e-02
2.614729190524536090e-02
4.636562612912298494e-03
1.488710788953888017e-02
1.921612282813107975e-02
3.444032554022560984e-03
9.886982473165960295e-03
4.051872669900642016e-02
3.096235909961728497e-02
2.104574317963382041e-02
1.962032847012516040e-02
5.898492531103947251e-02
2.312944430145339944e-02
4.333849623768958222e-03
2.382334800210498746e-02
7.301016225224497835e-02
5.170563409087727130e-02
3.496764210453516541e-02
3.335368188061917788e-02
1.194916093043508413e-04
3.136799855320347025e-02
1.345664540499282892e-02
2.767193937102810364e-02
3.726920532043090373e-02
3.874598158587189145e-02
4.284404548961443654e-02
2.604984149320715633e-02
4.862604554728249852e-03
3.568359926758692124e-02
6.515130361831975893e-03
2.815104977949295720e-02
4.316232466536476693e-03
3.730658118536316764e-02
4.279182359261881480e-02
5.029015831839876022e-03
9.980317262886371360e-03
4.695953083605179657e-02
2.096197225454163749e-04
4.841012780539721144e-02
2.469420407611620447e-02
5.458464897098698476e-02
9.356496282265324566e-03
3.222582126491479061e-03
7.502825111882942440e-03
5.080722910937907760e-02
2.390139362187894206e-04
3.136077369673512943e-02
4.263468070411168681e-02
6.412832613039565546e-03
3.927083597983369034e-02
2.608012446432475887e-02
2.295305522218624855e-02
3.097228091686483192e-02
8.113089323000859110e-03
1.712619607177573054e-03
9.269710131145993820e-03
2.771630941880798629e-02
4.951922445732591382e-02
3.297088676767925136e-02
3.902074119308233252e-02
3.878576795142881645e-02
2.177160060496629874e-03
3.126366004819781941e-02
3.914331613305335744e-02
5.515203987331645380e-02
3.499272046024767130e-02
3.481039184783175228e-02
2.812609411723270350e-02
5.884701367001117511e-02
2.157676987924125184e-02
7.170593567720299870e-03
4.746404818432420347e-02
2.881163655939719334e-02
1.204665435458059965e-02
4.082421029366518211e-02
2.703108503352317366e-02
1.537891667619767019e-02
2.037438314993328739e-02
4.425761103925884149e-02
4.416494792404350445e-02
1.130262920984804603e-01
5.244049904222971431e-02
3.961966384896274673e-02
2.668125245701439413e-02
4.181520365554585589e-02
1.285242703657493019e-02
3.253697413134086502e-02
8.333293725410639841e-03
1.978546946367863366e-02
3.313934646764946784e-02
3.825477499187577863e-03
6.841388152999597350e-02
3.559581075192143340e-02
1.268885738881068981e-02
3.296813765098576682e-02
3.637035846390051196e-03
3.596383247235404763e-03
2.701214096102771967e-02
4.372185551571104029e-02
3.330536640333076753e-03
1.504975154274770972e-02
2.433379976630738184e-02
1.351168911707559261e-02
2.043951626610432393e-02
4.434381078722988978e-02
2.010235923579387074e-02
2.074930898087854608e-02
1.485798472330922444e-02
4.595506480036559704e-02
1.503021988684332885e-02
1.369802099987527978e-02
4.710540391076054739e-02
3.091806314308778985e-03
3.761323841080476543e-02
2.860138800292416281e-02
5.607345155139958209e-02
2.277890586575318649e-02
6.173676498961326586e-02
2.901638940344875711e-02
2.469904458784525844e-02
1.172102916206104253e-02
4.007664335951497542e-02
6.779215206661951335e-03
4.171445582208355152e-02
5.309635815466982184e-03
4.048590084649411613e-02
6.327852560083208240e-03
3.012003847762271050e-02
3.132047516220312633e-02
1.697331747964696963e-02
2.974615757998743185e-02
7.839702311784439714e-02
1.534253834931038028e-02
3.936715673615751726e-02
2.929865009343144908e-02
2.744767253691833444e-04
2.263557319607499563e-02
1.533474822756588155e-02
4.089143154202981383e-04
2.442504839678257683e-02
2.922691952110356359e-02
2.985659400577560935e-02
4.343658617261214605e-02
6.176126383760487115e-02
2.726473432790183990e-02
2.606873693938305259e-02
4.246467692854692666e-02
5.046075213367049589e-02
2.202122199922802205e-03
5.468555787061629009e-02
4.809884782497860639e-02
3.874318724090943661e-02
3.914023173517890142e-02
2.989908363799593724e-02
6.127028089379351478e-02
2.907795356801979800e-02
1.778552779873280448e-02
2.426981802308130973e-02
3.259899502067178934e-02
1.656040928411094430e-03
4.241741866312534470e-02
3.964135416138126616e-02
4.363493191594156745e-02
2.231738696387402035e-02
4.489007945742073263e-02
1.764385274187949340e-02
3.480141920420568025e-02
5.481066941169462914e-02
4.054006562983328982e-02
2.045327446557317769e-02
2.112710832736812080e-02
4.066748290230724761e-02
3.429110370442496093e-03
7.219079990751927321e-03
5.383486464477968414e-02
3.928017826089322262e-02
2.355795006550869333e-02
1.521623198432701593e-02
4.813379712933727600e-02
4.726902234828910671e-02
1.693373920849683759e-02
1.757293002438370519e-03
2.588360126612719551e-06
6.457629567518402558e-02
1.978847067331728285e-02
8.222605451761212658e-03
3.452335508966156152e-02
1.957989352298410493e-02
5.057818010577865009e-02
2.967355151669843344e-02
4.224296698232905822e-02
1.625380015837393083e-02
8.530351650806568611e-04
4.818089563398653130e-02
2.769377830796598133e-02
2.769216879443709908e-02
3.445748777794613305e-02
2.023760729245113743e-02
3.234408732192684682e-02
2.379821508386803161e-02
2.747990429753477057e-02
1.124717831286023255e-02
1.281162737990010000e-02
1.105945876435888162e-03
3.531198720430950982e-02
4.352085153181941418e-02
6.660303751318029722e-03
1.959859413136852413e-03
5.124425410528937047e-02
1.078663755648417710e-01
4.356228996689331945e-02
4.247261254974393774e-02
6.144949531818688637e-02
2.257640571652717344e-03
4.005196595431085443e-02
9.351572414056837090e-02
8.515724517466723154e-02
4.323987502351789997e-02
6.246176460880007754e-03
8.512460360291157491e-03
4.152877411488267723e-02
2.245646352069241222e-02
1.986488576018314439e-02
2.017772409748105900e-02
2.739018569015567658e-02
3.442943769883614197e-02
4.006354555171563747e-02
4.658277337850017658e-02
2.214406467805913464e-02
5.598603936804316672e-02
4.391528548907260715e-02
3.936273407006433966e-02
2.693919607002299293e-02
3.269839894234295719e-02
3.694058567816602828e-03
4.072872051070332289e-02
2.904061755454279831e-02
3.876715594423735256e-02
1.758973147444969215e-02
6.119898848831096388e-02
8.170137789609070028e-03
5.261563002664410710e-02
7.016293758146399662e-03
5.033411870532796678e-03
3.395157830233888618e-02
3.860308981982905896e-02
6.157038640689153192e-05
2.679792975782310099e-02
3.399147355214379718e-02
1.058272490897495404e-05
1.169370819752171310e-02
2.756900850532785149e-02
4.647224922040047584e-02
2.430864886782623316e-02
4.190508322500725857e-02
3.358834230209276073e-02
3.522135709411431531e-02
2.534313773602509673e-02
8.836002115152145897e-02
2.247577468393551284e-02
1.416871415870655897e-02
2.316567197995872580e-03
3.237691501246877518e-02
9.268315224647943537e-03
1.028638575491272467e-02
2.599841422579986065e-03
3.804600732593627077e-02
2.867887878256880282e-02
1.646850369506379363e-02
3.322673839160118076e-02
4.129858732997873649e-02
2.182492931469893528e-04
5.033756358007898842e-03
2.180741409716043140e-03
4.050805937682430691e-02
1.629921117992488150e-02
4.021648959820622177e-02
5.304769589570393134e-05
1.184589908682522758e-02
3.999755742929105712e-02
1.624388435176646328e-02
5.924706275914386026e-03
7.400722533407659565e-02
1.711351391869040187e-02
2.967495101669539309e-02
2.595819775651385386e-02
4.037217326801968709e-02
4.496061731489461866e-02
1.110436020414414839e-02
4.841252148771435504e-02
4.621877116523201434e-02
4.415124735233336845e-02
4.406099692392499018e-02
2.629344219615493972e-02
2.262261357733317060e-02
5.611971350586244817e-05
4.980909056218436187e-02
8.527139748296145086e-03
5.426518391210184873e-03
7.064168498845346984e-03
4.072563301028780253e-02
4.127157897139160925e-02
2.860884159163638862e-02
3.370662543347308776e-02
9.199321424457003503e-04
1.492546496151100910e-02
1.861653467796386616e-02
2.121485169176192537e-02
2.520474686009728169e-02
4.054459046174738179e-02
5.444478977254726959e-02
2.291312657590428500e-02
2.220332918993617177e-02
3.502502911435722427e-02
5.988581799680942758e-03
7.891951737900070041e-02
4.224995764460388187e-02
1.246507320375630189e-02
7.115465894689425308e-02
5.085908127826851283e-02
3.393131248198677508e-02
2.861931572373716329e-02
4.468152293823113991e-02
2.081421128589895642e-02
2.078013251523102081e-02
5.245736077320891505e-02
3.205178532795391073e-03
1.201389155643013684e-02
2.710397922937933524e-02
4.165769081098500554e-02
2.462532272327145819e-02
3.172136598007916503e-02
1.806200205777839726e-02
1.145294698577391072e-03
1.626148602818176673e-03
3.083475862908660256e-02
3.936648594277471908e-02
2.234971889351957536e-02
1.077731607445393987e-02
1.076872961769091697e-01
3.716878211796163095e-02
3.775985880122986749e-02
2.388914971418149708e-02
2.514422549351318439e-02
3.263393738311250094e-03
1.901550930532803054e-03
3.876108834989683977e-02
4.068735520993849858e-02
1.508680510213806364e-02
8.872233944733090572e-03
4.820544696244291605e-02
2.922359894596839730e-02
5.511618893123299695e-02
6.683653283671149407e-03
1.724992462032347339e-03
5.410286754353115651e-02
1.445437915318027906e-02
3.743057262257393214e-02
6.076710870441265344e-02
1.356746912415826047e-02
2.436481273633322314e-02
3.428732743510976705e-02
4.950597875138409987e-02
2.348063023945065261e-02
1.343912628105402654e-04
2.736126322881450926e-02
2.464205111643480439e-02
6.427223190062734959e-02
9.749081244665037949e-02
2.118575449842771252e-03
2.725858087272764463e-02
4.930017798709817982e-03
2.772429805704847497e-02
1.339537118248139381e-03
2.256270881793804504e-05
3.841875226314635933e-02
6.068600004252709679e-02
1.932498341349222918e-03
1.135837343058473253e-02
4.577400908644877614e-02
3.767807248853114604e-02
3.670971611428298920e-02
1.502735550700470477e-02
4.121530135446197646e-02
2.570020694166378142e-02
1.781478464535960968e-02
3.646530864447240783e-02
2.677488544441302548e-02
4.516875120243642183e-02
1.158475916512460499e-03
3.926982725934045817e-04
1.704325800396749553e-03
8.133468919555497667e-02
5.536085886312980264e-02
3.186165255015096370e-02
2.913869463212735364e-02
3.436161593096358560e-03
6.507327384595079645e-02
9.404117457079867260e-04
4.203165900944742100e-02
7.379318645646068889e-03
2.179781422326393381e-02
1.789125699276395212e-02
3.481001673030741789e-02
6.719462689449397230e-02
1.806624349172568714e-02
3.511156228361501930e-02
4.804720413238158100e-02
6.229997747916491552e-02
1.022512420693590801e-03
1.895190332771744561e-03
5.447746250591909041e-03
4.466514807568167100e-02
8.558296290917009191e-03
2.033375263161751878e-02
4.892778393024499635e-03
1.415387242654024373e-02
4.321335093267097277e-02
8.936076678748924732e-04
1.018992606170831660e-03
8.243613585569565388e-03
3.189731452349556240e-02
1.449444135398053266e-02
3.746672214455642330e-02
2.951759101244069011e-02
2.659866247993700195e-02
1.157195550977714810e-03
9.371580640984801536e-02
1.250174494547383330e-02
4.575919981177369034e-02
1.290004873163152002e-02
3.802207291121161709e-02
2.753493736257628925e-05
7.640665064278980186e-03
4.068570092725153596e-03
3.902709422751628882e-02
4.887184705581167771e-02
2.992492702998787377e-02
2.705907373843923630e-02
7.224516472146721990e-02
2.527822683868324177e-02
4.322562880143142328e-02
4.341739598044180859e-02
3.950136405944614654e-02
3.727699401345128949e-02
3.524095008118985350e-02
1.556038899243052803e-02
8.546464144012218961e-03
3.574659233771699477e-03
3.276302207954584489e-02
4.290939618641578801e-02
1.270353810162950202e-02
2.801329074205050063e-02
3.420801111223951974e-02
1.558559227974045183e-03
3.671517113010788758e-02
