1.410668218330501586e-03
4.213324259357011797e-02
9.072034193492593129e-03
1.038073294888904735e-01
8.257731284241436043e-02
6.143433563288209706e-03
2.028429444084210720e-02
5.766627441427880918e-02
5.037052914614626592e-02
2.163804808813809839e-03
9.872386856173386016e-02
7.962111290770124139e-03
1.082986544742012142e-01
5.894495274726749279e-02
6.805917636730919595e-02
5.547790038218688990e-02
2.765675317205837369e-02
8.392805192238594891e-02
7.804378812611383054e-02
6.826497490743979601e-02
7.584595452120954095e-02
3.313209342476607089e-02
1.297815370236652874e-03
3.601859673132944833e-02
1.025544018676944197e-01
2.057652046906686266e-02
9.144621485931880844e-02
1.070011162357635826e-01
9.488506615812805980e-03
9.226823046872198453e-02
7.349920732653035527e-02
1.010630240115193007e-01
9.496922009694055977e-02
4.466815212006360059e-02
9.387182355634042519e-02
8.140412889983525413e-02
8.092033183643178307e-02
5.692102923401753944e-02
7.734419181537587062e-02
4.442859870674360778e-02
7.515009602854545723e-02
7.353307104416327566e-02
1.006448610026917795e-01
2.749007851488121171e-02
5.265154513559142449e-03
6.309806814240125246e-03
7.880486452244761519e-03
1.051013796247004806e-01
8.584155572763309261e-02
7.207445949048645051e-02
4.366300528924771385e-02
1.055725618624546308e-01
1.430532512571638590e-02
8.758532454050586835e-02
8.097820554001786131e-02
2.852479248083233422e-03
5.795047190211354005e-02
4.478449805086627371e-03
2.853641134487639938e-02
2.648669549624038319e-02
2.999058577949853879e-02
1.034129169373143031e-01
9.751982142530138398e-02
9.270722490910764113e-02
1.063699558737076639e-01
9.344413635860920886e-02
3.079932383810730923e-02
2.329049505313380078e-02
6.714272469246510000e-02
1.893306477799441140e-02
1.021693402789508182e-01
8.447733308027709914e-03
2.514678671026669698e-02
3.969401373089948004e-02
2.277830292509012890e-03
5.080210668864421075e-02
4.103330429728604782e-03
5.387226270024510905e-02
1.969779443999585683e-02
3.377296634076929621e-02
8.597285602496607809e-03
8.374851372593634935e-02
4.807405884787877004e-02
5.343082555353291518e-02
1.355426339730633409e-02
1.785746336922334337e-02
8.798640170825458573e-02
5.935225502555738220e-02
9.817404212592537038e-02
4.766807367749899618e-03
2.262654553159808291e-02
3.044296002440276608e-02
6.873542606456184423e-02
1.020090856777690763e-01
6.207146957322021846e-02
1.082660911735630893e-01
1.181697867309463830e-03
9.561127198139286743e-02
4.940523659208091029e-02
2.061817875256955618e-02
7.821093052699316928e-02
9.808686623456465414e-02
5.204573422483790672e-03
1.011502895111249384e-01
1.870245907707124235e-04
4.526111672365436267e-02
2.099825314738725576e-03
3.741913403637182889e-02
1.074457244637271394e-02
9.074160457639339483e-02
9.669250072662557982e-02
4.332216069046853496e-02
5.961941933183797712e-03
4.271857387416452129e-02
4.184952355518860301e-02
2.186878198150540419e-03
7.463397053038776929e-02
1.034227801946756634e-02
5.339422433141864655e-02
1.424932672207411717e-02
1.061008312297430783e-01
9.686265801840342193e-02
2.495076944641777886e-02
5.701014813053248420e-02
9.360918354520070261e-02
5.232432796587105361e-02
3.685912511732577276e-03
3.478705550359485754e-02
4.126243499763426748e-02
8.955158650676192655e-02
6.293614870530959277e-03
2.519867372558603699e-02
5.195083388230908872e-03
8.517732283421956818e-02
1.832542661689447530e-02
5.264275320528298552e-02
8.386559146581286373e-02
5.992827361480226878e-02
7.288500360124425780e-03
6.462324509555875118e-02
1.184091726989550120e-02
1.052425932091722444e-01
9.045021855634600982e-02
3.250607804010060414e-02
3.641679989605983714e-02
9.519040316056062712e-02
4.243652270408770726e-05
1.005579345984280032e-01
4.911261380974341062e-02
8.850884349618896862e-02
1.072744767926083337e-01
1.167254023508905707e-03
1.692288427262694794e-02
2.346503303207190042e-03
7.553958240412629588e-02
8.913408890190749334e-02
2.632924876520070442e-02
4.418941867117601868e-02
4.553521277406350626e-02
7.204493800817633742e-02
1.078555989760957845e-01
1.076542651287330649e-01
4.320015281753172148e-02
2.674089115373147474e-02
1.105614563848037607e-02
2.823778321672291980e-02
5.222715331660839067e-02
4.055986451250452596e-02
9.498527435863912682e-02
2.453757132350466164e-02
8.851765742804509896e-02
4.518546340007771611e-02
5.914277182236722663e-02
4.420179682133652810e-02
5.996976745878097176e-02
9.767753054800540347e-02
7.460261470414623897e-02
5.894396728584621985e-03
1.080411541243089385e-01
6.507836091308258353e-02
8.449708200410006517e-03
8.414130143419999708e-02
2.940817808002180005e-03
5.683629062739257304e-02
7.568714935181336534e-02
8.725821167643767196e-02
5.398250249687868742e-03
6.830003579669265135e-02
7.266368907639085550e-02
5.889756785071442735e-02
2.017030117087200911e-02
3.204356399953441070e-02
7.373383885344948242e-03
1.422718952513643553e-02
7.725693279360863752e-02
9.822438687216754338e-02
5.699362877515445902e-02
6.023094901576524912e-03
6.318728417682141496e-02
2.786278828365352372e-02
4.134557036560033288e-02
8.798292379968718907e-03
9.104094630361957152e-03
6.275779919775075107e-03
2.934910526938334582e-02
5.428131836553696382e-02
1.058946914946240492e-02
1.902848382036980909e-02
7.898326579104679446e-02
1.013681750734918979e-01
8.992356060988679345e-03
8.135251993686168359e-02
1.088189017755336191e-01
5.477671452261289459e-02
3.157946164291450253e-03
4.114064496571850915e-02
9.384232130847999787e-02
5.874761740185419079e-03
5.617798624873599628e-02
6.515313265926150031e-03
9.774486805431517253e-03
1.974540968927317869e-02
9.801425541477715164e-02
2.549570748300608068e-05
5.606294745841399439e-03
1.765688675973134739e-02
8.618842859071414175e-02
9.093135606203103793e-02
1.639559147199268208e-02
4.440190400388608488e-02
1.084277428207755661e-01
5.957318976660258385e-03
6.169940842220038996e-02
3.133643723364536865e-02
5.209909387408368821e-03
5.588528284965545850e-02
7.549310614047445578e-02
4.923378807371465299e-02
9.371044482626164629e-02
1.500154778394894271e-02
1.055828429960799508e-01
9.389575501804083013e-02
8.412947598291091456e-02
1.269209639566453406e-02
8.886822111909734034e-02
1.566090598838492179e-02
1.084319664907198166e-01
5.043946738538113150e-02
3.750774546903152401e-02
4.909128100110030091e-03
1.198743866120827693e-02
5.467980812715916156e-02
8.582425585262884460e-02
9.504027476416362918e-02
2.078169116457620393e-03
1.063929817714441561e-01
2.812393290612280952e-02
3.377490836050340856e-03
4.538005915194377737e-02
2.236493349474632727e-02
2.922660465281386177e-02
5.157805513708455664e-02
1.284493408417295736e-02
7.221711081073714511e-02
4.244623178048718276e-02
1.131545012522705979e-01
7.988653291957609204e-02
9.464022874120363304e-02
3.716189031719618636e-03
4.027334709364169263e-02
3.591271009563679062e-02
7.804498725693458094e-02
7.802400869420883511e-02
2.500772154052097879e-02
1.659133921958401772e-02
1.056920840683579638e-01
7.047714077896891083e-02
5.996565197758215587e-02
9.427709680162504879e-02
1.139256344319951667e-02
3.833826681453657986e-02
3.065698337427828074e-02
7.826465893430509246e-02
9.583838932730482166e-03
1.003593897542118599e-02
3.989492864884208734e-02
8.170495834564997506e-02
3.005789509381040503e-02
4.235440769687924545e-03
8.953408244472428612e-02
1.042835944300999490e-01
5.537705979232545282e-03
1.076132997590311113e-01
6.863764018786376597e-03
3.111374973694685034e-02
6.860536606629573375e-02
8.072167988457369658e-02
7.883042299917376872e-02
2.811130466862878444e-02
7.318990300753065725e-03
1.080295468685006643e-01
3.050306082035001906e-02
2.856498428695397173e-03
7.506241376302522084e-02
1.765290335030381347e-03
8.198670969044845325e-02
4.397018997187585043e-02
6.799648818913063553e-02
1.079118636474618864e-01
2.581889332434476186e-02
1.487511517012152056e-02
9.471357349768898259e-02
3.005651231132936557e-02
8.090157607711576104e-02
5.265311178991759905e-02
7.231624747499735585e-03
3.926139997119086622e-02
1.012658247238681399e-02
8.511385479808758481e-02
2.809917601663487058e-02
1.018995596482102778e-01
8.668515396376498539e-02
9.508186962493000993e-02
4.408867146188528985e-02
1.457070440063956696e-02
4.213297738937804571e-02
1.039953697183302987e-02
1.090200423962945642e-01
1.961165398044032934e-02
7.570921415941356258e-02
7.865148369239270687e-02
1.025492200850326857e-01
5.024209754192444921e-02
3.791131142430535089e-02
1.726782689592226694e-02
7.301454661375500477e-02
9.270966602464700279e-02
3.800804809870399117e-03
8.791916012489367493e-02
8.657155821196645118e-02
6.336015716169758616e-02
4.602055888796606486e-02
4.617641967897438693e-02
9.910919917350569097e-02
2.726969386715358615e-02
7.124492740534023316e-02
4.709478770901580347e-02
2.600978627388304820e-02
6.702053230227494884e-02
1.086314551122735811e-01
6.100831229854512816e-02
3.923016288949661423e-02
1.056010775737593610e-01
4.802286548052470821e-02
6.499710348196298393e-02
3.550486969072245980e-02
3.973131482272444087e-02
4.843960789166508636e-03
4.134506498697237617e-03
9.232981691987122985e-02
5.973358104876889257e-02
4.203460269021679074e-02
9.668210340480159039e-04
7.719364755890069547e-03
6.488327442735195016e-02
4.896951186295735864e-02
3.958600872822622824e-02
3.950406889621708301e-02
5.126067382246044662e-02
1.014495806536606926e-01
1.027674442763471946e-01
1.103204046909021623e-02
3.521074576762677627e-02
5.175728105274527563e-02
1.065821331186083271e-01
7.201568204848826649e-02
1.159430670529759330e-02
2.514391241048782172e-02
6.494612964360765850e-02
2.882835900494116685e-02
1.497539126401446763e-02
2.525052519620708813e-02
7.172774602112658160e-02
5.065218501045971877e-03
9.536737599207362193e-02
6.573411845381775531e-02
3.521630733666530899e-02
3.434082250438858647e-02
7.176736857382294554e-02
9.096780860330057339e-02
1.862563368122490196e-02
1.483579424043809589e-02
9.064410538552697405e-03
1.614458171393897898e-02
4.758679948925764389e-03
6.996135851819199059e-02
8.640584648248686439e-02
1.047557538273102412e-01
1.396526342624331528e-02
4.440187812594886298e-03
3.068651117331822054e-02
1.081607714023150452e-01
2.579887692621334397e-02
1.037445921737388393e-01
1.052844851926513919e-01
1.284448111009713588e-02
2.909051118672849670e-02
7.686566182038197248e-02
6.708930736866280768e-04
8.774346985001348640e-04
6.152108191918935487e-02
6.766841760537146977e-02
4.705388964541684822e-03
7.339753805354823357e-02
2.413320079471094337e-02
1.091918587394000439e-01
3.615354239028444484e-03
1.113126788051355294e-02
8.084768124983918169e-02
4.566572190427971301e-02
5.308484955760921220e-02
1.048041816553844652e-01
1.040077130990323395e-01
8.725776010250516773e-03
1.091059356645949219e-01
1.794522790373091412e-02
4.926094579777332005e-02
6.291500973912369371e-03
1.087476043160262584e-01
5.985082081434775665e-03
3.581483119257759806e-02
9.192163886643704707e-02
6.228040052271882621e-02
8.206171933636353943e-03
8.552802944366191817e-02
6.066595218692732473e-03
1.521103029045218699e-02
9.030304209850555097e-02
7.082765266243639529e-03
1.688897403661898319e-02
7.354930645243921636e-03
6.709721190625558829e-02
3.392575528839849447e-02
1.034707113317508836e-02
7.458927270210581606e-02
4.517929874692565295e-03
2.111105050378445439e-02
6.729193069304385821e-02
2.118891858116002044e-02
5.306346972625257397e-02
1.084249285857590006e-01
1.491658438111910338e-02
1.229825519107238460e-02
8.134949176682892968e-02
7.472884890636449090e-03
6.020304942596703401e-02
2.920895707152263918e-02
7.916992636046094045e-02
3.516162547770420449e-02
9.496519875232324603e-02
9.242450230416679458e-02
7.406679985811874534e-02
6.905560697463519748e-02
7.163481657261558389e-02
4.525254709466310088e-02
1.575451380126999257e-02
9.793627250063600964e-03
2.327974748099101432e-02
1.522654194405414531e-03
2.774726582974311809e-02
8.833910492189619990e-02
2.530689173148634522e-02
2.914710915077045258e-02
3.599451194108671537e-02
1.065270104855133432e-01
4.891532335725376490e-02
5.283420847901898476e-02
4.659990382403849177e-03
4.803298073876011154e-02
1.988047626625017515e-05
6.801322558103373161e-02
6.600054519632595797e-03
7.454871008765781570e-02
5.191182818870069410e-02
6.275381599054791204e-02
1.339102209621891373e-02
7.391630228406605163e-02
3.134567334435154045e-03
2.579307040702177520e-02
1.379835952821292788e-02
9.959052727471004798e-03
1.031275559516698637e-01
7.983422984460149252e-02
9.965774912906098792e-02
1.018707303634574929e-01
8.542044732168854737e-02
7.626915594268002252e-02
9.393773192713350539e-02
9.219777028087321191e-02
4.091469825228863030e-03
6.167494109447779760e-02
1.206464410179567542e-02
1.028883968694901258e-01
1.352502954838874852e-03
6.857383350063564476e-02
3.652122015428819340e-02
2.770346856292178056e-02
1.365070425195348720e-02
8.335693561972905286e-02
4.304211175372467391e-02
1.606175492264698065e-02
1.091853803971045041e-02
4.942714287842929141e-04
3.923833426535754121e-02
3.321023910893442649e-02
2.151886690620073012e-02
1.037129226716569513e-01
2.831811377687758202e-02
5.259088886494339699e-02
3.682817477087750504e-03
2.715691115219321175e-02
6.751341973121630091e-02
3.638648938443768410e-02
2.305403634398533672e-02
2.204476050975373927e-02
1.051538120715195118e-01
4.723205132777374970e-02
7.238650344780543644e-02
5.521219698039292988e-03
1.609935696714251407e-02
3.989286039869870126e-02
1.074026446439140386e-01
4.172925838916595465e-02
3.580780891978971141e-03
1.052441946239961873e-01
5.282572521134391852e-02
8.727556349839338257e-02
8.916860565817671946e-02
6.876197003338668789e-02
1.067184433067587118e-01
5.087173047801940573e-02
8.992419103489640575e-02
3.680421058890101516e-02
6.299683923210242995e-03
1.152198062171995614e-02
2.412368085394398648e-02
4.691833218897942248e-02
1.783705240438908596e-03
6.958067807682301320e-02
7.656779144879223564e-02
4.827471304482250369e-02
1.791272986052442825e-02
2.480021276494269976e-03
9.689239230718917073e-02
6.389480781217879782e-03
2.265550762376877109e-02
8.448623748504930503e-03
5.854402510272365030e-03
6.263940021486973618e-03
1.091088154935792864e-01
3.901874268422216799e-03
6.188471284589592419e-02
4.625763299170740361e-02
2.539639547603329828e-02
1.794738204297038550e-02
4.678872196675274743e-03
5.703960379914189971e-02
9.938774107077495701e-02
9.613467008831849681e-02
1.806124654440528082e-02
9.229735244289750951e-02
3.115711813384264631e-02
5.655222597557475750e-02
7.705072729215456384e-02
9.068572253482401480e-02
7.270844316623827075e-02
6.525817705201250596e-02
1.798491433520667216e-03
5.975044175652997891e-02
4.499390444433329361e-02
8.354055619469108462e-02
8.777562822806510290e-02
1.418503833516187272e-03
9.016734809424579999e-02
1.185136955797544932e-02
5.295711383778448945e-03
2.077036199660966045e-02
3.463998390971720354e-02
1.009825219926301088e-01
3.541821225980772841e-02
6.324148947988361691e-02
9.027831420851913091e-02
9.789146303398625626e-02
8.963392127764009676e-02
2.877512160216125908e-02
6.675755862460136525e-02
4.222329034366334444e-02
5.264926693477889330e-02
1.148885944672501866e-02
1.088611695199130508e-01
8.149633409718136379e-02
8.698155104918285641e-02
7.425314889108856897e-02
6.144946273321905128e-02
9.562633395550100557e-02
1.373674541662585520e-02
6.176069209771566093e-02
8.075142016414377233e-03
9.159650929631420191e-02
5.640990568647200748e-03
8.509302359039669361e-03
3.259226567495143723e-02
8.272458570830246161e-02
3.866308190080686852e-02
1.078007728403031634e-01
8.488829836516727234e-03
1.902941240368553628e-04
4.999646289713266523e-02
7.872771548412464682e-02
3.049740531014813461e-02
1.057254391861413428e-01
1.426973736699629555e-02
3.011106841082356392e-02
9.843723034365581270e-02
6.752546151274228803e-02
4.437456173514992518e-03
5.218688160512961055e-02
9.768216899042561630e-02
1.053705683747001715e-01
5.333390315842669732e-02
4.784843522048762982e-02
5.809607594496353673e-03
9.321246603409235817e-03
2.347882362208575987e-03
2.336684966283218701e-02
4.372792665657812550e-02
6.538362582762331787e-02
5.098948489851697248e-03
4.669981417074758542e-03
8.362994130045192653e-02
1.050994799726196055e-01
1.071738529342253776e-01
2.819277024728859479e-02
7.403680086268339677e-02
5.904008716949395857e-02
1.078814037386260360e-01
9.229405696059229947e-02
8.638966525461588830e-02
5.140571986419202599e-02
9.721650633875301289e-03
6.819262003669591954e-03
5.530969352247253057e-02
1.534668870221434119e-02
4.753863570290299545e-02
2.587315038734835579e-02
9.304196048942742214e-02
2.575816679105583096e-02
3.093971532711578543e-02
8.648383956169206684e-04
4.817634933202373515e-02
4.739021633552518986e-02
3.894245643422671738e-02
5.668180203878510348e-02
9.681004644651765995e-03
4.408942680454418402e-03
1.669968061569259560e-02
1.390198371807039451e-02
6.214246589534989061e-03
9.364626847405982391e-02
1.689784295506759071e-02
1.882757235220599082e-02
6.407509187155047137e-03
9.596118220247012998e-02
6.721788081410257076e-02
1.695995347489391222e-02
4.330514975817765372e-02
4.896132776483769211e-02
1.059055063909591782e-01
5.771078767902593221e-02
9.127589521863947730e-02
3.476602987467707073e-02
4.939652337113497466e-02
9.920117958475485609e-02
8.179132879009301527e-02
1.049720567706896070e-02
7.442362342758471888e-03
6.836667161613863009e-02
9.067046156534484813e-02
6.520909548227663000e-02
2.566511705537970547e-02
4.665014806658141638e-02
3.726160745779014821e-02
3.280020290902929680e-02
1.514249362669765030e-02
6.739418300755049829e-02
1.773049287039741087e-02
2.985548787653371366e-02
3.611321313807754757e-02
4.261990787162907995e-03
8.688520792232343193e-02
2.494187476587603897e-02
9.771915990061386115e-02
2.868739085981016762e-02
2.496746084291893986e-03
8.538242642995345910e-02
7.732113925788208775e-02
1.118772224167004573e-02
9.580805597488316339e-02
1.016121685265417574e-01
8.554967601854322756e-02
6.889885205054230299e-02
5.712804904697995484e-02
6.662122627872889280e-02
9.864887794921553543e-02
8.661664784110256754e-02
7.051820413501955209e-02
1.303673793444007876e-02
2.141449541485502400e-02
6.917822339735303638e-02
1.064306955308286645e-01
6.397821749133222186e-03
7.229664972870736284e-02
1.043810157290788743e-01
1.022945792743638477e-01
7.116560359129167623e-02
1.060280799325280694e-02
8.042842080035564334e-02
6.074676150603106062e-02
2.616967943819654280e-02
4.601262282169277240e-02
5.623646876158997637e-02
5.391429123884712571e-02
6.735300224469462603e-03
8.733879993511613204e-02
9.888224086851925276e-02
1.453136988362208754e-02
3.929196001349577472e-02
9.366977822767355577e-02
3.115613905182601506e-02
5.289253439762112846e-02
8.558833490694046919e-02
4.082341290139203382e-02
9.165175417318846551e-02
9.205349716422737971e-02
1.110951769918797592e-02
7.432747482742567413e-02
6.531490850956252203e-02
4.705898142152567520e-02
7.423066226504700105e-02
9.980955790692004614e-02
1.017613091857197671e-01
1.875499487466407173e-03
4.303001502744194240e-02
6.592351548854403533e-03
1.080627236111914025e-02
3.058339596964240389e-02
1.049708402470538871e-01
1.081654448965451223e-02
9.778503556637388461e-02
6.701721571996668847e-02
1.057539758129197455e-01
7.783111173729108379e-02
5.220653007582748417e-02
7.736756596853642046e-03
4.197882135772809664e-02
1.835811656003293740e-02
3.638746629838074398e-02
1.886612988254952016e-03
4.000486697930181329e-02
5.766141822407402223e-02
5.391269786965779964e-02
1.043759308231092808e-01
1.003203813661185731e-02
9.857673513954083588e-02
5.204494511172221005e-02
7.416302717256734178e-02
3.873879640905783517e-02
9.104595840181589628e-02
6.699172482120591132e-02
9.102096239271453837e-03
1.083798129136119698e-01
3.337967412389755001e-02
8.475068457915205244e-02
1.612392438279786760e-02
1.040587843805606053e-03
2.104677081602845945e-02
9.210315193296667036e-03
9.199979652435755217e-03
3.546617107339016667e-02
2.705617950845976005e-02
1.524995518520545768e-02
5.982013070707767333e-02
6.208722598430309325e-02
4.797689866804795422e-02
4.565564552297603912e-02
6.113364788469360239e-02
1.077352636550593240e-01
2.825608419489012823e-03
8.019790005331473015e-02
9.694540403578225107e-02
4.301529432992713675e-02
1.913460938836964928e-02
1.070729231394645514e-01
5.514993634574985593e-02
9.232455443717188515e-02
6.650967744393339320e-02
6.862773257717191822e-02
4.127420459737326033e-03
2.630628141060384315e-05
1.768960288697971409e-02
8.693806155222201515e-03
2.838197897622715682e-02
6.616223107337187992e-02
8.714316161170713657e-03
8.974301070510255773e-02
8.730254182651724093e-02
1.600848188381950865e-02
5.297530108227983814e-02
9.943140263772221044e-02
1.088312227384225367e-01
2.418443561174887964e-03
9.980659311676538803e-02
2.252935304747597303e-02
5.852031650409227070e-02
5.224379704338179969e-02
3.833944360232007659e-02
6.568040590079057828e-02
1.280949501436198616e-02
4.678005624963031683e-02
6.034762018447408644e-02
4.584047439481520048e-02
7.837282542534568242e-02
2.329984643700864100e-03
7.169227027070811109e-02
2.305589411919571272e-02
3.061659231090651059e-04
8.862254085329332454e-02
4.317809058744846371e-03
4.149827688420208022e-02
9.887312839769940576e-02
6.669974607279671730e-02
2.685269900194427531e-02
7.954731814597213943e-03
2.006417366814731290e-02
6.912984565185811836e-02
9.938137514306932818e-02
8.223060495609223197e-02
3.447450998357796254e-02
1.087270928299034073e-02
2.183718073661393075e-02
7.422974033819772222e-02
8.719893839425446949e-03
1.635171786401103805e-02
1.075209504261101096e-01
1.005570628336563271e-01
5.343066150200967424e-02
7.382666984477115335e-02
4.136730534830666828e-02
8.041790090845640782e-02
1.883080120920277087e-02
3.428469319682219546e-02
3.582201734394686171e-02
2.096818245486204921e-02
5.479695622285434692e-02
3.742701244683901973e-02
7.068299954162068910e-03
4.343223924481412479e-02
5.533862840674078770e-02
1.052110040184679601e-01
9.722979623276990432e-03
6.165390677172785661e-02
1.779116912609813791e-02
8.028139400913950063e-02
6.128179379885179134e-02
7.381069642011867105e-02
7.734685939751365091e-03
5.635099144183226827e-02
2.337385342996650336e-02
1.269195645701369848e-02
5.567186921692347801e-02
1.882021183327234250e-03
2.335405181129154850e-02
1.434424333144176077e-02
4.353465814912113596e-02
6.071628623537568548e-02
2.952979230284595580e-02
6.578792210069868418e-02
6.122546614028498424e-02
1.591222637070035389e-02
6.143624829608541199e-02
2.110177850526294072e-02
2.047591123185920313e-03
1.005591028680924148e-01
1.083251354890857054e-01
1.059784480345981189e-01
1.010679030234884063e-01
1.085891088880004546e-01
1.016603622290471014e-02
8.931118242914934391e-02
6.085445744857104211e-02
3.166620117852711296e-03
4.053817525569188701e-02
5.512240507174331894e-02
9.589875396244940120e-02
5.677167922227032565e-02
9.731007016799785025e-02
1.773087043382122127e-02
2.763959603630364737e-03
5.069652951738472940e-02
8.990693537736654806e-03
6.521442350940483135e-02
1.072148695956526981e-01
5.355047871602153925e-02
5.078163966469600998e-02
6.150579299886032442e-02
1.033372328233845006e-01
8.037061585810448272e-02
4.392072308698857785e-02
1.066554420717422125e-01
1.056881920431704952e-01
3.216651109939720754e-02
1.062488172139331999e-01
9.835422029314132633e-03
5.155173227054193202e-02
1.070750732867060545e-01
1.599131429714362998e-03
4.164721620838546939e-02
1.683567478240392237e-04
7.696123935149570827e-02
7.232340124095864090e-03
4.690789439987236992e-02
5.277399943576751781e-03
3.199676135107518832e-02
1.024013125858432155e-01
4.711662690837198353e-02
5.734959162877523164e-02
8.778941768071177321e-02
6.719880469643686738e-02
3.685181671572954759e-02
6.139088604934636790e-05
8.614735570316825464e-02
5.133569177557155416e-02
6.557144228083393311e-02
4.539387600087183700e-03
6.092077824163955740e-02
1.001281564034756655e-01
8.579208599808631208e-03
5.071348446517753156e-02
5.504418781631782373e-03
9.372651931600115005e-02
2.432108565918184809e-03
4.655295213213482726e-03
6.536344652725765980e-02
1.915599101563808526e-02
8.635965870955635004e-02
1.957462452568560149e-02
8.053919592352451473e-03
8.617796607995023561e-02
2.299310083051393436e-02
6.619690100896702400e-02
1.507431640484311643e-02
6.530024415051588309e-03
3.145991507894792261e-02
4.383215254127422605e-02
2.948113610394670348e-02
3.733510084435645582e-02
5.876420895908517072e-02
8.701343319801747855e-02
6.018051590560247362e-03
2.344419419269512181e-02
1.244391791079214188e-02
7.584964574995141373e-02
6.655878610560141129e-02
6.741372895721453595e-02
1.677775853797509095e-03
7.600226748488717043e-02
4.272112670153130343e-02
4.015873718400058551e-02
4.697418872133873186e-02
6.354150222740076633e-03
5.031034801861284170e-03
1.580901858678641914e-02
2.752879959657662107e-03
8.604007187242822263e-02
1.067746104716654938e-02
5.409832975004057187e-02
7.765194322393255758e-03
8.649837564243233190e-02
1.797328907042430521e-02
7.020281414541322540e-02
4.954590585949809195e-02
2.096951400727229894e-02
1.784756702731712247e-02
9.335632172798070949e-02
6.829967702965200962e-03
5.185421111809346284e-02
1.073287330414181007e-01
7.274819568745975740e-02
3.337086572173954963e-02
1.025351875854917522e-01
