5.601438814764698321e-02
2.118561717169784378e-02
1.090764308835936308e-02
7.818149732825467602e-02
1.059402918888123907e-01
1.003063277251245028e-01
3.149956502750368703e-02
2.024938368042903877e-02
5.082775142600486767e-02
1.396828118311676560e-02
7.144337471274792364e-03
2.089070699442258441e-02
1.101969299030110955e-01
4.468624434117514366e-02
8.472598820296209018e-03
6.870441589617240497e-02
9.111157763143279409e-02
8.975120621116262215e-03
4.062494464338056027e-02
8.123914673998093583e-02
1.648059691768210058e-02
2.931453602332177028e-02
1.115605009590867336e-01
3.399042345919781050e-02
5.603493071677034809e-02
6.336666046185823742e-02
8.139792783487547270e-03
1.779931372716255650e-02
1.799046376143386208e-02
9.896750964236649892e-03
9.969139632665627304e-02
6.765476982265478112e-02
6.569665236404740108e-03
9.271041872301895304e-02
1.011971379818439182e-01
2.015880034375567079e-02
9.028065733555339090e-02
2.412561732234447254e-02
6.058264226791023471e-02
6.211419153987707970e-02
6.736474665664587969e-02
2.903829441730261182e-02
1.926701775431179445e-02
7.756318738742759566e-02
9.352228881102625513e-02
1.053562893949184232e-01
2.778418093192882611e-03
1.791530254054138696e-02
9.912381379501983281e-02
7.803300532955710633e-02
6.032388296628437424e-02
9.005519049786327168e-02
1.092217046383534423e-01
8.539342965381802042e-02
7.912067240494440046e-02
9.943344393363412470e-02
2.702369368721741980e-02
3.949329996907486456e-02
9.293055724004280205e-02
7.284730773429304307e-02
7.995817995000534251e-02
7.569375060045960280e-02
1.126885012555393639e-01
1.953797380650928311e-02
2.090738972851963022e-03
8.264296687093622418e-02
3.212743221356684220e-02
8.887115405309006788e-02
4.735281919410510437e-02
1.141184944428722259e-01
2.105276911334095363e-02
2.630024255200376360e-02
1.671586770820224221e-02
1.093639144234595795e-01
8.987917021138661089e-02
1.033451172054667411e-01
1.067239560162257239e-01
4.293020575469294609e-02
3.752916518613247376e-02
1.300330427966325461e-02
1.454249872815252878e-02
4.596599911597153837e-02
9.604899690327958761e-02
1.564402076048376777e-02
9.736195866007274491e-02
6.730990261560633459e-03
1.028075276683487194e-01
7.627928752607597562e-02
4.576879839844701786e-02
6.057012589904447325e-02
4.068323759330562395e-02
3.467758931685608476e-02
8.527412164940825767e-02
1.668814382248132513e-02
1.057554732221924476e-01
1.771585299218052592e-02
9.258607815173947042e-02
4.824818745373930101e-02
8.403419309108917101e-02
5.389603351825984767e-02
7.782049702562592042e-02
9.345178237551474143e-02
8.631705624165712798e-02
7.930476152965668102e-02
3.905281764081180301e-02
1.284226126995140216e-02
7.453938289532012484e-02
8.917195395477649222e-02
7.089692754050958001e-02
1.078239869489604624e-01
2.349081327410785375e-02
9.526616250528932572e-02
2.026706855804723956e-02
9.265028119288161446e-02
1.143715123137204331e-01
4.531250140134505250e-02
1.054432071863679737e-01
1.807484607227200640e-02
8.287494145987232830e-02
3.453702980374237421e-04
7.755273222366759756e-02
1.120739119230343833e-01
8.112893748643719427e-02
1.019023179839167736e-01
9.529157880974578609e-02
6.061781692788286574e-02
9.627448430136534285e-02
9.037327606150171236e-03
6.631761577141619124e-02
8.001222211137409834e-02
9.008582750394247829e-02
1.056391689665337700e-03
5.476404109992490804e-02
8.504907291770508193e-02
8.015433483908120799e-03
9.718175468512241233e-02
1.934434372742382599e-02
6.034657446407373088e-02
1.030504698538514119e-01
1.946100021880232261e-02
7.892636354214968564e-02
2.003318415196861380e-02
6.098757257064744280e-02
8.548654052053024366e-02
7.324641084791197465e-02
1.322347071547863052e-02
3.025390680282384268e-02
9.523813781509718468e-02
8.810271456312847305e-02
3.972047519332892913e-03
8.831095688124354637e-02
2.008440887812393272e-02
1.037435233344671977e-02
3.179830762445619297e-02
1.145699929457530547e-01
4.098633582657523755e-02
7.149827030630072355e-02
9.668181341694834230e-02
6.504860995369120269e-02
2.237480150240406945e-02
8.035320738087883830e-02
2.394546902283071349e-02
7.357521831704876003e-02
1.052487227752149229e-01
9.422526108038431492e-02
1.135645660125600837e-01
8.691734127608823079e-02
8.095987494326442602e-02
2.513792788663640840e-03
2.540154582454123150e-02
1.112034352217428218e-01
1.038167299321499232e-01
9.276452732166315385e-02
2.602250532094220123e-02
8.559730105848598058e-02
1.840777948245493970e-02
1.098193360270492830e-01
4.950107312110100383e-02
4.739545645091369080e-02
5.337677419233586955e-03
7.730001654391854826e-02
8.159425831476219138e-02
1.059977973698097015e-01
4.815905718100929600e-02
4.483551556733516609e-03
7.353983514005719979e-02
1.530812226467342246e-02
1.489703875585213395e-02
3.556631576865242061e-02
7.735086562807184929e-02
2.635219330226035855e-02
1.749303057134986294e-02
1.134425357185740169e-01
6.031948831988753063e-02
1.379511210066537187e-02
9.231498125125242940e-03
7.782219416750313021e-03
4.787116313344749741e-02
9.611841229548710730e-02
1.157527537713869403e-01
9.265191995317431650e-02
1.125743300838158711e-01
2.637548674161455803e-02
8.235322655554935811e-02
3.338314434058298197e-02
8.366827470151379231e-02
9.404447607102872642e-02
9.112372569916349363e-02
1.017075029409344744e-01
6.701388538462500766e-02
1.202350208885371446e-02
3.671899490985739561e-02
8.912589017986569107e-02
1.751033549275398532e-02
9.422082538351075898e-02
1.144507739735820262e-01
9.541461726346202321e-02
8.308328357854656565e-02
4.104467414301492256e-02
4.238287659439447796e-02
8.946408101424523085e-02
9.872913792144186185e-02
1.142141793019604001e-01
4.234026657314639286e-02
1.054943488460785700e-01
8.213488902926062429e-02
7.991115806851593895e-02
3.766058399688113848e-03
6.111121423314960777e-02
3.233912380995356689e-02
2.754042686983764615e-02
1.786218912185418006e-02
6.977835460614346084e-03
6.428344724799146814e-02
3.162238898854900088e-02
2.850936691181903040e-03
2.446259843903287115e-02
8.583825667390339309e-02
9.645449367287570186e-02
4.405393654019110206e-02
3.109155007140090160e-02
1.097192627128920767e-01
1.152865065395250882e-01
3.018060145370442260e-02
8.526998284372068471e-02
6.688250030281661651e-02
1.129718454568819641e-01
6.797729073966410351e-02
3.572378960904980250e-02
2.261670157203111986e-02
1.876910218629992272e-02
9.722457775104964561e-02
1.145940842118650382e-01
4.332429947022487654e-02
1.056393954264993329e-01
2.286972415441450648e-02
6.916017790472626936e-02
9.221185804766253435e-02
2.791511745601422609e-02
7.098886864566290866e-02
7.620553633755537681e-02
1.152171733845619161e-01
1.920920321544750467e-02
5.436279359175694853e-02
6.092175849483523475e-03
8.942911821750441914e-02
7.784047975949984557e-03
9.158908798824323683e-02
7.611729334410720360e-02
5.037304939988802854e-02
8.688356996043167246e-02
5.576638487144998380e-02
6.710762535659360595e-02
9.146065911337490639e-02
9.228884005663361145e-02
2.155057665217612051e-02
1.111440795557074035e-01
7.724385749373674503e-02
4.454168622070080186e-02
7.244378114412854119e-02
1.076259220620386925e-01
9.938347001819784754e-02
7.957862923789968401e-02
5.622410597155869799e-02
9.394479257741236711e-02
3.064389031739035273e-03
9.358119896253210002e-02
3.354711365698611475e-02
1.136511067402157654e-01
1.071586204476008830e-01
1.011143050775227120e-01
9.954366356594890330e-02
6.408487062340945117e-02
8.092835015154407896e-02
9.066489641436596691e-02
9.044569960944984222e-02
2.821618670519945860e-02
9.055281668307744308e-03
6.188174727168743033e-02
7.455983287843841179e-02
9.798786568417409970e-02
8.462980532080248419e-02
2.659130148603700353e-02
4.122614672728513313e-02
1.073793431334931908e-01
7.938514431403538574e-02
8.799090560740988054e-02
7.774149382499845329e-02
6.314445093236413509e-02
7.637188088557174404e-02
4.494025417668577604e-02
1.170835597549211432e-02
7.960865668685852825e-02
1.055068247374392615e-01
2.412664368758307004e-02
3.052122562641195608e-02
7.094165500334498331e-02
1.652014728123021858e-02
9.666438199658673736e-02
8.973708321352295847e-02
1.265069923907002729e-02
8.492084395734181279e-02
5.016006719424649998e-03
4.060290358967703905e-02
9.915860937445034051e-02
4.962060357870726190e-02
6.998204975113875292e-02
3.117842088213973462e-02
7.700332628234739241e-02
1.077979611759326134e-01
5.652932071509926548e-02
5.372278263419154321e-02
2.039483212410938759e-02
8.088540421381849865e-02
2.935327697613065653e-02
5.305687948671594656e-02
1.028784657474498924e-03
8.847576121690264861e-02
7.984430982580401071e-02
3.393402894324147601e-02
4.327437886535579620e-02
4.819374260234788460e-02
6.537111421658871324e-02
7.514835106100664630e-02
9.131856620812078829e-02
1.101341501680870583e-01
5.239997971423444173e-02
2.386939888084776973e-02
2.566848167723289470e-02
3.157258471376545028e-02
4.224796737236450120e-03
3.437544464803715671e-02
1.002701231277191296e-01
3.772003327506030790e-02
6.069226265306069262e-02
1.869541307847310055e-02
9.892269630749783715e-02
7.879265359689181791e-02
5.388626056030208084e-02
3.586131250910277318e-02
8.588352056401064860e-03
4.823072525714806880e-02
4.976583119501535105e-03
9.940358863905333908e-02
8.751247109353844922e-02
2.328541409131264835e-03
4.710224631415533408e-02
7.018306673751298352e-02
6.042065420102074591e-02
4.109422683073601229e-02
8.938052657311483171e-03
1.141692856464146533e-01
1.331684599886632722e-02
1.036054328297748572e-01
4.612103492119396658e-03
2.433327376641006290e-02
8.436762800458443012e-02
5.984125169771685460e-02
3.185330547389299966e-02
1.856416171304422005e-02
2.819573752486645435e-02
8.442190076633553086e-02
7.663837539425416567e-02
8.247452360830739848e-02
9.264330355743487233e-02
1.041932836207495328e-01
7.343524955264479209e-03
5.631403367668227217e-02
6.100743287449340857e-02
3.685530645707556924e-02
8.687562385767010065e-02
1.073741008262348584e-01
5.933283611577919517e-03
6.818297842564498279e-02
6.684101390113905694e-02
9.720267672457551245e-02
8.695252820712087716e-02
2.502130043154652747e-02
6.498212359417177009e-02
1.458510380444823402e-02
6.498623662445329741e-02
9.653018100200539894e-03
1.116229781478420141e-01
8.080220979112871793e-02
4.284849000465701385e-02
7.530301554184199060e-03
6.046450008881260746e-02
6.838609879720852769e-02
5.492354860219991752e-02
8.173727860086925368e-02
3.582958001068656945e-02
4.548610384416853190e-03
7.955718391422443581e-02
9.452078885231761374e-02
1.187342505478922172e-02
1.048122182701442633e-02
6.880140540419410478e-02
4.063772687409775261e-04
7.235106324166838687e-02
7.035707431196168427e-02
4.905736400348635617e-02
1.502089187906074930e-02
6.945092123530767492e-02
8.717833684528827898e-02
8.210976509949662050e-02
4.197264241927655543e-02
6.543691899778354172e-03
1.371583081098422252e-02
1.524240324328784979e-02
2.176167829400232900e-02
1.016662817447819139e-01
1.146490549586708513e-01
8.288123690549487055e-02
1.926662549222237994e-02
7.856260402384948605e-02
8.257988234076906256e-03
1.321699492272831317e-02
7.857498099630316757e-02
2.234230664897520965e-02
2.452220135241035825e-02
9.097413523864139595e-02
7.866168488612323983e-02
1.360600572959201268e-02
2.137762346013406378e-03
7.225735315815234872e-02
1.100905229922433531e-01
5.685024442639374093e-02
7.673652281065662661e-02
2.436464228940906848e-02
7.723989049028393006e-02
2.904035493932945189e-02
7.600588960179691100e-02
1.848751043218783974e-02
3.393305675403862631e-02
1.114713600339780342e-01
1.099719780575341838e-01
3.386725986762143675e-02
6.945425797518499367e-02
4.400922389382337652e-02
5.978779778430987069e-02
3.904651557920682612e-03
9.522832578503553913e-02
8.724659452067176635e-02
1.060659216054013754e-01
9.060056328791872560e-02
2.398416675012574051e-03
1.115956524007819251e-01
1.034294006629233459e-02
1.129536584296518889e-02
2.194288087799857456e-02
9.140820063214553926e-02
6.298091621325485612e-02
6.077302261997624688e-02
2.820164452404181482e-02
5.465080642757633167e-02
5.988018139080734936e-02
4.392583384528067625e-02
1.026761532102776209e-01
5.837632580125123871e-03
8.365433961646713025e-04
1.149449419845905568e-02
3.983174363879880137e-02
8.239408000694810677e-03
2.518291477243256651e-02
6.923611428488303521e-03
1.040406957200472049e-01
6.505787094762761902e-02
1.818239330746271309e-02
7.844582922558940297e-02
9.572988061846682273e-02
3.379475423141425211e-02
9.119138673417244434e-02
5.481526014586506762e-02
2.463136960126032990e-02
1.023437942162179759e-01
6.329199322299161948e-03
9.598562993595081971e-02
2.173595514439769991e-02
5.938993639301894806e-02
1.005437932204233664e-01
2.732295274136165020e-02
1.947522177667306703e-02
3.095382459596960484e-02
1.032411683399887675e-01
1.111670009100507173e-02
2.845319332286665517e-02
7.739358241139510097e-02
9.233328571721523270e-02
9.874902058955803419e-02
7.454160479843388587e-02
3.291849859101413089e-02
7.278933507478247918e-05
1.148497194681616512e-01
5.511624701700094855e-04
9.344758175658897381e-02
9.036700677847302188e-02
9.098289115999018406e-02
2.073993525940044658e-02
5.943969726784332358e-02
8.395740905454456005e-02
1.505833553790795164e-02
9.169471549200716720e-02
7.945316831773302502e-02
7.298306716667224414e-02
9.847782129566921838e-02
8.221654143886933386e-02
6.599806109275153931e-02
1.040809028574629126e-02
2.961861652186299765e-02
2.248953836109045864e-03
1.002479353512047144e-01
7.715995090140256862e-02
7.665078217239404412e-02
9.141937357337841241e-02
1.901395749677183000e-02
2.938759588439711704e-02
2.034634058993631950e-02
7.844484725525231739e-02
1.597919996634315429e-02
7.276327091239574718e-02
5.943528679678988444e-03
4.119569723130114131e-02
7.164789457339210306e-03
6.180041406908722001e-02
7.505993764414645164e-02
6.240699507834642119e-03
9.480844970970278562e-02
4.744300346386709499e-02
7.532381076924495739e-03
9.653486291754047322e-02
9.324311293691612754e-03
4.047439225444363770e-02
5.793305970972687652e-02
1.604419495731178660e-02
1.030072309605207653e-01
9.702067307962973508e-02
4.579648073659208646e-02
4.187866987400559737e-02
1.061599051765466095e-01
2.113610916186870262e-02
4.219903446682358311e-03
9.044453328501390887e-02
4.063948482310825172e-02
1.878239734583336817e-02
1.370745348314475823e-02
8.996935881427427228e-02
1.834590086496097616e-02
8.144190161278941353e-02
9.276932380602186112e-02
8.305350734471324270e-02
3.553935718507173630e-02
1.129893163051837700e-02
7.544494811369249765e-02
1.017505192556987931e-01
7.815357169371560386e-03
9.282460568533805467e-02
1.933731509875887336e-02
8.755080535266222819e-02
1.801323473145537146e-02
6.169167153621522848e-02
2.692391946693569252e-02
8.432119848897981496e-03
3.490236757535089551e-02
1.033648345089154402e-01
1.712524808882686734e-03
4.449692960919557350e-02
4.878006428491506868e-02
1.124574351152248484e-02
4.027438802924641209e-02
3.838655617289411705e-03
4.571171086583680071e-02
6.683112898929613466e-02
7.318412159794930594e-02
5.129070464297089127e-02
9.996955344581538727e-02
3.115684813836486233e-04
1.000424448412877143e-01
1.160834208700416426e-01
1.505863145999265275e-02
3.246591183561143429e-02
3.636056166829330916e-02
5.695246837182459804e-02
9.902274224144490267e-02
6.091134392713289797e-02
8.226824033504141764e-02
5.123524629948952858e-02
4.973461049886022944e-02
7.956957155956774497e-02
1.149307849899554590e-01
7.856812784803010596e-02
6.753212298830696923e-03
1.454826149961089068e-02
8.713181628743835172e-02
1.039048854318740285e-02
9.045639010438567829e-02
1.734130269447090034e-02
2.617008582599921959e-02
1.012191973878815016e-01
7.751937786979012923e-02
1.513677805714997229e-02
4.274294572109124495e-03
6.143810065641343993e-02
1.085128969513846908e-01
1.106168293708684053e-01
1.016277368481549592e-01
6.319931210465234983e-02
6.426432559820735579e-02
1.143895192443935283e-01
8.193383729048743513e-03
1.139099303348560105e-01
1.120720245793828951e-01
1.132768440363722817e-01
9.134601365049431487e-02
1.067547905590287560e-01
1.014279141872269085e-01
3.267488847831323540e-02
2.549391913040908314e-02
1.425192594641458595e-02
5.226367544910634835e-03
1.805388429642449180e-02
1.053192272347662217e-01
7.984824500879666997e-02
5.183612590850345675e-02
1.142475588271671394e-01
4.604959848588034005e-02
1.095817247634671004e-01
5.881906370779377974e-02
6.942523018927967970e-02
5.984872992177933670e-02
1.152799911273577199e-01
1.108405981688247305e-01
1.123678345682790486e-01
7.201942467004013824e-03
7.130151606494676553e-02
7.716390823066872351e-02
8.148502299012164163e-02
1.533949498696786026e-02
3.650468121907556734e-02
1.128374755952794850e-02
2.007222410906205068e-02
6.166009009924024176e-02
8.619266559274540995e-02
3.599672856062156173e-02
6.819453061424825269e-02
9.824039186465476081e-02
3.057675570667157949e-02
9.009312026046155386e-02
9.508779345234727454e-02
2.667355365651167751e-02
9.428658580741432205e-02
1.733358121831058904e-02
8.929733364362631154e-02
7.559984136220890272e-02
8.810419488615268968e-02
1.058774880998764392e-02
4.620877979031062094e-02
5.127553727714456722e-02
1.113714485418453026e-01
2.023355232153246225e-02
1.820420844559541076e-02
3.117288547218266884e-02
1.020579105950848858e-01
5.422542814996719231e-03
9.025995101659219089e-02
1.924503684548403357e-02
8.157308796643729376e-02
1.027092571413399241e-01
7.510783693511059733e-02
4.317172083524521004e-02
8.418772689306229517e-02
6.589256838924216486e-02
5.937293170013460686e-02
3.123474773696742479e-02
9.385980929470902345e-02
1.598489421731017282e-02
2.671990460102281750e-02
4.693863355443241708e-02
5.885989264361335405e-02
4.511332458209676988e-02
9.477603365041974148e-02
1.088750447183008674e-01
5.929816106183640953e-03
8.281987036559250448e-02
7.425498228655559585e-02
1.164453546593584715e-01
9.546438183371344643e-02
8.241851599975905107e-02
2.277639270007675645e-02
1.559103478614073772e-02
9.622389280453173821e-02
6.008247302822246338e-02
3.766561467830044363e-02
9.316093803115979566e-02
8.261621883930116150e-02
4.677647639485246756e-02
1.087599603308220947e-01
9.491852188884720987e-02
1.084455906659986396e-01
9.629753073482276438e-02
6.260327174353864932e-02
1.081260177091542124e-01
1.217820382174703356e-02
4.638242027742574963e-02
2.772639686243214344e-02
3.744394418906771271e-02
9.550341226548754447e-02
1.880080605748479100e-02
2.759631011756400951e-02
5.826943043046160786e-02
2.639593636889857320e-02
2.872234349311930668e-02
6.043533625054117731e-02
9.211954564542872148e-02
2.388373168100820919e-04
7.570934903872829358e-02
6.087323211917859689e-02
4.202325141259374147e-02
2.373643223493409130e-02
2.011252468228399287e-02
4.078192387266776388e-03
9.717411372080347887e-02
1.764581729548359706e-02
8.866464600210822999e-02
4.927187074060190852e-02
3.972839414947342690e-02
1.102154855675258477e-01
6.747222237190445004e-02
9.309659767863735780e-03
6.355111829938732415e-02
7.038844356442016358e-03
9.762755406796802538e-02
3.221952099229025146e-02
8.343864925984541270e-02
5.747048406040145690e-02
1.110114952024660318e-01
9.175959682234158254e-02
1.062873934339045728e-01
9.885255060532213700e-02
7.386239783008466397e-02
5.135247464539235279e-02
4.027676931382614955e-02
1.014942358366974912e-01
5.545564429089763075e-02
8.303307679899522842e-02
2.235606392458293692e-02
4.454888336623323564e-02
9.944487951124504621e-02
2.320615220632142942e-02
1.559293470173469913e-02
3.211979461989962481e-02
1.050117706927406053e-01
8.675927320997381398e-02
6.538531443267157905e-02
1.621477036863338064e-02
3.914829545557528719e-03
6.801575346872089367e-02
7.039468506363827371e-02
8.369872493723633580e-03
4.816804036934355104e-02
1.313471905952430692e-02
8.621025216109470812e-02
7.332261642579654404e-02
3.013987656575578544e-02
6.658073146966551892e-02
1.020094425396433080e-01
6.635012180947376381e-02
1.018601477902190272e-01
2.721673811742355079e-02
3.966149458433387148e-02
4.033829944815122900e-03
6.052453242165926200e-02
8.423691802581693977e-02
8.434935186665290519e-02
1.035454179621853044e-02
6.201037856600046666e-02
9.408945340924967926e-02
4.780977797538456947e-02
5.612683780359937341e-02
2.840816101089381832e-02
5.045588522702908890e-02
9.605202556106487433e-02
7.878429519657881297e-02
7.438073836667444261e-02
4.032862272363902517e-02
6.743618053585404004e-02
8.852486536966601427e-02
1.157256448550469524e-01
1.970101269766804872e-02
6.509356635081481324e-02
5.230390727269260825e-02
2.308887811918582458e-02
8.390681399734414847e-02
7.349034324493438144e-03
1.159173146782145891e-01
8.127810696179608996e-02
1.012386409403377013e-01
4.068974065113652866e-02
7.153215394422469953e-02
9.507783952394111004e-02
3.257182967187102068e-02
4.712321021403472637e-04
9.023454021855968621e-03
7.167919401988068206e-02
3.307848291524077833e-02
6.494985380703476550e-03
1.142649792791293611e-01
6.082314574228466983e-03
1.806525313594237875e-02
9.636134440702263937e-02
1.888807182967023809e-02
7.011975789275544380e-02
8.425695226523914616e-02
8.343649364318692085e-02
1.008018503022466983e-01
8.198643325196525167e-02
5.885496375943515684e-02
1.046125733413261066e-01
3.843199737698023422e-02
1.356045852260396797e-02
6.898810580726622010e-02
1.228899924108116555e-02
6.658321129899427704e-02
1.626962138027184673e-02
6.469880509721984141e-03
3.452144175700718604e-03
1.947464170921920507e-02
8.186178582199728215e-03
1.129202079423176491e-01
1.101210229636575971e-01
8.226661107595931166e-02
1.081975312440140863e-01
6.580203978704050882e-02
5.241330717214683077e-02
8.967054731858649375e-02
7.637088803701089224e-02
1.101013965002561462e-01
9.882517581243713267e-02
4.678438455435818960e-02
5.786551837227682168e-03
8.900326954901420506e-02
9.944387312642014032e-02
2.083220300824656368e-02
7.657200559580086552e-02
7.824307446479747408e-02
2.104797606141721716e-03
6.635228298719167417e-02
4.869800247488565575e-02
9.807262109047093501e-02
2.831839307864461239e-02
5.539313389029501544e-02
6.343662893659066104e-02
1.127619266635601913e-01
5.336133265338398324e-02
7.244413866635662780e-02
1.045264527717698622e-01
6.291336217938203745e-02
2.191876578094363939e-02
6.822618537768346259e-02
9.016669752980199792e-02
1.077558183342588877e-01
1.821029865195253339e-02
2.331450826549557459e-02
1.146536768002601459e-01
2.226030160331263913e-02
2.872658622244234072e-02
7.612220412605491537e-02
2.424923378822016820e-02
9.707067783579223508e-02
1.081605708792655884e-01
9.945733950243222654e-02
7.965286134297819287e-02
1.013384462926898572e-01
3.298068746899303350e-02
2.762230011920278894e-02
3.366687132783929143e-02
1.081204619539846180e-02
1.038493533381629752e-01
9.453507488603568598e-02
1.615315662017846599e-02
8.831996391491217513e-02
1.001464967145623657e-02
1.085602587865568264e-01
1.024711911096394118e-01
3.143374529906414055e-02
7.773770001602745006e-02
7.565361386005803324e-02
4.829450329104403167e-02
1.684551233967114883e-02
4.678419550346685218e-02
3.404270981115754824e-02
1.107830384990770578e-01
1.149662111958322797e-01
4.283085908639731876e-02
8.593304719498816302e-02
9.394760692042354241e-03
9.082416444758982521e-02
9.132290064980730371e-02
4.449908187488068462e-02
1.309627621692828828e-02
7.913929190197646624e-02
1.122820747605243474e-01
4.121460204296353846e-02
1.058177599147107351e-01
3.628451243757908201e-02
7.539072700973498131e-02
1.023534056659630848e-01
1.048273646067614528e-01
1.161733249944735952e-01
1.615816890382637191e-02
5.391332526515379281e-02
1.156945267746617156e-01
3.589522086513559362e-02
2.009613858374812573e-02
2.423531819069311283e-02
6.235462012011849103e-02
5.777766766288586903e-02
3.044010760414036024e-02
9.423406469353698411e-02
1.507796505448145280e-02
1.072009804194719654e-02
7.367489721284449511e-02
1.097653769899812892e-01
5.132912805089775987e-02
6.819875427490516839e-02
6.560411182516784345e-02
2.403225254845880315e-02
2.084596729012472976e-02
6.087513511330391869e-02
4.340510110509148388e-03
6.441965821224199251e-02
2.514366435236942143e-02
9.922517209536560467e-02
9.516905580151778510e-02
6.406791192216433617e-02
7.953196233435443074e-02
9.393930835234721652e-03
2.104369547408317317e-02
4.860624502705143679e-02
1.063420144026182707e-01
5.040059224918184977e-02
7.248476686155352899e-02
6.752061280149990186e-03
9.063663681231001745e-02
2.302780184856528106e-02
9.802045557771593698e-02
1.006957203121185418e-01
7.891177445703461205e-03
4.973626840713191166e-02
1.031666189611154111e-01
1.629987866041943470e-02
4.788188585027128991e-02
2.073101029510547241e-02
1.477120383132436883e-02
3.709171580187380773e-02
1.738311434282274835e-03
8.701748055213096023e-02
6.973879715850814232e-02
9.336439880861438501e-02
6.831757308637398385e-02
3.248425419259685226e-02
4.512037624501453320e-02
9.665838640422023953e-02
1.013172450368809846e-01
8.382495999912104034e-02
1.104137736076823834e-01
1.089642688904640944e-01
1.034245077378860289e-01
4.171051780209074356e-02
3.065919333400756591e-02
1.151751917277346604e-01
1.075710963598946468e-01
9.804559993486490488e-02
3.074489794382802635e-02
7.520698868978897660e-03
6.600814102360985647e-02
8.645593666932850641e-02
3.039564525282513127e-02
1.009033643292146874e-03
6.315397244351934891e-02
1.063054053135095850e-01
