3.491861945910241377e-02
1.352083840789396370e-02
7.546903508268687499e-02
7.776641395954463076e-02
5.613941695749569138e-02
1.185065273245499221e-02
3.009671431412488593e-02
1.030846852016754633e-01
3.955243531038516586e-02
1.118029094082959723e-02
6.237874804534624534e-02
1.018805419241983062e-01
9.898147017767031097e-02
8.728138149444851501e-02
5.417140073735522872e-03
1.004589868969780614e-01
1.251478308838832598e-02
1.043352633597235263e-01
7.411439243638430485e-02
1.017716365874916651e-01
4.008707330696946632e-03
1.030642094141385745e-01
2.000399510566362726e-02
6.633276214882240229e-02
2.376954582266782665e-03
1.109260517400028900e-01
2.541252166435344420e-02
2.968282007319046623e-02
1.744938489642500548e-02
1.039460681504673772e-01
3.549899882493170317e-02
1.411271376007594211e-02
6.281670105449523728e-03
1.100425272666252785e-01
3.480793504209131299e-03
5.035085498598405873e-02
1.052782245273238132e-01
8.728201068291663312e-02
5.102590228754754452e-03
3.453911449320010152e-02
4.910497133495597276e-05
8.049252857855827836e-02
2.082802268796682052e-02
6.672289823691031352e-02
2.779439963835500429e-03
9.925369617214198359e-02
1.918990730951366033e-02
9.063143561888857558e-02
2.426679507285414792e-04
1.033567385890752643e-01
2.889059049532990910e-04
1.095942312017225279e-01
3.671399754462754961e-02
2.110441350209679365e-02
1.062417303565596771e-01
6.950393980169314312e-02
5.204047234402919136e-02
7.317164570661084666e-02
8.689801295520296898e-02
8.634337419911593259e-02
4.844083319877630356e-02
1.292281501893845653e-03
6.920584433417080461e-02
5.675862856357704461e-02
9.984125467054003056e-02
9.659745527535390508e-02
9.803566573769662007e-02
6.163034497900139047e-02
1.040815972591316030e-01
7.492315963490780474e-03
5.698037778889419175e-02
2.654447312790540400e-02
7.643043159569963985e-04
6.188619509676391434e-02
8.315261173659690974e-02
1.085445794410287990e-01
7.289898276745117311e-02
1.574674920677206907e-02
1.076634316511104889e-01
6.345289347104610123e-02
1.035311819341422079e-01
4.049424374150602246e-03
1.044646663275825976e-01
7.138459418809606216e-02
1.927931483924736830e-02
5.530606863496961845e-02
9.818243925370095937e-02
1.035467086519070434e-01
1.387149802252590075e-02
4.725043667736600339e-02
3.354068066803156736e-03
6.061149030873971832e-02
9.444416991430166011e-03
5.325336757531991261e-02
8.665475752203928225e-03
1.107033430093612020e-01
9.379219170752681189e-02
4.101117494794101481e-02
6.532980659124437706e-02
3.634238426238484837e-02
8.234344969631332556e-02
1.112823712995787140e-01
5.329357047511824180e-02
6.184481438572490830e-02
1.710693938341592904e-02
8.556308090863608620e-03
4.296777652770805180e-03
8.943648051215945249e-02
4.632752004780191397e-03
8.096849905743889325e-03
9.362010479816393338e-02
1.618649527324101528e-02
8.884786218863800766e-02
1.102236608658074962e-01
6.183641473613059325e-02
6.805578321714562950e-02
1.123298969949450971e-01
5.360494564580380039e-02
4.950850501476102526e-03
2.386554950522849078e-02
1.442206482291517183e-02
2.292015303389443454e-02
6.440729811355926093e-02
8.018992647983606836e-02
2.409768676733605591e-02
9.283430774509003874e-04
8.193764583205287444e-02
9.266439661526233718e-02
8.439499935457929480e-02
1.547760667069823445e-02
1.095731101609050545e-01
5.929847831579385109e-02
1.103796492306112764e-01
1.069623448193611215e-01
8.025356185382062635e-02
5.263438610692113689e-03
5.378595035620520326e-03
2.728611029387920453e-02
5.052382316602369028e-02
1.050529961138321894e-01
2.081605700089236496e-02
1.065332872513932161e-01
6.117862390835925729e-02
7.633510121873539334e-02
1.425028591007706201e-02
3.474769705767007111e-02
1.100307209061375802e-01
1.151393815066998998e-02
1.058540306734950392e-01
5.830322030087939367e-02
6.846956303066946414e-02
1.122470176310502027e-01
3.193974065513568994e-02
8.736021538333736680e-02
3.925845431885622606e-03
3.224716793258008973e-02
2.014121259654153701e-02
9.132801740450763317e-02
9.990814605632514223e-02
1.082406544255374720e-01
7.261386804898968539e-02
1.079454845626534876e-01
1.114439096617449304e-01
7.186295874506433423e-02
7.814605894032083944e-02
9.197665399911726658e-02
1.666343153654997050e-02
3.034531611393402606e-02
8.213527902868805741e-02
5.104368961206496962e-03
1.124840901654301228e-01
6.608391906460242549e-02
5.447545957110393883e-02
2.643613091573676979e-02
4.615747339845365643e-02
2.627054330650606048e-02
8.583330475669986859e-02
3.635192884981155309e-02
1.086563373117870462e-01
7.647442341180015618e-03
7.314463592517071733e-02
9.550433265066365918e-02
1.617120264956602507e-02
3.261996472927124885e-02
1.037027978918880350e-01
7.699687079892479635e-02
6.837509103513291116e-03
9.793097971260959766e-02
5.556678409331127638e-02
2.837036099670663114e-02
9.637853722299942472e-02
1.807205906429050837e-02
3.993913993864778300e-02
5.053467996080160396e-02
1.579383870199040779e-02
3.864673479897282743e-02
9.145174957053318898e-02
1.021125434838401347e-01
4.967215838322407845e-02
2.346054664017191774e-02
4.800341230615747488e-03
6.212016526824726097e-03
2.622875341749544148e-02
5.111157082058935541e-02
6.020552584312884037e-02
1.109620436316604564e-01
9.834086323560042864e-02
3.562257435257342592e-02
3.695670496562321328e-02
8.151192651346057805e-02
2.744155948825595034e-02
6.946123440884133249e-02
9.020485402090343621e-03
1.060140572844283924e-01
9.738440624974792348e-02
1.069933646813197858e-01
7.358798033559058038e-02
6.557799982076121387e-03
3.805134077059551395e-02
4.528368465337859888e-03
2.459892597440061987e-02
1.064411234669258161e-01
1.064085544980434145e-01
3.033751996854888028e-02
3.986740191664010086e-02
9.400626790037239222e-02
9.624285338700100390e-02
1.049792453459716252e-01
2.522141834817510572e-02
9.481289213187497900e-02
7.503463998620560349e-02
6.014287107777928180e-03
3.604167715290252511e-02
7.363508064815879606e-02
2.455421737972699608e-02
1.022248648607866905e-01
4.422884668136050496e-02
5.846201899253048589e-02
6.163364764812239577e-02
1.064948176351115661e-01
6.397532617647754168e-03
1.650969108579158906e-02
6.512689704820888437e-02
5.032786338838716664e-03
7.369125962197807522e-02
1.126860252227427223e-01
9.222926474211552705e-02
9.406607767203425952e-02
1.050571742103141581e-01
2.361373351710694540e-02
1.019253468783292982e-01
5.739210377568491894e-02
2.045189050352866009e-02
9.653501556702387409e-02
3.374591457655364696e-03
5.119021302276161034e-02
4.626376840954869035e-02
1.010289102485847773e-01
8.199896294988896772e-02
4.828759064833911679e-02
9.505987425402638580e-02
2.262575511072727544e-02
6.279999901833356601e-02
1.085250823592881358e-01
1.498519772169829532e-02
5.716732155609811211e-02
1.453956866355833599e-02
7.485712565764157667e-02
1.123490749432015656e-01
7.287065920412469366e-02
1.058760917718101074e-01
2.052925482733098522e-02
2.785831334339519943e-03
2.165302568588603829e-02
9.708343147306433552e-02
3.814369430191483223e-02
1.071612261153633838e-01
1.083490653737037013e-01
3.008620010295660896e-02
9.149434370132697447e-02
1.503366194044865843e-02
2.082270246764091060e-02
1.050531801425200473e-01
6.303885734265041174e-02
8.482432031359747604e-02
3.763946540940552032e-02
1.115295441080699085e-01
5.547193510605472749e-02
1.032524857155574100e-01
6.142531687366280940e-02
1.373322256757866615e-02
2.687494484898901928e-02
1.000746860843775565e-01
9.084426677513411652e-02
5.266087375050167163e-02
7.776623600659494234e-03
1.022302987609447350e-01
7.728996155766376663e-02
5.048188074785457669e-02
8.939955730625682995e-02
4.073482648809250567e-02
3.535539285489004702e-02
3.710953548493709647e-02
7.556129553229701257e-02
6.439393068884849414e-02
1.009226690960289413e-01
7.523373812255199078e-02
1.103894317247688245e-01
1.088595111012396893e-01
2.110708230659027670e-02
1.072565274792591228e-01
2.153016867886278849e-04
3.557638619498567495e-02
8.133748336510074339e-02
8.463867988226210504e-02
3.240972060863612364e-02
4.611993435464258745e-02
2.251476819153202386e-02
9.292336282720067842e-02
1.050916854065954593e-02
7.344247864289497538e-04
6.016044075386324519e-02
9.927231515521503860e-03
6.748058314194238516e-02
1.761786758513595591e-02
9.928045574889722558e-02
4.364969610459090710e-02
3.440578977611306183e-02
6.021506930929967222e-02
7.767510901522731159e-02
1.051653857792035768e-01
1.101140161254930555e-01
3.593811732193125802e-02
4.249814822504349547e-03
2.925698852314191287e-02
5.938543165673425273e-02
1.102876829609017173e-01
2.973013814597326703e-03
1.084216465084738013e-01
2.124779749048492233e-02
8.971765697131726947e-02
8.822580367315788902e-03
5.153815246712632053e-02
5.724029978286798021e-02
1.021604863881998976e-01
8.049528368209346585e-02
3.094942157779155458e-03
3.416612117952087802e-02
4.507163910986860395e-02
3.538557089927082608e-03
1.978955070645077238e-02
8.193259417895366881e-02
2.530923983480075704e-02
3.970198054232395440e-02
8.669705267563190820e-02
1.125309769667478671e-01
1.798254085737936367e-02
1.071751348479271643e-01
1.084716572476121244e-01
1.126943464221414754e-01
4.066979627374336242e-02
1.799025132191408097e-02
1.491931555061694250e-03
8.184459876557040325e-02
3.066428912973239232e-02
1.067508451301188432e-01
8.660438109378959526e-02
8.992314709117073257e-02
1.932044369053473667e-02
1.114607614017485288e-01
4.432696191982839207e-02
9.982177112004841923e-02
9.532776803656094200e-02
3.172102046307266176e-03
4.282035641511309360e-02
4.140075982806685345e-02
8.986687283845481988e-02
7.594608021748474637e-03
8.709555785755503099e-02
1.297220322035579944e-02
6.236568297953851148e-02
7.741727771757857257e-02
7.125630678525163297e-02
1.111706122863474477e-01
1.270390775471583709e-02
5.024440565777135714e-02
5.697670331430060298e-02
1.098836706510606482e-03
7.738624850723765936e-02
8.742894852722930821e-02
3.797750597926501798e-02
3.698817717853667558e-02
3.424676716832622536e-03
1.898354923713561253e-03
5.709984614657602139e-03
8.825160973890076518e-03
5.666595520825465360e-02
2.627725322367727503e-02
2.131390806245766004e-02
9.916927829636028313e-02
4.275560207186622497e-02
7.421839439036986841e-02
7.017838411945871713e-02
6.524725013712123767e-02
6.053344583657582767e-03
1.619323614788075599e-02
1.006390672641952755e-01
2.513766048969068648e-02
1.071355216321937392e-01
1.325552355598591525e-02
2.767924071810596263e-03
1.309784503268569822e-02
9.447775330176859387e-02
3.286937517897833860e-04
1.930447373746990367e-02
7.457665498935060755e-02
9.120972793674625434e-02
8.308341825274943859e-02
1.359504327531474085e-02
2.563584045636150069e-02
3.555556534757234322e-02
1.098801584408039614e-02
2.127172371070847057e-02
2.180036557390404792e-02
9.212399709962662553e-02
1.027434276572973121e-01
4.005108743527557164e-02
5.493320582003843877e-02
6.058402141195240453e-02
5.878903807071785698e-02
2.565287969723833300e-02
2.796523767727259781e-03
1.024926790644885150e-01
5.108857374961699865e-02
6.039280835986021029e-02
1.057891078869803436e-01
6.917171074426789468e-02
1.530670225390544890e-02
7.417458344331984144e-02
8.430939296448888842e-02
7.752414066631808931e-02
3.330504982009718090e-02
1.041073975481730113e-01
6.448365424413783631e-02
5.021194542728508320e-02
8.322277251149642896e-02
1.079104522987269915e-01
9.462257952495524427e-02
1.273783288924054289e-03
3.017126994119461413e-03
6.487422681870862184e-02
1.804277851919109180e-02
4.358329316538707768e-03
2.255776630881910910e-02
2.899917324913914296e-02
8.065502558337035721e-02
7.790830060450408025e-03
7.179412857681280458e-02
3.175239321651295715e-02
1.323649545869245514e-03
3.303905202176879441e-02
1.107014177418702561e-01
1.118257952733786725e-01
8.478745236723929379e-02
8.571906501387184518e-02
2.761167949048461481e-02
3.875207678219222407e-02
1.056918894542871468e-01
6.461791208257890683e-03
1.097609372861351046e-01
1.357363205731201491e-02
6.377618217862714156e-02
1.117131604630460101e-01
1.069548051690712293e-01
7.683572365654429970e-02
1.009901654381781255e-02
1.415946294441088006e-03
3.784826504826402285e-03
1.123853086208567303e-01
8.886638342631092424e-02
1.107724134148149221e-02
1.022583702944031836e-01
1.125598842961498397e-01
4.066894940620401078e-02
1.097393437233029762e-01
3.395510130875872834e-02
1.011913014517286241e-01
1.506441019669315859e-02
1.612824852559110664e-02
4.848483440612876005e-02
5.074945671245221709e-03
1.156543913920434668e-03
1.906450143061114502e-02
9.716576231807602659e-02
8.481170353200503942e-02
7.024459995960027903e-02
6.518263663004458808e-02
1.111960570074387311e-01
4.396029423008890324e-02
1.041838602217952520e-01
2.117506516503777584e-03
1.008027017484654092e-01
2.350873066924058161e-02
2.160916443755723365e-02
1.337742015532909431e-02
3.250296773233590092e-02
2.405740278160897749e-02
2.639674766527801142e-03
1.094327602602557375e-01
3.475939135091236226e-02
2.438899120395021311e-02
1.067246796111095269e-01
3.507799404668492972e-03
2.387453402906535276e-03
6.045545191071994423e-03
9.308287284348734647e-02
3.066516947380744720e-02
1.037137638655939859e-01
5.903764608350034471e-02
9.901986506174979830e-02
1.233959271165143909e-02
3.952372090108918767e-02
8.942736441529949842e-02
5.295214706624831041e-03
6.849510625265241293e-02
3.980812952023123769e-02
1.092048358745835446e-01
1.096809962273208316e-01
7.821301079799110323e-02
9.606776115272237793e-02
1.050957514515480501e-01
4.544452645037849563e-03
1.997260911211982872e-03
7.808368059314325926e-02
1.071076641878503100e-01
6.725138991252845727e-03
3.480097037179664954e-02
2.075968422701812005e-02
2.370160960784451279e-02
3.614568359848611967e-02
6.656598816746286951e-02
1.087565624084961850e-03
9.337372338479167644e-02
7.593946855636134197e-02
1.246516429420987948e-02
6.646076710596336701e-02
1.925376657871871039e-02
4.365362005218956232e-02
9.647987106448879802e-02
2.472422664549553048e-02
9.631906630156479576e-02
7.595440641932067749e-02
8.453402088371762824e-02
7.313046983820074842e-02
5.822108453372965009e-02
6.918143310279772917e-02
5.197330323597862921e-03
8.919060595225906940e-02
1.117394065951246296e-01
4.912468145161668839e-03
7.182470533186187389e-02
2.166570466729536917e-02
4.529860312289169660e-02
3.656760460570694649e-02
8.978868908541794147e-02
9.014513088746282932e-02
1.766390397393948972e-03
2.331589613729585092e-02
1.104043661841397211e-01
9.848268862400871848e-02
2.416753373708733360e-02
8.359364506958243124e-02
6.926379089662990096e-02
2.499215781084024660e-02
2.918006593109328389e-02
7.428652271458710543e-02
2.524321751384387899e-02
7.567110946915241165e-02
1.094523580981143496e-01
1.239234503443085826e-02
6.354500654850182666e-03
7.839019574836969539e-02
5.569447331652548072e-02
3.936652025866972660e-02
5.452177372100935199e-02
7.724181627616563683e-02
4.971717499446610261e-02
1.993869863941227435e-02
5.807957879124311419e-03
1.049554125688414302e-01
6.244763935579168701e-02
5.571552757738292699e-02
4.898139603315909002e-02
1.290802692105927872e-02
1.035327006632606184e-01
7.324159489139867030e-02
1.087608090367170321e-01
1.233283619375049808e-02
1.048166789772301821e-01
9.005672453331062255e-02
4.781468168321374723e-02
1.100395222519688493e-01
9.602873564633923609e-02
1.112426071139689526e-01
1.089148397136599222e-01
4.870340406760390040e-02
1.086496295934313988e-01
1.251744412334743727e-02
9.375009781237456791e-03
9.666191166609536256e-03
3.292872184999513091e-02
8.368962969115205375e-02
2.105568452014575098e-02
1.069803333390192263e-01
1.890950982493853905e-02
1.464078148485157237e-02
4.698318320601346798e-02
1.083413127548558674e-01
1.010713155867433571e-01
1.024660782719506585e-01
5.990455708146374264e-02
7.618222904517162053e-02
5.394469090430260155e-02
9.044610084852357235e-02
1.054572974066085717e-01
7.230742909087398140e-02
7.975434407590253905e-02
2.322254529559227010e-02
1.576365662878288429e-02
2.598654423187658769e-02
3.841229972748360505e-02
1.046897415992528585e-01
2.406508289294668687e-02
5.714392614648716728e-02
1.004729518613083905e-01
7.511562756723507046e-03
4.998841643465082307e-02
9.707281496031328061e-02
1.027889081485763717e-01
6.106546247550426187e-02
1.545509612172932430e-02
2.814985080290459407e-02
9.605389172841466427e-02
3.922455358189961237e-03
8.361189135176559650e-02
8.898503513212851004e-03
9.360249011743129732e-02
3.611537696860103730e-02
7.433382110921743502e-02
2.806066658863871910e-02
9.556868214518457472e-02
9.962703864284867469e-03
1.834792168032513271e-03
1.566142144787129389e-02
9.136035837227193812e-02
1.998058622486899652e-02
6.766539997406127716e-02
4.215135097316168727e-02
8.063033950198102151e-02
1.115705202102711957e-01
7.545419597891342423e-02
3.878682934307399466e-02
4.456001424513815479e-02
2.295310072865746828e-02
4.676110738582602705e-02
1.123007140033523976e-01
8.128356545723953996e-02
3.225980818937720929e-02
4.069709656239358340e-03
5.445180184634856001e-03
1.059581620240663546e-01
6.536756631874743317e-02
8.209134034766637361e-03
3.485871424636311985e-03
5.017946217140089454e-02
6.349784476048859864e-03
7.260264165059519825e-02
1.029806723662073514e-01
8.314232747353337378e-04
1.119270949214080935e-02
1.123590131382212060e-01
1.109067033886741854e-01
3.016585383821807076e-02
4.964554573037847224e-02
1.086840333291744405e-02
1.074913096698371928e-01
1.683964484924365193e-02
1.146095506793588098e-02
1.123105809723489584e-01
6.872262125463430953e-03
1.266400994887830270e-02
6.438654263908633046e-02
6.485405479610029111e-02
7.972275365476029496e-02
6.458742029374917037e-02
8.040068844240336535e-03
3.066607773273988952e-03
4.920292638724094170e-02
7.892300300474375252e-02
1.732172962010976444e-04
7.546729006703632725e-02
4.033770273164521275e-02
2.179629274956007556e-02
4.459574065708390989e-02
2.563540223877866162e-02
1.633973957506410987e-02
6.995029347227346705e-02
6.497227206377306774e-02
1.091801477828425737e-01
2.933082867216059778e-02
4.465744344626752273e-03
7.584555176260728872e-03
6.689615549151083085e-02
1.028496208257153322e-01
8.985302769865451122e-02
2.567669486812489826e-02
8.650454893563004621e-02
1.071360706754601877e-01
2.400784019115820289e-02
7.866583717374564522e-02
3.124126061177221955e-02
5.959460111673659660e-02
8.110415739631948728e-02
9.876476083269986050e-02
1.129003229439608930e-02
1.086437618902239277e-01
2.663411993816901940e-02
8.483600875919164452e-03
5.071975424022175799e-02
1.093740891579935148e-01
8.383376812189601013e-02
8.604473325178593757e-02
1.127139078340195777e-01
1.031928151459700072e-01
4.257349302658258727e-02
7.321702827255659185e-02
2.852385580824749224e-03
2.450839290089729464e-02
5.753324778622075780e-02
3.263695633553308911e-02
2.427960287243096510e-02
1.083425790763019314e-01
6.687923888949721951e-02
1.643567730283327158e-02
1.103570142456095221e-01
2.664921785519797429e-02
5.477932885732766932e-02
8.430989619091917853e-02
8.491154878989572163e-02
9.481565075995734837e-02
1.098862423244900688e-01
7.280675984207286844e-02
9.477034361422667641e-02
7.243672509393607462e-02
1.076923120713360604e-01
1.053270219769635724e-01
6.400111399372947207e-02
1.015910356989661451e-01
3.547829044386027059e-02
1.019573619154186678e-01
6.135139688962297499e-02
1.141370929487587477e-02
9.329755158125239371e-04
9.362838513613110092e-02
6.052040471790367387e-02
1.004550188475637068e-01
4.327886153425165167e-02
1.136376682704332225e-03
6.243355690319870449e-02
1.113186334782453601e-01
5.647500631414180405e-02
7.700511983901831004e-02
1.512430623416191437e-02
2.149313752126481153e-02
9.578734902720070776e-02
2.190443073756802653e-02
8.489854277035094321e-02
2.265622011417024999e-03
8.493358107735013082e-03
7.778338845157121983e-02
1.561520176753890656e-03
3.838945086022439723e-02
7.847093645974102805e-02
1.906784070284261610e-03
1.084949101224155221e-01
7.546231917131371314e-02
1.059423148198670034e-01
7.813691143512767334e-02
4.053298364978728113e-02
1.080317307095113033e-01
6.188869897177807361e-02
2.121872141217619970e-03
4.530181565714689815e-03
1.389226134281023803e-02
7.381477649307890965e-02
2.740447215962155472e-02
2.395271957583834654e-02
7.121313493001785178e-02
1.001648289682405268e-01
8.859566605659280336e-02
3.899364640280320732e-02
7.547703357414999037e-02
1.557535532136237674e-02
6.339375859419660308e-02
9.073672898002405063e-02
9.759595809679627587e-02
6.512165833111414892e-02
1.032877870982724100e-01
2.160235107828100201e-02
9.366533143603383849e-02
5.159393785127624338e-02
5.517253638970446433e-02
2.471838584219534802e-03
8.999306867172154932e-04
1.036972122548237563e-01
4.712676733698658096e-03
5.620233609452339463e-02
3.781929022389830721e-03
4.689437892516815781e-02
8.112192793978853511e-02
7.923085063309274123e-04
7.986759889367342491e-02
5.212003208439216356e-02
1.127601760739545961e-02
8.378084689574268051e-02
1.040956821494543050e-01
1.039244519307581799e-01
9.406768644433781412e-02
1.005529340561612806e-01
7.682044802719679988e-02
1.009084298156402298e-01
1.034406828433656611e-01
1.013588835204897454e-01
1.217061388728982001e-02
4.363007976939274613e-02
7.086896902317091351e-02
3.522876689194888444e-02
2.639950362132160652e-02
3.940277552382152881e-03
6.878856721187156902e-03
1.100700733805116682e-01
2.383971831170797473e-02
9.531867274057638506e-02
2.327274624167909034e-02
2.372375620096842455e-02
1.075270911144817626e-01
1.109357555067740919e-01
1.393773583855116441e-03
6.932989060166078188e-02
1.086318188657224154e-01
6.416784376344338535e-03
1.122958951527776306e-02
9.876142031550629030e-02
8.818703856598086865e-02
1.074884850221758115e-01
9.922931539396229184e-02
8.663773093408040638e-02
6.984655176041461300e-02
9.736528951731820980e-02
2.963362645666749867e-03
3.163385800507542006e-02
9.566595527793775311e-02
9.836771049431944358e-02
1.125780521102740517e-01
1.023895837542799225e-01
2.842463793013509654e-02
9.313660856495678542e-02
5.969950652310587053e-02
1.084393270481604082e-01
1.527118716487257249e-02
5.911730512414629934e-02
1.383983523453932371e-02
2.589591780359276358e-03
1.686410072085947967e-02
2.688807099988100441e-02
8.277762833696790390e-02
1.008986917025551933e-01
4.987771043153673561e-03
3.135743523508776557e-03
9.962038981066986820e-02
8.783425622133152200e-02
1.115838864994385532e-01
9.907501896754633552e-02
6.061033698953403187e-02
1.095884745966228813e-01
3.992217481648890204e-03
4.566057630774851550e-02
4.788671975418962862e-02
7.563568252961445915e-02
4.556669962777012972e-02
4.276971594800724891e-02
1.061438759245715985e-01
1.029856803832226164e-01
7.107334833547215847e-02
1.906145345921736109e-02
1.029193825077408531e-01
7.651749352511165447e-03
9.741717579595902954e-03
7.754142891318555053e-02
2.342026499499747991e-02
8.322759268044015168e-02
8.844472589037914723e-03
9.846363431691022849e-02
6.236246348461797762e-02
8.395974836935642116e-02
8.500477349867517629e-02
1.021769234821719163e-01
5.800711974905021356e-02
9.459715714958578936e-02
9.467929892878945708e-02
3.603574725735272238e-02
8.009275160947784689e-02
2.965198439416424914e-02
1.066400980329013232e-01
4.236569824310115751e-02
1.024333238539441165e-01
8.583279616743749729e-02
9.206369287139029578e-02
2.060940863245397294e-03
6.920797705525322252e-02
6.039523612780975034e-03
9.155310684679485167e-02
1.094105326246993526e-01
5.091558835275338674e-02
1.047864851987988094e-01
4.564261856160910236e-02
8.880258626422980750e-02
1.044107854710867311e-01
1.062312678408708772e-01
5.149971184647731542e-02
1.229540182088709882e-02
1.096007334786114201e-01
1.098801778985260685e-01
9.855443804252693452e-02
4.183251224980086974e-02
1.400622771235703057e-02
1.081650352318188069e-01
7.373784422671544880e-02
9.836354897292792776e-02
6.712406060552761344e-02
2.479654406066989988e-02
1.599828223011305617e-02
2.487633127260830204e-02
8.445946668033108007e-02
3.372956609742913670e-02
7.856242166396501525e-02
3.281981947714252695e-02
1.448537426816739505e-02
1.048817191867585236e-01
7.307180821810428661e-03
8.689199197562706700e-02
7.401053634657125957e-02
1.367048399697435093e-02
1.097513231792124067e-01
9.853137245293744351e-02
3.326285514151838124e-02
8.312665478734947155e-02
3.682716769601612067e-02
2.258927972961435882e-02
4.828837402211230007e-02
8.366359689413094269e-02
3.767883603510444827e-03
9.325280338803208779e-02
5.057346676684312814e-02
1.155942270901550838e-03
5.722362665828615441e-02
2.360808482553821905e-02
1.051327868207296845e-01
8.112431855979961026e-02
4.225909269177487160e-02
1.024741365340579996e-01
1.229278931425087720e-02
1.070028505857620604e-01
5.121886292171844851e-02
5.024932348955975236e-02
5.249511471023874526e-03
4.417293217679869009e-03
7.908545019690405020e-02
8.673099104141716864e-02
1.214363579986565923e-03
9.276322463211932046e-02
7.879782702213221357e-02
3.820627341136460103e-02
4.266991357168316984e-02
7.426058374837571710e-03
5.942658938712001848e-02
6.666651510282627091e-02
7.718933276338847682e-02
1.115439963334283746e-01
9.348117910807243747e-02
3.070263646061904134e-02
5.380746852584680773e-02
9.397033474070073944e-02
9.702206238135123451e-02
3.047289274199526179e-02
1.562796667601922679e-02
7.703641533120707263e-02
3.015128611999767436e-03
1.121046961636641415e-01
2.802708395305821172e-03
