6.243502870395749998e-02
3.986155812054070074e-02
1.087194536383608995e-01
2.914219359354583427e-02
4.337388293335547873e-02
6.383703960310498082e-02
1.809269087280607549e-02
1.027983943970668529e-01
4.266692765991545594e-02
1.871572364141412328e-02
1.031024012249830424e-01
2.320731875008564225e-03
2.993638374138430855e-02
4.957651987385141429e-02
1.071621763754137535e-01
5.812225148919034079e-02
1.008439651594073838e-01
9.398022695414894045e-02
3.884978473166821999e-03
9.654960288314540229e-02
8.864956408778279506e-02
4.249844355308531052e-02
9.155208351858519500e-02
2.476084479038937348e-03
6.054406308106986129e-02
1.776154828607546393e-02
6.704509188890945409e-03
3.563280572725658485e-02
5.372659496085192138e-02
5.182342141764658544e-02
9.867460230207560079e-02
1.055980826018644847e-01
1.745854124059723761e-02
7.604225618197162084e-02
5.604471792685816744e-02
9.816031311981100738e-02
8.022274617669686303e-02
1.019697883552837803e-01
8.473870174726079452e-02
9.751641272395595791e-03
9.496032826038736108e-02
4.686498822849319290e-02
5.328212459162271278e-03
1.018929639349933358e-01
9.735347759226692377e-02
1.046314211314983839e-01
5.318827348621126688e-02
1.054860784770949023e-01
9.922939111821545144e-02
5.476539370893039257e-03
5.124081800356342781e-02
1.110686837782374758e-01
4.568090243643170567e-02
7.305007740072241851e-02
1.396891299741394310e-02
1.559251921136916436e-02
9.712588894196910391e-03
1.671101834814705048e-02
1.047602443884004669e-01
1.834986419901225158e-02
2.453955368390091374e-02
2.542547573607347941e-02
8.066228664600175180e-03
1.600926304606958145e-02
2.594087168560256854e-02
9.793270414757211662e-02
6.474799147226982521e-02
8.028820045077339485e-02
1.859464964670986056e-02
4.652467622372093159e-02
8.436003375321081410e-02
4.225197391595165997e-02
1.900429673190874276e-04
1.561899328833304089e-02
8.653385375579344951e-02
6.803812141147812242e-02
3.632155052647263044e-02
9.271030472749887397e-02
5.984214720660935294e-03
3.403676860604947646e-02
9.315934404476802766e-02
1.165635674919879815e-02
7.406841884789632131e-03
9.768444453717639239e-03
8.917566907394761100e-02
6.534516661405091742e-02
4.703452059139028203e-03
6.124365793739566105e-02
8.559922802771176981e-03
9.577438955553127520e-02
6.696585175504204956e-02
1.642015053371094838e-02
4.123664545689326166e-02
5.608628690563859098e-02
1.201138173370495769e-02
6.378360139822447650e-02
9.821095687759635873e-02
2.284396398428340663e-02
3.199358876319200601e-02
5.194194269557801669e-02
8.186166680525429340e-02
3.390272048625912749e-02
1.066567412863088093e-01
6.296676410450896544e-02
3.215834345655504967e-02
1.086951587356085325e-01
8.498646347607416440e-02
5.749798294976075225e-02
9.949234007272654556e-02
1.107911766883408616e-01
7.372017214588247325e-02
8.153967817465930523e-02
7.880411272745019638e-03
1.849835341588447132e-02
3.412656689761194018e-02
9.157214781684434868e-02
4.730331641409256382e-03
9.474824006296504730e-04
6.905024899766173951e-02
9.454287950579339656e-03
1.114434503025262847e-02
1.887280455521452363e-02
1.059335160606370008e-01
1.267164491381847675e-02
6.594831498206209230e-02
1.863194910348605834e-02
1.612749244030920598e-02
9.993608620069368859e-04
1.295605264383758830e-02
1.663518588884724952e-02
1.669439570806920126e-02
6.106285882819892201e-03
8.228539910815780428e-03
5.114333671178715457e-03
9.585444166802903343e-02
8.815824154776634447e-02
1.702277632407552324e-02
1.102913625570491052e-01
1.046106874000595488e-01
9.137720396764381636e-02
4.751971542426384858e-03
7.550681246705039096e-02
3.156443313211487051e-02
1.439920034793162711e-02
5.294524263548505694e-02
5.938586638951853791e-02
9.795559325620716018e-02
4.029664352586612847e-02
1.449690332062323998e-02
4.797764794571900138e-02
3.925727329987122732e-02
1.418524854593810301e-02
2.508069378536111754e-02
4.400498895299491311e-04
9.716572922007052360e-02
9.989950080095602591e-02
4.207552691620051327e-02
4.849437001135360747e-02
6.177173651405987176e-02
8.452019731794868651e-02
9.226667730543704551e-03
6.304198246291138619e-02
3.687181210287211741e-02
4.740102340616633020e-02
5.437592537317204044e-02
2.426961300455523357e-02
4.622867062895374794e-03
1.999470392728497359e-02
1.208822891799232919e-02
9.819027946399817852e-02
1.984742227430863156e-04
5.979630936923232415e-02
7.131312982317358773e-02
7.380507362579338815e-02
6.650256098210698130e-02
7.830880003285728419e-02
2.385818897263690050e-02
1.157253098418264438e-02
3.255611331674017339e-02
5.453934779224777624e-02
6.864230835526212438e-02
3.684055440100181874e-03
6.058996881633643347e-03
9.432752245161657445e-02
7.648150329006988581e-03
1.275123685434437215e-02
3.327427937768692029e-02
6.676475950600450904e-02
1.069391335361418414e-02
1.014613562195765817e-01
1.278213479585482877e-02
1.169547711063736659e-02
1.926102014854825378e-02
9.719881445565255185e-02
2.604624077444192901e-02
9.887795111443688223e-02
3.155303543171500413e-02
1.038821573120365799e-01
1.264554421901345656e-02
9.392199741144913183e-02
6.581012680089337596e-02
2.815309497939478406e-02
8.467227100079768864e-02
1.696896359591444636e-02
6.804530587509470541e-02
1.015530508765905698e-01
9.933786538820557621e-02
9.911929696033854043e-02
1.055408915248855772e-01
9.884238801417200015e-02
1.122697925697928312e-02
7.257955942016573216e-03
9.096224272065141225e-02
7.137867596618480137e-02
1.094604768237773251e-01
1.963914748451221423e-02
7.406848488289424770e-02
5.461724366007848774e-02
1.012871192195111403e-01
1.075613307793873291e-02
1.415500303609392406e-02
2.793572348808429431e-02
2.064971827340181254e-03
9.205120318305239080e-02
1.032145702920579250e-01
6.493250457267960019e-02
1.095357686980973078e-01
9.652387552647451185e-02
1.731646731864893221e-02
2.864408557910354952e-02
4.569578180686689056e-02
4.100735362215213869e-02
1.957870588282682560e-03
4.414821061725491408e-02
8.232116388489200964e-02
1.218057010534147160e-02
1.098731039432438578e-01
4.331147107806935376e-02
1.058182346617001363e-01
7.206224630571446410e-02
7.056486077933434020e-02
6.405323564160393668e-02
1.105574787936037529e-01
3.830702435814665324e-02
5.011663969034290539e-02
1.317403682471530828e-02
1.444029271445109765e-02
5.949286666274889238e-03
3.609597663234963283e-02
2.640614286277898071e-02
1.094522902549240062e-01
1.018168400216654251e-01
1.195160224814592088e-02
9.989121890011931626e-02
3.104901145322251296e-02
1.091531982709907228e-01
1.136274303459719470e-02
1.390025386978189365e-02
4.361677450135399876e-03
8.941005720762712494e-02
1.026525520304174231e-02
1.020442841013728813e-01
7.869810442106427162e-02
8.441609100112942854e-02
1.344523648173554312e-02
1.008943735596604802e-01
1.448171960625349065e-03
6.801328861539908399e-02
1.091857369048236659e-01
9.667256424594369846e-02
6.155794084958208026e-03
4.735799232353526955e-02
1.628382638167067363e-04
6.834257235474271164e-02
1.076315334302958282e-01
7.119681137333660169e-03
8.263210947288109065e-02
1.427361241629099969e-02
8.397610487648324296e-02
8.048448581453623851e-02
1.656136861182871609e-02
1.269451363905507724e-02
1.948306358776764544e-02
1.098389250511845189e-01
7.700611105479900076e-02
1.056317803228945945e-01
6.751833764113368552e-02
2.299234642886928762e-02
1.033295002517318206e-01
7.432594598091114835e-02
6.484079000557235739e-02
3.365214233206599570e-02
8.759221564764085519e-03
3.908428986184037807e-02
2.094562856482088710e-04
9.067407991458481531e-02
7.776028496547814084e-02
8.347847348934193945e-02
5.139204544847454995e-03
6.422842480556516243e-02
6.962284166174336451e-03
3.543996279142930944e-02
1.089860380672783291e-01
1.018768150833469777e-01
1.825517441721112577e-02
1.267533679188669049e-02
1.159292246353596165e-02
5.497464934933508213e-02
4.235046620317194088e-02
4.449262574864486924e-02
9.067512753647109791e-02
5.185481097421672930e-02
7.753501297101082768e-02
6.698841028745286530e-02
7.984243444681062007e-02
1.005322732574898542e-01
4.018799241147713586e-02
4.641950665666672027e-02
9.513218483477996201e-02
1.096744534644417263e-01
9.663918465373318167e-02
5.641104304605485537e-02
1.033522771689136810e-01
1.576110293826129410e-02
7.892136287242382253e-02
9.404568665635396063e-02
6.002821931599861688e-03
8.772873754490128836e-03
1.068799269853620421e-01
2.061552114916281875e-02
4.468709645013557719e-02
1.354602864396619493e-03
5.396751477698599406e-03
1.543836984884784831e-02
8.623672712376492799e-02
4.764943323799671754e-02
6.019167710564276436e-02
6.614887281406162112e-02
1.014686090869122009e-01
1.033369695616019046e-01
7.500652382060951640e-02
2.697004738453440478e-02
1.061154215369069787e-01
3.410673531952595344e-02
1.363394873775747480e-02
2.381555465700440494e-02
2.208805549033304033e-02
7.617261813348407892e-03
6.155282624420076870e-02
7.442091872417137821e-02
2.358316280219050279e-02
6.037496283687923682e-02
2.271249911093339846e-02
4.496010131048761189e-03
1.886630407009413576e-02
5.320858644617085242e-02
9.526421850403937741e-02
3.770924857221181342e-02
8.890001382322927637e-02
9.111678409273019086e-02
1.032408654840209355e-01
9.314056348538402030e-02
7.336505675827492690e-02
8.281909734732162409e-02
6.385419962551434903e-02
7.990367538793315474e-03
2.025683199208722432e-02
5.779309383255702183e-03
7.285188187827673634e-02
8.229329101397227231e-02
3.796649082332382436e-02
5.862428054658472970e-02
8.834352886456221798e-02
8.741716101399087113e-02
8.607551848713154707e-02
1.096688802671767771e-01
3.092990846357436541e-02
1.041329411991129446e-02
9.142174798041792505e-02
7.524109230650492808e-02
1.111109481941575106e-01
6.419989480731294607e-02
6.644018665558698578e-02
6.868683409453250899e-02
1.340376475718421667e-02
1.161681534578283027e-02
1.003702697738813494e-02
3.114357540561980917e-03
1.216343969570347038e-02
3.982983919204938911e-02
6.467996567645367678e-02
3.016181601360490207e-03
4.407327535648836864e-02
1.045245317542509295e-01
7.049354102503807562e-02
1.040944767812731347e-01
6.886952006822882888e-02
8.944138160524174597e-02
5.071681841478796124e-03
1.036662608531050828e-01
1.002314934401872526e-01
7.913520373172265587e-02
9.494010588998202937e-02
3.047076412306522208e-02
3.549344323247709959e-02
2.790914031606534645e-02
4.164462954951522224e-03
1.108177384431025154e-02
9.889545438304882252e-02
7.529296896466999844e-02
4.961014301190553449e-02
1.533526454123890735e-02
1.050154759302183854e-01
2.133095138008007235e-02
5.586634869320379615e-02
1.053286828734128072e-01
1.108283851567629374e-01
7.922352065970873769e-02
5.747267684557525597e-02
8.572915945142575711e-02
6.073201665078160200e-02
6.161808389424371091e-02
4.120198845406126444e-03
4.662849293824444796e-02
8.969351592302010623e-02
8.203282938708179872e-02
6.764085313444834734e-03
3.000918434904749008e-02
1.044882504694319980e-01
7.983474509433906297e-02
1.038524173516344740e-01
1.451820159333260711e-03
1.323402196640919432e-02
4.054887870939140326e-02
4.391925828266617093e-02
3.541184568559442971e-04
7.455497407823863387e-02
9.947493789246161788e-02
1.011297264592960800e-02
1.098007033387289194e-01
3.289407233265194321e-03
1.021434060156641357e-02
1.085008753612036747e-01
7.928255120459848371e-02
5.733855540379362986e-02
9.667653391385559389e-03
5.097698280429780598e-02
7.916167491078962559e-02
6.401105605535167831e-02
2.489615278293805245e-02
1.008696819120190741e-01
2.761125803843883508e-02
6.318712366135210978e-02
8.491956617255923268e-02
1.357983643744586043e-02
7.863683212139531420e-02
8.136068384870349338e-04
7.544066028829335933e-03
1.102473186566419738e-01
6.220066323998270363e-02
3.557482363543421761e-02
6.911763230788567358e-02
4.173180342003705162e-02
8.957046424214906710e-02
9.090710063385673556e-02
9.975348802270193882e-02
4.911762432896680380e-03
7.808174175566115482e-02
9.116500694434157004e-02
1.069171507206071459e-01
8.356884214248452847e-02
4.673278318608468235e-02
1.029567582169255979e-01
1.054101842146246137e-01
2.060451260501131032e-02
7.100430615078362484e-02
1.077393978135598313e-01
1.898880618913987434e-02
2.296408028092682824e-02
8.778155724398573057e-02
1.046907248031741892e-02
5.962887172052729751e-02
8.964687887066720429e-02
1.087563483161118477e-01
1.100370433473984305e-01
1.048162728172033903e-01
3.165828823371846096e-02
5.127973963722529810e-02
6.997840402028557977e-03
5.716459996509119096e-02
5.887600129532418597e-02
7.224345105639289055e-02
2.367862308092471071e-02
9.694971424323657605e-02
7.081891489034247873e-03
8.325530049095697382e-03
1.212067901344578841e-02
3.395689443606288854e-02
4.156706319959210631e-03
2.452025844036676699e-02
5.159612812024272355e-02
9.366597747736246649e-02
3.214843940293960617e-02
8.871325608611989322e-02
8.830346579521851369e-02
9.494323404608095984e-02
9.890312724912458248e-03
2.344801388056795902e-02
1.106631241542014726e-01
7.075015601058727566e-02
9.875750785370354667e-02
9.509541766066854918e-02
1.038379615948427787e-01
6.299950147363890529e-02
9.567802265573742415e-02
2.247129818327438591e-02
9.327754290147705074e-02
5.621132392629427099e-02
7.306183348535091882e-02
2.169073112579685339e-02
1.021215764183236036e-01
7.146382992249472425e-03
5.622042182313482378e-02
4.648601997738659175e-02
9.296166603617304902e-02
1.158112276954075849e-02
9.010589078791254869e-02
7.268500806870145659e-02
7.083572160399939643e-02
8.524499701337548419e-02
2.430419789922340368e-02
1.077063497721632984e-01
7.864105664124368400e-02
5.855694913582294020e-02
8.047119505297388453e-02
1.448772037438559972e-02
9.474274329691956265e-02
4.359515592184318861e-02
1.062303269909374015e-01
6.817732617810598472e-02
9.164744235158067687e-02
5.547423303997451455e-03
5.638565296218200906e-02
1.087658353643346232e-01
2.506045600553383559e-02
8.545122109754627049e-02
8.423450578979317649e-02
9.964136308806140208e-02
6.540895014395398110e-02
8.646048342121911978e-02
7.243651339073828299e-02
1.763455088954922999e-03
1.782495125405693381e-02
5.825517965535895702e-03
2.982313566624204479e-02
2.207225875347976554e-03
1.210725064030216194e-02
1.052401194129658213e-01
1.007187675504145896e-01
4.665227277157096841e-02
1.210498014167685904e-02
2.756808281528106211e-02
7.804879487437182961e-02
1.296210359200682810e-02
8.274417462097394260e-02
9.758975423488923384e-02
1.225956541643271648e-02
7.855989886740061268e-02
5.838637264628514928e-02
2.228999026843932543e-02
5.291316608259952724e-03
8.772180986486707854e-02
3.052235301692290959e-02
1.094742476151799176e-01
1.078416970674101888e-01
5.724095762883730371e-03
1.042979059900604744e-01
1.177925335582690261e-02
1.640328520589994649e-02
1.014614874739402373e-01
3.849635408878614856e-02
1.221622277854648303e-02
1.030633821880394402e-01
9.369832045312609381e-03
7.257492450812846885e-02
2.221085014034843499e-02
1.055065706664558428e-01
1.115420311427377069e-02
8.207661492362315625e-02
5.146122671718774549e-02
7.186734868773927976e-02
1.083822006161719864e-01
9.994509841287942467e-03
1.012265797544655149e-01
1.088311538756085856e-01
2.588540566770925616e-02
9.369418455311093533e-03
1.043723080652380480e-01
9.735914770146515684e-02
9.615410564574193575e-02
3.634791327350175849e-02
4.374184452929942568e-02
6.845985569453593399e-03
3.960887287267111229e-02
9.459788856321621475e-02
4.885591050319894324e-02
7.762093414504439570e-02
7.748496251884187669e-02
5.976432383575219602e-03
1.064372945615213312e-01
1.048188150416924647e-01
3.681272878831602646e-02
1.063056646406113914e-01
2.418365493062988019e-03
4.725349630490865288e-02
9.409190565970390607e-02
1.133994979764790106e-02
1.683918812001885743e-02
1.103387179423020829e-02
3.944990360217656700e-03
1.008730149149830585e-01
8.365923048654727578e-02
4.588391016883153206e-02
2.739382347499977333e-02
4.036185509339001998e-02
4.827100974042953380e-02
8.020006756363785502e-03
1.091406879614680303e-01
2.198601211456146023e-02
4.024334777115015638e-02
8.045670120932320313e-02
3.309739083410273564e-02
6.862730477290696074e-02
1.149020751834878631e-02
6.039597547781420245e-02
1.229104874770815814e-02
2.164494096921873445e-02
8.730718690230993007e-02
3.516656426537408120e-02
3.076130071965878926e-02
6.196237356004299923e-02
7.923302816105477764e-02
5.132565241722700927e-02
5.065660669124255611e-02
8.710288082686193020e-03
9.503068098678731090e-02
6.907933719154363272e-02
9.709224788386845717e-02
8.049707656753797569e-02
6.958105924270256704e-02
4.638431170511024548e-02
2.682663513574137272e-03
1.744143629341078638e-02
3.203109160539663585e-03
7.235912070390454476e-03
1.428809961181491499e-02
3.333562300856143107e-02
9.828173781616060534e-02
8.982228882983968321e-02
9.256206955476208031e-02
1.050859177750976953e-01
2.147179102087082292e-02
9.251115302281935626e-02
5.882927779258968065e-02
1.038075517409315779e-01
9.377315705545076485e-02
1.447550550923012817e-02
1.057225519494801869e-02
5.199895995250104763e-02
9.587229069448182511e-03
3.028153711743105519e-02
6.043232822647949531e-02
6.025938748101738324e-03
1.013548180179367070e-01
2.367932661418486323e-02
9.591453129447898018e-02
1.067040000521979380e-03
1.056768455758976683e-01
1.069834478174688380e-01
8.321116944796801140e-02
1.051138793148140016e-01
1.079107714503418913e-01
1.377124687242674977e-02
9.568894146118638033e-02
2.613699444026928650e-02
1.131755687061083981e-02
1.825134142721008060e-02
8.644702917941303466e-02
3.744078744253453300e-02
1.045286211987858926e-01
1.043421813636977308e-01
2.996062078096720094e-02
6.293374031024363824e-02
1.071633853770933287e-01
1.081019057459433330e-01
2.926832300328670658e-02
5.058673357138927101e-02
1.025618939730209844e-01
1.002364047002415187e-01
5.628734288979160560e-02
6.435387382425551694e-02
5.870952985854048511e-02
4.940332574787759112e-02
4.516495850958344993e-02
1.022381430690771920e-01
2.750620767412726916e-02
5.523963161943960636e-03
7.623403843817175285e-02
2.440165797615125032e-02
8.200776329402685583e-03
2.500932529907669288e-02
9.811556318855670089e-02
9.431565121594057133e-02
8.132431336733492167e-02
1.075102389100389584e-02
9.165532925721961433e-02
2.066814116650429745e-02
7.562659367243670938e-02
5.459332663460631820e-03
5.083562725214105238e-02
5.458838575556589079e-03
1.029736301854621006e-01
1.071996343956578279e-01
4.474998879602817663e-03
8.875516490896245836e-02
9.718543246822838877e-02
5.933864533724508145e-02
1.340263485458173531e-02
2.627112271994592324e-02
1.231958421095323726e-02
2.313461191074516268e-02
3.749551074908098747e-02
6.315605054591178109e-03
2.843139942735290263e-02
8.071865990800003443e-02
9.143322120902530603e-02
3.357740806953091184e-02
9.786206019431599457e-02
5.792437371155893105e-02
3.568318476816794566e-02
4.001970096978206548e-02
9.130969004587960458e-02
5.018261718949972722e-02
1.094977993506254382e-01
2.383782375320395858e-02
7.857843682553085352e-02
4.905471036473296742e-02
3.501065545871782231e-02
2.385613367089299552e-02
1.009936775281596033e-01
2.729815336337198736e-02
6.779024906232201941e-02
9.572847453485046343e-02
7.318026686456335916e-02
7.915625665062139826e-03
1.080460778332072158e-01
1.064577597655853997e-01
6.184660962074828988e-02
2.468725562447888350e-03
2.087350540882679240e-02
9.396532140184608861e-02
4.190809882561230548e-02
5.928357734166151555e-02
9.582000783553638878e-02
1.010401922792381890e-01
3.198849916809937827e-02
5.407194306925137972e-02
9.543257423383481874e-02
4.507011817334003606e-02
1.026827346837788923e-01
9.793646323459324898e-02
2.302846468841577426e-02
7.410191143708780293e-02
9.722661484142129662e-02
9.044595700701527075e-02
2.867934280368363356e-02
7.752924089238798222e-02
8.778935842191569472e-02
8.433205272113195039e-02
2.160247275000875058e-02
2.591263508317979188e-03
1.117280715437116156e-02
9.263682027096058202e-02
4.267911970054585891e-02
1.050952146886390964e-01
6.141618301276708172e-03
1.083198575688329723e-01
7.559806670649861678e-03
7.177487704954294001e-02
1.109539585460483507e-01
5.315816898487168290e-02
7.977760110116342840e-02
1.075896713406965383e-01
1.044628420429382087e-01
2.210870163337929836e-02
3.134906605339916191e-02
1.243039182278681855e-02
4.834307559975050544e-02
4.631924342490215812e-03
3.897537877058657868e-02
4.597714327594292633e-02
8.375520014567729155e-02
7.992038890792080644e-03
1.032339447999650467e-01
5.262454800058320031e-02
6.204508576516771026e-03
6.363213674313820956e-02
3.369137753284708048e-02
8.150333932586659169e-02
5.044735165005224259e-02
1.820799059412213025e-02
8.704422844271969550e-02
4.271552705335169425e-02
6.593323591590058430e-02
7.102541666333972437e-02
1.045728634990045758e-01
1.005686661484555405e-01
6.301252078571660531e-02
4.688307839795453902e-02
9.745455562547954143e-02
5.159954510274935430e-02
6.235047536906293542e-02
5.515072814293823372e-02
4.662387692635718700e-02
1.451070495002987218e-03
8.377319451276732387e-02
3.714204629484459119e-02
1.727971473904567692e-02
9.931418504899795774e-02
4.385836767739029890e-02
1.022280206139900977e-01
7.094478831093231630e-02
6.975856488183124204e-02
2.018104583757903900e-02
3.318809361002002245e-02
5.018917122278799409e-02
9.996921500800232119e-02
2.073392042758680567e-02
6.304910621389375747e-02
1.806554524891065827e-02
4.479316356337448984e-02
3.571887534374688228e-02
6.224015054418573223e-02
2.192850091972875157e-03
1.870008132197587686e-02
1.885640446921598226e-02
5.496626039798321178e-02
6.711090323534500690e-02
1.469288072883381986e-02
1.016991309154866574e-01
7.271987675146540653e-02
9.726994209200054420e-02
7.832436858419193626e-02
3.276945987542100036e-02
2.085665812006641529e-02
1.876522780880883132e-02
6.650052355868286968e-02
8.748568666298341123e-02
1.004517008366122462e-02
1.103737348794986972e-01
1.070523268814688178e-01
2.129463099941039661e-02
1.063487860946699531e-01
1.048829332807282334e-02
2.064648928410948298e-02
1.022235913907735237e-02
9.349110073589568526e-02
4.299454647710896499e-02
7.919740923208530223e-03
5.400692500739313895e-02
2.971091233459913911e-02
2.500978590365504975e-02
1.395267911569967462e-02
3.439882988704259098e-02
9.825388650458760642e-02
9.486258774412557535e-03
5.447477671633509100e-02
7.973196020818019980e-02
5.275244604198992687e-02
1.079993050905468932e-01
3.575130151398216855e-02
7.633506171876508484e-02
2.685797850104010634e-02
7.356283707276372805e-03
1.042915136365325009e-03
2.364523928463216004e-02
5.078136880047518648e-02
7.542895558242250151e-03
7.327801287943651321e-02
3.595752442059104836e-03
7.015433867833302355e-03
1.989244429608352793e-02
9.962764602286280913e-02
6.752367187409263893e-02
2.041098170260899000e-02
2.228378890711115584e-02
5.084944472452693903e-02
8.145324027042831483e-02
8.002393150263689692e-02
1.550817821020398363e-02
1.538521302658494259e-02
2.521591900902864572e-02
1.074442337366875166e-01
9.734198742689939565e-02
1.361967876762924974e-02
8.511676578248056346e-02
4.607642642719606170e-03
5.776556177580954680e-03
4.811517589167889353e-02
9.816863845894008289e-02
1.657274310319459959e-02
3.025120109491492848e-02
1.063058627062144074e-01
9.966448986646581076e-02
9.545282987482790749e-02
9.977880314507917014e-02
5.629147160178785830e-02
1.365883099729149272e-02
5.101084388168646011e-02
4.812063517711730361e-03
3.016417947194217908e-02
5.575274407616896688e-02
7.698623504002097273e-02
9.967157262389746142e-02
3.069127880564669411e-03
9.818973420935334095e-02
1.733134457552309993e-02
6.043987435010540060e-02
2.767165836869360865e-02
6.805937445179210954e-02
1.175535712916870798e-02
6.588691650881152440e-02
2.327976615832761179e-02
3.644880749048362567e-02
7.540630965761865867e-02
3.955854409703881552e-02
1.055973261256320100e-01
4.466971475049681672e-02
1.041935236226484637e-02
1.042950289501113209e-01
3.139820704991504868e-02
1.435780575110548289e-02
3.978398300959995471e-02
8.899145820064460755e-02
9.464353286254786890e-02
1.008855281764854117e-01
1.672565665469823853e-02
4.339430596356874670e-02
6.063297722925199695e-02
7.857869895803350213e-02
8.147544522404896739e-02
7.203667215314579764e-02
9.958811679412268858e-02
8.529173016610457070e-02
1.034282324386473911e-01
8.688610502524996004e-02
7.037515198996605048e-02
7.405086485281855979e-02
1.526562044641496287e-02
8.393002361109848375e-02
1.031061782327774567e-01
3.750836845146053589e-02
1.550127082685808129e-02
4.723351768566087100e-02
1.077769419369625642e-01
7.353278745810876149e-02
1.145695637064496168e-02
2.383215551430298285e-02
8.615450932875698409e-02
8.301987060421828213e-02
7.141260311702618546e-02
3.172111514799698124e-03
6.147059432938990764e-02
9.265963900986490254e-02
3.170128076964034460e-03
1.133937229130024815e-02
4.795364591154776396e-02
6.999121131121176231e-02
6.477863005454267964e-02
2.255702777052896388e-02
1.013121229796042216e-01
7.901058879949227065e-02
1.106298343233290543e-01
2.557492337716163813e-02
4.946153336528822178e-03
8.210151673832717656e-02
7.363996062294354827e-02
6.674384376662113871e-02
1.018253163778510412e-01
6.285753412349841251e-02
6.911250578885044793e-02
6.359305388644287751e-03
7.824337375037088149e-02
6.925142360286409837e-02
1.092217521634203242e-01
1.559142196857907919e-02
6.148756781291471463e-02
7.958735366308893056e-02
9.360090577605523210e-02
7.607591612813713322e-02
