1.317360214252817976e-02
9.116358959015979924e-02
9.953224384894221455e-02
1.114496118439126278e-02
7.553246917214979927e-02
8.387076817704731957e-02
1.056354644034788598e-01
7.473018954578469764e-02
8.608433199667735181e-02
4.572160880162010250e-04
7.140450270482540107e-02
9.700622836643341129e-02
7.533532197400417095e-03
5.995500791975125893e-02
3.043721887353057279e-02
1.033586818103257865e-01
9.496573080708693715e-02
1.045876450565891708e-01
7.096555126984996353e-02
2.108769880342486677e-02
8.207580471584487516e-03
2.320679404063089035e-02
1.067509640183287450e-01
9.250787893555501018e-02
5.916203425524116377e-02
3.851710504348094394e-02
1.304600046787142767e-02
1.768661425985960239e-02
1.028233754294381047e-02
1.032473281010690969e-01
3.588244038541833075e-02
2.499611188731527822e-02
5.192829575212021265e-02
4.319529303353091682e-02
7.895592877447291102e-02
2.047284020971559121e-02
1.012249947460216876e-01
9.394224231186462659e-02
8.047863306957053764e-02
6.203047940003785475e-03
9.889120679173601935e-02
9.409182058719782471e-02
6.639012305574372441e-02
5.360572960703097883e-02
1.065969599407711882e-01
7.348979694977574029e-02
1.124230581093669731e-02
3.552034154465449900e-02
9.009763144765441101e-02
7.907469055800377122e-02
9.179424270926041241e-02
4.175061947811457841e-02
1.064644595035701552e-01
7.370276370636416607e-02
9.464644716755998832e-02
7.648920781536248936e-02
8.280395328462851479e-02
6.198747666018761954e-02
8.291454587637833717e-02
6.107672754822859179e-02
9.709565194107401542e-02
1.001990060757025069e-01
2.355151903984739267e-02
1.039714621393377642e-01
4.991368299409811027e-02
7.785741084981064042e-02
2.363470571843488688e-02
7.048830369320790989e-02
5.113191094911767598e-02
1.165416984000339218e-02
1.013135109755790575e-01
9.949043306541290044e-02
3.809148775024592121e-02
1.710309161259184613e-02
3.893202497009128765e-02
6.067407493025932068e-03
8.567192479402173377e-02
5.117369556311981982e-02
1.070063214677907798e-01
1.079062280085161668e-01
2.893986312453883034e-02
1.765480955152010784e-02
8.782633612810478163e-02
1.219974255453561834e-02
3.596283699904240239e-02
2.535529481350308131e-02
4.849669685078345643e-02
5.855267191586690373e-02
8.705340670125956415e-02
8.410513429618661496e-02
2.447624218854289966e-03
7.497946364693666710e-02
5.778056357868789628e-02
9.398093475810559427e-02
6.799410794537478001e-03
7.898688119821499140e-03
1.035715368282109639e-01
4.217624207797555230e-02
9.838547141288300768e-02
2.766205919697957080e-02
7.473234956279280194e-02
8.841970134375577717e-02
5.781819225262087303e-02
4.941944050573384567e-02
5.965910786032727758e-02
4.949217336769081571e-02
9.388148545995202154e-02
1.193553367972217776e-02
1.051810084481109714e-01
1.013631404822710885e-01
8.224029169978018527e-02
9.365770265159735486e-02
1.742766546439738704e-02
1.610322517930762656e-02
8.222135711157231575e-02
5.106158448675925110e-02
9.570105168249910810e-02
4.119971883238740876e-03
3.186294157903035024e-02
9.721845088304340021e-02
9.241505676821308579e-02
1.079897216408111094e-01
5.874890120588522474e-02
1.065071781180714633e-01
3.368265911864849055e-02
7.758969228908002558e-02
1.388219833197126482e-02
3.801106668109634906e-02
5.223268936209644886e-02
9.444674398652462555e-02
4.065303422873484812e-02
9.027148035437577989e-02
9.979296944906550226e-02
7.772669745058007063e-02
7.262413263623672399e-02
9.292276046102046494e-02
8.747264223230047375e-02
7.046726951030392143e-03
1.038016365346890596e-01
1.060957455123191923e-01
2.591520458248604362e-03
9.256625117241362721e-02
4.897880805325387915e-02
8.259111639808615346e-02
1.039711064204697638e-01
1.466605367940106673e-02
9.886081035737062650e-02
1.047475351997950305e-01
1.556516190003268303e-03
1.925042388169627763e-02
3.005607965331953679e-02
9.304986017740309034e-02
5.035898851662445885e-03
1.032383991034356019e-01
8.919249281723762302e-02
3.648905132310596711e-02
1.964679428666155775e-02
4.922076667855788262e-02
8.815901245595537949e-02
5.400967120673069027e-02
7.503872919061249820e-03
8.609584903180859949e-02
3.899573107351083506e-02
7.645019779194317522e-02
8.512161362461849456e-02
9.155098999510796753e-02
8.550560336213733348e-02
5.057665484066720119e-02
4.852878855647202103e-03
1.050125396105110742e-01
1.032259090174236782e-01
9.236848481633751218e-02
7.383520772644730501e-02
6.622442434814344858e-02
5.020096627115101101e-02
1.063411101597948744e-01
9.950688387534765977e-02
9.546536629468076185e-02
1.928743751418764141e-02
6.042903912813616524e-02
8.675640376755762440e-02
2.770415682964705306e-02
7.536016045457699652e-02
6.456004998267531048e-02
6.119340594158748266e-03
2.874480805841812467e-02
5.640403201474035455e-02
4.695701748243488044e-03
1.016196428066193508e-01
1.078527098570014053e-01
3.770881370620229184e-02
6.428630604760313116e-02
5.377764032475165767e-02
9.289724043865030256e-02
7.545903419707804261e-02
4.102888464082968950e-02
9.919912617686069134e-02
2.014415973638953444e-02
1.716224629864807755e-02
1.008119956519036159e-01
1.007490380106640937e-01
1.185657599162640366e-02
1.195125743182600536e-02
7.211871445256599900e-02
1.011699520628747823e-01
5.722805722067834944e-02
2.006757066496439069e-03
1.028168102389070970e-01
2.926354679288192123e-02
1.943693330500850108e-02
9.394301545155872568e-02
1.469294292026548021e-03
4.192154438732035443e-02
6.038685033274093783e-02
1.750349217821448380e-02
9.768775951382639711e-02
1.001030158407029413e-01
5.336396722607397725e-02
5.796584699008867220e-02
6.636325578839208372e-02
8.080438129926960367e-02
7.507786881671310586e-02
8.230891505094262151e-02
1.041031966356881500e-01
6.766075894527683043e-02
4.790840918045662089e-02
8.511390102240351530e-02
6.464590279950785390e-02
4.927553739023247947e-02
3.432383022188286587e-03
7.036875055500119158e-02
1.065029957920517467e-01
6.904661262149122680e-02
5.495118737622681909e-02
1.035597371135215661e-01
1.064250796390608655e-01
6.414262839144172119e-03
6.765293007717525751e-03
7.353343174505069801e-02
1.045641522864660944e-01
8.210534969517585546e-02
4.219260249673364993e-02
2.307930169901137307e-02
9.300985311565097835e-02
8.902841704048473914e-02
1.022239886591809616e-01
1.926135152946065188e-02
7.419821545395981210e-02
9.255908129832186859e-02
7.526132399081895963e-02
3.389626163922579427e-02
1.070742352484064241e-01
4.286389456612192672e-02
1.050122028072398156e-01
4.396738059286778300e-02
9.649544357717794452e-02
6.052783589710658552e-02
9.238291631821669847e-02
1.376500446311351884e-02
1.072230577941060414e-01
2.772613757737292777e-03
9.319592897145134031e-03
2.782902346888982067e-02
9.935268933930108126e-02
6.547832093955352484e-02
9.243527768900690333e-02
4.577226125239421128e-02
4.149641062113681306e-02
1.007639105350483510e-01
3.646946853256451820e-02
9.944438092567875476e-02
9.924440209129378743e-02
3.009982656507326909e-02
2.797390075026486359e-02
8.121363722141836106e-02
1.729641216159564718e-02
3.169520256605514504e-03
9.746648526555812264e-02
5.958953311682391174e-03
3.114644143919071198e-02
8.838375092596474636e-02
9.107731188519166410e-02
7.599082304560281220e-02
8.244414106313101287e-02
8.286777735495506891e-02
1.022278741627144910e-01
1.015102726125643035e-01
7.533235860319729971e-02
6.988741563895620179e-02
8.575096101807669347e-02
9.907533579226826537e-02
3.586176908490687487e-02
2.167214484538101602e-02
9.365304700822062178e-02
9.703700183275537627e-02
2.067466868128200325e-02
1.064927536608481634e-01
4.158383452264093755e-02
7.343467330960845585e-02
5.636392057848070569e-03
8.903637216907661633e-02
2.945282920306803442e-02
1.051133541818766587e-01
7.068575557497355907e-04
5.649746839298545181e-02
1.146841135479878711e-02
7.570004255150498962e-02
8.673244251611361699e-02
1.000937504085914059e-01
4.928331193083405372e-03
8.021045504872367305e-04
1.058927424582822019e-01
4.246701238146228380e-02
2.647687431552189427e-02
6.567013816531751258e-02
2.640333884509501669e-02
8.478211072972194340e-02
8.147932631279414251e-02
1.021140908029792710e-01
7.501079140089400576e-02
8.995972315041669831e-02
7.912241636280757662e-02
6.930850216721019807e-02
4.008107672870085680e-02
4.901199077396780485e-02
7.378288705299854144e-02
7.387534510888088546e-02
7.732898894036469017e-02
6.955146352448142444e-02
6.485946518220718493e-02
3.493501018896012777e-02
8.718520434744518599e-02
9.233629187755594547e-02
9.958277272685749082e-02
9.923174376411983411e-02
8.990702636504892264e-02
7.872903833067762536e-02
9.941799152770917913e-02
3.215896542063961805e-02
5.608124821243694325e-02
7.107649615031625193e-03
6.963732428955419183e-03
6.922856424939675957e-02
3.204345435233921756e-03
3.058631703444484456e-02
1.486296336692802256e-02
8.808496291274452161e-02
1.012373278255327413e-01
2.292648966716074460e-02
8.808868134972443198e-02
4.146460523529907349e-02
1.048919319563739599e-01
9.244709443528689730e-02
8.586004935802404869e-02
9.577932071529629554e-02
2.493144490645667066e-02
4.002027880783552011e-02
9.965846799687431978e-02
9.727498475185906990e-02
1.034851143848477262e-01
8.873552928693556607e-02
9.764971707404303258e-02
7.855484762300224411e-02
9.994433069324912267e-02
7.258823710434792777e-03
4.646966611634106153e-02
1.507749126712026010e-02
6.216068434297965239e-02
6.365816802546363229e-02
5.992682453633611100e-02
5.212532481041762950e-02
1.049751797945757958e-01
7.297448485642583915e-02
9.206581883253177334e-02
5.724723882193943209e-02
7.367920524202448140e-02
1.077070370399175886e-01
6.951303673471478928e-02
1.026922768461258212e-01
8.181208126805823710e-02
4.213597367971385482e-03
8.182358674988753078e-02
6.165310620884432297e-02
8.347266512285286127e-03
1.052132436252635611e-01
9.357469667505624589e-02
1.060490970633164685e-02
9.872225951904603503e-02
8.595412042479618972e-03
8.583596831514044012e-02
8.907208428896748464e-02
7.023958846677264001e-02
5.364085739635381794e-02
1.160186358161396057e-05
1.021122035831171920e-01
1.574425849508252068e-02
1.001332844337812084e-01
1.849855372252176642e-03
1.560001931536415809e-03
7.066493178760765992e-02
4.132190379117493817e-02
6.934748088772994454e-05
9.993204090356416769e-02
3.161099536645595696e-03
1.034222758278046002e-02
5.540037928410113804e-03
1.008113063479643828e-01
8.121834209934182536e-02
9.336296549266083489e-02
1.772872474965784748e-02
6.380237429837731788e-02
4.011168513309076172e-02
5.595259684240800474e-02
7.738980694521803427e-02
1.002979187661604682e-01
1.842528435243294058e-02
5.089965156093641252e-02
9.606439105457853511e-02
1.464858650379818016e-03
1.081482516921161707e-01
5.890114751704251389e-02
5.778431474251554539e-02
9.597616872645134412e-02
1.190755903396276995e-02
6.820602895608241477e-03
7.172560153366706881e-02
2.609399864137214309e-02
2.873465230378556036e-03
3.622334382130536039e-03
6.481088024155957916e-02
8.249968534880049165e-02
2.458187735628447612e-02
9.871759096451671045e-02
1.025263016941386079e-01
9.344173038505668161e-02
1.270813070094625047e-02
1.427924140963049426e-02
4.395981219017004032e-02
6.311264358884446923e-02
1.004269334107099065e-01
9.642143339886007081e-02
1.039645698070417318e-01
1.921399325632572319e-02
7.182164348908857965e-02
6.702665533795490460e-02
8.163740544918697897e-03
9.019269760166011285e-02
5.471226674496473819e-02
3.166481946975144984e-02
8.199510445616639553e-02
1.040075988139392699e-01
3.564683071650835700e-02
2.711459614282482958e-02
2.301188960340355347e-02
1.902201042721433574e-02
5.746403260079763903e-02
7.339135378760620887e-02
4.252657805822872804e-03
1.057451914085901085e-01
5.727701395259589962e-02
8.932441414790180667e-02
8.369865074373929181e-02
1.007282309469040710e-01
2.200291146045502827e-02
9.548548864426346927e-03
2.667100938515770334e-02
2.153674780671576815e-03
8.666382572296511865e-04
6.989293177340188956e-02
7.195686164818755615e-02
9.362753189661446318e-02
7.287010003232441413e-02
1.604787534151741468e-02
9.859831093151993908e-02
8.281614335859371900e-02
8.422485252393285826e-02
7.179519923687224803e-02
7.491935545917111083e-02
4.603875731209905453e-03
5.831081827442544108e-02
8.935528252258177762e-02
4.512069215989301940e-02
6.482904087615340427e-02
9.433349059024165317e-02
4.897339423497233668e-02
2.707495657346631421e-03
9.971467772793214668e-02
7.773736828106010688e-02
1.069823661373979218e-01
1.012392075829038167e-02
6.890364060840266369e-02
1.017369279334454785e-01
8.542205865194682501e-02
5.745728582773892285e-02
9.544936670303146020e-02
6.077036663961583873e-02
7.981487958438127084e-02
4.220373829520950547e-03
8.398093874625761623e-02
4.634535391230831108e-03
9.482102581469693814e-02
1.158733664354891051e-02
1.843415316270720708e-02
7.888899844711720621e-02
5.699550276228923518e-02
9.630109642234206679e-02
1.031538527253042792e-01
4.463255037844694045e-02
9.027855397297618323e-02
9.826497090979215143e-02
6.278389968366940993e-03
3.276595257623388796e-02
3.229535696702165448e-02
7.395716902437729501e-02
2.298477428637369507e-02
1.089396288413394843e-02
9.059419046582177504e-02
2.780834473483665900e-02
7.242910315465952986e-02
1.313846683074940645e-02
1.327360000157458116e-03
9.920558326088842194e-02
7.028855486358552562e-02
7.402132694160309945e-02
8.484098772005736755e-02
7.143461927713844195e-02
7.710060747116458113e-02
7.057319771458617219e-02
1.033753787396368869e-02
9.382333705270677615e-02
1.015031587605646213e-01
1.024026597817454809e-01
2.672135325111697074e-03
9.128720233347369095e-02
4.559996881664503399e-02
9.280357911605380261e-02
8.937602168289521254e-02
2.140551163981685434e-02
9.975524084693804250e-02
9.191826382662976469e-02
2.944085185702997876e-02
2.181586593147932449e-02
5.688799761903132191e-02
9.708599593543228157e-02
1.063145479244585884e-01
9.794500570947577145e-02
1.776797822242238978e-02
8.910310093020273881e-02
1.820252198034670241e-02
9.157951745485992667e-02
5.305622089855130397e-02
5.849647212645628022e-03
5.923878923330793550e-02
9.682028496511652094e-02
4.729497831528937241e-02
1.217146698263969935e-02
2.216015889506067760e-02
1.892917637027444547e-02
8.214453160048253155e-02
8.828100026084281793e-02
1.655095346127589268e-02
8.204205042102790876e-03
6.033381582533855342e-02
7.573671535730820692e-02
1.326635646644011048e-02
1.240083030237125288e-02
1.043334274502132480e-01
8.413640972749603097e-02
8.965769304536537476e-02
4.826666016864232522e-02
2.465710662703313183e-02
4.363808223815274223e-02
8.286871021861147782e-03
3.450346503777808327e-02
8.882116651998957224e-02
1.531132344197520291e-02
1.288671131151162760e-02
5.180686220043130563e-02
7.644238319258775394e-02
1.679273066241709911e-02
4.911268262102239102e-02
8.214914430856475047e-02
2.668536496465412702e-02
7.480925078609046604e-03
1.025555685456271127e-01
3.912682544959365794e-02
5.269807863763502354e-02
9.097271502428119772e-02
5.743698383582425404e-02
8.440777716504739570e-02
8.866232620229615169e-02
9.220394312505786338e-02
4.579681707736235619e-02
7.166029259633599491e-02
8.505122262806934230e-02
3.484587893361191374e-02
4.745345401767800397e-02
4.158029182382862177e-02
9.545551399758837874e-02
2.786626628655954063e-02
8.055574452464667190e-02
7.488977208747177317e-02
1.234841368433638870e-02
2.922584972540795759e-02
9.386165109716448907e-02
6.956645011873410778e-02
1.414066338864047347e-02
1.059849211420569107e-02
9.257519071862918558e-02
3.234747305421045022e-02
2.804629495210496717e-02
1.006432462732748667e-01
2.682219315163687778e-02
2.715600229989459640e-03
1.026808390095836909e-01
8.567378825665122877e-02
7.055815977775814485e-02
2.492687065540601966e-03
4.770189115434216205e-03
1.733480896551970948e-02
8.625873501536730770e-02
6.988906949221076045e-07
8.907415525249252897e-02
7.908794267728051774e-02
8.355351442650557625e-02
3.745626830114664324e-02
3.723664831788488921e-02
7.234451207299034958e-02
4.793251937460046852e-02
8.685333838619549440e-02
7.779332770930119656e-02
1.033496942876587221e-01
3.733696911278548691e-02
3.599254723085953955e-02
8.609214571363735247e-02
1.782279543006042369e-02
8.434176996655956549e-02
9.261827832018798556e-02
8.824113296183215549e-02
4.662339460700459098e-02
4.479921531587607690e-03
6.761641462768582661e-03
7.097367808214533058e-02
2.486722537731980709e-02
6.096590792598650249e-02
3.960643981712615863e-02
4.101397282076876816e-02
4.331749545594718726e-02
7.476385613709493616e-02
4.153422382086559977e-02
8.330658380229420679e-02
5.099444739606567856e-02
6.393790713133179482e-02
2.686862546795649922e-03
6.024956230117591710e-02
3.762441044930039946e-02
3.774067426515589213e-03
6.692133057014822139e-02
7.935120405706011515e-02
5.552753836384585751e-02
7.102859622332265144e-02
6.447507875221980544e-02
4.170138822730974637e-02
4.493997464814323411e-02
2.550249843954502729e-02
8.883119441521632187e-02
8.536222152116006157e-02
1.076471614830158685e-01
2.726254232401640124e-02
9.322946647933533226e-02
8.114217742140583667e-02
5.303105359823637177e-02
1.205995170910433012e-02
6.704735879141471289e-02
1.156494219383410842e-03
9.352057114111582414e-02
2.392474594625784278e-03
8.846425068228233601e-02
9.842590067803551335e-02
7.141479505031052277e-02
1.420865932869630650e-02
3.386063803073483675e-02
1.921278947586846017e-02
8.428349599477943932e-02
7.342728261208412988e-02
8.846958714167572901e-02
8.585711645101207906e-03
1.026214155215561530e-01
6.594005118865256532e-02
7.578072212294545418e-02
6.271643967398720515e-03
1.033345805438814491e-01
9.464190604794343875e-02
7.257965311585586055e-02
7.448003517497139847e-02
7.210394728704386247e-02
2.449429699561140802e-02
8.780400744562899887e-03
1.597648683135754685e-02
7.694328344567549771e-02
1.022505207917545345e-01
8.338251612172857541e-02
1.066047226926652852e-01
8.598637530825935238e-02
8.490261289753096852e-02
8.581324102988281688e-02
2.524811477448001343e-02
3.055153975026063395e-02
1.011521119015868497e-01
5.226345616628009366e-02
3.784396984640197702e-03
1.464534729186487902e-02
2.475343383707860612e-02
5.470791794658698415e-02
1.825649506986761969e-03
2.846491688755165700e-02
5.537228247390870578e-02
6.397024962518528708e-03
9.629242148972155801e-02
6.690558050944444939e-03
6.954297793619322599e-02
1.359156103499733516e-02
8.710468215479094667e-02
6.230906872687187736e-02
1.647361286556821292e-02
1.012929489190636523e-01
3.975073870670141861e-03
3.044388132663861796e-02
9.805367363519378043e-02
7.231122217639905647e-02
7.960798009920636020e-02
2.230936747591465152e-02
6.695425643662879234e-02
1.051666000964467940e-01
1.200922980491642318e-02
6.791127855740161558e-04
1.611523048175619865e-02
9.455816650949555244e-03
9.362825760491058635e-02
1.022326878134510036e-01
7.877240451193351367e-02
2.351138748074342588e-02
1.074644294912348585e-01
4.631499706805506517e-02
4.776752016471197404e-02
5.782707698690890685e-02
1.433780860054691998e-02
1.074134152878716136e-01
1.270730661802264155e-02
9.341721171770592247e-02
2.511625581469603338e-03
4.603978677274318809e-02
7.435384848369679112e-02
5.470766570245463173e-02
6.668659809889813939e-02
7.126042267478192860e-02
7.834542226262906917e-02
1.007131198004875688e-01
3.476933411098050847e-02
4.646716439485532729e-02
1.662711638483324681e-03
6.383102123030254260e-02
6.288604090805059721e-02
8.600457959339399827e-02
9.269745266827147945e-02
8.592421229975047425e-02
5.108829375476425100e-02
9.547061414394384174e-03
1.055164659352277462e-01
8.712132597995072766e-03
9.611409421654963647e-02
1.450758283652097032e-02
1.372377953425155638e-02
9.419821902911765243e-02
9.786791028382132995e-02
3.355252414945268657e-02
4.534875154162690269e-02
4.354904840736841670e-02
1.058051880855844229e-01
8.840877360515643490e-02
6.838042204667572899e-02
5.411239423634754686e-02
7.182068227140415637e-03
3.568098150593980444e-02
4.546127428520610990e-03
6.065481223812600048e-02
6.389260538235211340e-02
4.018741394510066262e-02
1.001963700287067105e-01
7.388935870282746163e-03
6.157121316263711825e-04
1.406394136570516228e-03
1.660504278512381707e-02
6.750385837986007387e-02
8.704101905609516743e-02
2.164024083722983910e-02
7.675509276228217881e-02
6.206771647258120528e-02
8.549544013386241315e-02
9.742507125126007028e-02
7.174057935507950623e-02
4.846424255537126746e-02
8.925742825842025718e-02
7.497896530064467047e-02
2.109615892764532541e-02
1.049683009951131035e-01
3.054809922854676354e-02
7.277921558554248382e-02
9.091311576986543797e-02
9.070834327973971434e-02
6.618531823954015847e-02
7.542030135201296948e-02
8.644168467165720682e-02
6.185680969853758759e-02
8.244278418963293942e-02
9.628394958876891271e-03
4.010341000333164652e-02
2.055548108445758027e-02
9.828518682615587643e-02
2.962829727344372388e-03
8.593938000192516413e-02
7.901464717745343425e-02
5.856881822310251728e-02
8.886693920547775183e-02
1.812967614902582722e-02
6.322799094832166900e-02
5.886800027969830290e-02
2.893765732703941496e-02
8.423495673230872727e-02
5.871175898872537345e-03
6.376226193898509864e-02
9.466721464543116638e-02
8.042185233365407859e-02
1.035634684400196237e-01
5.876155325538458957e-02
1.305924669521336436e-02
1.325920964255947881e-02
8.073234492550532271e-02
7.867040187619336877e-02
2.811716996145589755e-03
8.001821055632342417e-02
2.579186200350737715e-02
9.764709051346026625e-02
9.905459955400401639e-02
1.017777436150751336e-01
8.666439220959086531e-02
7.669630656121725898e-02
3.385226479750643586e-02
6.853660035597422540e-02
3.023002728740501605e-02
1.182447245510118844e-02
1.054818054536762195e-01
9.058658164771979382e-02
3.339087388913043741e-02
1.033350384994238536e-01
8.851045098720476331e-03
3.171592878337513993e-02
5.677081029241055204e-02
6.959762700837889005e-02
6.554070378851140077e-02
1.863896518069628298e-03
9.316212134797914601e-02
7.489831940711697000e-02
1.111980541740913847e-02
9.514792009416291052e-02
6.527137982133013328e-02
8.347399794208371082e-02
1.438739760696188322e-02
8.103746828226304766e-02
3.962494203663343567e-03
1.055136966203621719e-02
9.535354036386707588e-02
1.047945540963284017e-01
3.386627854109450914e-02
7.437711558973621184e-02
9.707628223487872743e-02
1.027774516793696774e-01
2.974669704828647454e-02
7.543271975061767443e-02
8.541352897738812427e-03
9.484934104517251177e-03
9.265803734991770457e-02
9.558956739292390203e-02
1.002023447511393300e-01
7.835038558348092486e-02
5.716580615043344304e-02
1.073361671417772251e-01
3.765483061305215789e-02
4.963426985434941235e-02
1.589475975569005703e-02
6.732724226069997098e-02
4.047226973295859481e-02
2.898904048610049470e-03
8.677910575446284858e-02
9.923920358688870236e-02
1.667255851789509191e-02
8.066679354497896526e-02
9.521483896893057075e-02
1.041256291376472520e-01
3.701892118620166844e-02
8.476652718931464159e-02
9.801883726555954413e-02
6.535003518099148645e-02
6.965274545326202715e-02
6.006087247099150400e-02
3.449892794117657285e-02
5.710747491467856388e-03
3.217167616272519071e-02
6.478036950670588989e-02
7.107416708144739803e-02
9.518779578219406512e-02
1.020908359928599657e-02
7.448640248684959553e-02
1.575610232578587150e-02
2.872945152481630460e-02
9.827394957172348733e-02
8.298538919785200529e-02
7.932236194038620736e-02
1.928300702845992323e-02
6.154518401706657316e-02
9.977165793112618974e-02
4.872260634334538154e-02
1.058582498695701674e-01
1.009925954094125639e-01
2.612771253412910985e-02
6.161948834420496318e-02
4.418004509218596138e-02
7.459748050403666730e-02
4.703488818948683287e-02
2.731192482228630633e-02
8.097670621553457182e-02
1.203531786691730511e-03
9.761969023215141816e-02
1.042791875885163422e-01
9.785368694930032807e-02
1.836007834555991982e-03
1.019844152529240933e-01
9.523640632951414775e-02
2.151330912658888303e-02
6.017629007572373318e-02
7.511788900054157392e-02
4.411634915978754345e-02
2.628514837787369537e-02
1.059881648869080151e-01
9.382916029735051400e-02
7.102189217167717561e-02
1.883575860405890812e-02
7.274956169897382752e-02
2.680782593440254186e-02
2.910172806950411806e-02
1.057486063291200942e-02
4.968123838467630032e-02
9.638834180352841285e-02
7.432130135206194144e-02
9.474218423287132651e-02
9.564153194715251105e-02
8.833098486276176609e-03
9.841207659744398428e-02
2.027968098960574589e-02
6.190495548922958502e-02
6.108784093124742381e-02
1.924208951435356363e-02
8.458753637722368768e-02
3.124530923905547569e-02
6.060026046973764069e-02
5.737770838990249173e-02
1.080699834805859960e-01
7.751649471984697892e-02
5.446823578791585435e-02
3.718511564880259967e-02
2.618768738789026100e-03
5.819256524511486756e-02
9.881220076894874083e-02
1.003997068067918330e-01
2.316145491055791872e-02
7.741230273985381938e-02
5.111521021770739498e-02
7.235418646811686560e-02
1.490238242204088535e-02
9.826160946749600000e-02
9.225225292942200450e-02
6.081872176087291249e-02
1.066075262593596529e-01
7.288607604351744762e-02
3.351384067982692179e-03
8.677779361034282379e-02
5.364047731712121491e-04
2.475827967712838570e-02
1.113062624108067562e-02
2.060074949333146055e-02
1.062567638341902349e-01
9.124377903602896855e-02
3.474608962127696127e-02
6.607811352343763434e-02
7.731795264522797750e-02
8.699788616490415627e-02
2.868933922954985949e-02
7.386777876223621364e-02
8.393240443759504565e-03
1.071826217880429144e-01
