2.777546932877589594e-02
1.125387557825676815e-01
6.817272510761340776e-02
4.397624204654780600e-02
8.376280114809023236e-02
1.133582367521907691e-02
6.255154980219206073e-02
2.365829902302484314e-02
8.882209962604875608e-02
1.008121826185245512e-01
9.879067636882361836e-02
4.265027885909108973e-02
4.761845882211297037e-02
4.917674096197656441e-02
2.606640450346724494e-02
6.641741359116311305e-02
1.030211659193296936e-01
8.421509366712401357e-02
1.236832404398954810e-02
3.627687936511141131e-02
1.013677873146418516e-02
2.891135537046261861e-02
8.481215847659588636e-02
6.209899534092164913e-02
3.370635412175614076e-02
4.233108900509471167e-02
3.531645566005478520e-02
2.825762107397009754e-02
1.007005252003554258e-01
1.067721977451388249e-01
1.684473120220820195e-03
5.063248988189197192e-02
9.452211448561259610e-02
7.754039471078134904e-02
4.155497632170885268e-03
1.098681258300656868e-02
1.498765075823210030e-02
1.018694845747313837e-01
9.862573439118001162e-02
2.308266562047889964e-02
5.136906289793010533e-02
7.952922185822004775e-02
8.893933468260489805e-02
1.082391238039552006e-01
2.616009743699581475e-02
2.619369812779884926e-02
7.455544662114296783e-02
2.515566487360905781e-02
8.158466227993350917e-02
3.443551945674808157e-02
9.391461896240480001e-02
1.440586560550311847e-02
3.260982317254074170e-02
5.851190473803916797e-02
7.526782850654190841e-04
1.008874829289322372e-01
5.629768344957643278e-02
8.552782151032098813e-04
9.726546369933440628e-02
2.446236589345659670e-02
1.754649553035729850e-02
3.721837468396092807e-02
3.072583236735771176e-02
7.029160712948287482e-02
4.989005254798623695e-02
8.462917150901121122e-02
2.676024808200658939e-02
4.231008857963626524e-02
9.968921635627384092e-02
7.393578150391798276e-02
2.621082297137924955e-02
3.844251252911221745e-02
2.856043681190245328e-04
7.744273685831967735e-02
5.540112972738337610e-02
1.279550702716853242e-02
3.112058901900267155e-02
7.859493860092392481e-02
9.698437075061089319e-02
8.065534740788440904e-02
8.021821202039805532e-02
5.101964756403395279e-02
7.258935184694939591e-02
8.261369250782078441e-03
7.152379978617791345e-02
2.943882281797503505e-04
7.705686813296357129e-02
1.128788081685381112e-01
2.287992756300682648e-02
6.302132373586083469e-02
6.332585711634915182e-02
8.815624952277754944e-02
7.251952126888000505e-02
6.040125322289226217e-02
9.433761713664993998e-02
1.104592689123366875e-04
1.094561645296179275e-01
8.593490368616871211e-02
9.259379909932859837e-03
1.048913315588404782e-01
2.571220093076753005e-02
2.971842419887226264e-02
4.354654883470573251e-02
9.555068625502768920e-02
7.934707297481152777e-02
1.451911788241423966e-04
4.567676076900952647e-02
1.615519421903219288e-02
3.628447713090553195e-02
1.940172392195090023e-02
8.341434009182931153e-02
9.137444403295010009e-02
6.859921109867493649e-02
1.481215575268961943e-02
6.631737119391408614e-03
8.818134796647740525e-02
2.620487594972932544e-02
4.021678833046415241e-02
1.823699644170376222e-02
8.662950942553231115e-02
1.937930983340672986e-02
7.637261912791988572e-02
3.357768786210620776e-02
9.384859628379135787e-02
6.330090618495365362e-02
2.073299761137730249e-02
6.426076855249478192e-02
5.314151647730637820e-03
1.415265164115682081e-02
3.099222533583441408e-02
9.349984164753794014e-02
3.500433757003286461e-02
1.043257887456564559e-01
2.372424346419337027e-02
9.728459414139400963e-02
7.355183116082388006e-02
8.703962649557500653e-02
4.095650325497225686e-02
4.613404723736283519e-02
2.744107883954354302e-02
6.211955080965219679e-03
7.775560822692161034e-02
8.842054893927081549e-02
5.938997565741729184e-02
5.769261082192300022e-02
4.166401065711589774e-02
5.086776418988608883e-02
6.276972255352693264e-02
4.826565468410823345e-02
2.626991944797931258e-02
3.586336661324216607e-02
6.871542822284816554e-02
6.385098207201249376e-02
2.630951483491386286e-02
4.944321291924740763e-02
7.233369641985798459e-02
4.745248485348584760e-02
4.438618134439538399e-02
7.798949750308829809e-02
8.352394343359202666e-02
2.159660375084236552e-03
7.147668620397300276e-02
6.889650408820964522e-02
7.831840384119587162e-02
4.232882500662319553e-02
7.425494509476893157e-02
5.043480164239751151e-02
1.702021679046535410e-02
2.715577726126519251e-02
6.752836199444677001e-02
4.091479051794269517e-02
1.520878565006851882e-02
6.976985153888010105e-02
4.589170314673889084e-02
9.946056679237343101e-02
1.099542658516548671e-01
5.919478663905825694e-02
2.645192046342554476e-02
1.000350558058333700e-01
4.719046231330526961e-03
6.941133837463299427e-02
6.620217109244880271e-02
3.313035277042701565e-02
1.132512458411778777e-01
2.426830857708856676e-02
8.468897674817169041e-02
1.085885559132123285e-01
5.917059381513729149e-02
1.107681857443791607e-01
7.503160717096282739e-02
7.883566017685357530e-02
5.819226466620197602e-02
2.409523300399792761e-02
1.952718429258483435e-02
2.496092570808591815e-02
1.736629615055786460e-02
5.893917090238549178e-02
4.608552396793853811e-02
4.337719401047164525e-03
3.525869124551803124e-02
3.690293491826831390e-02
2.991322890702113185e-02
3.513060153933866142e-02
2.134739565420500085e-02
9.649405596377094718e-02
8.259636445786888714e-02
7.184704099856832615e-02
3.888574473078922067e-02
4.944498419298987840e-02
3.099774374293847237e-02
4.235636190041797144e-02
3.635402405108976998e-02
3.615098356968451943e-02
2.706506184384105743e-02
3.209965089289956719e-02
1.829820264272915761e-02
7.345041042382727259e-02
1.008258163097799504e-01
3.897351778629304375e-02
1.868148875729404995e-02
3.167988750120462327e-02
2.862643370292133893e-02
3.004542381520704242e-02
1.023734991803020994e-01
8.104116865609303777e-02
8.189968871353074664e-02
5.344936262920788744e-02
2.815535449370358545e-02
3.533738312325451769e-02
1.363389862762785093e-02
7.454963806899146672e-02
8.604804628353895923e-02
9.233070464894657658e-02
8.914244941726409688e-02
4.682999268212546112e-02
1.103001612581357288e-01
4.543024825105838882e-02
7.768868482009153031e-02
6.990843487023556957e-03
1.446577470170386671e-03
1.668512249938534919e-02
7.442797275671469981e-02
5.012161404350598537e-02
5.386072037155590492e-02
5.273906622952363385e-03
4.847090013152138832e-02
4.463798667344216937e-03
3.617857411182199417e-02
6.034861323711742526e-02
5.829581525048185137e-02
6.455484275633924804e-04
3.843618648237441537e-02
4.339683453124498769e-02
6.877955194256102356e-02
2.107062635720803601e-02
1.187165899183985351e-02
3.004948561504676777e-02
6.542535063180261734e-02
3.316328695681006189e-02
1.782848934793572135e-02
4.229632834383539181e-02
5.989883237635413443e-02
8.994831440339484674e-02
2.449152717307087265e-02
3.554880132200204795e-02
8.076801585684677265e-02
6.270168354323255033e-02
9.626408351014613396e-02
3.809053657285216971e-02
8.123886049595270553e-02
1.222291071792670249e-02
8.134213100849101152e-02
8.589104895203154844e-02
1.355195743043253326e-02
6.183239565684310601e-02
9.311171530959828913e-02
7.883969608408421259e-02
5.424297386778576674e-02
7.722649095877955061e-02
2.475171339807587592e-02
7.404766767848543207e-02
8.712171763054027407e-02
1.045442895831646679e-01
6.070805658869090661e-03
6.120004735352332914e-02
1.112938324673020396e-01
9.083932097867987443e-02
1.006372767611840580e-01
7.117955854759014378e-02
9.503423744902574077e-02
1.072381270452820584e-01
3.361367922530419244e-02
5.342988793850197982e-02
8.930996964602998245e-02
8.273295904118500854e-02
6.661439229188099997e-02
2.991055554507674949e-02
1.839291336000956761e-02
2.310023253311659086e-02
8.120454167362578524e-02
1.791856916376370276e-02
3.456492058734795397e-02
4.295880901306632638e-02
3.051547556017530222e-02
4.591707100520770607e-02
1.065367781495761973e-01
1.097531152407641430e-01
1.059577026987403026e-01
6.860933793823814630e-02
2.850682023178770577e-02
8.035896346728475803e-02
6.993133098707680906e-02
3.037602162767755187e-02
5.810959309540349865e-02
9.016055320601003287e-02
7.466805118631621163e-02
5.508195941057354716e-02
7.088825427519097888e-02
4.348857356576041913e-05
7.835715065959426850e-02
3.047296219788342420e-02
4.015479652444910869e-02
3.906772430088339271e-02
3.203075835148965628e-02
7.667791630923322110e-02
4.681621894632497644e-02
5.360626050180626601e-02
5.355813922368036356e-02
8.695807649038406195e-02
5.140015559095098552e-02
6.938012971907162041e-02
1.615434612771960918e-02
6.236154709366945048e-02
1.485709779673289287e-02
4.736710049660044358e-02
9.611298858771158415e-02
2.754651667119307340e-02
3.415843590330273211e-02
1.667180185889690887e-03
7.297048596470018245e-02
1.445182421716842934e-02
2.359572157680010773e-02
1.790912935552551460e-02
5.270820559082864398e-02
8.589511079879900979e-02
1.017221923054611177e-01
2.277237672789874864e-02
1.095773404535594353e-01
8.147485180099839353e-02
6.499147322337274491e-02
3.838104273837559394e-02
2.066475205811839355e-02
9.657950001869722301e-02
1.491069581275635339e-02
4.827506899246621769e-02
1.690273586977113912e-02
3.078904470010326161e-02
1.557457377602285316e-03
8.304650052437190233e-02
4.888658462865193982e-02
5.023107651809688434e-02
1.139587022473177169e-01
6.401844982569454556e-02
2.902969999782089618e-04
5.021580497053580033e-02
9.960981236671732908e-02
9.092280183575300601e-02
1.006770577350440676e-01
1.032312426057841875e-01
1.929458007164136166e-02
1.103950083690856399e-01
6.636878606764907984e-02
1.094573399908152361e-01
5.306410503112834326e-02
5.669838021926464078e-02
7.464550156040421214e-02
6.044415569070141214e-02
1.063935406587624560e-01
6.463164807757271202e-02
9.962342554111475179e-02
6.847790322691732490e-02
3.377687262778911181e-02
3.538470418421549302e-02
1.623784036113313373e-02
1.417929339857998058e-02
2.476296240415096911e-02
9.438950023824688174e-02
2.234640397578782980e-02
2.510262340300605660e-02
1.236367200772107988e-02
5.455191246114639986e-02
1.045038827213858740e-01
5.528439870695559525e-05
6.947504512060581616e-02
7.631905022805475503e-02
4.075835792458568085e-02
1.069841251146328928e-02
7.544906446120225492e-03
1.759824586924234324e-02
8.690844701002774231e-02
8.922988740724599466e-02
1.343288200237828696e-02
8.739353177277082996e-02
4.527907282765847308e-02
2.898163527224519032e-02
4.077058942789658219e-02
4.498807940229843094e-02
1.015600463540209386e-01
1.039018356861104442e-02
4.940306412128202956e-02
2.430028130382973911e-02
3.529996366442635092e-02
5.655385144208581460e-02
4.657522581511732568e-02
5.388564183508514488e-02
3.629732587440928637e-02
7.003295505782516917e-02
3.720088330074693139e-02
4.195295081362868800e-02
1.533471267079375118e-04
8.976444784173831515e-02
8.084859458879695149e-02
2.432004305490163137e-02
5.286774874596050083e-02
3.777144857942214135e-02
9.563779736807979936e-02
1.016284253920445024e-02
2.772251530049965260e-02
8.430631113527773182e-03
7.134525721150172806e-02
3.207505120379499264e-04
3.835305884349737848e-02
6.272400453657910047e-02
3.925391303198989129e-02
7.210605724507002101e-02
3.721611834611085468e-02
1.558357525673299999e-02
7.466614745451040369e-02
6.543558588695255751e-02
1.063596502688840123e-01
2.319861662958153450e-02
3.079815350690118941e-02
5.812920874453345738e-02
1.030142577242273635e-02
7.564782047478176008e-02
5.034892414685575301e-02
6.805064216559375545e-02
8.482103595671434959e-02
2.458562558822291813e-02
2.248548083283089666e-02
5.579383993104040929e-02
4.631084935701351019e-02
1.139213027877390427e-01
8.348565122732450050e-02
5.930700464077318101e-02
5.065342866615332035e-02
4.936978719669701116e-02
1.419710060573920775e-02
9.720808831058132260e-02
7.936548874533040643e-02
6.633190286828408166e-02
8.719628864638197252e-02
9.033449062907050742e-02
3.038315139897978384e-02
2.353847932994441311e-02
8.655213128953266610e-02
1.013869567493798918e-01
3.414715705418013003e-02
5.320349071543149788e-02
1.052546298277061282e-01
7.072998870452058828e-02
3.278337897691777081e-02
6.182278751242583151e-03
4.040231015328211994e-02
6.589224574751365027e-02
2.954825403991628505e-02
1.051700439879346138e-01
4.005833888915989044e-02
3.183553791191343768e-02
5.630329601829883041e-02
2.919852964314554114e-02
3.116166419962145689e-02
6.517817142884523018e-02
1.034982719469774992e-01
1.081710956580790005e-05
1.676578878792731389e-02
1.049048346640716473e-01
3.487731284376031395e-04
6.370551528104692607e-02
6.910815910422297981e-02
8.017156232652519754e-02
1.108239557981628293e-01
5.843325133308217845e-02
1.210536875443033941e-02
2.495141312612889767e-02
3.206719860501822117e-02
1.019168865241642380e-01
2.541006384632205073e-02
4.812940624682240237e-02
2.159415204208248520e-02
2.108968215086562403e-02
6.762117262433946230e-02
6.878042918503327052e-02
3.065280396562222037e-02
1.843311684029608211e-02
6.097847727467676365e-02
2.635962613779512659e-02
6.003090510222584830e-02
8.828758632776864679e-02
1.932992747327514499e-02
8.142266849772614168e-02
7.344498792339244908e-02
8.024323594652060104e-03
2.700334071947403311e-02
8.740724735377516930e-02
6.106494481201306390e-02
5.138554370320380649e-02
3.427382988430627969e-02
6.507482836328357112e-02
1.163265492582739487e-02
1.756560376805460510e-02
5.807740819491061419e-03
7.535870158337536207e-02
8.096198719661611143e-02
5.665530625006900273e-02
1.034296637311311537e-02
1.930214349005475102e-02
5.589017553278517042e-02
1.751788777227012567e-02
5.496535392799625601e-03
2.148857770713047746e-02
9.532599462253715794e-02
1.118073221236671466e-01
7.708396374511231053e-02
7.523457395526494951e-02
7.334360743324540299e-02
1.072778891612078539e-01
3.789545232842394390e-02
4.091857619680846353e-02
8.611245657748825555e-02
3.053508571810588726e-02
8.830956644522156007e-02
3.515460609042749679e-02
4.380348907937885172e-02
1.462308867231934756e-03
1.531392295000358035e-03
1.195903481605429218e-02
9.325536051307983798e-02
3.344334967658416091e-02
1.071774793085194522e-01
5.074161991494729324e-02
1.015291957263160655e-01
1.479281024632617299e-02
1.054840313857512840e-01
9.169723743602281596e-02
2.464770377830420540e-05
6.390212106939234527e-03
7.816275238705992778e-02
1.234783414491377913e-02
5.422901938139423894e-02
8.902001030041610530e-02
4.947884379682383760e-02
9.711421861126014188e-02
4.690247345312838212e-02
3.971183908188308243e-02
1.020001439709093405e-01
3.144496618858447917e-02
5.911620652821835548e-02
1.135995868870032927e-01
8.857403947633243901e-02
2.445164802360005885e-02
6.539573177492691292e-02
9.615210604527572869e-02
1.923845948979024945e-02
7.944607572018043407e-02
3.774233458949020903e-02
7.591425328224546409e-02
1.129194423571250605e-01
2.942793138931794686e-02
6.360218017240437671e-02
9.725502563943883017e-02
8.545156502190627557e-02
1.100844666876347154e-02
5.026473894960538369e-02
5.730855568414624374e-02
9.623503146559805876e-02
9.651057011290146981e-02
2.847740996558591892e-02
9.981594728011715378e-02
1.534316238248258947e-02
7.756506225956738554e-02
1.938762080088473824e-02
6.817748676878299108e-02
3.533184420863134945e-02
7.816187814001615553e-02
1.106911506873396595e-01
7.654331147334945962e-02
6.206101264788336548e-03
4.175728585725529268e-02
9.742580299399798693e-02
3.132960313711171470e-04
7.860095493042006110e-02
1.071129212456050639e-01
1.198837300063753698e-02
3.737299893313524718e-02
5.213572939149678509e-02
2.797015087350845572e-02
2.925965849885416026e-02
2.128068287744048354e-02
7.557010634627223111e-02
8.270812574927359495e-02
1.836451545271008956e-02
4.099633580737407218e-02
7.218812581177559695e-02
7.820910361129279620e-03
1.124370606596752642e-01
1.618060449116189362e-02
6.841755968424902265e-04
1.457459844064681008e-02
4.525016413596801013e-02
5.386943914684844299e-03
3.365716018917475766e-02
8.816305147595997205e-02
9.764356650376845859e-02
5.729502242423238634e-02
6.000599326826620145e-02
4.142710637584762212e-02
9.259635316818466688e-02
3.603568842225112617e-02
1.015298108833912610e-01
4.444682895728269828e-02
6.267139761798021236e-02
4.591903072640733663e-02
4.458921187380802259e-02
8.143008460771242185e-02
3.016488054170743741e-02
4.842871476995364022e-02
5.346357939476312215e-03
6.444905739607124928e-02
3.719054128692213940e-02
4.122868509017726252e-02
6.109707298133233017e-02
8.532756317532920465e-02
2.760513398642706895e-02
2.173849406205236381e-02
7.366560803533124535e-02
2.395267450875511808e-02
4.629779252340192330e-02
1.658870156419894187e-02
8.546264097649500235e-02
5.471308372858955937e-02
1.696952819908294566e-02
7.433349782510427495e-02
2.093552445295236708e-02
1.091882937943622622e-01
4.317654492308498071e-02
8.176417030579928580e-02
4.970801070598321325e-02
5.271755453066241659e-02
1.007919238592457252e-02
8.490940941109900719e-02
8.714300086260549916e-02
7.189288134160574939e-02
3.814580696532633708e-02
4.034326029462621810e-02
1.114804799767596388e-01
1.361098997704177950e-02
1.037861738485259672e-01
3.848447489619885586e-02
9.266134988659253946e-02
7.506981756756046786e-02
7.719844702570211048e-02
1.230505989666948229e-03
9.773596908279993944e-02
4.791606243558956674e-02
2.863719442013198252e-02
4.473736186907605744e-02
5.252488603695071312e-02
2.577880383519558227e-02
5.043822631213926155e-02
6.169125086390113422e-02
3.600107774672178795e-02
1.334660761399936689e-02
1.086703684647417067e-01
2.740974423389077111e-02
9.700867839868439202e-02
4.982822068427764789e-02
9.203139259983321441e-02
8.654102825166283541e-02
2.798598763073774365e-02
7.092407816442942992e-02
1.099394094155244648e-03
8.950603789398042798e-02
8.205252153837516715e-02
5.538703255400050096e-02
2.975931578194810842e-02
8.066196519889687333e-02
5.686606076178621350e-02
1.730359954471274997e-02
8.945458548012742706e-02
1.193637573238758194e-02
4.389947686970142177e-02
1.024689846393251474e-01
9.166003290375603074e-02
7.876321512423525850e-02
1.734625009538172044e-02
7.966363485791655430e-02
9.829024815857620445e-02
1.548894386847040824e-02
3.942276866327832502e-02
3.749700678404056103e-02
4.308859236062700937e-02
9.924601361465582028e-02
2.120496061693157366e-02
7.723821102286995699e-02
1.111578852297915622e-02
3.805383100233410837e-02
2.552231630534474230e-02
6.149750462047103017e-02
4.746575427143373029e-03
6.002637682882329406e-02
6.679923424759004469e-02
1.185858440440071444e-02
3.292190017456662204e-02
1.116181074201107702e-02
3.390129580649393903e-02
5.490362572425152438e-02
8.274556481662599661e-02
1.202651457395145958e-02
1.409544951971015286e-02
2.746474506844136937e-02
3.774706427091243516e-02
1.023490864099846076e-01
9.739946601423345174e-02
2.293672216292403851e-02
2.915551522296652709e-02
3.330561244066221338e-02
3.966503279431587287e-02
2.943453772922602352e-02
7.025773455383914345e-02
5.349923091747282866e-02
7.860281684018202968e-04
1.009212769744485122e-01
3.087681319053333165e-02
1.737100041441239084e-02
1.666275371773033587e-02
4.879220222824561665e-02
6.380221607860441825e-03
8.283376777920216372e-02
7.220716614833425084e-02
6.389517243041757666e-02
9.298467211400236743e-02
5.605370536659375763e-02
5.303904114724584257e-02
6.035502211339969364e-02
1.105635591385000227e-01
1.984580063586665472e-02
4.880126916276265880e-02
8.030209034932640766e-02
1.017723535847967348e-01
1.855549777047225610e-02
5.639681197291298437e-02
4.450184141122882908e-02
8.238318546926198804e-02
6.918986739590991808e-02
5.952807165651617487e-03
8.561845841571682353e-03
7.281212694186059431e-02
8.821742200849716498e-02
5.353954284034292965e-02
5.459177047570895613e-02
6.688520783667545322e-02
9.866404622316292394e-02
1.723907666327219312e-02
4.573884043407838718e-02
2.219478373633576238e-02
9.219117481402230863e-02
9.913987979991466248e-02
2.427751306132105297e-02
2.101897569345128475e-02
8.763129813444046901e-02
6.142320096883992914e-02
2.533964610079866842e-02
6.302226013033525309e-02
4.612022751690859207e-02
7.067139438209373015e-02
8.947394379644765805e-02
7.230016465971900175e-02
3.363329827686339923e-02
5.929476321773818198e-02
1.137888781344915667e-01
2.777014353295405996e-02
3.511315072502377288e-02
1.978002031933570604e-02
5.548396299803084134e-06
6.595562547624850280e-02
8.579385043382874165e-02
1.422434344573877615e-02
3.156280895470717218e-02
5.810644788628568924e-02
8.108913025122298224e-02
8.124448071690618112e-02
1.062244950091315865e-01
7.038748537970014596e-02
9.749140740116850334e-02
1.128510770366606131e-01
3.505765808101214687e-02
9.546457126761068168e-02
5.827899324840168926e-02
1.059592820877930386e-01
6.668222238968439519e-02
1.076469094015827799e-01
5.127697597397153084e-02
4.925659426845530042e-02
1.883532936241056818e-02
3.273584358392419430e-03
3.959468894238678954e-02
5.833182873093473858e-02
5.697606527770281148e-02
5.740561983628900133e-02
8.374772674980573983e-03
8.359083716715712264e-02
2.549829390100845014e-02
4.220074580292066529e-02
1.060312567357626912e-01
8.565202366910472376e-02
4.346285445884264659e-02
8.701972686766226706e-02
3.181590828257465503e-02
1.977149781331862585e-03
9.007401884710181106e-02
6.871520788016241554e-02
1.102039602618777731e-01
7.956325796303252706e-03
2.306611348568035624e-02
7.241176592805625978e-02
1.508297305018481763e-02
1.036537762745760316e-01
8.700513911887600149e-02
4.008732726574152500e-02
3.532175853446736097e-02
1.330232621390489559e-04
9.484816266296343390e-02
8.703402902805704167e-03
2.112294261028872452e-02
6.497846374666522984e-02
2.405512082973441240e-02
7.414911084851105727e-02
2.251305402393529928e-02
1.736595283482361349e-02
5.773266363564167475e-02
5.694798714489045927e-02
1.196592819696654444e-02
4.604669071216896392e-02
3.258433413922375704e-02
5.306794421793659816e-02
3.034923630442426870e-02
6.563809519580657281e-02
7.537905272253985975e-03
9.391520395164712487e-02
1.777461841712807064e-02
2.086288288757425988e-02
4.394490730972136147e-03
5.226904218444256706e-02
9.339841846226297484e-02
3.205753190342796460e-02
1.405940384001776525e-02
1.614992122185957696e-02
3.357146769581766804e-02
2.802606882268725980e-02
5.720201834486329795e-02
3.770804857288494877e-02
1.062907946482586352e-01
3.367932598349584333e-02
3.738631596230933274e-02
5.856022759693057383e-02
6.018224859598371446e-02
2.237065834425277025e-02
4.815259441411161995e-02
9.809135074677627006e-03
5.910486732707237456e-02
1.085573162570128702e-01
4.598374171617410078e-02
1.067791905701960670e-01
9.514541476141662180e-02
9.731142408359756690e-02
5.541578165219838981e-02
6.691620046806080746e-02
1.192414150316652328e-02
3.487013264539388924e-02
3.069746951921464850e-02
2.251983567194068211e-02
4.814160523378641782e-02
3.119510230640395315e-02
4.994022661522776185e-02
8.142169914636436523e-02
5.518315573514197270e-02
7.193610708746269594e-03
7.094395618892442024e-02
8.094428066457529103e-02
2.687630576002428620e-02
1.063883217093107569e-01
7.925171417495181780e-02
8.159138695285306220e-02
7.638722095170639992e-02
5.021335697161787709e-02
6.535883130233012539e-02
9.381611181503041186e-02
7.510592545559817770e-03
4.238638673046415950e-02
1.416259813433494398e-03
5.535200440087559987e-02
9.143165502438994896e-02
7.456984514391644392e-02
2.172089267605162993e-02
2.266895433095090368e-02
9.339639219144513227e-02
1.023172456395798902e-01
7.992889744848337072e-03
9.636443840361740010e-02
4.900768017310633273e-02
3.782507577443435659e-02
2.048763011363089609e-02
7.813558007228547930e-02
7.406568055954897145e-02
3.276100815482292650e-02
2.152216141365131952e-02
7.291867609096670810e-02
3.288597501581008026e-02
6.148123353736724417e-02
2.203959977818860730e-02
4.383088226005664445e-02
1.097743948222300453e-01
7.894535453522191770e-02
1.100738038784378030e-02
4.247506930642102468e-02
1.166784913595078806e-02
7.911155436698368015e-02
2.888880566716330728e-02
2.067067702605223517e-02
5.611712029330946649e-02
5.914999488666268512e-02
1.039529888273286323e-01
1.861094080949144552e-02
3.369489547506083343e-02
3.969234234541547252e-02
6.061202652306983685e-02
7.951616599380886830e-02
7.687946247621045559e-02
2.096016537990118278e-02
2.595560918137616163e-02
1.021571412006858637e-01
2.799859053758765870e-02
7.617309476196079676e-02
3.688170813894000449e-02
4.446353625298520712e-02
3.856584897164130193e-02
7.383428099713867411e-03
4.108123925705507024e-02
1.131891240165254220e-01
2.906195723758262656e-02
9.455932368480754469e-02
4.255984226833743611e-02
3.217362306936669830e-02
8.484380105636568636e-02
2.034297768728840147e-02
2.638822305833754892e-02
1.119098651536863248e-01
1.995636032573140997e-02
8.176783446322835602e-02
6.637130907251438672e-02
9.034816575623930146e-02
5.148720739592947682e-02
9.650886211781400936e-02
8.204279748410722717e-02
3.629321259313702391e-02
9.888596419092159084e-02
9.382552295369304962e-02
2.785440785534299205e-02
3.563087064016413896e-02
6.593302386576130325e-02
8.319487930883651128e-02
4.801490375215045070e-02
9.695092547553818552e-02
1.602637588233690388e-02
1.068241848239088881e-01
3.592928480565618556e-03
4.846051714139587574e-02
3.367403259146402403e-03
8.416030659720219465e-02
1.905922396553974899e-02
3.225258850706351488e-02
5.381398820092932189e-02
4.659186125736843737e-02
6.298486291449631458e-02
8.336240826126627146e-02
4.776463464672038584e-02
8.561496946512200945e-02
1.398005674859972847e-02
1.033113661667186545e-01
