4.532999486468081846e-02
6.609209438798475944e-02
6.242277187531390659e-02
3.905129546684456276e-02
2.783283096052258793e-02
4.039612710009349295e-02
2.277635236830840432e-02
7.311403710900286901e-02
1.207869218774215844e-03
4.482882120865703396e-03
7.617109838964173686e-03
2.208301419216004979e-02
1.224250640316458787e-03
1.091270005346066940e-01
1.814188357034413751e-02
4.172333877111533001e-02
7.048717580311125719e-02
6.333329067816542701e-02
5.532020705047232395e-02
4.899190257566081452e-02
1.338241893941562698e-02
2.773083911270612240e-02
1.655476785419086189e-02
7.874613189122629808e-02
3.072165762611702051e-03
1.612233578521845082e-02
3.701212664923362455e-02
4.249867663915184862e-02
6.316569777385540319e-02
4.224177530524478308e-02
6.192278871619917580e-02
6.924777107347666882e-02
6.503156078048070998e-02
5.020067205312489511e-02
4.952629962144613346e-02
1.595855248441729532e-02
5.201027096987832776e-02
6.710869040413000586e-02
5.409842657144655481e-02
2.907086118633053079e-02
3.626713081060694427e-02
2.938776686052858855e-02
3.009872610874758658e-02
1.914016415452993516e-02
5.718153144111997460e-02
8.972805463850746371e-04
6.357774633595086877e-02
5.837674981723782464e-02
4.072616960538395087e-02
5.061556553471741049e-02
2.411086871384416838e-02
3.584035778960946439e-02
6.573401124454231192e-02
2.280327547835256027e-02
5.568915956857492522e-02
9.141219770239948986e-03
3.351212434223718728e-02
5.898013201094019775e-02
9.054280296943698254e-05
4.335728283700079899e-02
2.475479581043054864e-02
6.770160591793208948e-02
7.816203551265768490e-02
4.990536281680187092e-02
9.239630482751283458e-02
6.137848649854486414e-04
1.220300347015181204e-02
2.663817144107406831e-02
3.286035660825300381e-02
6.383831957116778422e-02
6.242592631758703964e-02
3.923385800835088588e-02
1.570369969895697021e-02
5.304000609921503268e-02
5.304614239514279100e-02
3.977008762711557038e-02
2.005041220022588035e-04
2.078706374172123797e-02
3.789517110135512401e-02
3.902062928542059800e-02
3.539218860174297987e-02
7.816200214935952210e-04
4.201905221568295185e-02
7.877491921104576300e-02
5.895370785135654185e-02
5.251387359134394167e-02
6.977106591580270467e-02
4.801168059043417480e-02
1.975470550236713488e-02
3.011793584520443962e-02
4.469086829854385795e-02
5.187479925493526482e-03
4.399595644782518244e-02
5.257274010522659802e-02
6.795776792202166960e-02
1.830501595515977159e-02
7.466703292179140139e-02
4.921690932551225223e-02
5.564246291356628876e-02
1.903972242728102157e-02
5.307184545707919338e-02
5.514422210061036000e-02
1.310119620712749469e-02
6.245499071986204687e-02
8.958801083910559668e-03
7.351989054976784677e-02
6.322872601185651475e-02
7.741062815138387287e-02
5.919181270059818700e-02
6.470813453099708012e-02
6.417057534496025013e-03
6.177288939687959612e-02
5.828514563877371796e-02
4.564844693566598444e-02
2.947124489260750588e-02
3.600483218089761770e-03
4.874889321896552774e-02
4.537047298688801772e-02
3.327790787194914029e-02
1.525743075460477514e-02
1.683449873036160782e-02
3.561093626085495845e-02
4.738528363600729701e-04
2.953721753751011384e-02
6.913596487039770644e-02
7.096048857711347024e-02
3.004954266537128091e-02
6.458105986053279401e-02
2.247833058447350207e-02
6.656962591103403326e-02
5.672616900171281729e-02
2.550524737177040438e-02
2.481155436723690363e-02
9.435080215894203759e-03
7.109836169828373520e-02
5.333475033057105685e-02
1.058220112114720106e-02
6.422957952377626734e-02
6.000840142427474322e-02
1.267412223556870290e-02
3.869156652939254731e-02
6.203065734561400563e-02
6.303593960121742223e-02
5.636221987356015983e-02
4.270049858713816787e-02
5.432654843430411579e-02
9.227517805008465801e-02
1.754671502264170194e-02
5.646667930350837000e-02
4.194480503916546421e-02
1.431037238486375547e-02
7.170991928240008639e-02
6.631134272983986444e-02
6.512557917586046796e-02
9.252398325280513898e-05
5.363837555989339062e-02
5.027747558635444272e-03
6.558261661142676668e-02
3.243666111040918038e-02
7.874799979643581915e-02
1.511905204363274413e-02
6.237632843134528760e-02
1.329188687399670936e-02
4.557660617795473990e-02
6.365063367777291058e-03
3.695549161882229899e-02
2.710212562730727331e-02
6.720229715758373190e-02
4.911078383010054893e-02
3.728974964060412928e-02
6.543468748317493588e-02
4.222669130208926702e-02
1.335935600289271837e-02
7.525613009664781916e-02
5.081332764889628928e-02
1.196651417050841049e-02
8.184391645507622243e-03
6.387013994693994945e-02
5.414821398404928710e-02
1.864294287325419543e-04
4.149413498893859075e-04
6.350079148459365774e-02
1.560284931990137992e-02
7.401258979934344229e-02
6.552316602777999432e-02
7.090925406940930265e-02
3.045142108367591277e-02
7.118559201255156288e-02
2.649207420227276885e-02
6.270276714943784357e-02
2.809096347583639030e-03
1.467046980818799418e-02
2.321527709150246130e-02
2.797998517492366818e-02
3.764583711075641242e-02
2.224755557261913139e-02
3.340269807190750229e-02
6.832469723287069863e-02
6.799161532856584644e-02
5.968779613400354567e-02
7.054672042113116492e-02
6.442368346785817823e-02
1.244545009287563626e-02
2.089215184206886025e-02
8.701435269754444202e-02
7.204876973082990910e-02
6.618688479827374016e-02
7.291892635037691694e-02
2.685505535710931355e-02
2.227798054586431833e-02
2.410077044351026376e-03
4.070300840080993271e-02
5.253127213019027908e-02
8.303000746900025819e-03
2.510479849792117413e-02
6.659416849628532753e-02
6.180029357347519708e-02
7.256534646650170291e-03
4.591984917932950827e-02
4.614894141335783989e-02
1.117774306031545963e-02
3.501892609453143707e-02
6.166123664201471344e-02
6.428913898267911431e-02
1.290344057905291712e-02
2.857174208122285550e-02
6.757306750016092711e-02
3.411595732874759396e-02
4.846679337750829653e-02
1.370778129280924781e-02
6.605302265660462080e-02
5.445374350167582478e-02
4.089992826255735986e-02
1.899224675195311518e-02
7.949581598950827138e-03
5.128581284153049813e-02
7.277557736276892009e-02
6.395857168766329315e-02
7.619180456156009369e-03
5.631090215569357210e-02
3.765330108529235664e-02
6.404793060169367523e-03
6.390937958820869236e-02
6.767321453936986364e-02
8.567256196420331912e-03
2.295471385726223848e-02
6.640504800990107426e-02
6.728273993012250098e-02
7.188373212797494194e-02
2.433338655153886605e-03
4.624178625634777634e-02
6.119671806808414660e-02
5.621236815814027732e-02
1.782689244441157742e-02
3.583575930056732278e-02
3.065904744492439424e-02
1.527654932055588777e-02
6.151698383101341511e-02
3.522412770290483247e-02
6.272999204720103306e-02
1.190386760138976117e-02
5.400971283015943564e-02
1.931651313296619057e-02
6.772143840088416800e-02
4.593065473644605649e-03
3.120847314180035990e-05
6.013098022315766650e-02
7.001223138896220388e-02
3.924610495143125016e-02
5.918406921384632841e-02
1.910438230856147980e-03
7.041350818413565082e-02
7.866088785357633340e-03
2.847084109620952666e-02
2.391132294056729987e-02
4.452947057904789452e-02
8.678882211055845286e-03
3.253206897163133521e-02
2.231510616486567442e-02
3.232352004807547557e-02
7.164415982246151449e-02
5.346803428590240354e-02
1.261864111476740727e-02
7.909079389297481166e-02
3.285098433444080118e-02
1.567638615791230178e-02
1.947833279220266209e-02
5.329648703026619756e-03
5.128454835600328166e-02
9.944738867256029419e-04
3.623371692281468492e-02
4.079386993744020529e-02
6.217032649263742883e-02
2.027577594792143514e-03
2.953703882107073381e-02
7.186312536764247194e-02
2.358266664123912643e-02
4.834495106221142757e-02
3.413938149480721246e-02
3.933102049314104835e-03
1.460601479415553003e-02
1.325484751521534971e-02
4.420524206241895765e-02
2.225630707746389415e-03
7.703821312203980570e-04
7.201877512296028794e-02
6.524984959155070985e-02
2.437476557115740572e-02
5.545433030571138983e-02
7.428895612935990100e-02
3.194728044605604778e-02
3.290502934870081359e-02
3.575365049392607852e-02
2.110302260646914826e-02
6.455857509394252736e-02
1.069182665597909199e-02
7.928081505888629615e-03
6.727800011592688367e-02
1.334690304775885614e-02
4.195648144355244163e-02
6.467272374795557388e-02
4.652456316390717050e-02
7.423717751249746255e-02
1.384253287093297792e-02
7.403417645790652535e-02
3.840701094668006604e-02
6.103370965785200747e-02
4.893351067856660519e-02
3.466817462370849062e-02
4.689272225371574759e-02
2.884211994783404676e-02
1.132901881278546193e-02
4.036661984316564783e-02
6.307347212230760003e-02
6.857937937771685366e-02
4.875743612582878611e-02
3.853610568773010309e-02
3.878280611828081176e-02
1.133619705065306606e-02
6.943199310970792071e-02
6.868190123095506590e-03
2.559577728942946662e-02
3.669651335855856483e-02
2.482292162131829669e-02
5.483622470835925605e-02
6.821379750649490814e-02
7.124705348911015979e-02
6.660651592219586636e-02
1.568221199777909344e-02
2.656060573278789735e-02
3.973467130954550647e-02
6.022422769641434803e-02
7.713320867948667871e-03
4.819046626411317008e-02
6.103896263046176829e-02
6.504697955609861637e-02
6.669173854374753352e-02
6.823556438921855871e-02
8.379082690196262839e-02
5.126923720871858631e-02
4.309028350505401950e-02
1.630167667311964441e-02
2.286839958840339998e-02
6.892879089438165574e-02
6.907779964635130110e-02
6.292627081100875264e-02
2.647720610376744221e-02
2.767477189248141942e-02
2.764443466837795613e-02
7.602627046322329996e-02
2.553983240682095382e-02
6.457988084460843103e-02
5.272728059013839091e-02
6.545136547956402484e-02
5.708882504463394514e-02
3.562941380587487938e-02
1.920838085787717961e-02
7.720034138572603663e-03
3.866146754060627300e-02
2.597021473229876865e-02
5.631577383997932867e-02
4.035584012706833895e-02
6.319868710015369428e-02
2.452332680120885774e-02
6.343973732771555907e-02
4.983432996684555860e-02
2.984277692050393838e-02
4.372876493880371862e-02
6.873762820615127167e-02
1.195330578588106422e-02
6.487060493108742776e-02
3.057566144090009125e-02
3.321962257473215496e-02
3.250382677781033652e-02
3.853675596985992741e-02
6.756321341409857184e-02
5.817198805886471258e-02
6.762287360701432770e-02
6.268062881248646911e-02
1.723092208961235147e-02
1.047197242166061568e-02
5.155672095187541042e-04
1.650769600369549278e-03
5.016206755010135104e-02
7.637998962509330581e-02
4.569816258357295435e-02
9.179628488239471862e-03
6.723475797458410008e-02
7.007717442270550157e-03
5.152257211056256864e-02
6.803685692160796328e-02
1.107592040595180120e-02
5.496356626438810705e-02
5.520475156311599463e-03
7.026166438123962465e-02
6.651036390156563061e-02
5.589389996434088875e-02
3.674551968249390593e-02
2.329296981076143039e-02
7.819520007097601963e-03
1.594712836537624800e-02
1.638069135196525139e-02
4.951408697189545703e-03
4.326410817566558875e-03
2.762480300266496880e-02
6.680890879182450892e-02
2.755031332073781813e-02
2.654908919679116464e-02
6.932243963648455909e-02
9.457378839541920323e-02
3.336877417628792558e-02
1.696376313438851396e-02
2.101431835380283136e-02
5.428558368927038219e-03
6.397442824835650188e-02
5.689725063219042145e-02
1.063878497999913401e-02
5.379322022937654824e-02
6.652749837083059281e-02
4.395786263745390249e-02
3.682255133491532662e-02
7.266493498054928113e-02
5.271558519167101470e-02
7.580421773207231262e-02
6.198274264402614531e-02
4.835156910004417136e-02
6.571887733343916016e-02
2.954424201940525699e-02
5.315274684577065561e-02
6.488093763691928605e-03
4.045651898198130564e-02
1.831348004878741859e-02
6.675204979029344954e-02
1.984385405214178499e-02
5.759384882606201350e-02
6.829871249489512242e-02
5.454820069017502632e-02
3.445712136030235767e-02
2.591528910017218759e-02
3.928631393214615519e-02
2.790715721842608812e-02
3.424000583026444444e-02
5.662237226760529624e-02
3.206227679287203258e-02
6.582734475032635257e-02
5.243797362562130186e-03
9.615832131353231615e-03
3.162708834012263603e-02
2.095192317375827590e-02
1.399861399002513341e-06
5.596383896524622509e-02
4.183014795294909965e-02
3.359383014616455082e-02
2.258438977071806041e-03
7.765653665148307405e-02
6.836239831652951571e-02
2.245722086381912036e-02
1.712433235056073921e-02
5.354868042131805811e-02
1.816986197728285429e-02
1.197780191105101213e-02
5.755407744914216306e-02
1.494136660684612823e-02
4.785581056893593865e-02
5.479908527357765791e-02
7.066669198341662961e-02
4.120736645937037729e-02
7.404282790896976607e-02
6.771158169767724222e-02
5.946441765763690185e-02
3.183146546350381148e-03
3.038113598730174739e-02
1.516738796424816141e-02
6.688773795579171233e-02
6.644623824506401544e-02
4.644971246844505769e-02
4.487766925483623569e-03
5.508207760599423408e-02
3.288265915763930250e-03
4.133813400809368405e-02
6.778396521417272280e-02
3.457645431247451107e-02
5.293776720935149289e-03
6.399788921214953630e-02
2.219176580015490632e-02
6.816779158715226272e-02
1.156166065548595856e-02
4.516590446828207955e-02
4.994458751988523765e-02
4.245049725380913713e-02
6.418912026361474343e-02
6.421299946118448621e-02
6.320082470753643489e-02
5.115660542006436606e-02
7.357625691790353750e-02
2.888419375329885977e-02
2.228065424052573518e-02
6.546688727296698374e-02
8.343213994849765433e-03
6.238405986388111113e-02
4.880085583643939406e-02
5.791955987738303668e-02
8.702426404055163545e-03
6.810381638749769817e-02
2.778442041334133750e-02
7.673373555395655507e-03
8.960129642651566348e-03
1.232205775551897114e-02
6.748456621569633163e-02
1.849473843065868248e-02
4.830587440248840930e-02
5.590399511104925806e-02
3.183377463236861105e-02
2.353641542642684326e-02
1.366512301359252765e-02
4.186759421736704206e-02
6.125067923032388034e-02
3.299793257987632122e-02
1.170590495946877314e-02
5.916732494964887720e-03
6.581897953679689828e-02
4.913989552085253759e-02
5.298967231047823495e-02
1.732238598525808002e-03
1.876669452891444262e-03
4.199565000132596954e-02
7.925643350644412388e-02
4.917381503862002651e-02
5.957247817251159344e-02
2.186920888162353579e-04
5.405520212556911425e-02
1.640239607939952826e-02
4.979604037269960010e-02
2.533229853570495224e-02
2.966291133516488557e-02
3.833294026478905984e-03
3.617449549760838601e-02
3.063567802924156355e-02
6.409257098236258166e-02
3.615424413987777114e-02
2.062672873531371301e-04
7.076965807984610113e-02
9.271287696127939598e-03
7.955029871916079187e-02
5.266763760041651143e-02
1.525084299838444990e-03
2.041872205723655603e-02
1.436925020281979402e-02
5.002038994957810902e-02
2.392836112920273400e-02
6.338675175430610875e-02
1.730819548332072216e-02
4.351989445323224681e-02
4.791518817503225697e-02
6.803645716809474109e-02
7.109077569049257472e-02
1.620607867086044582e-02
5.153629510349930568e-03
4.687726551561648136e-02
4.835421998916893983e-03
5.606916124440911031e-02
4.412668264345986739e-03
7.210629265560924983e-02
3.915803813225479657e-02
4.402450811618996429e-02
4.829902219005118708e-02
4.071569087778164481e-02
7.123667537354440651e-03
7.531619064980599187e-02
4.312478745842281136e-02
6.774755846791363778e-02
3.966135012302988289e-02
6.820776711088218092e-02
2.675420005306093987e-02
5.139920076703326235e-02
5.294030353786637749e-02
1.457100918308778560e-02
3.828780211609876527e-02
2.891949471509873068e-02
1.028439622281732976e-04
5.564196392313012357e-02
5.616466533349916135e-02
2.300801604362160899e-02
6.976491396399035760e-02
1.068587367128950860e-02
5.343965226660200851e-02
5.700079842372669098e-02
6.656324801809095082e-02
1.277829549664888896e-02
1.020815525612546112e-02
2.190922351991421435e-02
1.655143264442202403e-02
8.453093996394962784e-02
6.046049798050689983e-02
7.173538396352639734e-02
3.309795816219459567e-03
6.192772511351896103e-02
5.042494650923153021e-02
3.565729409499995839e-02
5.279803779156983651e-02
6.370337702290265747e-02
7.616400162907437099e-02
3.839085929069356584e-02
5.866848238814768857e-02
8.811224989529129468e-05
6.181719805926892686e-02
2.165724851763349210e-02
2.889693981274115493e-05
4.663356983807300654e-02
4.484835202442349900e-02
5.096182264402283196e-02
2.718207845875484502e-02
3.961425289031988983e-02
7.457185772149718672e-02
6.943444224851526292e-02
3.603203448528619068e-02
1.564686374162719412e-02
7.390320092624937803e-03
1.842183064666997466e-02
5.801858524062575295e-02
4.123506990229371116e-02
1.751734896242684858e-02
6.170348947289618080e-02
6.322476300360720114e-02
9.153488478127936104e-03
5.072886808757615107e-02
2.671411864248090379e-02
2.390062103484547756e-02
3.496561877953863196e-02
6.196653897236693853e-02
6.318838354535295798e-02
3.943555821025476055e-02
1.252135141605865455e-02
6.612915530624892402e-02
6.566740908420441725e-02
1.972130965494113802e-03
5.434227596509770553e-02
4.903093403987696802e-02
6.088244802883258089e-02
6.492706796272773584e-02
6.553540996252095463e-02
4.885380339365311131e-02
6.398375479505923058e-02
2.009032861642740322e-02
8.530003328979192390e-02
1.467769903347150920e-02
4.767031140360176306e-02
3.809745843945049754e-02
1.340877474255217083e-02
2.556152203862930086e-02
2.391664426422899364e-02
6.777470605808653958e-02
5.246283359601895679e-02
6.779134091306142362e-02
7.173900206653463507e-02
5.633847453641985942e-02
7.371278026763213032e-02
1.878452801808171146e-02
5.404991177029477151e-02
2.761157107514840281e-02
5.412593216624445730e-02
6.337713926813186294e-02
5.072172519369007315e-02
6.760058415043586344e-02
6.809581190753459523e-02
3.236815203537417307e-02
7.933107404660400680e-03
1.712085531226828841e-02
4.330152858117026354e-02
3.166758032234392312e-02
6.519534518100343623e-02
1.942926017282105983e-02
3.735167637097425164e-02
6.693405340646689516e-02
6.347429628902535870e-02
1.655656326495889060e-03
6.612091253282978420e-02
4.514048239052184663e-02
2.312617151668867194e-02
8.113339224132228023e-02
5.447492179761118276e-03
2.822701136736048208e-02
5.213188405391570857e-02
5.877669229242124538e-02
6.165673631129275911e-02
6.972374585498566230e-03
1.451267476910107941e-02
1.927128619957431052e-02
5.746515246322337483e-02
1.909493328510425067e-02
7.787994298100832553e-03
1.583374482587369958e-02
4.386525030265064906e-02
2.529518486403765226e-02
6.026756305869813285e-02
4.783486216516221606e-03
5.194900130225062196e-02
4.509022227301900249e-02
3.084072387728522061e-02
1.228131139149117937e-02
6.335165133097660217e-02
1.702641902733832095e-03
7.335891684199295770e-02
3.310509229668615744e-02
3.751278369410043778e-02
6.452499993252355792e-02
6.039620682496645715e-02
4.630135192286746922e-03
2.229873579416421711e-02
5.476181954713089939e-02
6.145221453964351543e-02
6.273030548155363040e-02
3.317950264366195667e-03
4.775802814291723458e-02
2.292776049661483795e-02
1.051713913329057129e-02
7.193654051652675907e-02
6.345925553891137993e-02
2.487212802441451584e-02
7.577764162240827051e-02
7.608225692278413124e-03
5.984642974728519860e-02
8.450593072578159795e-03
4.018148663444599637e-03
5.068582439066017520e-02
2.800371595912423683e-02
4.773344223925515134e-02
6.011337290669326039e-02
6.331930773530126955e-02
2.704374909928572782e-02
6.588608492387673654e-02
8.787544045131504000e-03
6.187846284829748647e-03
2.257398865229732349e-02
1.201187329375503522e-02
1.644017621043009428e-02
3.833717597846336613e-03
1.263139437524864010e-02
6.475643493134979056e-02
6.922165597105806034e-02
1.509997317634272432e-02
6.280576540742612013e-02
6.628979337541708594e-02
5.782797200684705596e-02
6.082892798516266464e-02
5.462620270425372349e-02
5.400888625872311832e-02
6.740388913001803262e-02
6.145514756463803935e-02
3.331417576145740550e-02
7.138200514155589038e-02
8.838005606249395643e-03
5.134736719820793410e-02
6.693581371913512323e-02
6.504819301421850553e-02
2.539509601104080611e-02
4.841746565488812964e-02
5.661915920085586196e-02
6.620447117122085778e-02
2.509602243512745745e-02
9.647901447907179795e-02
2.957790046534652245e-02
4.172612947594021848e-02
2.689565154958079712e-02
2.516555489333479820e-02
2.674764876361381341e-02
3.482144365102233380e-02
7.294529196968160822e-02
1.359017519164242536e-02
1.365693379845187277e-03
4.579715680574537873e-02
4.593366656823112681e-02
3.802124543479711710e-02
2.225984133697108888e-02
3.311303683422355676e-02
3.595957407463244021e-02
5.845263956370619352e-02
5.781284997123457142e-02
3.224584073406729784e-02
6.814860037782725921e-02
6.305082712256395404e-03
3.555635841800186547e-02
5.790215703984252088e-02
4.817263451278844255e-02
4.137954481450781957e-02
8.970181386515085377e-04
3.103300865981113233e-04
4.822643246908856624e-02
1.439811829984286549e-02
5.598123329267182258e-02
2.929958776795188458e-02
4.167751969191349493e-02
3.509183407130200133e-02
2.148732381689430482e-02
2.888348634856793135e-02
2.773932491252041263e-02
1.090793662903462996e-02
9.052951271229871949e-03
6.779420005275736683e-02
5.001203750935677428e-03
5.876259023141479354e-02
5.834927186428860366e-03
6.608361802151274667e-02
1.973683340001034653e-02
7.612157334851139823e-02
5.881766975235047656e-02
7.683210987605593872e-03
6.572408276640194502e-02
2.907032005254889251e-02
4.062405269178458872e-02
4.278124380233255114e-02
6.670921079343782034e-02
5.260946435824945255e-02
5.624799797415988567e-02
1.100373555700092472e-03
2.109140322282080857e-02
2.590151925686910717e-02
8.264540258407795936e-02
5.859189394852527127e-02
2.889286337536134744e-02
3.049079496572870002e-02
7.380887042901830564e-02
5.788650155029683581e-02
6.564883264182337641e-02
6.701566996144882327e-02
6.161674748219322234e-02
4.524800739219340256e-02
5.025506336572253124e-02
6.369685827293361524e-02
6.287188775969533572e-02
7.381595459467479858e-02
2.747167340880306632e-02
6.855426328104445577e-02
7.400938518816389811e-02
6.318635744469587590e-02
6.407064417261316980e-02
6.710471737072067067e-02
6.015965813408866852e-02
4.579751893909804472e-02
5.420422500161541091e-02
2.671897317292369622e-02
7.356382229419475022e-04
3.993545389035181060e-03
1.159469302119467676e-03
7.739786643309472247e-02
4.572658368753580727e-02
4.829427961721632911e-02
5.616133103570061097e-02
4.429286678981192438e-02
1.239854562873354566e-03
4.526315286911716113e-02
2.262437959576769886e-04
6.088733634973914760e-02
1.333978548008574704e-02
3.888019670943644590e-02
6.168510873661247479e-02
5.699079664126777134e-02
4.220456519226591097e-02
4.540608928476667222e-02
3.593685476359009118e-02
2.072443399166517750e-02
7.008262095841173711e-02
7.350507438524202242e-02
2.993169171299868078e-02
5.257547622664995174e-02
2.367530401842762172e-02
4.109695803386779339e-02
2.153706328186839186e-02
6.834530629016512260e-02
2.016759899842673204e-02
2.386312882498575066e-02
6.157676599995796918e-02
5.465182069052992777e-04
9.519616335292581735e-03
4.170382425270643262e-02
7.541068962943425769e-02
5.292686061541462123e-02
5.656175504398269771e-02
1.690218870081531058e-02
3.594961626096944418e-02
6.174418656369773384e-02
4.400506796424106387e-02
5.432928072116246371e-02
1.754272641763698903e-02
2.229350754352513522e-02
3.817217386868695939e-02
1.052625939637110222e-02
2.423494815966581797e-02
2.446343655792679664e-02
7.224786926083538730e-02
4.197332806111836456e-02
2.142636817490244788e-02
4.379067296956683231e-02
3.530557620218845866e-02
5.894558536535991072e-02
6.683976317179005089e-02
6.958898639852569012e-02
5.921060449052983898e-02
5.304129882816489838e-02
6.589876698786096415e-03
7.540996928904374064e-02
5.043100666989754760e-02
2.765435761691772618e-02
3.167447176452210800e-02
6.713906320738481648e-02
6.661962659010257914e-02
7.576914634819539862e-02
6.954800082676748652e-02
6.935911767575993203e-02
5.262223245610470751e-02
4.252698658319805508e-02
3.408421912988100766e-02
1.169958042155222206e-04
8.277086052924263401e-03
6.787181278383640215e-02
4.807390796245702286e-02
2.845597292112856530e-02
4.690629174089643028e-02
5.121526125018909664e-02
6.575095810205823510e-02
6.204847235293817209e-02
3.556816125774552723e-02
6.533561095945089603e-02
9.007045045363610419e-03
3.412498740959957894e-02
3.657587043958472617e-02
5.478320025639672047e-02
2.373457178151033853e-02
3.337978298547644024e-02
1.062681998998469884e-03
1.916696196612025643e-02
2.672717859872922666e-02
6.774094294324496668e-02
2.516269552184702968e-02
5.934243460396201181e-02
1.231546272232587370e-02
1.673041889792818357e-02
9.895862808145972512e-04
2.933448892529291058e-02
1.961876606736986592e-02
3.652442125698630859e-02
9.941113360143628147e-03
3.517435146090674980e-02
7.335798864637486927e-02
2.272359949517271244e-02
5.529779315709500848e-02
5.758811699500603065e-02
5.433830729764640294e-02
6.502075455864803066e-02
1.770274957285435796e-02
6.277189025626365992e-02
3.777140866105404421e-02
1.977925932249798707e-02
3.814164091601265211e-02
3.122415262537450026e-02
4.931134159684379126e-02
5.229421855732226815e-02
3.703681699900478880e-02
1.838747217801140572e-03
2.821195850482019485e-02
7.211888809182907811e-02
5.092950386523095729e-02
3.291631583665212413e-02
6.684612637815626202e-02
9.366352055181020875e-03
4.822439252042892699e-02
2.070016594557317485e-02
6.223739825699187850e-02
6.464194753837898544e-02
2.619800010775396801e-02
2.898282140243801236e-02
6.762045513599634905e-02
6.141445372498827160e-02
2.114987630193939511e-02
5.461263357594259293e-02
4.978030037028144394e-02
4.840191106317158834e-03
1.907650942755889298e-02
4.595659733229102983e-02
4.577873821137266874e-02
