8.956033356920319044e-02
5.746137301229949958e-03
3.137510799366938219e-02
6.547034893561162749e-02
6.260811143494300623e-02
5.037487435303596162e-02
8.457766969629266010e-03
9.468672599378921695e-02
2.999247472035284495e-02
1.086903929472936292e-01
6.964550451262313232e-04
9.838824307013872839e-02
1.917301286810428433e-03
1.443963615490209684e-02
4.516246487932864401e-02
5.971975311065812198e-02
6.699253005651897852e-02
8.473606284565676772e-02
9.847498541239166348e-02
1.079107414017313749e-01
2.190904235402095154e-02
7.724310797256518646e-02
6.053259502028806617e-03
5.896335287159953226e-02
8.371029463612143784e-02
6.523848996831387026e-02
9.259973421173031682e-02
3.893359744755605506e-02
9.657047155006863448e-02
1.168715811952762557e-01
4.805673417712434843e-03
3.428614502041583620e-03
8.810254086598660883e-02
5.697619420084962596e-03
1.490431964454404408e-02
8.151674279128501288e-02
9.936301899954015637e-02
5.322029933910019800e-02
1.295717161162181739e-02
1.066997249401610837e-01
2.898882586743762452e-02
1.826679305699339256e-02
7.250771719637044699e-02
8.687474029235627004e-02
2.065278058887381335e-02
1.690443733858265195e-03
5.134560592579032884e-02
2.230644632405435687e-02
7.263410430851420518e-02
5.167674125035911364e-02
1.805433747112043081e-04
2.390486907756457849e-02
1.080976009123422593e-01
1.059607518351926292e-01
1.033147119185460483e-01
3.822812076234905192e-03
5.969036720763724359e-03
7.167326393645215288e-03
4.688463318155489806e-02
8.037375364237296649e-02
7.215994940642631028e-02
1.792656630109224977e-02
9.859647898087360585e-03
3.989150870642602618e-03
2.933194064019964756e-02
3.034021862126247155e-03
9.261561513793016565e-02
6.967524227869281717e-02
1.085958460174377832e-01
6.048613626017720728e-03
7.079284489541629033e-02
2.117341197443674272e-02
2.624450518379680894e-02
1.318087044901400037e-02
8.299259501219856394e-02
6.430567441401151274e-02
2.034722832051294797e-02
5.656428987016406951e-02
9.774690612245401367e-02
6.861285278220866091e-02
3.454718268949664300e-02
4.596456003508996718e-02
6.895923895510407131e-02
4.980613291281225236e-02
9.612527549924717793e-03
1.070036701472572432e-01
4.707546292225703310e-02
5.829795991842964820e-02
7.876751979591184449e-02
4.615385720370968059e-02
7.751473566195690723e-02
5.733778349794679124e-02
1.798299829956829035e-02
8.844886500036609756e-02
2.916969010600252779e-02
1.058052135959755904e-03
1.190027620678073793e-02
9.847589454261171382e-02
9.389115100290838789e-02
8.719524250054971892e-02
1.064836119152459959e-01
1.014162776586238490e-01
6.511134624515244052e-02
3.215414132918756329e-02
9.065293974784262299e-02
7.409828698638330768e-02
6.959932816336936168e-02
9.205616507694458495e-02
3.330263945860277575e-02
1.029056147586274311e-01
7.737283133885068664e-02
7.175807678760696973e-02
6.830381411529327929e-02
9.154648560776477983e-02
6.941511669515397498e-02
9.213668633127600205e-03
7.231537163750511969e-03
2.648290109229333583e-02
1.102360817254376263e-01
5.870952934836369368e-03
4.287655089276695003e-02
4.507141767826117239e-04
5.851702506183772273e-02
3.293459607832157493e-02
1.089844931770675152e-01
9.929623221741532002e-02
1.097446346471934731e-01
4.579608424618535067e-02
3.647993685915857515e-03
8.743346954129789517e-02
9.829464909424846797e-02
9.506396623955175318e-02
5.551225025472833821e-03
3.999654812726696068e-02
4.363469296023606003e-02
7.902404536303650473e-02
5.817021203692276238e-02
1.632200024051578754e-02
1.863911866187940511e-02
1.705205255877078468e-02
6.504911703707490223e-02
1.597556334228100380e-02
3.430059143303541142e-02
8.585454468598398281e-02
1.012077269351721320e-01
4.318258002274601159e-02
9.677223825384476466e-03
6.008994168950089476e-02
1.976867469832698648e-02
7.547404258688576381e-03
8.779253669810849203e-02
3.493414190009325182e-02
1.431202400866816993e-02
8.512381997620020735e-02
8.928894703420794943e-02
4.668312631406257990e-02
4.652901310350163883e-02
9.410450374743821456e-02
1.650340873011192644e-02
1.071034161657053591e-01
3.106722620173975238e-03
4.752605063761708437e-02
9.208476238106264034e-03
8.545554964958770872e-02
2.620851782532629057e-02
1.041267752734269247e-01
8.222346121787500739e-02
1.012373863043523198e-01
3.391576342734566735e-02
5.719034271385628476e-02
7.073306340088982014e-02
3.025677789905233117e-02
1.887181047334566750e-02
3.766147048717404661e-02
1.101514987250899746e-01
1.094410210245517490e-01
3.479952789755064863e-02
1.024891106264049639e-01
8.336258601858155537e-02
3.493556184723375924e-02
9.938560101276044945e-02
3.003240485914084046e-02
8.056716691728042778e-02
7.063194322766760957e-02
6.823142496611439567e-02
1.246625539905423311e-02
1.930173911262611855e-02
5.569006427028647815e-02
2.934593740348581583e-03
4.668252279715944322e-03
1.418098074145633658e-03
1.057285038187948945e-01
4.217146454922257592e-03
6.910306690850503974e-02
5.520364166570995712e-02
1.069247765235478709e-01
5.762669068062636901e-02
6.700995311907066709e-02
1.462421695841134919e-02
6.500182120580842715e-02
1.045680895611280081e-01
3.830696215874174887e-02
1.923174153688816945e-02
2.516739749206903243e-02
5.630102442753028014e-02
3.566629075735404039e-03
2.120300398228380095e-02
1.081748843415117067e-01
8.870603689050999760e-03
1.123092145606681067e-02
2.125767006709062157e-04
6.977574480039934468e-02
1.562516624563738132e-02
1.001682102955451514e-01
1.250958380898713543e-02
1.015383257900184105e-02
1.026926287162404083e-01
7.874482107781437257e-02
1.079312348002580031e-02
8.600101607055696262e-02
1.276754016027324169e-02
9.594405612162211841e-03
5.898927222122537367e-02
5.145313413591560969e-02
4.671457171197729991e-02
1.140490702122594346e-02
5.327183066169140224e-02
9.085023210310544384e-02
7.270457444631663046e-02
7.458690697414360748e-02
8.686724604914899950e-02
9.783968820898206187e-02
2.997923484473576095e-02
5.187750373327134484e-02
5.132966789268044241e-03
1.069550501894039538e-02
8.378628413779604100e-02
3.869675194492741555e-02
1.098563975454052155e-01
8.823327684480579414e-02
7.999950122740541458e-02
8.262275185850412665e-03
6.389125767690378987e-03
3.185801672722551187e-02
4.462558858263787620e-02
8.070660086986526649e-02
1.065916179443607836e-01
9.024726002850806672e-02
1.158233889370375354e-03
3.367472583859090762e-02
2.101984873209658891e-02
4.672833883245063047e-02
4.432444736779705269e-02
8.051047057646644467e-02
4.423992325135225195e-02
6.584510115941649699e-02
3.347437278696118595e-02
8.463184045245843862e-03
9.450357721998056681e-02
3.237920267055077045e-02
9.531591198442632140e-02
2.130814708168515814e-02
9.549472577422757347e-02
8.799591137626947002e-02
2.522536430682005212e-02
7.854958315751428555e-02
1.091524102002588981e-01
1.146609497451820010e-02
8.695454249907906552e-02
2.120511565162530240e-02
1.940150260699951071e-02
1.065343298998441823e-01
1.962987892640150750e-02
7.584219891972407424e-02
1.204757747272125652e-02
8.373884019128835510e-02
7.016291301005990466e-02
8.972323276110412416e-02
9.547029098300920114e-02
3.725862825111476984e-02
9.302351332785564753e-02
7.486757995500425977e-02
8.463782481544906977e-02
1.002648216296003758e-02
1.809904009455913163e-02
5.581806564048869598e-04
3.740881256923169612e-02
8.829707609815828917e-02
2.607379975934678504e-02
9.236561385743140284e-02
8.983186905196272054e-02
1.782400953838526522e-02
4.880829474333035073e-02
1.081920932701221083e-01
1.105061861402888007e-01
6.355804319796447277e-02
4.218842333648734066e-02
5.475234073556750625e-02
5.181661528403493783e-02
1.785391465173946993e-02
6.677871468634906209e-03
3.930998429339867956e-02
1.085476031600297042e-01
9.629905093487473033e-02
1.053590919827436939e-01
7.463735765618891189e-03
7.251480635041353262e-02
9.511133510173824801e-02
2.028499432347856749e-02
9.245334102119319442e-02
1.521729318101952208e-02
1.403837383881405190e-03
6.583541044824677002e-02
6.996336748901739455e-02
6.804995591500097307e-02
8.559040080233380754e-02
3.934731701657130654e-02
4.700809070561792063e-02
1.001775718183452596e-01
1.083254041624364811e-01
9.424124504744994801e-02
5.721327382901359587e-02
6.826128332557964556e-03
5.215236117665468518e-02
2.894457307526487368e-03
1.073560107274438014e-01
7.308970771651734921e-02
2.099775934890949283e-02
8.577632883490809990e-02
9.641130971871294739e-03
5.844831108077401527e-02
9.296428476321665080e-02
7.508605582464369932e-02
7.386927400911537378e-02
5.007266080881777465e-02
1.816371954605930719e-02
2.328905829697651420e-02
2.950353035466285814e-02
2.344794832479920460e-02
2.442014795309539396e-02
4.421575040165606763e-02
8.082591081596239568e-02
1.515987681153012356e-02
5.499340723763841698e-02
1.088974231912904628e-01
4.916496938239896947e-02
1.000909762883806127e-02
2.129538893593515420e-02
5.796673830715123182e-02
3.495868550668353864e-02
1.177558496290623084e-02
3.143656343665277714e-02
9.534221529175176957e-02
9.472636613745496689e-03
2.551848275950814246e-02
2.790631212711303794e-02
1.603980743389753563e-02
5.835535057195583714e-02
9.616836129476033501e-02
4.560865976186697507e-02
6.682663813093130123e-02
2.805743403523339521e-02
3.645388751227387342e-02
1.093932052438751218e-01
6.196737421517627825e-02
1.520569439518103076e-02
1.074479757538880469e-02
4.931171954590426315e-02
9.562618433489575298e-02
8.784751175376255550e-03
5.185833302072535150e-02
1.069731484297521858e-02
7.583283897998768786e-02
1.623265707359401733e-02
3.666002156783327443e-03
8.827695764951620783e-02
1.095456101296860829e-01
7.877343899878040678e-02
7.545576371044059039e-02
6.789948213042960867e-02
1.025908978620855699e-01
2.818029845302439697e-03
2.173839196064256130e-02
1.083656541568753795e-01
4.571438225266739007e-03
8.266011837306101728e-02
5.121909591202882667e-02
8.524623029254223272e-02
7.160463372179762254e-02
7.448915120994435701e-02
1.207628569206785352e-02
7.735584768067844952e-02
1.026813270062634370e-01
6.438757394138276517e-03
3.261909657718790184e-02
8.302262237658493069e-03
7.733994463786171558e-02
1.008926682104525907e-02
9.496679894769781416e-02
9.772114481310602285e-02
3.446995730857073392e-02
8.269349851309536203e-02
7.672196658176656803e-02
9.603863581826371787e-02
7.478503248254987634e-02
8.549504339908234329e-02
7.976049541524901643e-02
7.850119100442824738e-02
3.637411201389804255e-02
6.811933377488073316e-02
8.818781374980423637e-02
8.393084974956444011e-02
6.776892570763751178e-02
7.264903256897765893e-02
2.692674600407034963e-02
8.076195298435076553e-02
8.224282021004895860e-02
3.911764273800413111e-02
8.637273535889138099e-02
1.099821073958715950e-01
4.728321955845484620e-02
1.060938752421582143e-01
3.618183085742086164e-02
1.006955661012063491e-01
6.391628890653269779e-02
7.204182352379728815e-02
1.039677667629843039e-01
4.083910726416267734e-02
1.028619660452863849e-01
5.077235399118340629e-04
2.884208946562178896e-02
6.360767636825456761e-02
1.594913511662619104e-02
2.533961081493116274e-02
1.049595375927685481e-01
1.039054179437499670e-01
8.088023151617995676e-03
7.655346125886865541e-03
9.719030701931874461e-02
9.326549291299204847e-02
6.048358733604432269e-02
4.668917517104104187e-02
2.119218995401987802e-03
4.485861495231158180e-02
2.016420499371145841e-02
1.067567829184756789e-01
7.767073151854117508e-02
1.037057512725092084e-01
5.020665261822312986e-02
7.945754668582361013e-02
1.066921565723162602e-01
4.778828998293061653e-03
6.421714310481127508e-02
7.936620458686538537e-02
6.124863132120084153e-02
8.186109557559959060e-02
2.983535485548544086e-02
8.466355435959875900e-03
6.670678114497416433e-02
5.855278244339268828e-02
7.069719699276455493e-02
6.297168551514630008e-02
7.637013895769234617e-03
1.056092859153388158e-01
8.665966895714859175e-02
1.313308466599148565e-02
1.461392527237829163e-02
7.311053610989577678e-02
8.218160391291488842e-02
7.958317239232276519e-02
8.511970326857472291e-02
8.593347903588492709e-02
5.255899267665435637e-02
7.763757564478476758e-02
2.383648295493317679e-02
1.074629460949324822e-01
4.508239428975881202e-02
5.607171086238250945e-02
7.117621350266019331e-02
5.655263880723837393e-03
3.463091537349614196e-02
6.762089240093477338e-02
1.765902458325212948e-02
1.222396414571814451e-02
3.032972370246823229e-02
1.370667048650013424e-02
2.688873722326685575e-02
1.017449081584670956e-01
6.244869830800024030e-02
9.999467415584916904e-03
4.001305190030141068e-02
9.210898538894318754e-02
3.859908420632313791e-02
3.844857872992547138e-02
1.888499068178137522e-02
2.266647884224350790e-02
5.890747490553720038e-03
6.666735033417436895e-02
9.851464768425265139e-02
8.678644545172604918e-02
7.157160954089950011e-02
1.184953507528666711e-02
1.741199676179247188e-02
5.843979295337450169e-02
8.617217756083099534e-02
8.935636751750727913e-02
1.175697092237123348e-02
2.214947075638290866e-02
6.821136022363266660e-02
1.407412168380268135e-02
6.848101699573903682e-03
3.681806574422724632e-02
8.249885029918882506e-02
6.663511686945672308e-02
2.858269129078423731e-02
6.458832202644067266e-02
3.627277329719379856e-02
7.124336522354764167e-02
6.388627960468688805e-02
8.681368328915742283e-02
3.315116501675671734e-02
1.034762102951919394e-01
6.942648964899346409e-02
7.540078548772484457e-02
3.880578483768718639e-02
8.619808284027766221e-02
3.469382318187509695e-02
1.097768296013665879e-01
8.447620681181786106e-02
6.159083365561181939e-02
7.886977800033388719e-02
6.260654229267915982e-02
8.495056360270236695e-02
7.559206172590527762e-04
8.016419734702594224e-02
1.096634811478801180e-01
8.559092147699984277e-02
9.316670874171151251e-02
4.945882085750476220e-02
9.162249911602082797e-02
5.912912097426091529e-02
8.847186676137723874e-03
2.628651340957929849e-02
1.031338055160154893e-01
4.427483697207639998e-03
2.943552633140785781e-03
2.246418413803699665e-02
9.964682880311645508e-02
6.264601003177790173e-02
1.990162706374155183e-02
4.220255130706516804e-03
4.720764104419427482e-02
1.468907591127895790e-02
3.732503443437672208e-02
1.095025245402455466e-01
5.600154493874408973e-02
5.678067566384617515e-02
6.746401172556272530e-02
1.811513241267262084e-03
7.549236478850147869e-02
1.462659625126821149e-02
1.528538647791658975e-02
1.735772146340421040e-02
3.780964588586153280e-02
2.080823911937180332e-02
1.038830147057188090e-02
8.243845145777557726e-02
6.408413799900478103e-02
3.110218382231656753e-02
2.658238203572609037e-02
4.007769135415829159e-02
1.042703142568835589e-02
2.543803090160980107e-03
2.762594373440051959e-02
3.591646346156181224e-02
1.054835940731047444e-01
4.187956247860642744e-02
4.235024056011315458e-02
1.794724490364396630e-02
1.638027303139244495e-02
5.226104209612716933e-02
1.945654036987697413e-02
2.133263904322453205e-02
6.932692434871866316e-02
1.719323652759069052e-03
3.314402262002203933e-03
1.412251472551472216e-02
6.242791371620799723e-02
8.031080461558576244e-02
8.864354623411124789e-02
6.121117562232842452e-02
2.239774985397692628e-03
5.553679898468802389e-02
5.739820789406574475e-02
1.984947620809109775e-03
5.625797753217531838e-02
3.538050323402230218e-02
1.045681476869255444e-01
6.663006399044710260e-02
3.742407346774582338e-02
9.108805238846694186e-02
6.718514557044172331e-02
1.054087817280800754e-01
2.428539832844460455e-02
7.711356015279001441e-02
5.537159800725401787e-02
4.930629872818936658e-03
6.905550822862059623e-02
5.677182484805739365e-02
3.679118278949157494e-02
6.419874160407075536e-02
9.820746690323241268e-02
2.647505238969415781e-02
1.020879974782519378e-01
7.078659045564311171e-03
4.861973313932495266e-02
1.578398385673622766e-03
3.878837243251476857e-02
1.308064266993755331e-02
9.637197657803990569e-02
8.276640545654993797e-02
1.096316285328081258e-01
5.921496701415053694e-03
8.311129186626153853e-02
2.039808629117903852e-02
5.852829283937446142e-02
6.850143201380971825e-02
3.320521447673772941e-02
9.860642747052336676e-02
4.575558943503704040e-02
5.320760615621195760e-02
8.935384331033838223e-02
6.982483099377741198e-02
1.052317115344038184e-01
4.991177631238703782e-02
1.019355550459954546e-01
5.224659404280432295e-02
4.665537737010044123e-02
1.090667371327130042e-01
4.124831687450299794e-02
6.771247912034664140e-02
4.069974355323760506e-02
6.109684727044581432e-02
7.803568102503739834e-02
7.847395743673638013e-02
6.889523617234063167e-03
4.516819213159005419e-02
7.917095412446871483e-02
1.047727765629713620e-01
4.202862071667735899e-02
7.981626797759643066e-02
9.824948921276548119e-02
6.984258580219043777e-02
2.975491604450829219e-02
1.010364450791167018e-01
1.877740425794391724e-02
1.935026064790997327e-02
7.150914943031368891e-04
8.722795495736428151e-02
9.957377841753591030e-02
2.851749473085741365e-02
2.188651418047810396e-02
1.098444490582048821e-01
5.581979966766160289e-02
1.090067260655470591e-02
1.267398844756919066e-02
9.578108854274103301e-02
6.880567614887062033e-03
8.924432727383262154e-02
7.050797066686909087e-02
3.381494450327729440e-02
4.196678624879950775e-02
7.524088195430220227e-02
9.365683754635660552e-02
1.023360320444532262e-01
6.322761858009337543e-02
3.467197986219983791e-02
4.657669669743277896e-02
3.862274852117856400e-02
1.026620923687124043e-01
1.345934482516618000e-02
6.098568290052454322e-02
4.012823939981864652e-02
3.663251479202507825e-04
9.615521608821295599e-03
2.276314744169501136e-02
9.890143570343121193e-02
2.320610118253336671e-02
2.330373919560653484e-02
6.681517769338750357e-02
8.447892523499600514e-02
9.755029630260321494e-02
6.273924778878208625e-03
9.693691326995113045e-02
2.267995745236688412e-02
9.896710501526573278e-02
2.675316309731388606e-02
9.183280189443997210e-02
8.070596825791638562e-02
1.725020301496523563e-03
7.417758066688755203e-02
4.225564256342760616e-02
8.676544485709046517e-02
1.420957641893877551e-04
2.488424419250168801e-02
1.052813303997528205e-02
7.655755181750818761e-02
2.030221478292841900e-02
1.891086833770573572e-02
8.086826265243177159e-02
5.237119615338864213e-03
5.084427714813253424e-02
1.902620691640874830e-03
1.050597434882474118e-01
8.986067319265335362e-02
1.610800087726124707e-02
2.154820259277209294e-04
9.391063708926309858e-03
7.139445912848638165e-02
1.071167926735936554e-01
5.522302203477986310e-02
6.330397523289087169e-02
2.196086209086406046e-02
9.675055811280251772e-02
3.397988300501399855e-02
9.575567496001917422e-02
8.649106175756877957e-02
7.697602414776932855e-02
6.693286585265093014e-02
9.297410395825118912e-02
1.021393599678397102e-01
7.170221930014793188e-02
5.887648604263115426e-02
5.327795128543354880e-02
1.102535386304560050e-01
1.384187230891464025e-02
2.900328135317262884e-02
7.986489323769155324e-02
7.564971155473103337e-02
6.373094801161118504e-03
1.403006953022381716e-02
5.197677933850792208e-03
9.791690358005658568e-02
6.196886504039451904e-02
9.587298553479550733e-02
3.647943539142366187e-02
2.146292362988511809e-02
2.305110393614317674e-02
1.335536022502309579e-02
5.092239897397773246e-02
2.121467064339179961e-02
6.453919672027838561e-02
1.782011493071503430e-02
9.211910509633047806e-02
6.920040038736823343e-03
1.088578663200560487e-01
1.857381406962822779e-02
9.440726333527419203e-03
5.166342626635987700e-02
1.033930453929530896e-01
2.238291542604528908e-02
7.718312667234267233e-02
7.546168322472515677e-02
1.424795795518244562e-03
4.191304389002151881e-02
3.718296686472269408e-02
1.033499194187900705e-01
1.043943394837535399e-01
8.974104899468852981e-02
1.037848727869449678e-01
1.668750577019847969e-02
4.594929560545357727e-02
9.573517954699829746e-02
1.871198774550331123e-02
8.790869131776535284e-02
9.231589132609456516e-03
6.517309724775159629e-02
1.227046779175573060e-02
4.520447094327444126e-02
1.096715004930590154e-01
1.861107770327389069e-02
9.280628500861844155e-02
9.839852075659251407e-02
9.240328171013643260e-03
7.842148532080955858e-02
3.126350992393734859e-03
3.778104680642485613e-02
1.048212219348101520e-01
5.839950803751719349e-02
7.654516355906976210e-02
2.512341482371392362e-02
6.046674905013101065e-03
1.090186004716814511e-01
4.002081041534358632e-03
4.512900209097259717e-03
2.488438342147007709e-02
2.745478539203002888e-02
1.039741320789197704e-01
8.609150682966258683e-02
9.589245549200669789e-05
8.452240969841956497e-03
8.135473163049471157e-02
1.674645360885440581e-02
1.062784049644155820e-01
9.105503503227130313e-02
8.896642702477851675e-03
4.978298637660399928e-02
6.363379234173478782e-02
9.870390390385955226e-02
2.235467267658753504e-02
1.049417688385594766e-01
3.126432800513340160e-02
5.514530816881064307e-02
5.756407289901240823e-05
3.656929634812636914e-02
9.207084271408785825e-02
4.317627525139507844e-02
2.191513820162612966e-02
8.242506090101311966e-02
2.633216047323986078e-02
5.125218765805802934e-02
1.982851126297255958e-03
3.379804074874900865e-02
5.250369744544381399e-03
1.536737611621803896e-02
5.151262277082842983e-03
1.085326024042451848e-01
6.705094993754034949e-02
3.846736538737167196e-03
5.838230468372460763e-02
9.387443640467429561e-05
1.013583641395492813e-02
1.314257504679308686e-02
4.792576701109180215e-02
6.390204658686300665e-02
1.770473311325674107e-02
1.530352764235289043e-02
1.793133378105373973e-02
1.446635543085071640e-02
9.166476812454669998e-02
9.842728258424049415e-02
2.572136440475578101e-02
9.010200714148929035e-02
1.671778561680453343e-02
9.202183106781133826e-02
8.722923893022214992e-02
7.832444536618558828e-02
5.289282796953175686e-02
1.070301976052362609e-02
7.362504650648218907e-02
4.733408652290512983e-03
3.000350039400448768e-02
5.257105310402251930e-02
5.031028102675340341e-02
6.847526885747527714e-02
3.277183737301043315e-02
1.511333856856946802e-02
8.876708915873474104e-02
4.682587625557363062e-03
3.297573984490603793e-02
3.178396251140035156e-02
2.379985161114267153e-02
1.211993491997428660e-02
4.419659679799479296e-02
2.857205128408352515e-02
4.558733159223454789e-02
5.574574178945752856e-02
1.611762212776337438e-02
5.736104906752040322e-02
1.080358790774810090e-01
6.719874056222260861e-02
7.303363153685994702e-02
3.046072146320238927e-02
5.994489556435365213e-02
9.226441409878437250e-02
5.269778682948449144e-02
4.585463097782406863e-03
9.191448715327214802e-02
4.310261821360559381e-02
3.357591056999961049e-02
1.711133850684601332e-02
1.016717050080945123e-01
3.198660004537584589e-02
8.935251332802683633e-02
2.071853921380402766e-02
1.224816594640921324e-02
1.277353159966128186e-02
1.065125153866136043e-01
3.002370152607965539e-02
5.914394905461171274e-05
3.950646717928688219e-03
4.112110899500272428e-03
9.988160721391645125e-02
8.018654673434447155e-02
1.621670024714496824e-02
4.284097929204638139e-02
8.596208782194769693e-02
9.512542759328175557e-03
7.286236113436039830e-02
1.074205429403868456e-01
8.203622692712220221e-02
5.789269104346931455e-02
4.893918766916330321e-02
4.457198020844228142e-02
1.017386939917806592e-02
5.399937878606694136e-02
5.592318737753879110e-02
5.800787278426119270e-02
1.079213144553781839e-01
8.678404066572800030e-03
1.443846131619361088e-02
7.683646125807269689e-02
5.855836546973124113e-02
1.018413317481644542e-01
8.214710349282697277e-02
1.117667102905352434e-02
3.534005474599061225e-02
6.741537629163277257e-02
8.274460226574527344e-02
4.463208736407100335e-02
1.646677120923158155e-02
3.375368739386225281e-02
2.312294401843330641e-02
1.039137261867951467e-01
7.301216180453494464e-02
6.171673256556998999e-02
7.425377997230804550e-02
3.404018249378505234e-03
1.413275518969865988e-02
2.939227067318890899e-02
1.103924876423138524e-01
2.504118864579138112e-02
8.103792484400389184e-02
1.008329676186630053e-01
6.729662192547196387e-02
5.158801045328448298e-02
9.919321684684119511e-02
1.428766262606414109e-02
5.034839271236136136e-03
4.988161177516129557e-02
6.715280292498596038e-02
4.589759073291139330e-03
2.378712677688146412e-02
5.532563947706377327e-02
9.572951565830434273e-02
1.212572287025912542e-02
2.164869945068423340e-02
7.890899360026110143e-02
6.577388982695006603e-02
4.886742965105737163e-02
3.461101908051038983e-02
5.857101309263883226e-02
8.706036225009383678e-02
1.035078788953385509e-01
1.014839531139724582e-01
2.180410155400773140e-02
4.197305087263947937e-03
1.243072828062502522e-02
2.090449660646620869e-02
2.741803079779180780e-02
6.573677491735781253e-02
2.149586289944047796e-02
1.278517646693019816e-02
8.821579823746980575e-02
5.065038827174481173e-02
1.276453053360509550e-02
8.063139655878866219e-02
7.477833654537258123e-02
9.510365914528383369e-02
6.125166231534755895e-02
6.450990175243966063e-02
3.950637213736836288e-03
1.113999134552854688e-02
8.494380317480190734e-03
4.012731211458803876e-02
7.060251689494125016e-02
4.856429476425750541e-02
1.648083067230277435e-02
9.864618580480490062e-02
6.174133798023330455e-02
3.035970369968569917e-03
1.844627499292355449e-02
7.165253261331125390e-02
2.122695350412971693e-02
1.312515990698011510e-02
1.975253546316389774e-02
1.358631023420380640e-02
2.013113936270410562e-02
1.213318070234385530e-02
9.290547517956054824e-02
8.833602983530276787e-02
5.264337782403277072e-02
4.717124810567746573e-02
4.966556831853798093e-02
6.026008201280228828e-03
2.055001133541215289e-02
5.730233237073215080e-02
1.077061247790784236e-02
2.533614774112387391e-02
6.126618661182761660e-02
