4.550849520423572159e-02
5.087253911375889948e-02
4.823609225761849029e-02
7.312945224740023675e-02
3.442018410723902272e-02
2.612515934103222179e-02
1.240167098716348382e-03
3.413103257625496600e-02
6.673612496061571975e-02
1.180571433210346986e-02
1.776830283903833158e-02
1.539409896834455574e-02
5.760656772572417261e-02
1.988488333898299695e-02
2.113697833752156696e-02
3.308297496609481636e-02
5.219446688721609239e-03
5.681468269385498565e-02
5.109248613159515610e-03
2.216638109613911986e-02
7.415138502155818601e-02
9.601110758158153818e-03
1.725499465697477933e-02
2.944915529840371957e-02
4.835179139426271089e-02
5.504754155124321618e-02
6.890857782107677465e-02
6.357683950275659635e-02
6.550021520200595415e-02
4.863872765104192836e-02
4.981203668284057279e-02
2.655128907633307056e-02
4.023041983376211134e-02
2.432327786479369230e-02
6.614008293907105984e-02
8.632043941816531498e-04
1.387716865889598167e-02
4.646610096170688403e-02
2.878915531549388132e-02
7.207486137844040797e-02
6.031715330056870716e-02
2.083036611249181394e-03
4.898839227295410936e-02
5.244641523902268329e-03
1.114234215101543579e-02
2.232933860675406432e-02
3.201973256654436911e-02
3.805843240149229395e-02
4.576064605173459782e-02
1.450018934634978969e-03
6.911701948076529045e-02
1.836150309988774515e-02
2.995809868252598263e-02
9.702295913248415796e-03
6.158430392071415072e-02
6.458529552289242470e-02
1.098982060638778110e-02
6.383809342111203267e-02
6.649913618895915424e-02
5.520637691575502881e-02
7.568138074161656279e-03
1.496321288555843391e-02
1.739653188015162846e-02
2.292743079516244148e-02
2.720689790235778296e-02
8.052485659188717004e-02
2.982618433454101159e-02
3.493620173166921139e-02
5.674047957992581909e-02
3.764013511629746983e-02
6.674196322496284139e-02
4.323926179546403598e-02
7.250715985828061483e-02
2.921540567814054704e-02
2.301864213497240366e-02
1.461558010419654850e-02
6.245232884224893172e-02
6.302851343610157975e-02
2.204004572850234642e-02
7.148939197748534202e-02
6.678014142394150809e-02
5.547795640223363717e-02
4.758041700667641621e-02
2.281397700826686206e-02
6.825862895341094916e-02
4.229007263420577617e-02
3.217055280230167458e-02
1.800067710411077521e-02
6.738995872299831380e-02
3.048701627005461282e-02
3.614382582871211724e-02
4.746579750514333396e-02
2.779444995155922610e-02
4.769540617721451659e-02
4.534648286448898780e-02
7.235162062111302750e-02
1.433913442498556574e-02
6.378703970700788650e-02
3.146862495517672997e-02
7.502988681075760391e-02
9.491763227520420322e-04
1.853837592152985519e-02
3.096318299062076826e-02
2.849499785334647789e-02
6.541548167507962863e-02
4.978606095312721608e-02
5.426430456654835616e-02
1.960215391726596867e-02
6.637989930145818396e-02
6.329950140379035639e-02
4.303259276582519638e-02
5.967011992438696344e-02
5.777649713789425462e-02
6.069087008789238874e-02
4.374597587527531695e-02
1.319326073242345007e-02
3.353140159182213531e-02
6.134020422389258737e-02
1.752379283167068008e-02
5.070341304273288247e-02
1.674713417208374168e-03
3.967119860451066155e-02
6.351401086048044653e-02
5.863329608164994516e-03
5.513796888498274235e-02
2.493416815257054955e-02
7.220850793739390198e-03
3.549351031928553186e-03
2.009846170027950255e-02
5.727070389666744782e-02
1.707508648720317684e-02
6.609423730801690378e-02
5.899900218608914587e-02
3.370037364330615015e-02
1.726278495232440660e-02
1.477714084309109631e-02
6.223123613867011933e-02
1.541524221205338267e-02
3.101844605155664250e-02
4.228890113360329883e-02
1.939130387364872490e-02
5.147223243499374212e-02
6.490923664101824753e-02
5.683563909083725468e-02
6.764667454554870729e-02
2.864999708952391602e-03
6.895549053731422906e-02
7.043954084266387805e-02
1.543629848776126474e-02
3.097112815800997718e-02
6.692056609631527597e-02
2.151003587285457014e-02
1.703177516498320665e-02
3.564721212456261647e-03
4.185216062161227490e-02
3.303024002447784574e-02
4.279456002474389675e-02
6.574929921850379555e-02
2.923942684684127224e-03
2.955428463333784062e-02
3.093169512199322319e-02
6.032675205558817033e-02
2.632117073200774399e-02
1.363550523109735915e-02
4.038317429972650835e-02
7.173121486730309193e-02
1.564479145077486352e-02
1.105182768103277063e-01
3.840799292001489257e-02
7.674985918189547451e-02
9.202229926601359147e-03
3.749526656472743774e-02
6.020080967521641152e-02
2.302285899904057270e-02
4.135529681226765564e-02
5.650389307770442571e-02
1.954069475088971580e-02
6.145239414727408922e-02
6.980888054967371130e-03
1.455943238061162270e-02
6.247154471983965701e-02
6.113761107473029283e-03
3.238060466034314855e-02
2.349403163962072993e-03
3.562888536528321937e-02
6.547366575618701612e-02
6.738136657196427959e-02
1.234270184238722701e-02
5.265975090831272187e-02
4.760033685680897103e-02
2.807697274102730761e-02
5.781224396770372198e-02
5.591724168981612036e-02
5.236122881989069971e-02
5.988409799261045635e-02
7.465842625951352174e-02
4.015118995605897190e-02
6.012161355781969058e-02
6.950002427298243579e-02
6.008262036594230054e-02
2.720716150079611345e-02
1.047065918221591965e-02
2.004893189966896333e-02
6.258189475096116727e-02
5.037230771929331052e-02
6.293207726516550360e-03
6.337450770474729878e-02
6.528629469080809988e-02
3.307589441297456578e-02
6.509364109700975509e-02
1.691199645996957490e-02
6.715864001223188773e-02
2.420524637729145820e-02
1.469301943567262632e-02
4.208802319092155853e-02
3.830656097499533091e-02
2.723462713384374942e-02
5.960789444784804492e-02
1.404112960104447402e-02
2.353378475715540638e-02
6.132482505748395457e-02
7.335089785832425713e-02
7.465826581235632253e-02
6.854265208748493154e-02
1.394859601199706714e-02
2.953504244554492567e-03
1.370321267120449757e-02
2.299436000940671340e-02
3.309878875219390143e-02
6.768189031692592450e-02
7.332202962455298956e-02
6.759284236238601029e-02
3.685721522873365574e-02
6.755015655575535849e-02
1.001928962201189960e-01
1.851897428998123055e-02
6.716820822636011823e-02
5.392447422267184626e-02
5.594639496699888026e-02
2.583110230576741995e-02
5.631052983736750672e-02
7.291431913870388692e-02
2.657749918181214963e-02
6.195743738587533578e-02
7.565663882005276789e-04
6.288543574495682187e-02
4.463056618286279087e-02
6.142651390227520103e-02
4.350108566423007556e-02
3.964099222002864104e-02
4.449325734082417577e-02
3.472336998307817141e-02
5.639504933091149530e-02
4.258655716550706349e-02
4.337679710628882662e-02
4.675774440665819015e-02
4.823967150945398510e-04
6.389094253774213472e-02
5.743750223910195490e-02
2.620704549527989521e-02
4.267286386363974143e-02
4.278476794217197371e-02
6.958944923535721749e-02
6.134738417470768368e-02
6.892445571101128710e-02
3.675788954344601928e-02
2.430357093814494718e-02
1.196513647516298830e-02
4.214359610604154205e-02
1.386633219931200645e-02
1.858547723150200809e-02
3.858036964424146203e-02
4.942364581158345538e-02
6.444318450057659464e-02
6.331406502731952435e-02
7.157092054531936920e-02
5.668892090153574564e-02
4.370209411444687247e-02
6.363517141581914727e-02
6.736727417238838611e-02
5.263226494475186680e-03
3.460007256753993361e-04
6.911367883427747827e-02
2.364775831601905343e-03
1.013235511104308879e-02
4.409622442174740420e-02
3.035126513651970406e-02
5.853622582509461492e-02
7.130906532806668974e-02
3.637260565740411955e-02
5.945798611214053037e-02
4.764961290715648973e-02
7.582469082684299699e-02
3.123195173830394661e-02
5.880413332485141115e-02
7.156413898320779232e-02
2.799279539871421009e-03
7.150116168299790187e-02
9.938936763867181612e-02
7.061349296895054473e-02
5.539519586653759292e-02
7.137761825326335852e-02
6.701858211525907327e-02
2.302087614452356695e-04
6.442681772937691731e-02
2.736270327983015784e-05
2.081947930957490922e-02
2.137804410403196383e-04
6.675210437099506067e-02
6.713825980920372360e-02
5.046148477288982942e-03
1.752453033213509370e-02
2.467476867024540402e-02
5.074677156083212681e-02
8.121658679381398710e-03
4.429625534721297331e-02
6.628500913086748936e-02
6.653808373537642429e-02
6.217194172762673804e-02
1.632719309636549224e-02
1.393616936514218254e-03
4.641842878431309653e-03
3.241539668726888673e-02
6.698050277133264785e-02
2.782619547884323044e-02
1.061140691125237248e-02
1.347849945881429874e-02
2.016481793271095516e-02
2.161179826044412958e-02
5.178215796496996731e-02
8.678675704905462404e-03
6.025605864841873660e-02
2.343997434749073294e-02
6.298665947270122578e-02
4.920298096348681149e-02
6.854598116223216409e-02
2.839883050289224858e-02
1.127967504817643102e-02
4.285410334340793159e-02
3.391059571851808008e-02
5.164697956558868264e-02
6.410529765549879966e-02
5.697777828372214276e-02
4.604790076787987661e-05
4.551484718210861008e-02
2.183042028486960329e-02
3.943763366709258922e-02
1.276702006440217328e-02
9.918227450707035875e-03
2.586656260609145747e-02
4.517906979226160580e-02
5.394357638926840226e-02
7.447683876741359454e-02
2.129381942289867991e-02
5.154451439710589986e-03
4.960034477501943512e-02
3.709768381256117742e-02
5.264690942713626254e-02
6.770057617891930661e-03
1.391020324767632162e-02
2.810943053302177030e-02
3.762360537735024574e-02
2.927706122635478914e-02
7.588523432975068095e-02
1.889892315115737978e-02
5.936645406285510213e-02
4.305181418713371205e-02
9.805393001708968825e-03
1.311305746165875030e-02
6.502780944185584944e-02
4.372419955984040152e-02
4.224957768726066848e-02
1.240621463364711442e-02
3.965964511399575065e-02
2.561793227852791205e-02
4.845460639619994514e-02
3.611295533386860851e-02
4.647320801473529134e-02
4.850007865611267316e-02
2.029336643532341639e-02
5.106691035302587944e-02
6.233169428950430246e-02
4.000838588430158382e-02
4.950685606131494110e-02
4.419329317121353795e-02
9.288678305439151267e-03
6.015230022670820659e-02
2.947063745067818666e-02
6.765111891105507480e-02
6.427200455848722238e-02
6.032481727107789037e-03
3.564607322170310066e-02
7.273217958472422140e-02
4.812791144566780366e-02
3.227172451272031922e-02
3.372917631087808676e-02
3.037025826436106236e-03
4.094453322860365507e-02
4.019611895376559024e-02
2.931773569411642508e-02
5.248196076306427954e-02
2.091826861726171424e-02
2.437255230246451396e-02
2.683882054909293019e-02
2.427790690812301963e-02
5.190084061504528223e-03
2.501924357782979100e-02
1.584545705015836040e-02
4.710455523652049004e-02
3.696526494221425568e-02
6.848055288666869689e-02
4.530441861181812996e-02
2.717255292532278627e-02
4.985003719212931922e-02
5.308359118930005942e-03
2.050416480694510282e-02
2.299001829098177435e-02
6.334741781588637544e-02
4.787292544669948663e-02
4.570634008010637794e-03
3.461648496935761099e-02
2.527926905431286328e-02
4.686343164553605223e-02
5.023060085707656969e-02
4.677875834244608899e-02
2.641105214698271503e-02
7.490653003783022401e-03
2.446555912086706419e-02
3.758506893495556361e-02
2.410441040322108819e-02
5.284768584221848781e-02
5.778849094282624554e-02
3.144892204309100020e-02
1.240780181968028674e-03
8.792734917849464801e-03
6.459931065162009822e-02
3.952642062667002104e-02
4.394906839148647604e-02
2.079843400173934931e-02
4.947408209932571688e-02
4.906183486241681713e-02
1.966656480438991328e-02
3.429165738077011912e-04
1.213553060812680101e-05
4.165785380332369392e-02
4.302428813847009384e-03
6.359707855808309496e-02
6.618981250186732612e-02
1.483105741297057432e-02
6.690193107533001782e-02
6.438449177310791305e-02
6.216658581355433144e-02
1.246124700714599208e-02
5.630900680320127111e-02
7.039142548603960492e-02
4.480872823593544385e-02
1.147598207513072718e-02
7.242934006132906817e-04
5.831567487354621243e-02
4.934202978594694894e-02
5.170673099233318720e-02
2.789659897389505996e-02
6.210227681408533873e-02
5.037640156394174867e-02
6.631055774824475002e-02
5.213557638716646153e-02
3.051953208277930971e-02
3.711331678654446187e-02
9.925698928566742754e-03
6.759456764685874142e-02
5.816923196243663219e-02
3.195249252970350229e-02
4.833440016965227098e-02
2.385142161545667633e-02
1.855383276620760358e-02
1.987582499559116186e-02
5.341971778873097487e-02
2.612141746072674242e-02
4.787501516433713411e-02
4.714417833213033204e-02
4.452510152792736923e-04
5.854173596366796933e-02
6.611346648779438395e-02
2.140138761457409389e-02
4.893211888892055189e-02
6.713400837948299560e-02
5.970210561141240518e-02
4.522059383811764810e-02
5.124914501361822750e-02
6.298758833343193198e-02
3.700568487767225134e-02
5.426716001219458740e-02
7.496907640742954404e-02
4.980211175863537981e-02
4.886845696768526981e-02
4.882263356909750246e-02
1.096564459481824162e-02
4.757659405665579100e-02
2.585362135645863021e-02
5.293474451379740625e-02
4.857303952023523524e-02
2.151020159720215888e-02
6.984377659374352287e-02
4.646531645207813838e-02
1.964684997002453387e-02
5.906430730106655008e-02
5.974044592337683646e-02
6.547568948410029122e-02
6.721253739979518582e-02
6.018826662609520761e-02
5.423961639865001322e-02
1.276139823898767879e-02
2.846391264820222894e-02
2.726913489016916017e-03
5.459621068021053986e-02
6.211748185183399440e-02
4.214701143912530368e-02
6.573471737421359871e-04
4.005725961556586001e-02
5.320201350749056285e-02
6.789898081545208894e-03
3.086005424133907507e-02
5.677766722471733890e-02
6.459046163068254964e-02
1.636112312265271262e-03
6.047415779410852260e-02
1.708677723360605555e-02
5.765720596152928675e-04
7.227408354380943090e-02
2.843955585932617103e-02
1.250759951656754427e-03
6.309413114047947302e-02
2.843486523556491494e-02
6.726309767301347220e-02
5.334005653216972176e-02
2.278980947261167317e-02
6.905613887622019664e-02
3.479844570228970979e-02
7.579422053711612484e-02
1.994440505683354667e-02
3.996427431020407178e-02
1.039264139940344472e-01
6.724698895739701643e-02
6.836422709470865722e-02
5.934541624211968347e-02
4.532348368738323835e-02
5.337814300546678270e-02
2.288556571873759035e-02
7.798074427380070027e-03
4.958094625905205138e-02
2.890853098082299052e-02
3.369934690284165368e-02
7.194459223638473289e-02
6.274262139759604999e-03
4.962075945435800300e-02
2.714246102417565767e-02
6.400297239609832600e-02
6.731235235591970234e-02
7.345916803624170932e-02
5.457164076396191915e-02
1.422539293167256712e-02
4.511911459867521540e-02
2.889721051025612272e-04
7.842866566896060376e-02
8.873861191904866812e-04
1.857859446992753821e-02
4.940420026231061301e-02
5.766724189474991408e-02
1.959352682747120961e-02
5.750915414142736271e-02
5.312884933566810325e-02
4.110953452483068205e-02
3.898254737538671411e-02
6.662921942894069194e-02
8.596371984917668130e-02
6.035328087148865428e-02
1.144222644170842657e-02
5.576530638470972995e-02
6.885996947857150538e-03
5.201621708747506539e-02
7.021155380655977329e-02
5.371629357042246450e-02
2.004389213649651613e-02
3.026078987768648226e-02
3.393794806151965993e-02
7.541863430776814259e-02
3.278353414273667971e-02
3.340430451747732066e-02
2.789013752754129771e-02
3.733586077426130634e-02
6.699010857134622687e-02
6.832088062667987516e-02
6.776234886189663742e-02
4.683066766657368457e-02
5.949308731095535180e-02
2.126649267590786582e-02
5.948371971470849985e-03
6.707613727431704920e-02
6.616047066950248023e-02
6.613881430641389836e-02
2.081965130589583102e-02
3.889650547081500293e-02
4.783984708761047921e-02
6.339977308554431423e-02
2.436031204619470286e-02
5.346348808188707002e-02
2.386152383844604918e-04
3.108888353014188644e-02
2.629737961486868988e-02
2.661744666290157338e-02
6.720309311059419373e-03
6.107700604238977191e-04
1.940529751729747326e-03
6.272527283846258961e-02
5.760317946878061590e-02
3.898397337774921895e-02
6.701369985973788801e-02
1.808844395809225056e-02
2.140737120785899186e-02
7.825034303274738812e-02
7.476504498891581307e-02
1.371634404825827075e-02
5.134427390650166188e-05
5.979509922793068560e-02
1.682423838717911693e-02
3.884091349836398671e-04
8.094924451313639108e-03
1.250200608254348374e-02
6.469671546462922584e-02
5.318765694325268759e-04
6.835171951926587164e-02
6.820440018552748063e-02
5.269814994565058530e-02
5.050190705803972446e-02
7.492613189136428098e-02
1.938541661379393141e-02
7.405012483486268782e-02
2.055399867696486652e-02
4.641101427236711541e-02
1.171895296710430065e-02
2.669958523328680097e-02
6.760014497492272678e-02
1.053804557466978507e-02
4.622940489077116688e-02
1.563056438086435698e-02
7.229978042346900391e-02
3.764315431590161548e-02
6.711690389125037071e-02
1.395126476706261439e-04
1.419115584172338414e-03
4.568317705870937780e-03
5.335762829016615916e-02
3.226272864308818433e-02
4.866142697389679722e-02
2.174482320103453617e-02
5.491854150185560696e-02
6.553378928465442010e-02
3.509411755938417893e-02
2.418888264711883604e-02
7.222089710434967391e-02
4.940469607263215518e-02
5.604898886412702785e-02
5.397544247076846435e-02
3.727610175207034249e-02
8.315565716707825489e-03
3.419098112831008701e-02
5.029585389814015400e-02
8.702733781676703917e-02
6.178584999875063460e-02
6.114803619109004940e-02
6.635272139637925226e-02
4.526178742032759689e-02
4.082858968257116472e-02
5.546309425998008358e-02
5.841400554148883095e-02
1.033314658538817508e-02
6.688068967569395229e-02
5.813660998169811744e-02
9.271547196364587342e-04
4.822312933678427754e-02
2.228371847753299675e-02
6.322834233036817020e-02
6.353747778314730241e-03
4.529183157959023459e-02
2.266440990897244934e-02
7.217205003150241327e-02
6.370623088963076053e-02
6.609405301704961155e-02
8.301940718114329126e-03
5.659269393623468647e-02
4.618807725926114133e-02
6.901016991982517057e-02
4.110374621371647164e-02
6.696433763744956413e-02
7.124265133208672329e-02
6.163738878108515618e-02
2.616882524269061733e-02
4.849402794749883838e-02
5.575622253760718211e-02
1.317293172312946313e-02
2.674715775086691089e-02
6.296303145214582342e-02
4.701311060321133189e-02
3.866469275352217897e-04
5.180067864632845187e-02
6.421687568416939440e-02
4.116923272183933835e-02
2.049814778209388746e-02
4.947499865218920462e-02
7.437941004242946963e-02
5.401318841914303642e-02
6.578176365682031346e-02
1.725070290145478899e-02
6.827627449476496302e-02
8.087243454393638203e-03
3.763060645314695446e-02
4.890073429207951461e-02
7.509459142842686043e-03
6.265815836707212816e-02
3.367738871288563762e-03
4.040136199056794386e-02
3.791442731465322763e-02
1.311466291267516723e-02
5.225680458504036729e-03
7.496904201415459379e-02
6.241760727450714613e-02
6.274859992274900433e-02
1.200221191250019914e-02
2.345000588900551103e-02
5.033352668066897601e-02
5.478862375661004702e-02
4.634579831683017376e-02
3.865546086682338650e-02
6.076004606435043975e-02
2.763597272185279799e-02
7.222736306990093502e-02
5.539011570571337334e-02
5.243595686853975979e-02
3.072018122928196759e-02
2.782864538873916146e-02
6.513874838566709180e-02
2.131320736671690752e-02
3.918847364894866014e-02
2.099912095424318753e-02
6.155555246778110501e-02
6.793677612849379453e-03
5.328030894948972140e-02
6.115337347036463311e-02
3.987217420004519897e-02
3.091390560740447935e-02
1.981832592852466116e-02
2.516565213694878754e-03
6.756304463285729527e-03
5.586709854010137033e-02
6.196929366713679888e-02
7.128515422644053634e-02
5.643875907034976575e-02
7.343249782882012300e-02
4.692913095556766612e-02
3.655709768667441545e-02
1.465936755581968669e-02
5.219749938025075586e-02
2.715073337694520056e-03
1.748855437367359458e-03
2.966600789931727114e-02
6.837832449565717230e-02
3.015788753961724453e-02
1.327134012717482575e-02
5.556280011822502252e-02
6.318282461308068199e-02
5.377351199357329088e-03
5.899654049209689805e-02
6.465074871175960358e-02
4.372454634785591723e-03
4.487200160953018491e-02
6.607013981509585188e-02
6.670394066189670734e-02
1.142326127346707243e-02
6.823078755345625412e-02
2.820049024050411135e-02
6.093193641732886495e-02
3.927868788996804333e-02
7.198253439057701597e-02
6.326465746910739374e-02
5.376123767298050804e-02
6.203751124409169482e-02
6.075741003243147892e-02
1.811198259732873031e-02
1.125872801307324818e-02
4.952777989109772433e-02
4.252356945632955465e-02
1.542705820591119478e-02
6.784422596760124324e-02
1.632644948002403770e-02
3.158023777042437419e-02
5.248292692640489643e-02
3.460358571035308806e-02
8.906933908005742334e-03
2.821770487859421445e-02
7.266438805267938505e-02
4.218454416696052617e-02
7.006607754959123802e-02
5.984809889602564492e-02
3.236485212477425294e-02
4.328324716589395521e-02
2.027383253474802569e-02
5.279368847008613502e-02
2.434404536831604252e-02
5.899471485148739813e-02
5.050384213969891928e-02
1.689274791647997487e-02
1.977324893051778804e-02
3.993926607341067268e-03
5.070244692195676438e-03
1.915137974322197491e-03
4.790571762693507374e-02
6.792692728254105805e-02
4.703451297573636725e-02
2.915765975067812280e-02
5.292274538107354098e-02
2.544980845661614158e-02
4.764321737673733043e-02
2.206098573877132707e-02
1.695922632337752028e-04
6.948036992796001454e-02
6.133763121426549780e-03
7.549871464759344564e-02
6.814406524777369412e-02
3.672942780615479075e-02
7.529314066976957893e-04
1.160036826207584172e-02
3.619966642566697836e-03
4.610729837541378134e-02
4.890357646346905202e-02
1.868498481898845515e-02
6.878066660730815240e-02
6.370089523663734210e-02
1.520073262664713154e-02
6.250445136856459805e-02
4.650769518881868458e-02
4.505367039579490085e-02
7.136976741420351933e-02
1.068052936001371092e-02
6.578341091511326344e-02
7.513985978600633275e-02
2.110502122521194096e-02
7.080372643060024729e-02
5.425412386301492473e-02
1.110616251442959716e-02
7.917798572940600021e-02
2.540578447382169092e-02
3.224402813700104342e-02
3.466728877758360611e-02
4.395421741768571616e-02
1.838048747022768409e-02
4.707906323290073775e-02
3.396460805257003890e-02
3.637574670766822310e-02
6.728528617530614431e-02
7.483299534842234590e-02
6.579939234317659646e-02
9.180780183859624938e-03
7.117959189939675191e-02
6.788682658961335548e-02
5.609678601512120555e-02
2.567617869979876843e-02
3.246457427991956968e-02
4.861382639474809420e-02
2.858902851969835276e-02
5.458311343561264703e-04
2.792861413094209835e-02
5.113822811616126202e-02
5.595210044565573915e-02
1.750817627711737101e-02
6.172092595471655174e-02
7.202388525180482282e-02
2.832180056517132408e-02
6.264380337767046225e-02
2.047724533154494583e-02
2.162106900352949931e-02
6.115459754705229733e-02
2.661057787995065038e-02
7.220539461455199870e-02
6.926510454630016578e-02
5.085850797343328955e-02
5.782419882306668452e-02
6.190167139856012773e-02
2.394876574672174380e-02
1.071017486602755548e-03
4.493328597932227247e-02
4.749491641128155556e-02
2.017992015490850221e-04
7.307729966196474525e-02
4.136535591985433802e-02
8.458854281790101348e-02
2.283805505656853058e-02
3.966071439790785219e-03
5.552190882395761223e-02
1.333803575482305284e-02
6.765764052992721822e-02
5.113699711768391470e-02
6.937920158795769787e-02
6.428349779867881253e-02
1.615307709288115248e-02
5.353916964161020697e-02
3.209307279692966836e-02
6.567167247078954662e-02
6.395763940704862760e-02
6.271515232831402498e-02
7.563882744791635554e-03
4.166003619783238687e-02
3.333759892392080745e-03
6.540913704063228140e-02
6.667455935720455196e-02
3.339249934842326156e-02
6.554757315193465717e-02
1.999582580593343983e-02
3.898444488825836274e-02
1.397173206583320060e-02
6.622295922275246716e-02
2.960304377312013529e-04
1.322510922413452569e-02
2.266610974754198343e-02
1.112629448214038112e-03
3.116524509258436840e-02
1.162192866157108796e-02
4.275225791333078828e-05
2.252196769863647197e-02
5.555607673793983015e-02
1.526040203326299409e-02
4.779102743286805371e-02
6.703864443569280962e-02
1.723912457431249143e-02
3.813048205560515963e-02
5.341759032728046752e-02
4.675508617690898872e-02
3.992778196974202526e-02
1.769104284981374078e-02
2.260871359025636018e-02
3.332494789650201905e-02
2.278708345000106557e-03
3.689961738417952414e-02
7.024895176539061592e-02
2.883005656969130082e-02
5.901639108348181312e-02
3.637555921362803368e-02
6.978047977192224083e-02
5.253277870781841719e-02
1.685836524879761461e-02
4.851508926072324590e-02
6.819127063322033555e-02
1.662997740020933507e-02
3.259017101775550651e-02
3.057432133806056718e-02
1.419273794331108070e-02
1.005719901658028159e-03
2.179988531704977334e-02
3.521057188935141496e-02
3.648646098555251988e-02
3.927733240291724631e-02
6.640991331133580533e-02
6.749381169700649497e-02
5.273758385772378543e-02
1.297070141524126396e-03
6.479919033516858776e-04
4.845854285471536821e-02
6.664510275029550401e-02
6.227152340829437971e-02
3.840460355374688411e-02
1.086090472604816235e-04
1.865410307203425530e-02
2.578870027205217366e-02
6.259060722282636102e-02
5.837543883794195539e-03
3.692392711893003471e-02
6.831276076048668766e-02
5.594720222126239179e-02
5.192328215088452131e-02
1.755387575925701146e-02
4.695065203646577034e-02
2.080818029492126353e-02
6.937918756677319276e-02
2.368275950809951499e-02
3.259502572114530289e-02
4.611120899154459718e-02
2.570228723822989142e-02
6.406243733579378152e-02
7.171941125681931262e-02
2.774322293169617648e-02
1.372150306205006769e-02
4.856742697943726428e-02
4.082040145759743138e-02
4.648378178008213957e-02
6.592828934065969593e-02
6.427324982973438294e-02
5.300171385930897705e-02
2.293857147454317000e-02
6.682630023224457594e-02
2.813753124850437368e-02
9.030264214621620475e-03
