4.647126583097185848e-02
2.420451823460193289e-02
2.244691428837222377e-02
2.610707461983022629e-02
5.103349314623899929e-02
1.104203308742357330e-02
1.211686889479266990e-02
2.915184111118083315e-02
3.925197190385406459e-02
4.238204060411109725e-02
4.405583411594585219e-02
1.449666806588442367e-02
2.933674377502714162e-02
9.059899905726575935e-04
5.566663502668253022e-02
4.768973428235781520e-02
3.425669471879876082e-02
5.218022331392641738e-02
9.736237744103367481e-03
7.313867099092423441e-03
3.145175107022527700e-02
1.467011215569362544e-02
1.160341469155579249e-03
2.640085382823041411e-03
5.858019638665312723e-02
3.428007345547617185e-02
8.531520042012905036e-02
2.172522995010927466e-02
9.291825511315496278e-02
5.202298270914256471e-03
1.061375876640202522e-03
4.161636641482745202e-02
3.085892092783793991e-02
7.611373643970892723e-04
4.919003803671342934e-02
2.339454106427711275e-02
5.349812357640238575e-02
2.636078630129620390e-02
9.940885300832480453e-03
1.453512455006605213e-03
5.987173192596171450e-02
2.303823041237599775e-02
3.507173701665027704e-02
7.432798925832153573e-05
1.889032897974987288e-02
4.350216792012610162e-02
2.669943671068939622e-02
5.174105676573459434e-02
5.819780354850859899e-02
4.635919504840835259e-02
4.926228380946900270e-02
1.052643315718198355e-03
5.104678615293842259e-02
5.158547448691648378e-03
2.044632501186833303e-04
6.390318492868972660e-05
5.049550043180548592e-02
1.175707427636693905e-02
1.235009716089779074e-02
7.362378246147432883e-04
5.133961867627426234e-02
5.783055591727227079e-02
4.912572065190642934e-02
6.271553678862104575e-03
1.529920350996137948e-02
3.778894046923548383e-02
2.459023548215770461e-02
4.795539210599242264e-02
2.043995830579670506e-02
8.865129130208268537e-02
2.532165803854814073e-02
1.258031599448592060e-02
1.299810207229197892e-02
1.393045258526714840e-02
3.300534914741969170e-04
1.670526051737520126e-02
1.823440703982178498e-03
5.844472005683089971e-02
5.111491429409380921e-02
2.042306084169041511e-02
4.420873165757951972e-02
2.352590603454624647e-04
1.763209896673938182e-02
1.056423576917006960e-02
3.364401380288485621e-02
7.125670805424261321e-04
2.093707246248437820e-02
2.753688879683484358e-02
1.487422149328781334e-02
3.596061623588119732e-02
3.020233097913018611e-03
4.197884409671676087e-02
2.499275889267826498e-03
2.664815244467679325e-02
1.038591841377763531e-01
3.270017718489306308e-02
8.786615080751633848e-05
4.001484399383221230e-02
2.643673486008822279e-02
4.031407150700537512e-02
4.844307664628070415e-02
2.891124539439344013e-02
2.910983190695649522e-02
3.379333176313944337e-02
2.593266787550957755e-02
3.147921151483011170e-03
5.177427054652256055e-02
3.245002036951531721e-02
1.886035023393943348e-03
4.249056113265973350e-02
5.153034039590052157e-02
1.015381592685508060e-02
5.372684141709529321e-02
4.951430361146433312e-02
3.372112179054138209e-02
2.161734477116802888e-03
1.223153571130464363e-02
4.090820900561806944e-02
8.345645033471460472e-03
2.759578338310816892e-02
3.100403437870171558e-02
8.322506461620655938e-02
4.982034571798000383e-02
1.355128662205739090e-02
1.716365405112176348e-02
1.280517149825508016e-02
8.579454510565296370e-06
5.007659003738971354e-02
4.318709350540462372e-02
1.039011018688395550e-02
6.316342421736334534e-02
4.785132021595909363e-02
2.846544574819504653e-02
1.121735644813937752e-05
8.216153444485323892e-03
2.385191844369962538e-02
3.138129019887347243e-02
7.768090841411562884e-03
1.212524478190160279e-02
5.042772831507386783e-02
5.095409851531673695e-02
1.397775138499509837e-02
1.453765747217626841e-03
3.995165520315613339e-02
5.345849361986194925e-02
4.251486717305837104e-02
4.182394236576694041e-02
5.059261747569663431e-02
4.375289364058527336e-02
2.902071627253993702e-02
3.090511008753584615e-02
4.093827091992895822e-02
7.314193470227316196e-02
9.377359588530545520e-04
4.320746178807700899e-02
2.422462260489368496e-02
3.968327134351604807e-02
4.328663285695726060e-02
2.757369316672895337e-02
7.980041659420006317e-02
3.499988287944297283e-02
1.323959542469045625e-02
4.795118635188944101e-02
5.596236696074340100e-02
4.603682398058113467e-02
3.639261739861004139e-04
3.509845821934250848e-02
7.930482847309076877e-02
5.729529098805046655e-02
1.701996785423316033e-02
3.303848301514599600e-02
1.814760939303577611e-02
3.908801722303199139e-02
5.166831937031475530e-02
5.735088577884775440e-02
5.103798074500271592e-02
3.107702218912051714e-02
5.018150328218245332e-02
6.490219738123542692e-02
4.025495408386009499e-02
5.098679092063352486e-02
2.456531608968547456e-02
6.435006646135600812e-03
5.016693704824078809e-02
5.572058105123255112e-02
2.734734812223622857e-02
3.551436002331003622e-02
5.453848335851406437e-02
5.052509364333398340e-02
3.820636285486324335e-02
3.963910091919827829e-03
5.075621080322414991e-02
3.218642609869892812e-02
4.106186942598724632e-02
7.296111630158351154e-04
3.387168330409852379e-02
5.671578998266583321e-02
6.889120824112901498e-02
1.976740558840791792e-02
4.797448721896309387e-02
3.585808755506177808e-02
1.235147311269604517e-02
9.869354309515659951e-02
3.543307916284280795e-02
1.754479573005429107e-03
4.952887823015820340e-02
1.534832533954534747e-03
5.031724710752185845e-03
3.544851780591733864e-02
3.941269498915465908e-02
5.663864183066574798e-02
2.268211869539365697e-02
5.831793573305171785e-02
1.230623145457995782e-02
3.527994513870785082e-02
3.892082654773254546e-02
4.403859175671353404e-02
3.021661614417207528e-02
4.891185275138897059e-02
1.730055325019719259e-02
2.073716885328419357e-02
4.008230280679185575e-02
6.422584835154962393e-04
2.313961838559704977e-03
4.644283365748313498e-03
2.035418459632628782e-02
5.274048095730039798e-02
2.232091906466672493e-02
2.949667602622665918e-02
4.050580093276817673e-02
1.970290153396179848e-03
1.111051574381770150e-02
5.206264503130091786e-02
1.653219211446162163e-04
2.932437586389309570e-02
3.390263676130077924e-02
2.774228540195583688e-03
2.899249161734846229e-04
4.235867796057652540e-02
4.768195868919426761e-02
6.822703836583526860e-02
4.340586647031483697e-02
3.000915296323650172e-02
3.674997849998192651e-02
1.928750850225092670e-02
3.720108633117328450e-02
2.762859491570578488e-02
4.098096194162084704e-02
1.432815875433203837e-02
5.376425983111359636e-02
2.537170360205484587e-02
1.810497885602831494e-02
6.359182349972556693e-03
8.766358175853120396e-03
6.358069274572138163e-02
9.285386268809679017e-03
3.968209689422149550e-02
9.822705446913463853e-03
4.602057207817353973e-02
6.702404728165718174e-03
1.037325264386252657e-03
2.673028707370985260e-02
5.900191761897018855e-02
1.221765163917135771e-02
2.953284793097793112e-02
3.089025376062153397e-02
3.018498512773239162e-02
1.112214405342235512e-03
5.578283231184220925e-02
1.978943797438280708e-02
1.275515378002565169e-02
4.047801877987051988e-02
6.238019833506350947e-02
2.338754463705271236e-02
6.347379882008165504e-04
4.954034998859741662e-02
5.493874403655727573e-02
5.221925712565975847e-02
5.098637479190210736e-02
5.414729514832818807e-02
3.540279437606393131e-02
3.146893993609269774e-02
1.590717885361939490e-02
4.472617205475926117e-02
4.948799213268301883e-02
2.300007358163574499e-03
3.169375035864322593e-02
2.526975976712035263e-02
5.522880491542061371e-02
5.031292208213682809e-02
4.034285484852777326e-02
3.535190473531325817e-02
2.999635724615131935e-02
4.465472847620077790e-02
4.880499583625444449e-02
5.657005447975325778e-03
1.239038271181374523e-02
4.947749114050231482e-03
3.004967020962693441e-02
1.493045518836896672e-02
5.076814420618977475e-02
5.462819692198416649e-02
4.570838848670965432e-02
1.749962679075464309e-02
4.922688466043179806e-02
1.783539945970843976e-02
5.432494491900471262e-03
5.992979332452850333e-02
8.947903879378463210e-02
5.040809744989555551e-03
3.241635859305079526e-02
2.201318969860161651e-03
4.736532744444610366e-02
1.438350601217353974e-04
1.157845334048621978e-02
4.424500526697023456e-02
4.015138119729420169e-02
1.369657649726883919e-02
1.026118892317211262e-02
4.329368203242035112e-02
2.788915781726997167e-02
3.498557184845473012e-02
3.022817115646184855e-02
1.137732228619146640e-03
5.214001387204724586e-02
3.408069866156290123e-02
1.822204824185052682e-02
2.451736344813230245e-02
3.547847816572430313e-02
2.862162803925680232e-02
2.952263296315401839e-02
3.208202558794562981e-02
6.452048132543784786e-02
2.089732564484415508e-02
6.299624905253803754e-04
3.113884632146385074e-03
4.571263453267429555e-02
4.295080158629525219e-02
3.596765321982645092e-02
5.312752957463254266e-02
5.550947812187414371e-02
3.534779908226204359e-02
2.600562495781708061e-02
1.141852786646989186e-02
9.422210791231644400e-02
1.916532685281035001e-02
5.423689333730410955e-02
6.942781306537408603e-03
6.807385937592194680e-02
3.832994763096687907e-02
3.204728574481981954e-03
7.390281464544782263e-03
3.658194446515680015e-02
4.517495316309370207e-02
3.572738047729633742e-02
4.606202513607976501e-02
8.596226447531518655e-02
3.106053046220971087e-02
2.914841085162374681e-02
5.351693883012256792e-02
1.900861731108821487e-03
2.853147864933397448e-02
3.266288993552392966e-02
5.345537794617473415e-02
5.084280220555315727e-02
4.746304435358840446e-02
4.842501311652680496e-02
4.507957173324848854e-02
4.594182778675645271e-03
2.852057002022315851e-02
4.917337414456314504e-02
5.620063504474284016e-02
5.106332300981866051e-02
5.107593798700212767e-02
2.450144550139277816e-02
5.320259156680608864e-02
2.689952241963616819e-02
3.420743190445126730e-02
2.755465377461083915e-02
3.685146162140862797e-02
5.107043156077206020e-02
4.786389777874380802e-02
1.321787535507087941e-02
4.059369004753570626e-02
2.157643409122639647e-02
1.264780455126690052e-02
5.754084418224306857e-02
1.798068092537628837e-02
4.624033110646742772e-02
3.538372187564138571e-02
5.008699309011595963e-03
5.556539051068482872e-03
7.873436269228512030e-02
7.532178997416072094e-03
1.868067889859017366e-02
3.858829329023947402e-02
4.793257874057658963e-02
4.625253449165259850e-03
5.373292405645813119e-02
3.635294193412214048e-02
4.063609096564913675e-02
7.332964247390629658e-03
5.093850292715868672e-02
1.353079283079393000e-02
5.306203578287223277e-02
1.556980483416739100e-02
5.272358205896529593e-02
2.515427050954592916e-02
1.413699587840458460e-02
1.541412908069059217e-03
3.852509686752950135e-02
2.744988114542739124e-02
3.471386445386702435e-02
5.524150174324832935e-02
2.912868758412346173e-02
3.548292140865056538e-02
3.328270001100888838e-03
4.597374198366405151e-02
7.231525405479474755e-02
4.833825392614499866e-02
8.924021493687399331e-02
5.902570197929997431e-02
5.234854601064475865e-02
9.408376041633260967e-02
8.115554082040016270e-02
4.306613351134103151e-02
5.869250957563152803e-04
4.338647744620646729e-02
4.021182635053027754e-02
8.340043093480418583e-06
2.044763801232761568e-04
4.569017003210684713e-02
2.751166575305402304e-02
2.682271463196041206e-02
4.070693079796035979e-02
4.009691940387544867e-02
3.201654196390379264e-02
1.576940355957875267e-02
2.825971741181717428e-02
5.661345283290408412e-03
2.894907939637710384e-02
5.342411021105657187e-02
1.833205802317420044e-02
8.073268084783797802e-03
5.548248506337830066e-02
5.029954096080595238e-02
3.347695537069627329e-05
4.192366514506777782e-03
3.078642243539577925e-02
6.010531596997459661e-03
1.870207478017629765e-02
3.116850414125127769e-02
3.901404110536767222e-02
4.159125772547676153e-02
1.919678766245929563e-02
4.748110250900129670e-02
3.616763045420803846e-02
2.814165302460034171e-02
2.878133124692792283e-02
1.697208378779823564e-05
1.756560452637086212e-02
8.193605234001997972e-02
4.909551500286637310e-02
5.497362233812162768e-02
5.649751062904938281e-02
4.168675659053313817e-03
5.664060913401601505e-02
5.147039511204932333e-02
2.831688036127223349e-03
4.256265066524005797e-02
2.791435766501966596e-03
4.546717185542437784e-02
2.894256104778713048e-02
3.301058332135309303e-02
3.711306476082160133e-02
2.772232185822582143e-02
1.854043120799189065e-02
1.636967569182179102e-02
1.905787565534839550e-02
2.915942611084346159e-02
2.959185106593714698e-02
2.681524764607366024e-02
1.782557236849009741e-02
5.773806942606005826e-02
4.177803081469127350e-02
5.017842461090586681e-02
9.199483586976496541e-02
2.937307762854567475e-02
1.939186259149116784e-02
2.764317432133661656e-02
9.702270749471655562e-03
1.487111066195569370e-03
2.573294823043046839e-02
2.731977440184636327e-02
1.818541143631358104e-02
2.206362727677637497e-02
2.405723653811592255e-02
4.226263185475234024e-02
3.935344727274688731e-02
4.010672614854662171e-02
4.668800617455279994e-02
6.953385436839086553e-02
3.594986265083686960e-02
4.940340597236664993e-02
2.324429714576611156e-02
3.029686942446151512e-02
7.794835328487880084e-03
3.791427384297888642e-02
1.970436297611248848e-04
1.560247115402210900e-02
2.768423211806190706e-02
5.379095029493938251e-02
4.406344308359568321e-03
4.727875329798979925e-02
9.024450961427912810e-03
4.306778776895095473e-02
2.269290462303539396e-02
8.067336292287274890e-02
5.784598370957384772e-02
5.132485555290128287e-02
5.050545204411991534e-02
4.958527779673355118e-02
5.659740629011186103e-02
4.138000425326309600e-02
4.811799988385022375e-02
2.070001581197602677e-02
3.113037909209137935e-02
4.178853485442702263e-03
4.999648023161533872e-04
5.772401660834989429e-02
1.618365725878279007e-03
3.881475909589234691e-02
3.162961423662726673e-02
5.040312105689311040e-02
6.491630799625440484e-02
5.498795362547767747e-04
9.095378093024945702e-04
3.752020647680369414e-03
3.417474665698342490e-02
5.186616063578851354e-02
5.747926027053736064e-02
2.397785013084484385e-02
2.986181210361192953e-03
2.745745491429663065e-02
3.617365789006379839e-02
7.019593893882813442e-03
1.749690515969075724e-02
2.031563905284265031e-02
1.801884698482243349e-02
2.791933148887179236e-02
1.323672452080954312e-02
1.256175548777666365e-02
1.980688440286359694e-02
3.661145526427145303e-02
4.958559296611494277e-02
1.897548083334373351e-04
2.982794983026162625e-02
8.527348788769090193e-02
3.162464495312183183e-02
3.587033299725276431e-02
1.181769203687867836e-02
2.818142691940369194e-03
6.677795640076262379e-05
1.483158242090970233e-02
3.976931914827067094e-02
4.603497361117583897e-02
5.161779365303419131e-02
1.091211098237514568e-02
3.045327788694401471e-03
1.663023144553726212e-02
5.321906336526293496e-02
3.919944736558298587e-02
1.428983894787922738e-02
3.130001595463694636e-02
9.161797281076045421e-03
1.950461141595936920e-02
1.554804154497051172e-02
5.821847528892725582e-02
4.762785145470312120e-02
3.259345347527905362e-02
3.947719767035173799e-02
3.952949545237203349e-03
1.617579949076214385e-02
3.594356912652453551e-02
2.563647437311971505e-02
5.813921014772442664e-02
5.465423474943213039e-02
4.533647122669807322e-02
1.950946979442217538e-02
5.010216762464634460e-02
2.298391350591982851e-02
7.285472217624470179e-04
5.204845960561185758e-02
6.577711898059377706e-03
5.897047805768899920e-02
4.191847351616792561e-02
7.789232381717968445e-02
5.122674686581926706e-02
7.761260093581508126e-05
5.749929287096081088e-02
5.165298069084237054e-02
5.642571173407915502e-02
7.573791421676251932e-03
5.531393572761281879e-03
2.769708631683868300e-02
1.033293303353816431e-02
1.017923739790193779e-02
2.736300050656294692e-05
6.820725127538414430e-03
1.383246117480576437e-02
4.519894178726040213e-02
3.240402470789872924e-02
6.591181879242291597e-02
1.561296371534498517e-02
5.800271928274781247e-02
4.600323279915950747e-02
2.771487628463160241e-02
2.076832228588771690e-04
2.816786878634004038e-02
2.956231939434810288e-02
5.464776647152722738e-02
2.158386569415955691e-02
2.491522328715156144e-03
6.691212576799583645e-02
3.939195930567614828e-02
1.681565038289951561e-02
1.030326161504393871e-03
4.845356092486293592e-02
4.305532943417126474e-02
3.746457847031509775e-02
1.751472371320174923e-03
7.986685853433242790e-03
4.610730112241834960e-02
4.080150682761495007e-02
4.716935982664356014e-02
3.924067026053405793e-03
5.887155575983953754e-02
2.077592790608844410e-04
3.617580913021110206e-02
4.571230493890413027e-02
5.385488523892503071e-02
1.874379063315342585e-05
3.021292681969280775e-02
8.521900968195408183e-03
1.603092854501652481e-02
5.015160021899063569e-02
3.434807977425976405e-02
1.102405126048269790e-02
5.390142139076621857e-04
1.768123674318743122e-02
4.693030987056000941e-02
3.755786632638376948e-02
3.775999194404269094e-02
3.300892351987971124e-02
2.960000478983123781e-02
5.172387866320904415e-02
2.813306757579809789e-02
3.377627223717315219e-02
2.827862997240374390e-02
4.403838211860425234e-02
3.097940146925853844e-02
3.668957649814048178e-02
3.040387682132400168e-02
6.511124334535005678e-03
3.140711724096519053e-02
4.697136235017770889e-02
4.875968736688710697e-02
3.200462785139859823e-02
2.115088923917095298e-02
5.237573054301952052e-02
2.897605409057527406e-02
5.373760698091317733e-02
6.530629202957774319e-03
5.558924841535500816e-02
4.631239899400978188e-02
5.311457838095080125e-02
5.170455871043554835e-02
2.850463342613607926e-02
2.469288958359505334e-02
2.589852518959312455e-02
6.256935676962897992e-03
1.685473477644753790e-02
3.408977187789297841e-02
2.910063548495718869e-02
3.948063349847635156e-02
1.902963424147959340e-02
3.852039296136098440e-02
5.322165044508729570e-02
1.818404805361499565e-02
1.861080445288769078e-02
4.027525453147033467e-03
4.780489367360476333e-02
5.005542292248817138e-02
3.005443050302826144e-03
5.088353872185873150e-02
3.755913709102785825e-02
3.578826138279079389e-02
3.890482133536397337e-04
1.683408634195556960e-02
3.757293418876738594e-02
5.067027664433246953e-02
1.443946910517339898e-03
3.948916323030008529e-02
6.217022560301608061e-03
4.081059951051622947e-02
3.887170637725030631e-02
3.183183076373475597e-04
4.429026382653929866e-02
4.908163719116372808e-02
1.415506777952978698e-03
3.327438468225931562e-02
4.857104997828947529e-02
2.425583908175078796e-03
2.683877018166485121e-02
4.306296481499188866e-02
1.541809104713741732e-02
4.771152885217293249e-02
1.942145196709532673e-02
6.336864312499533580e-02
5.024130979484445897e-02
3.304011365873062850e-02
3.298179071381935473e-02
4.889609291077098852e-02
9.085530536895444417e-03
5.682018503697512657e-02
1.343913654067563964e-03
2.510451054097460888e-02
3.421963487658812725e-02
4.419198395460452455e-02
4.787367660277291881e-02
3.282999360478638939e-02
3.663936866435483272e-03
3.344592834779915730e-02
1.222514888938222750e-02
2.273942514607598005e-03
4.458757396018730307e-02
4.294294508883318706e-02
3.066682676441749578e-02
5.115487916218934561e-02
7.142232618782837217e-02
1.293179097332208122e-02
3.150337411868707124e-04
9.975486996617403956e-02
2.240126373347091013e-02
4.873032478717236743e-02
2.615286684732953323e-02
5.128174498976969392e-02
2.860909469170274180e-02
5.215785503424728159e-02
2.212489745134372729e-02
1.429889776957391292e-02
3.000539597631455072e-02
2.717009420999210237e-02
4.883492767593124867e-02
2.456893434092524697e-02
4.113900169588707856e-02
5.081781927545638705e-02
3.794159054775179951e-02
5.893090097116367859e-02
4.383698788434726989e-02
4.808378376600862952e-02
6.930777590897389817e-02
1.169020118106422861e-02
8.224676188364568596e-02
5.823625991611040831e-02
1.261930503540701319e-02
5.170496751096256838e-02
4.307933704168420632e-04
1.375449389172974865e-02
2.867053047555018913e-02
4.471542016647180734e-02
3.169404529305746426e-02
3.374680691184388237e-02
4.723398486405855357e-02
2.509795288324394302e-02
2.820380405897762385e-02
2.582316916140690866e-02
4.407574454527140445e-02
1.130281423834980821e-02
2.428733142775342524e-02
1.460939043699596360e-02
5.766277825327061068e-02
5.885620657363933189e-05
1.593584507573112333e-02
5.026060429057133128e-02
4.174220454781193967e-02
9.358378942995553701e-03
2.083644791136849209e-02
2.955698093062125720e-02
4.253130316783806236e-02
8.907141359611051371e-03
4.023133632764255840e-02
2.648655142570776819e-02
8.275450195754582849e-03
4.851356736474864151e-02
8.513310996276791595e-03
2.064631804196509490e-02
3.799970197117038401e-02
2.853989581002799869e-02
4.029381233495979344e-04
3.686683241500754785e-03
1.027732926326122183e-02
5.268288384179036117e-03
2.944768576038623437e-02
1.340706137982467568e-03
5.917240165106867240e-03
8.599845758609182475e-03
1.480324392637096973e-04
3.482178579443984123e-02
5.156133863274649926e-02
2.885156366353107838e-03
4.230821791394984849e-02
1.210620703953044393e-02
1.452792048634342185e-02
4.405082738367564060e-02
2.794488167960252484e-02
3.790005331423775686e-02
4.158782873222446885e-02
5.479625287466526051e-02
2.328385822807890401e-02
2.026919962209872486e-02
2.834230686573950228e-04
8.729355971983969453e-02
2.191078668173027100e-02
3.709753712511491830e-02
1.964417470651084671e-02
2.638607070630829762e-02
4.067969145706078204e-02
1.963885424006116265e-02
3.577260278561536500e-02
4.037775703459906690e-02
4.978347383556691770e-03
1.920423471992084574e-02
5.043527711335722696e-02
2.297333831271659854e-02
1.046678477070876918e-02
4.547406208883791878e-02
3.148760084120515168e-02
4.309833310461003153e-02
4.989158154288214631e-02
1.922727935670530755e-02
4.960969124572544436e-02
4.084574604404029446e-02
3.130586977456200053e-03
1.577957913494304346e-03
8.170898328302871657e-04
3.283333983311226278e-02
4.068458487797699252e-02
5.378266756178968350e-02
4.515155601143266278e-02
1.206049508711054237e-03
3.675472142057766706e-02
5.079671243856079266e-02
2.898965854336259251e-02
4.842386861176579960e-02
1.422318950642031997e-03
4.212291508067130680e-02
1.733607631410864769e-02
4.103588949170408617e-02
4.952053317905611568e-02
9.184434396393048594e-02
5.440133286368863813e-02
4.532126632453532811e-02
4.743923278108365393e-02
7.970972780626082999e-02
3.928426161159494917e-02
5.334349349640966909e-02
5.663914813148096528e-03
1.109756865261332312e-02
7.147461492838298736e-02
4.315451483586816087e-03
1.870547835646972808e-03
2.187711513375729944e-02
5.704873009917092036e-02
3.862051447314570479e-02
5.056368925885894317e-02
3.695567592150279801e-02
3.079870142370901356e-02
3.524182175571642650e-02
5.723825161019817365e-02
5.645633866710423644e-03
4.107786540828310684e-02
2.524727483622936450e-03
4.831287751317607515e-02
5.431129408119386021e-02
2.814667484059160327e-02
2.310766474701390894e-04
9.670163245744806124e-02
1.433760301957958012e-02
4.804717864827123125e-02
1.037257959795054307e-02
2.144069216576097517e-03
2.573031306986950546e-03
6.064712362691445334e-03
3.031297603063516297e-02
1.821788388073168272e-02
3.598111252443805114e-02
4.552002088007355506e-04
6.869951594223566195e-03
2.440492074155980670e-02
3.338070753087608866e-02
1.232504416486570470e-02
3.171288876589667405e-02
4.305931267601176976e-02
3.075774267274224844e-02
4.617195284488325585e-02
1.556663638577865383e-02
2.421198270655530380e-02
7.440219198424680158e-02
5.153692367371964095e-02
5.240331163764225253e-02
5.147672496005796516e-02
5.203793277063628597e-02
3.350062804776308967e-02
5.224168565832173344e-02
5.267459301611589206e-02
3.826907980372017126e-02
3.918197754319218545e-02
1.620202992808177089e-02
1.143791776139801708e-01
4.545050937980821271e-02
6.047102225037106517e-03
5.600596824052126582e-02
2.202883615349414750e-03
2.147138443882415718e-02
2.344263002790723111e-02
2.198122317685010860e-02
3.245876712607378284e-02
2.370943878959940257e-02
5.485547741260719812e-02
3.325878079926801716e-03
4.867534581442704844e-02
7.079961418718985766e-04
4.477134712290290787e-04
2.541190466044472573e-02
2.755934242895215561e-02
4.489862663222690675e-02
4.602127330948010964e-02
1.280647894807615712e-02
2.614023834764642173e-02
3.848028862346342116e-02
4.591928553263127655e-02
6.514898795831827391e-03
1.265086068064746666e-03
3.698417161407872595e-03
2.795036021761010403e-03
1.730577607197313419e-02
5.353698145488397855e-03
3.625114478226226788e-02
1.498744957054607861e-03
2.016008074814883144e-02
5.366743593776728688e-02
2.888163234546397510e-03
4.673817790526939991e-02
6.413434281048279026e-04
9.450491678911152049e-02
3.866177994540845233e-03
1.336877953413928392e-02
5.220681480211585013e-02
3.667212999632996073e-02
2.947789906061595161e-02
3.103564575627833222e-02
6.593889687344648559e-03
2.850917374109619706e-02
5.055465479425874653e-02
3.041658529521001735e-03
4.534747999653068046e-02
3.441618821891478914e-05
4.364078807493141504e-02
1.423881431306785530e-03
2.935857472112114036e-02
3.699787957498790192e-02
4.476654615478559140e-02
1.771353868918639288e-02
4.689275492778905569e-02
1.111169983096652394e-02
3.511011066295001253e-03
3.989637229618063149e-03
5.420032232145428203e-02
2.984986775044768878e-02
5.372037784200363320e-02
1.224434896836901557e-02
2.492835524293974744e-02
4.120254843846556797e-02
4.551890472457274794e-02
7.953533859443479015e-02
5.454874369972043113e-02
4.730656831703973497e-02
3.362198325981901031e-03
5.782537880448949258e-02
1.833074368076024379e-03
2.319677304059808085e-02
5.924642490430469949e-02
4.943640467621387979e-02
2.445142320441405590e-03
2.320120923376006727e-02
2.650815632656394055e-02
5.154181208538408110e-02
5.885237018580753016e-02
3.553425860153986565e-02
