5.249534520599859894e-02
2.932424939957842258e-02
2.492703421676343775e-02
4.570850219964058686e-03
1.251916408348667433e-03
4.714010557262814094e-02
4.765207985614543229e-02
6.092467507339741073e-02
4.626218986187612126e-02
1.438852239434044999e-02
4.102787129545901450e-04
2.129224403917251776e-02
2.788014304747830907e-02
8.986447446196230843e-03
4.526201816142170348e-02
2.364471200294872982e-02
3.216275230272057362e-02
2.317499888230375310e-02
1.589514118702107029e-02
6.286231619991430875e-02
5.844392283756701112e-02
2.283717411044591805e-02
2.669103436445382019e-02
5.175531133192764338e-02
5.768289432198964173e-02
2.333405898433916700e-02
5.081818206489179673e-02
3.106962857130684055e-02
2.879885137687885482e-02
4.215555007807994525e-02
4.138920145192317296e-02
3.923453596732227877e-02
5.605062040787633232e-02
4.105505389664213835e-04
5.275315598251863886e-02
3.102550014697654651e-02
9.934065571683354037e-03
6.114780054575214008e-02
4.144866011286595098e-02
3.856888451020863695e-02
5.840750416802922146e-02
2.485329446312309343e-02
4.975653471679635648e-02
2.385820768594662869e-02
5.530685814774132653e-02
8.265633386268389114e-04
4.921040990224073708e-02
5.860142419307991235e-02
5.417711621977697178e-02
3.776090667598775482e-03
3.128492782064955929e-02
5.095866373681395139e-02
1.672711487702722988e-02
6.516896771163857571e-02
5.959449217417108619e-02
5.786137264874301883e-02
2.836338923750879315e-02
5.597293485634949328e-02
5.293407073537228363e-02
4.527398567618672043e-02
5.832444685202915063e-02
4.288342627820793118e-02
2.622198664083103328e-02
8.379614360302870132e-05
6.338468624844217914e-02
5.344844006134720493e-02
1.507353111197062487e-02
8.890428443834062083e-03
2.511529892321801016e-02
4.319798274340130168e-02
8.963585204180460342e-03
1.961317304416455853e-02
5.193162765930538216e-02
4.626548872351118891e-02
5.137827657350275967e-02
1.769159117627067818e-02
2.089212225795058012e-02
2.385360633665253513e-02
2.198814689178180473e-02
2.296712679462365597e-02
5.585892412993173628e-02
3.161532305401117821e-02
5.512187547078253869e-02
4.864015966190544243e-02
4.505737904417569939e-02
2.055990739984995402e-02
4.335786474391362111e-02
6.555122158325599191e-02
6.309359861217211929e-02
5.341489472143178679e-02
4.419238557327806460e-02
2.350657116959027973e-02
4.367851865463353439e-02
2.310583518930942049e-02
4.759750277700523086e-02
2.723934640684157193e-02
3.154395322501320903e-02
6.020435385913758958e-02
6.963076082927133204e-02
1.932115171676705018e-02
5.039703949045245407e-02
3.904832769182073338e-02
2.039651607942828682e-02
1.411266765669990167e-02
4.177972562288339436e-03
6.601278491942634552e-02
3.248985196975166106e-02
1.534884391364000657e-02
1.781421464476012819e-04
4.083835113483997442e-02
5.679012534999648698e-02
1.093902222246547797e-02
5.359693021221842435e-02
2.306674471142081129e-02
5.334459404190701470e-02
3.833176561492619011e-02
1.631544062030539782e-02
2.974418209985072023e-04
2.174410610884693409e-02
2.479247040059354840e-02
1.409447111910087751e-02
4.127809566239602768e-02
5.922718102759920444e-02
2.522383774198629081e-02
6.514642725467555129e-02
1.696871422796051090e-02
1.730195101028629220e-04
1.293063268597102571e-02
2.361438586317602187e-02
1.715300023094820311e-02
2.430578581344835717e-02
3.342289666657356773e-02
6.363396135370780193e-02
4.981934559829074433e-02
1.027096801438859112e-02
2.958119237022930129e-02
4.422215488480339685e-02
3.109837193953942855e-02
3.387608953894634400e-02
4.878935991075402517e-02
1.569493871494322471e-02
6.136063850216331300e-02
3.360514920049854221e-02
8.344007415245942305e-03
1.171478595690650035e-02
1.682482766505252400e-02
2.295922163740324665e-02
5.985146004022241090e-02
5.140360959733924345e-02
5.059892273864975698e-02
2.979263349754241938e-02
1.074440936524070044e-02
4.859554714046897261e-02
4.894694571147063106e-02
5.096441435484737326e-02
1.504633955831548818e-02
1.554369225294781505e-02
1.182200568085064671e-02
5.649794084182690329e-02
1.031454091444271824e-02
5.711468014819937739e-02
7.416272927078065846e-02
3.265146647824548887e-02
5.651277487071668104e-02
7.162376936408239303e-02
3.371497408032311793e-02
6.291142913912393941e-02
1.588360576046175462e-02
5.941389780895676292e-02
1.844662586141256055e-02
5.806289930112429332e-02
3.745718221456425384e-02
1.035382404988365208e-02
1.349639679296979825e-02
4.726129577193366373e-04
4.293217326992992966e-02
4.710062057010296066e-02
2.908690023328796420e-02
1.219423917655417314e-02
1.557204871339740073e-04
5.749947053149117443e-02
1.389341373628585029e-02
5.573581902006301964e-02
6.395805493580732082e-02
2.476532249416942433e-03
2.943022501429664803e-02
7.021006134928997611e-02
1.865194383650153193e-02
6.508328941274464652e-02
5.822047631391874534e-02
2.250818865833234539e-02
5.593494600261395694e-02
1.630476034102274277e-02
2.319542167227006397e-04
1.697734046208884337e-02
9.845578949655240525e-04
3.962615320156220866e-02
5.714967686856654155e-02
4.467557040202852631e-02
5.123466088703744481e-02
1.258419444384961845e-02
4.161406000330594712e-02
4.506208282597091996e-02
1.667551083741849322e-02
4.089378983365918600e-04
2.735122266081165682e-02
2.476470664464742663e-02
3.344933396522593860e-02
1.826378158835957957e-02
2.729492907781192607e-02
6.889170487735273019e-02
3.850867890971769458e-02
4.607955361391287419e-02
3.928150022578456857e-02
6.160854365439574071e-02
8.475219326084706961e-03
5.291142520142776140e-02
2.933722712412537362e-02
5.661068927287146724e-02
6.555507491709935963e-02
3.313345254295042147e-02
5.817086929098524983e-02
6.526532328144252215e-02
2.054828593563517297e-02
3.276451402511554312e-02
5.059690845185961516e-02
3.555183649744605295e-02
5.124964856262493283e-03
2.632273912756901910e-02
5.521898414141442751e-02
3.414298305405848166e-02
5.650833514332930657e-02
5.827623919086718368e-02
1.790661870657294860e-02
4.747947497961326618e-02
5.752240246238637944e-02
6.671474827622795971e-03
2.886930306069608945e-02
2.211473995452176849e-02
5.495399067455928460e-02
1.774787043585486501e-02
6.340566190243297762e-02
5.781157527601318152e-02
1.285075964623999707e-02
6.615928660628875302e-02
2.581515085170759706e-04
5.073890595087595691e-03
2.324353422955686629e-02
2.765169849877682079e-02
3.714861764607116368e-02
4.655164853506173206e-02
9.568485447728461782e-03
1.430875947927938603e-02
5.592969809802584430e-02
3.563318136928227825e-02
6.770471037355690891e-02
5.883639878059754996e-02
1.509632718601871572e-02
4.273860612326611103e-02
2.437399933819727957e-02
6.229286929794090140e-04
8.574325922634873712e-03
1.901289591810885124e-02
1.118578061878706259e-02
1.510514597893163752e-02
3.294757226808580491e-02
4.733612227350519897e-02
3.130133410238811892e-02
6.616224087031419288e-02
6.212496296533790568e-02
8.336032270577166305e-04
1.052261970139787145e-01
5.464945500773587877e-04
5.732740058431916308e-02
5.709052603390847754e-03
1.011022440530085647e-05
4.771211847074893764e-02
5.008252978783723358e-02
2.450045456128925603e-02
3.025568402696126105e-02
5.808042027448042516e-02
1.743871224922659280e-02
6.267348479980303089e-02
2.218477269207421495e-03
5.235838601616157884e-02
5.157202810206643062e-02
5.030168272463290263e-02
4.284627876743673375e-02
2.224774054366415125e-03
5.812636508723830614e-02
3.252238267258978494e-02
5.336045288458582392e-02
1.704310114784037683e-02
5.813555409094668669e-02
2.888293681602490878e-02
3.751999010483506730e-02
5.354195565969297604e-02
5.468362631190103185e-02
6.274776737649150060e-02
6.834829749637990302e-03
6.978927371021202697e-02
1.410274559820891456e-02
3.823771390933441983e-02
4.749908498468859153e-02
1.692856377971662871e-02
2.653372189031779835e-02
2.791625606384021130e-02
5.899046938413237545e-02
5.237654816992384083e-02
2.210890019524651418e-02
5.006963032977142930e-02
4.617737516336181507e-03
5.866620066029644420e-02
5.527914697017877882e-02
5.402192438612093972e-02
4.131904973689754651e-02
5.386849206779494720e-02
3.320984311340874351e-02
1.164842530625120366e-02
5.417098368986979912e-02
4.659306723731682434e-03
4.084516618049249641e-03
5.308821988168099110e-02
3.119010518232855425e-02
4.169813209117882030e-02
2.445577658957423170e-02
7.112204661695902506e-03
4.474971291165735776e-02
4.444413192887700786e-02
4.928966964612036677e-02
3.991668807612563236e-02
3.022286480024153244e-04
2.659065402790946817e-02
1.040880341677548337e-02
2.474489569601582986e-04
3.707648597041213797e-03
2.961361950719456834e-02
1.863132836524727942e-02
3.954159533009002359e-02
1.544966854176047866e-03
1.646595598169683927e-02
2.253895291643363830e-02
5.349336630585600078e-02
4.095078033125609807e-02
2.524806932216346750e-02
3.693873133579043261e-02
5.611021709954775588e-02
5.381350831897081105e-02
2.458682664619817049e-02
7.610723542380647133e-02
5.018373656102002173e-02
6.888243476480908345e-02
6.333915384260335735e-02
2.747115480574319202e-02
3.842531472408635546e-02
3.870965252534575018e-02
7.830458732449764245e-03
4.164172394659442639e-02
5.622899238349066825e-02
3.410279334718096383e-02
2.256575133421996615e-02
3.580376921327853984e-02
3.079856571431308261e-03
2.844019272620543562e-02
5.209424523920580530e-02
4.311625692171611873e-02
6.705302748368890953e-02
5.228996857083426011e-04
3.894736111284231861e-02
5.635194861986069642e-02
7.146717101203324714e-03
3.403299244605505897e-02
2.282770510746807285e-02
4.070494954671961124e-02
2.275313642413070644e-02
6.335166392937990887e-04
4.956519681369889706e-03
2.763923773304788334e-02
8.350322791048547799e-02
4.455995154633844019e-02
5.246202385126978035e-02
3.110392816309009642e-02
2.549758452761944141e-02
5.304686712390187242e-02
6.170368882787174991e-02
3.034652408540209484e-02
3.356160030038025932e-02
4.071302342360291759e-02
4.633016317292838054e-02
5.365779772966138700e-02
2.827332158993484112e-02
2.649797908329375520e-02
2.040283527058923269e-02
5.463580755342790050e-03
7.051963262053127790e-02
9.532279085895918602e-02
1.162564489330039467e-02
1.994126293160700461e-02
5.798361619687806418e-02
2.673431284693416482e-02
5.887344434563474699e-02
2.896194275870463131e-02
3.633654714838418370e-02
1.934092207046223368e-03
4.687754033433118306e-02
5.703948621249214923e-02
1.372000897777387457e-02
4.319778665243518417e-02
2.515261955982987189e-03
2.629554438427984808e-02
3.308244620557084653e-02
2.175802680963570893e-02
2.730728789462810377e-02
4.803054390456178158e-02
3.694351768996560759e-02
2.240486218486656064e-02
2.283982436097601113e-02
3.683158354495357639e-02
5.153991980915605120e-02
6.431299275683716177e-02
5.187058059743916011e-02
6.554632309427314840e-02
1.187898435214890074e-02
2.975529712784525174e-02
4.956306932581964336e-02
3.782202362345183505e-04
2.534035237312672745e-02
2.179653008717841872e-02
4.403334986760432807e-02
4.136459498987655331e-02
3.941591660214098514e-02
1.277386879761006205e-02
5.581521692581520311e-02
2.241641932856167432e-02
5.610663753547660837e-02
3.568875487731777707e-02
3.409204849133190551e-02
5.535586852279767572e-02
3.472143516913440975e-02
8.465787673634054145e-04
5.255673613608436573e-02
6.961775819831135526e-02
2.967961252864469851e-02
4.131629408655305979e-02
5.234811874039737439e-02
2.000727296256196372e-02
1.671075404766480697e-03
4.460891099129277171e-02
4.947560575198637137e-03
4.909858118495698254e-02
5.090503397177441325e-02
5.737095108611412614e-02
4.975492215434816623e-02
2.971483045484354935e-02
2.529704409349656583e-02
1.837738855624088466e-02
3.156911375382444838e-03
4.295145255782537724e-03
3.180755971818143013e-02
4.324113630382073192e-02
5.885461107829101368e-02
5.939624547393096247e-03
3.697153996090498523e-02
3.809323516006674071e-02
1.189921577741017908e-02
5.244689097917057397e-02
4.542559512096205204e-02
3.821853300798396663e-02
4.231515902927445588e-02
3.239990787185016707e-02
4.813134072787154938e-02
5.989439024758632518e-02
4.763956642487528897e-02
6.442400179025675744e-02
1.723400451647348272e-02
2.787180623763259139e-03
4.409940081645952192e-02
2.095207967393904538e-02
6.172994739561664390e-02
3.701682837849739477e-02
1.122293925025177191e-02
2.039230493333003477e-02
4.580230983113062204e-02
4.543603996873851747e-02
2.860085680015015883e-02
6.838585552369780274e-02
6.245304989840452098e-02
5.454652154513386919e-02
1.663441707787737325e-02
1.556255029770591859e-02
2.034460400176327927e-02
6.768702337616938625e-02
3.188750098928417459e-02
3.041864641511308337e-02
5.064856392933078655e-02
3.801853919169059098e-02
3.809006342695982206e-02
5.597630463679924284e-02
8.223357058482718600e-04
1.976656179472879860e-02
3.710731871177325863e-02
6.624515740651715223e-02
3.178546516036398484e-02
1.516723049850801294e-02
1.005113689116584122e-02
7.719097699486188874e-03
5.731167338340464878e-02
4.307411564048703391e-04
9.580990559282134833e-02
3.691151770574262192e-02
4.550450571934667315e-02
7.183592600464884514e-02
7.514131071050535529e-03
5.648070873510373929e-02
3.034945601759791653e-02
4.897716620113935077e-02
3.766880316990179473e-02
1.396204364583561973e-02
2.880682705108457593e-03
2.008412794200536977e-02
6.177511145230910050e-02
5.739819741374301010e-02
4.809768987903635662e-02
9.124093771586334889e-02
5.516568925211949581e-02
1.982449082445116983e-03
3.906147310538791995e-02
5.439334926582270469e-02
5.942801416145625931e-02
5.580263236053298326e-02
4.961175976662149378e-02
5.996739301779146353e-02
3.149488196374775062e-02
4.337868935894523270e-02
6.014605254626515657e-02
5.218336742540508749e-02
4.449103606094555879e-02
2.085096510296510601e-03
5.702125706492335716e-02
5.749563750239034682e-02
4.128002747821368779e-02
1.460192911937440580e-02
5.497034577327405969e-02
7.981279600968491095e-03
4.827887908802761668e-02
4.414469196753814662e-02
9.542030275760038024e-03
5.731030989159680705e-02
1.675366379124425611e-03
3.692170611488208160e-02
5.639759967582350791e-02
2.717909951008543740e-03
7.154629064048353970e-02
5.646282758593482859e-02
4.457881520242615303e-02
1.462814884723704321e-02
7.671234039209849642e-03
3.181145807252644397e-02
1.798712373183194643e-02
3.900109994880412295e-02
3.090233266966698616e-02
6.441772383697441130e-03
5.705507550075412937e-02
5.827013351893280818e-02
5.558063102933198663e-02
2.617456165236257265e-02
9.157363250836863177e-04
6.336876350634070010e-02
6.730062938089231839e-02
3.725301032162620790e-02
5.055982105210728161e-02
3.737662209396870605e-02
6.215134381808565256e-02
6.636310459594310651e-02
2.140818962201164292e-04
4.611236733550581890e-02
2.091892088032460545e-02
3.448764653182827267e-02
5.163397402296454608e-02
4.817140988548115899e-02
5.861786843797952423e-02
1.126686951707550101e-02
4.619305272534877244e-02
5.964406710524752797e-02
5.874283589487889340e-02
3.477438053098128729e-02
2.496842173563616069e-02
5.366973954519215634e-02
6.276181641610664719e-02
3.483348909780301789e-02
2.055425201974144314e-02
3.204945835737643689e-02
2.155642022722250445e-02
4.524118100247986191e-02
5.520596555403917138e-02
2.664563724967588458e-04
1.424369434878289264e-02
3.084840961911571727e-02
5.233179775141148793e-02
3.462123329371246533e-02
7.037494243801930291e-04
5.560825742117738585e-02
4.023407138719304471e-02
6.859111931864032754e-04
4.268341208548152160e-02
1.534352432981919180e-02
2.023154551783649599e-02
1.551460953519269567e-03
1.426133741940153674e-02
4.675953952540012198e-02
4.357172038217204529e-02
2.691636493984831888e-02
3.809701373856134998e-02
3.907049194626070754e-02
2.001973094705957606e-02
5.934765895452815548e-02
6.489930483569687769e-02
1.380722717253523961e-02
1.091159748185991860e-02
2.075585034460732115e-02
1.160197993121210927e-02
3.368542579369007001e-02
2.790971090697485363e-02
4.888541433764236922e-03
1.171959374774137787e-02
5.498479550428653218e-02
1.516476537737735525e-02
6.206140045233072416e-02
3.782708699447899503e-02
5.858925186078980246e-02
1.401333059691578335e-02
4.190250295292366478e-04
5.065688705341592907e-02
4.347485843803233774e-02
6.869252358461594562e-04
4.998062034186202818e-02
4.191240759094036483e-02
1.952211147155308996e-02
1.252770661461623074e-02
2.211857564888070060e-02
4.684471711896539409e-02
4.542870914879967165e-02
3.560636951939901568e-02
2.001849151112618935e-02
3.379293560530900048e-02
4.820364261943000869e-03
4.883322499029887215e-02
5.750231657461326445e-02
5.734630473791518801e-02
5.811091704443362149e-02
2.192144234692070676e-02
4.401865963418311739e-02
9.630065376999118187e-02
3.928053584002347276e-02
3.227745579820123778e-02
1.689501268438742959e-02
7.694394541284993450e-02
4.083038659485762473e-02
5.715689412119813462e-02
5.964179612107758238e-02
5.936361279009579744e-02
4.982867107274797230e-02
6.591357225053504076e-02
4.261750716666643478e-03
2.318405238603950605e-02
2.883642375846108899e-02
5.509399165286819194e-02
5.768478464085192992e-02
2.827079378240255486e-02
4.919148679490179671e-02
4.202092328201088856e-02
3.783729676209859698e-04
1.377569377774602111e-03
4.969561599197129531e-02
2.662503538073556636e-02
5.792298320358763020e-02
1.056393350509323217e-02
7.033954776591929033e-04
3.014665251630124429e-02
1.875528311239424775e-02
8.303006380988412621e-03
8.884933352082637070e-02
2.238490341415763163e-04
5.176379821115306701e-02
4.981719706089936944e-02
2.701571520243662566e-02
3.321535793396213077e-02
4.549825518892901266e-02
3.657159066381465706e-02
8.691868947667711015e-05
6.737621680237690369e-02
2.158845505924387662e-02
2.808888718196944244e-04
1.155940115938143553e-02
6.508712221295126499e-02
6.770864630095657644e-02
6.447266043169168001e-03
2.539287118018924636e-02
4.528610889007295376e-04
5.940734839024132408e-02
5.568492635833303256e-02
6.888083291391103313e-02
2.857796937980138299e-02
4.536083485185603281e-02
3.154693183483795599e-02
2.580949278299641061e-02
4.267224431832390696e-02
5.454859692664185827e-02
3.434656326107642793e-02
6.503193235383856498e-03
3.944896901579611481e-02
2.869206644049407395e-02
1.111111665715537947e-02
4.798597421986805500e-02
8.199653697301577393e-02
5.944486134118042581e-02
3.133726844839757053e-02
3.869517988126231281e-03
4.890756269795754757e-02
5.713372812245790661e-02
1.496972934102304593e-02
7.833538736374660860e-02
4.198519308461838573e-02
7.957573964352165951e-04
6.327893362481007422e-02
5.619539363964427131e-02
4.609034298633556820e-02
7.959538190257915702e-03
2.909849349180855874e-02
5.996365807650545082e-02
5.704205474613557175e-02
1.170281128616722406e-02
1.631507777411190250e-03
3.531787647672102876e-02
5.831064895639991724e-02
4.665955301718241466e-02
5.639240127397859847e-02
6.058890346695652851e-02
6.027267534983327124e-02
4.983817673287545269e-02
1.742493141349656452e-02
1.991866120761693129e-02
3.104576141593694966e-02
4.269800295622983716e-02
5.541209690039793079e-02
5.138635079305473724e-02
1.869729276113199154e-02
3.734859589972974736e-02
1.456637101721853806e-03
5.911547233887416014e-02
4.717701627061221537e-02
3.580657749418243718e-02
5.349469363585730459e-04
3.940020369572199560e-02
5.465751231424421236e-02
3.751320778112950116e-02
8.637041579456649146e-03
2.342562700914872093e-02
1.715173286974574357e-02
4.926116769919061666e-02
1.108311616620195547e-02
6.008145888758110315e-02
4.910357856920120195e-02
2.572888213071464550e-02
5.593337110942202955e-02
4.601858132383476047e-02
4.232073684840587102e-02
4.178663246664011954e-02
6.841813360662263310e-02
1.627898830789750598e-03
1.844720617377706030e-03
4.708955221175899208e-02
2.857403561125411787e-02
2.429655709940833561e-02
5.071302844373534041e-02
5.683474420424926288e-02
2.737084550934471006e-02
3.228236046630587192e-02
5.416773655649723129e-02
5.140451273667898113e-03
4.720626336515889448e-02
3.763763528368757605e-02
3.896581493837206200e-02
1.545855505313866764e-02
5.456340602515562938e-02
1.812414354114791001e-02
2.133291996511775535e-02
1.476566965318588769e-02
5.453224881539245339e-02
3.835020122925485164e-02
2.587823737715216899e-02
1.545947995650514759e-02
5.874461140466535197e-02
1.589751740445859499e-02
7.007319390066815701e-02
5.409075924097816318e-02
1.687402696659862089e-02
5.970596281210226869e-02
3.055548436033186932e-04
3.604485290219426596e-02
5.403216328703806803e-02
5.709494476697718479e-02
1.823277696005777548e-02
6.435396863803857781e-02
3.993131335339045879e-02
7.718170626384588187e-03
4.700238702848402728e-02
3.504432312063343602e-02
3.270594552202283484e-02
6.928534313318780724e-02
6.933132122915955516e-05
3.250912320475023154e-02
5.614742192869129345e-02
3.168621415820901260e-02
5.574778121564426259e-02
1.056271912343831679e-02
3.693117425424410211e-02
4.098197176493953431e-02
5.269329202503660048e-02
1.483477080538650288e-02
4.894093690250733014e-02
2.258235073709520188e-02
5.958776740555595669e-02
2.870021621195158190e-02
1.182731743489827923e-02
1.025274775675289081e-02
6.026400749229131326e-02
5.510748496639881339e-02
3.909021516886299757e-02
4.640702315444208970e-02
5.417047270641332790e-02
3.239458434234572960e-03
4.987531177232320395e-02
4.256575870496705910e-02
6.152084373470415556e-03
1.843780937491859909e-02
5.982079872294849415e-02
1.269367157778871803e-02
4.540537312942618392e-02
2.446540314391332932e-02
5.838363293997720499e-02
3.436561136248154555e-03
6.069559261839919950e-02
3.735904518486251463e-02
4.727540485716206359e-02
2.584482664541937202e-02
1.044666767123667017e-02
1.803044477259622622e-02
4.864210373392219289e-02
4.542416508813597320e-02
2.061530308943300069e-02
8.183069762727588833e-03
2.042417326972094296e-03
5.558099716085521808e-02
4.110111584399146062e-02
1.247664604628510691e-02
3.734071644508007298e-02
2.255277383692796955e-02
2.269127392446346897e-02
2.925590280578720809e-02
2.904972113737122608e-02
1.586394980146128494e-02
5.803466937142383320e-02
6.150273545138053299e-02
3.534697839282813919e-02
7.700064858181163152e-02
6.690686986932997682e-02
2.745919022018053143e-02
4.248989749864597390e-03
4.390145200308547338e-03
5.142264384809977495e-02
4.506598279701072574e-02
6.944543840950026525e-02
5.423423280107517869e-02
2.559815555580124621e-02
2.235141782215280953e-02
1.233560698794662971e-02
5.599410122758096547e-02
3.768318660675776949e-02
6.004262212372699775e-02
5.030159379935585096e-02
5.827011120777067510e-02
5.923954862963501378e-02
5.940062304920332159e-02
3.946674875978815888e-02
4.992948880738412587e-02
5.312033271349399927e-02
5.803089353865164418e-02
4.732448922551287657e-02
7.036683485114124392e-02
3.613756904884170285e-02
1.154942924860457047e-03
4.679753081992902436e-02
4.284755985055935246e-02
6.241658390232797393e-02
6.071586357942117262e-03
5.465715682533645731e-02
2.819816885803350798e-02
2.679850709357091843e-03
5.300230263481131576e-02
2.732036298807767258e-02
5.160285365447645628e-02
5.800676864829001217e-02
6.182233637497530632e-02
1.067877697000221004e-01
4.523075316746664695e-04
2.964407593209357597e-05
4.129716676488467270e-02
9.957201585840463540e-03
4.764450279073416394e-02
2.295509021291241777e-02
2.177305805930259200e-02
5.888667526233471589e-02
4.354587962090752593e-03
5.907242936360495439e-02
2.561777765819676575e-02
5.592526100490875784e-02
7.348234663233875474e-02
2.431830574938846287e-02
5.424831823514145862e-02
4.996334996938951722e-02
6.171578721811525614e-02
5.791582876433797739e-02
4.870624657915631484e-02
6.647163698687900968e-02
2.161882751843743032e-03
4.523755744012806362e-02
4.270717694634259404e-02
5.746624728857756964e-02
5.953855326363840551e-03
1.060699492291938655e-02
1.251075126576220572e-03
5.003898065950271833e-03
1.219224749166918260e-02
1.900465498567905503e-02
4.853193621747012992e-02
7.007697414738614516e-02
6.262816384684494198e-02
4.950493356367061809e-02
2.670598578325280442e-02
2.256136204959783523e-04
5.851379759709150752e-02
2.036872254976453828e-02
3.964412019473072257e-02
3.106675425391116491e-02
1.496059939170911630e-02
4.051891214777012321e-03
3.148493378832661459e-04
8.110641302060723687e-03
1.374263446846525627e-02
6.798865485510377851e-03
9.278465811585197981e-03
3.634703586982420548e-02
9.819589267411733477e-03
3.363476937237393910e-02
4.072313266978822011e-03
1.701200828477688470e-02
5.943800014558215522e-02
2.395187831000506699e-03
4.559908419067227464e-02
2.502482584981309544e-02
5.013584312812947863e-02
4.430999666597481429e-02
4.499538693988935217e-02
1.481459975666597935e-02
2.570329522442382428e-02
1.967097419721384067e-03
3.514891690963831833e-02
5.104362157273358014e-02
3.906023455565695718e-02
9.082029957906781817e-03
3.799031580834599797e-02
2.134951052051281897e-02
5.695395444455533113e-02
3.769141049650961972e-02
7.725214999329695076e-02
2.766814347884977154e-02
1.875746829276868366e-02
5.072695640528835509e-02
1.961122082502441202e-02
4.157442630830851527e-02
4.255272574192838636e-02
4.939702316730259016e-03
3.985708072784104397e-03
6.249848424524508811e-02
5.683291904662950839e-02
5.832123302423909694e-02
2.786007947761736346e-04
1.893775636530939388e-02
4.114844678097217406e-02
4.686909147863142777e-02
5.414107540423727244e-02
6.460458900729409981e-02
7.091758871403931741e-02
3.797260721960879493e-02
2.027915516299733101e-02
2.989428348901957896e-02
5.425234221378030103e-02
4.697599928925211277e-02
4.224556346948812879e-02
