7.272943355257383002e-02
6.174853915167612117e-02
8.343788366044233018e-02
1.946907088471742930e-02
5.332438638688505837e-03
2.226158165653575188e-02
6.520180551266019364e-02
1.002814931473776511e-01
6.467043841836550566e-02
1.045936270001701363e-01
6.747809472134404241e-02
8.865239262856700053e-02
3.759253046469412246e-02
1.095128798748724180e-01
4.649716856006464588e-02
1.153646123077404911e-01
7.804037771549232616e-02
3.173178168083468781e-02
5.548190338838429603e-02
7.918962018740009767e-02
1.298194784351741453e-02
1.040320236406044319e-01
1.114034081117607489e-01
7.266442703530535951e-02
5.935475327044659882e-02
1.127767416903495690e-01
1.087028408716797512e-01
7.268784590489195396e-02
8.596888100517280362e-02
9.980336669012572492e-02
4.015228067699132958e-02
2.106272151626468678e-02
4.210627280605628436e-02
8.617269339185675003e-02
9.179218355609690405e-02
1.088977140930064702e-01
6.654950967405666440e-02
1.029741982044577314e-01
2.775473726617155162e-02
2.303255961781671898e-02
2.567171147129305997e-02
7.755525142430483299e-02
2.333475253673487557e-02
3.249833490567336641e-02
1.925976932534109384e-02
1.015617960613289517e-01
1.110409807828022927e-02
8.645734730140131052e-02
6.367578374278516640e-02
1.128387491549682209e-01
2.733806766542925051e-02
2.263720476759029793e-02
6.982336050261486737e-02
8.296745949256234542e-02
1.027508822115908577e-01
7.715709902265434350e-02
6.092934667905071378e-02
8.892319778969438870e-02
3.145270034218858313e-02
7.338053262111901565e-02
7.029156603673761272e-02
1.056414283535905829e-01
1.001092522953686975e-01
1.937221487773507604e-03
1.071783899775350796e-01
2.494654545622873934e-02
2.139593669444413496e-02
8.366462296914070618e-02
2.384097651101836635e-02
6.656069001548320374e-02
2.590659133626562263e-02
2.430705196168036694e-02
6.791118896519238168e-02
8.431476361906206640e-03
3.520926550946829048e-02
4.812607594686584694e-02
7.476068513114979275e-02
6.088431764573535611e-03
8.595001584721671806e-02
6.467223889045133067e-02
4.492840010544239641e-03
7.408364592188357300e-02
7.608887738057487464e-03
6.704008499011512856e-02
1.069633635310124481e-01
6.938128817584351959e-02
3.274372266720902008e-02
1.160200754827973857e-01
1.933192966309272426e-02
5.960046588756435365e-02
3.568695911972855073e-02
1.338748765688422930e-02
9.046713886186583120e-02
6.274084612036259778e-02
9.744705281371959793e-02
9.602665607267028836e-02
1.159599040590875568e-01
4.495871787825662588e-03
6.903690790328780025e-02
8.651600236232231955e-02
9.167803794294616948e-02
1.767260914422225798e-02
1.048997537832420113e-01
8.303035948860593152e-02
1.929423536939306461e-02
1.289884058799588805e-02
1.346013014567382093e-02
6.121621864842210700e-03
1.013562931888116470e-01
5.228249305756575704e-02
9.110686991733012163e-02
3.533166301024782269e-02
9.270285696970900768e-02
1.156998726283250400e-01
4.081394463186333033e-02
1.012328912979840734e-01
5.153530119256428260e-02
1.052424307187229402e-01
1.645721769680626514e-02
2.852915052569805765e-02
9.869440277638434622e-02
4.845838820637514421e-02
8.107772597594418984e-02
3.994802443140552800e-02
2.138969002172588785e-02
9.275178739273712281e-02
1.036937154434636604e-01
2.655024422663122136e-02
2.249577654074149877e-02
2.556203430716738959e-02
1.661430322883213073e-02
8.514411671099302026e-02
7.343533322634838989e-02
9.131796628854123299e-02
1.385744209316789287e-02
4.075547438765945302e-02
6.937044640581491173e-02
9.638808345737206670e-03
7.595250600879890901e-02
4.525569916584411267e-02
7.178421141019290797e-02
1.161673511315625545e-01
9.333556689144847929e-02
7.799541812237610616e-02
1.151985445274178177e-01
7.326112497850989676e-03
8.221458644331305909e-02
5.421184802573899598e-03
4.717429880349635618e-02
1.756267244040623046e-04
7.611401107310881986e-02
8.477704889984463699e-02
8.231510519671299264e-02
1.478212885649995804e-02
3.899081601152541016e-02
7.580381696912986966e-02
1.154224220696329212e-01
6.233284932740352363e-02
6.354256716625154844e-02
5.133389810797969049e-02
4.541344550646644884e-02
3.961670136796828501e-02
9.238758874038781321e-02
7.173739969578372955e-02
6.864992291516471001e-02
7.406746181595783018e-02
1.035521637191503669e-01
8.945324125167621043e-02
1.112959837915769856e-01
2.725530731813821314e-02
2.442489676303324052e-03
5.336329352202941884e-02
9.003813262697264730e-02
1.888301526994158944e-02
1.714723264911848996e-02
8.154245810646854400e-03
1.689528622634186433e-02
9.892430852276526410e-02
8.021937054968665548e-02
1.009486032687101631e-01
5.528383179355469967e-02
6.536951425670976812e-02
8.398072955594769462e-02
7.410697608667741153e-03
3.854199055974548427e-02
4.130487724088859579e-03
7.762187650534600747e-02
9.038438808875176589e-02
9.660653981726465001e-02
1.250100533808278826e-02
4.212087569878496945e-02
7.962045221230926173e-02
1.087212183811177429e-01
7.790375183464970377e-02
6.915525297318871056e-02
4.512144794473305770e-02
1.977667551035490121e-02
3.141588089352069513e-02
8.757551608426060452e-02
7.069108005049477839e-02
2.311112162389604777e-02
7.351333202672495626e-02
3.879150517213597518e-03
1.068433353693628782e-03
4.040790317036659779e-03
1.086371435057068985e-01
1.140273975819979246e-01
1.248823092484152228e-02
8.474790326975538066e-03
7.222818390778838749e-02
9.444273189468228857e-02
2.310518614905822735e-02
1.019782914060297224e-01
1.437908666514381602e-02
3.076536666761395603e-02
8.424310917171679014e-02
9.988068848570313962e-02
7.713491033245639672e-02
7.679891491796735081e-02
3.654780654088403413e-02
7.860590287568708368e-02
7.494556138265137668e-02
7.734010886529433561e-03
5.081272757484998209e-02
6.240938577775588525e-02
2.603131786198163364e-02
9.565383020887242849e-02
3.321356427784780824e-02
2.886870927317721630e-02
7.703354507425674846e-02
4.464617874826629779e-02
4.897167393184317929e-02
6.599854628954290869e-02
8.186332152291404471e-03
1.135098653518066963e-01
7.680783577343980317e-02
9.241447763221248557e-02
4.306867064559685016e-02
7.364080305663980863e-02
1.018738637720345702e-01
1.060980828822247479e-01
1.140527217462248555e-01
4.178664121385698010e-02
7.122607258598788460e-02
6.018621124802777528e-02
1.984573674903487156e-02
8.853831054818235569e-02
8.823942042687267506e-02
1.168518850831819639e-01
1.668113397061570836e-03
1.010955346197072446e-01
9.235123417723604955e-02
2.478015636786017398e-02
1.099418724801878716e-01
7.322184786567431658e-02
1.061009075477946650e-01
6.245453496814554195e-02
2.856692346939967639e-02
1.144836749194443615e-01
1.375726192147681826e-02
7.733155167402933072e-02
4.139710147380645799e-02
8.226630057849319833e-02
1.170413262248077846e-01
5.824336202156184944e-02
3.968339485840995107e-02
1.507851473154590317e-02
8.754367214722778845e-02
1.139664625179607482e-01
1.204168057526153017e-02
5.810768539426872104e-03
8.247613999096670145e-02
1.225885163089275934e-02
4.997812538599869653e-02
6.615436587741063690e-02
1.062347737739546411e-01
8.300772650884527537e-02
3.205074975961929445e-02
2.069268638822624809e-02
5.756974772016345415e-02
3.005213522601431902e-02
9.805936157367626038e-06
9.571513240183296412e-02
5.041193225885377133e-02
4.995561812282334419e-04
3.424160452059199500e-02
5.967009418951591676e-02
2.056756225130211904e-02
4.631238923845437672e-02
8.095911349444044613e-02
9.851541573448290012e-02
8.420948787601995056e-02
3.438048661189765931e-02
1.445658367188292458e-02
2.015042585289616127e-03
1.484519723267440673e-02
6.872019507483639877e-02
7.745958424882626314e-02
2.129724603763673285e-02
9.961891549027333814e-02
2.747416172393840963e-02
9.440116752714799997e-02
1.103005096212647806e-01
5.526035757747825572e-02
5.677331873546066776e-02
2.515988098893299010e-02
3.838227528334107325e-02
6.860262374438394484e-02
2.644706182829560659e-03
8.593694112232506954e-02
3.147844506008887905e-02
6.275935187893652567e-02
2.488663761164692720e-02
9.198296440490255632e-02
9.352504545656105395e-02
9.118361178040693127e-02
1.131808094209135751e-02
2.559645273637995919e-02
1.009143061633562162e-02
2.946021994791407639e-02
9.102946133892400593e-02
3.202567335317379332e-02
1.121014306874035249e-01
6.280230747994804130e-02
9.734195287365821070e-02
1.039042981097912377e-01
1.026749078556388715e-02
5.893718440229554767e-02
5.528050409752838928e-03
2.025344317457741794e-02
5.896865533887394456e-02
6.095617821608757120e-02
7.474836466138262692e-02
2.701920306230028851e-02
3.385197251443398253e-02
6.919160785159922389e-02
4.608920618230930716e-02
7.780389725904718334e-02
1.161585113019689974e-01
4.679228897514278729e-02
4.484764477303079810e-02
7.501962304995850317e-02
9.665394745038315139e-02
1.016451121129785667e-01
4.089700036230051877e-02
1.006979567773333556e-01
1.163851920870536960e-01
1.594659795268286995e-02
2.035653281604698009e-02
1.074000623269265597e-01
9.935225194677470284e-02
1.497055986701048037e-02
1.332834407392355196e-02
6.096255303397504766e-02
6.401935271427461327e-02
1.028361618707239328e-01
6.070997510474279713e-02
6.613210401933487803e-02
9.218235568047769557e-02
1.036124911666879006e-01
1.032454687173715302e-01
2.720719709696280478e-02
8.083935912515527109e-03
8.358445933299300801e-02
5.446766347333863167e-02
3.058088979791087278e-02
1.105834076024909823e-01
7.214674145093073754e-02
4.681085924035273405e-02
9.338881208579827287e-02
3.855779658380244918e-02
7.222711501172220105e-02
1.148604846098539994e-01
3.674926691728778311e-02
1.116238834312363870e-01
7.080457240582564357e-03
2.711536433780837793e-02
8.256281970648039759e-02
8.731474107435288623e-02
6.644080538845908990e-02
1.998700134353612393e-02
3.704909409141578930e-02
1.406441859145804267e-02
5.536998684677688076e-02
1.746878668422712291e-02
8.330065664298060002e-02
6.536206250132396700e-02
9.655413064833331949e-02
4.849911126896612468e-02
1.709509704871867153e-02
6.193801615149928039e-03
5.453968782816911304e-02
6.157535389459897757e-02
7.469312896307458982e-02
9.918523058803985215e-02
1.201585479672948086e-03
9.465220541796787179e-02
2.205515365642612621e-02
9.942750548293333157e-02
6.939647197255841005e-02
2.151454828202436706e-02
3.570964871061942797e-02
1.891897636776134276e-02
1.073081131270565425e-01
9.393805389284097529e-02
9.773505427183423744e-02
1.461338370345728610e-02
1.979808281019324046e-02
6.881682072175171472e-02
9.934304500143567584e-02
3.615988121709705350e-02
1.611756187038497490e-02
7.796368946163251268e-02
2.276603562252322091e-02
8.494668233292895776e-02
1.111048275368205773e-01
4.305068203688335038e-02
7.643497003901771059e-02
1.025006650381333623e-01
6.648986349106636787e-03
9.657442309828031743e-03
6.220612790624704264e-02
1.915784089056537381e-02
1.065011792409159552e-01
8.687441380170532468e-02
8.151661463850692901e-02
6.132714582559931765e-02
7.875973649655218511e-02
1.248673088244340104e-02
8.194967078071649369e-02
1.692150831672521727e-02
1.093820447540142377e-01
5.068184566483079773e-02
9.046251939433244682e-02
9.613107859180655690e-02
1.126743393064814636e-01
3.044412376147471663e-02
1.928916526964986541e-02
6.604959603693424941e-02
2.786014592500992565e-02
1.116155408023763590e-01
8.948365390687952614e-02
2.118190503941649871e-02
1.230584512913217646e-02
1.317271434259692856e-02
1.665923932836761018e-02
1.000000623716189585e-01
1.796907712789642952e-02
1.493238868337982105e-02
4.257943615935865650e-02
6.062664115615146176e-02
1.038366640905526855e-02
6.379678166085379909e-02
2.140986265152530765e-02
2.893978757290398968e-03
1.016612224799224862e-01
1.103920073870621049e-01
2.979515813147682463e-02
3.483416279570868135e-02
8.288200869150581795e-02
1.125724699526785971e-01
1.528616052901801692e-02
9.931545944294742356e-02
2.793059116201132216e-02
8.181200914721933198e-03
2.824477133591740251e-03
1.094340262699828176e-01
2.173251322804225019e-02
5.825292417494833813e-02
7.593606494042677568e-02
2.431540878864111785e-02
9.130516381911434054e-02
7.519056641330788826e-02
5.067228479210097308e-02
1.893673018258882138e-02
3.082387721240137379e-02
3.498247232545751979e-04
2.775924997726802318e-02
2.406989077377716391e-02
7.197858083272523633e-02
8.861176902097289698e-02
7.373990828767341965e-02
7.217229551085621716e-04
2.107504063071776942e-02
7.717721202741996411e-02
6.952142885795634109e-02
7.587564769681641452e-02
8.346357949797390818e-02
4.415603498524497961e-02
4.842746124362235643e-02
6.251351726846904322e-02
5.340538851863713826e-03
4.763088163071713121e-02
4.396325226656792179e-02
9.587607616762870537e-04
4.377252831718471404e-02
3.796398917037850651e-02
2.729518002717390077e-02
5.375678194306355434e-02
1.089140013360896247e-01
2.746354770840481185e-02
8.074884480446319068e-02
4.343835180593231399e-02
7.675349325351010776e-02
1.936134875735342695e-02
9.311571947484791056e-02
7.123804662947390287e-02
5.927345734162044882e-02
1.760362367602141820e-02
1.132410020935375461e-01
6.324019075542527957e-02
8.970669364833108728e-02
3.461845938803219391e-02
1.127900629025580109e-01
1.318670526052078892e-02
1.074421138843144885e-01
5.382781557807143034e-03
9.955003723599266385e-02
1.046380815681977883e-01
9.702815917488138986e-02
5.903791590820445245e-02
3.725907698286794190e-02
3.163924960308724110e-02
5.261637215432365955e-02
8.665598026967659406e-02
1.104942386174027763e-01
1.155018673177430483e-01
7.343874769971922567e-02
9.850518833367278779e-03
7.220117187328162212e-02
8.316753467136726516e-03
4.847375251827252401e-02
1.453241975712421356e-02
9.516703612933970213e-02
1.805757615574545352e-02
5.335073013761580663e-02
2.964614099911419901e-02
9.175362830822295090e-02
4.898055735901458291e-02
1.590058684548704623e-02
4.266787010846816858e-02
2.165421446555046772e-02
1.050427456055503389e-01
3.255700588016306046e-02
2.621059658377361892e-02
8.418759095494203482e-02
6.594027114012894486e-02
4.333117839810670530e-02
2.701443490076044229e-02
7.294810026479755551e-03
2.070937833110813101e-02
9.184015616808892390e-02
6.131282515310308018e-02
1.065528285947609927e-01
8.008029557675037935e-02
8.026972568509727415e-03
1.422461902046883234e-02
8.051408542204750718e-02
8.411130283426004883e-02
8.548691838883429317e-02
9.638476785891028631e-02
5.154285554543608372e-02
2.415777855278299080e-02
8.755139412687851230e-03
1.628462150424194593e-02
9.691198390550222197e-02
4.848494403600529107e-02
2.934324467843513543e-02
2.306186403891200346e-02
5.899347429451933661e-02
6.443955402572006108e-02
8.427858780080187129e-02
3.789279540245903133e-02
3.242779999023323589e-02
2.448556810865242309e-02
9.589601184119393024e-03
3.584594630670426968e-02
9.955477716468862093e-02
9.504649273774545826e-02
1.018157125909462807e-01
5.756134741424071000e-02
5.412116691643185928e-02
1.038490262777220369e-01
2.288025230421274897e-02
6.248049873162832279e-02
6.710846249155288934e-02
1.061844711205976594e-01
1.033346553804621350e-02
9.070226408892473335e-02
1.039739827588268134e-01
9.691104616412993256e-02
9.283992223133533117e-02
8.019626845356467304e-02
1.106062157906340243e-01
1.792596550668976857e-02
5.921924848013639109e-02
3.653241322504091615e-02
1.166301766982936194e-01
2.048769284756953371e-02
7.655618835001161415e-02
7.487793051650244724e-02
1.166646903805110529e-04
7.858484252455792685e-02
6.339618736555562017e-02
7.731367725910515132e-02
2.094178717908957640e-02
1.964637892358487778e-02
1.025082771744346005e-01
3.600994820611723435e-02
9.228788586551511797e-02
1.010754981406652465e-02
3.845242595824039517e-02
6.802492221304382025e-02
8.331912680649207481e-02
1.556414461593922912e-03
9.630786091158184681e-02
7.541051472743093287e-02
6.965209192922942882e-02
2.708403499343203097e-02
5.713887419693904068e-02
7.623931048394747001e-02
5.621036624075387289e-02
9.019443764399207031e-02
1.064195856443152233e-01
8.226834484097435285e-02
2.156742373315484809e-02
7.429340871861918327e-02
4.575492886939899750e-02
3.785152937267694667e-02
1.135834043264575405e-02
8.876526373130008696e-02
6.632794952723417015e-02
8.716302190835439889e-02
1.145549040320203438e-01
3.448140945754625541e-02
1.123807068976301754e-01
1.097270432395321821e-01
8.185769757479502418e-02
1.037933419070545399e-01
9.637855146381830995e-02
1.039570321504734024e-01
2.172467041631300291e-02
8.441348599050810253e-02
1.056502202605184987e-01
1.807006491370698534e-02
2.261332437493400113e-02
1.137546486944573387e-01
1.812907866613139990e-02
5.896757628423675290e-02
1.084605842999125241e-01
7.771506922157915553e-02
1.026237229462207412e-01
5.208587588529661749e-02
5.283131980971732256e-02
5.120481230340351991e-02
1.127856068964727121e-01
1.959981642636658347e-02
8.437969661975601443e-02
9.682761967196133746e-02
2.061622089480849573e-02
3.865433285719254569e-02
6.814916113390311059e-02
5.795309879756505717e-02
5.846309617082788568e-02
2.672029454045663291e-02
1.163420045616463672e-01
1.843266313266041234e-04
7.180355239582186799e-02
8.488441064712130835e-02
2.972813517360227073e-02
1.074598028685406909e-01
4.286235578421357384e-02
7.106807527905986688e-02
4.618648521993650585e-02
1.109390171917291057e-01
1.076046714614089204e-02
1.011915205035389224e-02
1.016229401676078253e-01
4.249808261461270054e-02
8.328439278712686245e-02
4.106658142613296703e-02
4.839907854531503434e-02
3.777887836179665698e-02
1.121873360661623659e-01
8.608775004446676468e-03
3.096355626468239378e-02
5.848467981386884507e-03
1.095717216971497758e-02
9.011638882203580614e-02
1.041380142840382939e-01
7.602004992011500602e-03
6.417572128032572598e-02
2.628828356148455586e-02
2.595257637559968827e-02
1.037286860935565380e-01
1.094307807183181602e-01
1.059262054676159831e-01
8.091679022214084971e-02
3.694083433288192914e-02
3.465623311952392011e-02
8.569258681542817058e-02
2.006371319614817100e-02
1.090580957738930823e-01
4.764809650308796801e-02
3.347537318280766755e-02
6.623296072084854103e-02
1.149814537328842645e-01
2.558744819380913416e-02
9.308513268199494761e-02
4.735955880041933103e-02
5.392696983794168647e-02
1.440887594392893309e-02
1.991025373477850122e-02
6.146210540004673484e-02
5.631309345256506338e-02
1.538259287276265083e-02
8.523218150596992282e-02
3.200101477820571638e-02
6.342248640643903534e-02
1.069991562283047724e-02
4.040603960001739464e-02
4.440595582080050265e-03
1.077349516504605281e-01
7.554483220333685356e-02
2.853137059805865156e-02
8.958002742257951956e-02
6.328962249399329443e-02
1.970703062316140827e-02
8.326477225873481214e-02
4.508504525052765138e-02
1.012805996524773072e-01
2.520867728118078230e-02
9.676629541653275490e-02
2.590554989563872978e-02
2.389334884125330141e-02
1.101615348419157092e-01
8.727059380665802557e-02
8.752157588420137260e-03
8.497528919367763889e-02
1.033656486157295308e-02
9.564503874236458814e-02
8.632379337966890331e-02
8.410199365168272156e-02
8.557224666269130572e-03
9.173093608153783107e-02
6.121658986374186456e-02
9.027608599946938817e-02
9.490445076202154440e-02
1.054017640731368388e-01
5.723292655441815889e-03
1.016867679588521894e-01
6.589263061211401984e-02
8.855913255265844553e-02
9.176075026485847053e-02
2.068986869545373988e-02
2.876210837244560364e-02
3.562881689304922550e-02
2.914831673494485201e-02
3.203684418838211728e-02
3.895918506326341568e-02
7.216954726314803170e-02
2.409466335366472478e-02
1.000703459799262146e-01
7.345728031340191533e-02
8.673510362040280641e-02
1.153843573485611312e-01
1.016874442889482283e-01
4.116095392600441216e-02
5.979964968106067473e-03
2.337420199698769449e-02
2.002710410035151573e-02
3.132587403290308659e-02
2.544098378149465059e-02
2.841158047188620250e-02
3.240311625699068138e-02
9.643834631961939376e-04
2.906078203361184970e-02
5.791102234211104732e-02
3.948400652838428629e-03
9.521694431293172001e-02
1.667168501263397232e-02
8.182359133643611615e-02
7.691007910785840895e-02
6.561696447911834207e-02
3.929768021273704476e-02
5.629813464440614618e-02
7.503055455155403786e-02
4.295638246927372533e-02
9.564777207893325472e-02
1.975423673386976844e-02
7.471595403992721540e-02
3.022548372487567081e-02
1.026932577448565892e-01
4.900451159755647712e-02
8.689888210365659393e-02
8.568297999723495373e-02
1.086664265041365450e-02
6.414054691102485939e-02
8.424922782775792762e-02
1.369564139269298549e-02
7.211574474441879989e-02
4.253881608618366450e-02
4.323933650377759230e-02
1.141638701910160369e-01
8.947342204293874668e-02
3.397067507793656571e-02
8.983184886298591076e-02
1.149852265970441878e-01
1.125919793776468392e-01
7.160931819746639559e-02
7.142885791555760033e-02
1.029846831747111557e-01
5.432714417398819967e-02
1.147995598967053721e-01
1.377528761905187117e-02
1.079005846580986527e-01
1.291991698789862579e-02
1.109171780558308590e-01
7.230142681549462866e-03
1.607430953290212711e-02
1.957023461758961372e-02
7.167733062366536678e-02
4.446365603992398496e-03
1.340401569054514193e-02
9.719136337787000202e-02
4.932504050518216054e-02
1.119447969164923257e-01
5.442143784001225032e-02
7.086092433446135319e-03
2.091499001952996581e-02
2.364777463077830447e-02
1.081623248819029715e-01
5.678748103256996138e-02
1.229152723129761128e-02
6.730995533394806829e-02
3.320117697243828159e-02
9.844659329191931055e-03
3.656166014145103421e-02
8.324345239175511002e-02
6.992962622434045761e-02
5.348193188229757866e-02
4.564476388979699095e-02
6.794562045995368449e-02
3.906147971380902889e-02
1.102299560530740768e-01
1.223212930772487814e-02
9.811637790455726704e-02
4.621244109579023679e-02
8.639982189020103953e-02
9.768329735465906827e-02
7.595018480454103493e-02
8.976708398302858660e-02
1.000614526967382317e-01
1.705182218507085568e-02
4.495504638257248609e-02
4.101005086158011903e-02
2.007345743134385241e-02
3.619267939814158064e-02
6.733224544624161201e-02
1.306828619772998183e-02
9.107997146723713355e-02
6.754268571447610836e-02
8.951186008676485784e-02
4.506659887354470123e-02
1.775085164234624022e-02
3.975855427782059442e-02
3.162575874227346873e-02
9.512710102488119296e-03
1.020059338577834068e-01
1.039566081702936462e-01
9.356913599785843250e-02
1.015624726626944280e-01
9.205634319182484648e-02
8.212666237790119950e-02
4.203028842478410097e-03
3.595256323030032730e-02
7.941067951790012347e-02
7.749147049473412152e-02
7.926825689255251328e-02
1.142988282173720005e-01
4.921296394014891551e-02
7.913417457431297375e-02
5.664553807745498215e-02
9.437505413637016505e-02
7.429172933205161096e-03
8.290321622146815117e-02
6.467955438948674862e-02
1.010438887371516853e-01
2.229984357537308573e-02
7.960642830488037780e-02
9.348658203961406066e-02
1.027195158057375574e-01
9.832592808279974617e-02
9.672759061604062347e-02
1.762852112763347093e-02
1.123395887644710739e-01
7.704004613794014633e-02
7.875363473899978095e-02
5.939355947157800436e-03
3.211663189627698284e-02
3.611632521022826049e-03
9.553817899470430641e-02
6.945702632097970619e-02
5.133819352009025977e-02
3.565958673484280472e-02
1.641868012695008126e-03
2.633245756851020428e-02
4.648771981154519936e-03
8.907406327338414365e-02
1.009822598408417760e-02
8.913398217304660531e-02
8.926565385808286901e-02
3.079794674267942109e-02
4.783119505595663512e-02
1.050583189963597563e-01
9.217414094166757887e-02
8.633733935976896368e-02
9.702837278365643650e-03
6.967788731630657206e-02
1.093418869046927366e-01
2.953389324609533018e-02
7.997480577774050692e-02
2.345349081036903621e-02
9.419495927729613569e-03
7.526276624901236112e-02
4.545513773861016571e-02
8.130022077069280761e-02
1.078475836296788858e-02
4.760205371424282295e-02
9.456206578395108531e-02
2.810368518979458954e-02
2.999755665491135939e-03
2.693877340312725646e-02
7.631548838486511277e-02
6.262631706713497892e-02
8.100178520004637506e-02
8.026867670051177073e-02
9.636116112688114521e-02
9.639991740300786482e-03
2.204953588308909695e-02
2.942704974454055447e-02
7.588954096480966804e-02
6.645982582240116121e-02
2.415626798970962885e-02
1.112705777589195061e-01
8.294175006877570330e-04
6.241387395634426932e-02
7.582070447503745647e-02
8.798629654317927096e-02
2.116437809274997195e-02
2.457729102620309983e-02
4.090251936801888449e-02
1.133055247597806667e-02
4.138183713685908427e-02
9.526303529720450691e-02
2.075227727473212894e-02
5.485556919888444349e-02
1.072161294428719130e-01
5.049015073605077342e-02
8.707034473711718070e-02
2.068788806782110440e-02
6.615646910060356267e-02
7.533002440325267668e-02
6.835346982459213072e-02
8.979103254362973130e-02
1.082524757090195522e-01
2.085017963409142167e-02
2.318914359123621077e-03
3.164871553654880626e-02
9.984269435850061380e-02
7.899245112138483793e-02
4.916927904014328776e-02
7.328025633434806507e-02
4.213238339116398556e-02
3.317590209098481707e-02
3.654842349416029257e-02
5.687670084636151785e-02
7.269883582113860487e-02
2.745553617541686420e-02
6.293788033338545973e-02
6.480016442076244609e-02
1.029506770803199044e-02
9.781814910009581365e-02
2.983018420496175854e-02
7.057102762970640653e-02
2.466726605648978179e-02
2.132028089090311912e-02
9.907059048795512080e-02
9.698798772993710848e-02
8.276685485254645092e-02
3.065605966257278422e-02
1.169061811130158446e-01
7.481945459316041713e-02
6.602587449524199847e-02
1.088514454358609079e-01
5.389651626881977742e-02
6.379181019262118724e-02
9.371778929109592093e-02
1.521943178691038782e-02
6.491383328891020543e-02
