1.420306828076943646e-02
3.086986099821728557e-02
8.108018282501761043e-02
1.131018738595198914e-01
5.068724723646511610e-02
1.039535733662646511e-01
9.846971670474451155e-02
4.969124437085142842e-02
7.118977160121899017e-02
1.028971883532074361e-01
7.208157987263774658e-02
6.938736896496905393e-02
3.334453423453065390e-02
3.751163028906101538e-02
1.039799082076764414e-01
3.524599688738068448e-02
1.409864108808799206e-02
2.387224896999828871e-02
3.775180163336042810e-02
2.782938457697781143e-02
6.647131438117918900e-02
1.041662734814683827e-01
4.736167572072490402e-03
9.336445469248719209e-02
5.564470844475877254e-02
4.114985426630002330e-02
3.832842519116944763e-02
1.504452712108718393e-02
6.161637017202191424e-02
8.879694521321175593e-02
8.467575581109287874e-02
5.466693169227025695e-02
1.025596431277057269e-01
9.720996997394951156e-02
7.435364708497949060e-02
8.965705170642154082e-03
7.415362973384947987e-02
1.747894816731794879e-02
1.702154298300311355e-02
9.574052342362783519e-02
9.137655225131315062e-02
9.545230935654674953e-02
8.408607736273185362e-02
1.045901988556520029e-01
1.036889279133594161e-01
8.982299468485910321e-02
6.327914463648521073e-03
7.519518909480159274e-02
8.651930768810986438e-02
1.179518547865093976e-02
5.673927974804032770e-02
1.047334845273390908e-01
5.372780464396046535e-02
6.751404122435658572e-02
9.200928351091408608e-02
1.099726949432366513e-01
1.677412343210371581e-02
6.259408686000778911e-03
6.059777428816852385e-03
5.355308073544666481e-02
8.501518139609992586e-02
5.568295435358995571e-02
5.243959270695923436e-02
1.797252588139580318e-02
9.325262787126947783e-02
3.197174270842648852e-02
7.283704824702703917e-02
8.449946600252900009e-02
5.121658746515213301e-02
7.491555073392723585e-02
7.437133384555059089e-03
4.589692368611515000e-02
2.840321955998025352e-02
7.590539903425916335e-02
1.638484711949884237e-02
7.402746187576154935e-02
6.727766442269314529e-02
8.203441611697669111e-02
6.237689929902766328e-02
3.032681206065098237e-02
7.268433230584732396e-02
3.732247760919035762e-02
9.939145117398964779e-02
2.954794852359160506e-02
3.407254399538873352e-02
2.840504262279563985e-02
1.036207818031404382e-01
8.108389256840738482e-03
4.107436388854616982e-02
8.081805346831243131e-02
3.859433606202735539e-02
3.280952384529459837e-02
1.296603918794029739e-02
4.473192890510843678e-02
2.063243227612196126e-02
6.303039961244280565e-02
2.007188522354307753e-02
8.459153569677603512e-02
1.493547024441179392e-02
9.747782200171110911e-02
4.103033885678713383e-02
7.129919220402812507e-02
2.293860588929550956e-02
5.280667688971733137e-02
4.510824812689228497e-02
1.025587597956603980e-01
1.096213696811033922e-01
2.143468339536935136e-02
9.414557656046962375e-02
1.105730290986732117e-01
5.153830404960649259e-02
3.506582523527570355e-02
9.033260391707721715e-02
9.392125825510386911e-03
8.265312035734914686e-02
8.809393550645421012e-02
3.081134010572764842e-02
5.210977907904099093e-02
7.787991053204212921e-02
2.388971945552094064e-02
1.289972063112196149e-03
1.102354161045239894e-01
1.046382978039873679e-01
1.368275196967082621e-02
1.255003514706990765e-02
8.661767957701951848e-02
9.588699954436187556e-02
1.090466681603436891e-02
7.417488491765607261e-02
6.210294269088913882e-02
3.886334995638192347e-02
7.493094641323795602e-02
1.850358279225382610e-02
7.425540200340079167e-02
2.821754326056107737e-02
1.096341387247049270e-01
1.530934995660988840e-03
1.467956574422271503e-02
1.096921432410199182e-01
5.910201790031871516e-02
9.254229770731613181e-02
1.526313221445057405e-02
1.988621130842086956e-02
4.628450849615553531e-02
5.946706625764826282e-02
1.422896272934010345e-02
6.978492245112739856e-02
2.000269458838542860e-02
6.503623631294427887e-02
5.930616209278515016e-02
6.595953208712289351e-02
1.730144113992360122e-02
8.904520326864609481e-02
1.087106122963687332e-01
8.442285206061667102e-02
5.264447540474642001e-02
1.588047511876416670e-02
8.409576621891841353e-02
5.542707984242825625e-02
1.028055729704250160e-01
8.397501961277146348e-03
1.220314665981475991e-02
7.192748466699452892e-02
9.794101005368403834e-02
4.928059528704608130e-03
9.446794282148358868e-02
1.010773529570637430e-01
1.040965395344743277e-01
9.476249644803667882e-02
9.529940685534973172e-03
7.230091657337492372e-02
1.179039147280930462e-02
6.742514516378102229e-02
2.201305552152831024e-02
1.018091349626554648e-01
9.271472523041437985e-02
3.875263226954450690e-02
4.901461609476815556e-02
8.296760852839397959e-02
4.265086396596350776e-03
1.949162280820866330e-02
1.089189786820623507e-01
7.841112689772432309e-02
6.739786815626681860e-03
4.337344184032017325e-02
8.688239405895478717e-02
8.527505874022556220e-02
9.955246702982489815e-02
1.194326285658556166e-03
4.823994787214906654e-02
1.494628919432613133e-02
1.064674627443222416e-01
4.774427009974569619e-02
9.979221152747974610e-02
2.268029224403106045e-02
1.591748112027397647e-04
1.022794662319436755e-02
2.594959529715860219e-02
7.822666406920016080e-02
6.764882311061928832e-02
4.645399648724594932e-02
8.769188473672931416e-02
5.506934062620481504e-03
8.148789035670432612e-02
4.710947547818239434e-02
5.505741666434234988e-02
1.434034004869075805e-02
5.710891542206285310e-02
1.833136262861689847e-02
3.463758115898853823e-02
1.713747982243322976e-02
3.545897045349431786e-02
8.104927128750320786e-02
1.398451001198881827e-02
5.128183356688569700e-02
9.561111758134392680e-02
1.097819598342038017e-01
6.284398009697876597e-02
1.007538665983482781e-02
3.131816292917718233e-03
2.129365678059565170e-02
7.032638938211469015e-02
3.273969438486764444e-02
6.487272525254926536e-02
9.617051939887247269e-02
1.096976280031650153e-01
7.976453712622019743e-02
6.462974594442817688e-02
1.006720774669722374e-01
7.794637787614289159e-02
6.087830405369838022e-02
1.054911730144966198e-01
3.029964879163869751e-03
7.822227525961453209e-02
1.471241944866461850e-02
1.131803734328007127e-01
9.538103197854021220e-02
5.984144539578986621e-02
9.439986994711098423e-02
2.102715193298118970e-02
9.860264347658453943e-02
1.087965376097458498e-01
2.516234212703345047e-02
2.026873591344688710e-03
1.116411746268853450e-01
1.795887933517743493e-02
7.745928167664176134e-02
1.122121870972792868e-01
2.338716868357178236e-02
3.361628026139211467e-02
6.342165158429119431e-02
2.098448866454042175e-02
7.449246771795445254e-02
3.384759245927578680e-02
8.844388409865233669e-02
4.985195381282160609e-02
2.065576081650737778e-02
9.502614046922729096e-02
4.743117853044676036e-02
6.934223538726849712e-02
3.540437217101199269e-02
5.989427074330542361e-02
9.032545588908620637e-02
2.018512619583562491e-03
2.075472079225401320e-02
7.915662580437683726e-02
1.055125192544849599e-01
9.611792525230526685e-02
1.385570044946255949e-02
9.768218227803003584e-02
4.012558409215035565e-02
2.010726535253898675e-02
4.107859905013846319e-02
8.507384218625868577e-02
1.115114486575725927e-01
1.913515473892224081e-02
1.033705096733953110e-01
4.802282701868808984e-02
8.894128699819939254e-02
2.572898725631864864e-02
4.463155480943484937e-02
2.539984790774256138e-02
3.252484670530489397e-02
7.761388093115695330e-02
8.750421468135895220e-02
7.032638442002207835e-02
1.034003891741727688e-01
3.260238978127420750e-02
1.041658610602711199e-01
9.240702736581785093e-02
8.316726601662895180e-02
5.306083918945320166e-02
6.138697631943081101e-02
5.301735085802587039e-02
6.769462831856629115e-02
7.149752746988492780e-02
8.232940745025506268e-02
1.440531531149370596e-02
5.155595512004726606e-03
4.563862062218728560e-02
7.036267075707534902e-02
9.162785592757474729e-03
7.348321636152246872e-02
4.461637969036411078e-02
7.085664514171415018e-02
9.928644196477766359e-02
1.067406812812245337e-01
2.726653597269479770e-02
6.736761905859241228e-02
1.352902998898381122e-02
3.291473222663141018e-02
2.559433271654218411e-02
7.950321191109795127e-02
2.356273825401670671e-02
7.020783551349606133e-02
6.658223237958178775e-02
8.022503241419814968e-02
5.774788426815347098e-02
9.993456360298666463e-02
1.024845523705495906e-02
1.051074235664130885e-01
1.308176301053234035e-02
7.012450371396587723e-02
2.929918212608160349e-02
5.131054337389546333e-03
9.540712337968770829e-02
1.405005151419335893e-02
6.311646953364799528e-02
1.160303548175668602e-02
1.780562656992541737e-02
9.093030814253288963e-02
2.482074949534086514e-02
1.074946066123300265e-01
3.993140197579096717e-02
8.806415143785982502e-02
6.301476105590535226e-02
6.314499867157231765e-03
8.067935633066505852e-02
9.258367086609872731e-02
6.151875783944376480e-02
6.022748607423120820e-02
9.254423384002097297e-02
9.468302253328113316e-02
8.800047372035567361e-02
6.396207306949594495e-02
6.181932943795635793e-02
1.699710955295698905e-02
1.018174730707682163e-01
6.499835245345607360e-02
5.149246080955473953e-02
2.279030542033759141e-02
7.365380115865569240e-03
7.109288241264792585e-02
1.041494074514414114e-01
4.156022556091105123e-03
7.158795683418255063e-02
8.934513860356360637e-02
9.922459139149349128e-02
5.277025620943313899e-02
5.049219235900159058e-02
6.638219497320199669e-02
8.859023640745128381e-02
9.572326564194322263e-02
1.089030119210697700e-01
1.256905833166711145e-02
6.587970198266977773e-02
1.028036788325823771e-02
8.033995477506052085e-02
5.923494885909213331e-02
8.166069430349109926e-02
1.040521407722806435e-01
1.036034901288953453e-01
1.623508819823209215e-02
7.875010147805561189e-02
6.736655423832921263e-03
1.117155559642150631e-01
3.970737161257623105e-02
8.802937205142037300e-03
3.984906246640121386e-02
5.055260938384442855e-03
2.620841463225181273e-02
3.044661221897088446e-02
8.405779971847038290e-02
1.096411441660190278e-01
3.870424599421141282e-02
1.334081127881954140e-02
1.107164374466275691e-01
5.636113605803356325e-02
1.690371774293934759e-02
8.931584771993425487e-02
5.239442348200201716e-02
4.934840460072668217e-02
1.036810181614885307e-01
9.811511676099288204e-02
4.215469112804774710e-02
6.577545538280817235e-03
1.064318778671336646e-01
4.608042107082276767e-02
9.446314368767867731e-02
4.726294873078744352e-02
7.652163225652328093e-02
9.912521371699700712e-02
9.564499381954985613e-02
6.447052991668784927e-02
8.633056313698017625e-02
1.027740610607654481e-01
7.429781406356211759e-02
2.606576460883218427e-02
1.349173733809672614e-02
4.442624727541469309e-02
8.181285555762873862e-02
1.054765982474748509e-01
2.124867785038806953e-02
9.559142259333008873e-02
4.818623160809830386e-02
4.065193432853276591e-03
1.328840505510288546e-02
1.052574851472034140e-01
7.320608951825148536e-02
9.978887466295215114e-02
8.905666286729514713e-02
9.577968424896499133e-02
4.781046816427209425e-03
8.504530556200884384e-02
1.181770302737683402e-02
7.295777287453504567e-02
1.008316423153742813e-01
1.518532369992030805e-02
6.461360198522707321e-02
2.114319638805968807e-02
7.019121916761755786e-02
2.431732630433234427e-02
9.483423016897130076e-02
9.124635560777849541e-02
2.370531242096319061e-02
1.120772694331084035e-01
1.083829282874706756e-01
1.048391092176838707e-01
1.523359084607898116e-02
3.938832158538814465e-02
1.086209500319768456e-01
4.229692598473765164e-02
4.194356694451033957e-02
1.074505267827240429e-01
1.109061304287495137e-01
8.925138046127721603e-02
2.202816968932999955e-02
2.981129371513874683e-03
1.010654418184596531e-01
1.049858151592712591e-01
1.044383332857291985e-01
3.769329756843455698e-02
7.944768011878091882e-03
4.381647370339328967e-02
6.298849116996357855e-02
1.850692706324436054e-02
5.546522553013644857e-02
1.070037554528549401e-01
2.839548816813818391e-02
1.231793456304302453e-02
1.167167670532434469e-02
2.203391963083671176e-02
1.089524880003049923e-01
1.019662577632098471e-01
9.921289266423022335e-02
4.341745781667738502e-02
8.071616971111991723e-02
9.142028983525491911e-03
6.579487652868167002e-02
6.227631080683832671e-02
8.434338099633115204e-02
7.763633397332689312e-02
2.232270578562362690e-02
1.104025070423826776e-01
2.440157737394170120e-02
7.990795602359597460e-02
8.797609146846491202e-03
3.107296528790051953e-03
1.108333946024153555e-01
4.755411390226579188e-02
1.103378856250484263e-01
1.409470319802637144e-02
8.932062410415131382e-02
5.735785996084680205e-02
6.317888914485448107e-03
7.150720602131646619e-02
5.388512595528271304e-02
4.737567871138775866e-02
1.110875452050471834e-01
9.769955475026106950e-02
1.116538463068090653e-01
9.667835322421736502e-03
6.421572052330639345e-03
6.924900414866554110e-02
7.594797628625984953e-02
7.560753411119977563e-02
8.685280423629883340e-02
7.158130645845273143e-02
8.565981766307312339e-02
9.227677037909358393e-02
1.064487804221753708e-01
1.104636987300778098e-02
1.001936413120292912e-01
1.693054848933165865e-02
2.227122302378368307e-02
9.858413256538663128e-02
1.083431059617474962e-01
9.170457238169095471e-03
1.093873391283891050e-01
1.810144144954181633e-02
9.973237699790420130e-02
2.880146458827364739e-02
1.324665858501373680e-02
9.201088904276671920e-02
1.074288709300633832e-01
9.622682912261579236e-02
8.069210663534368000e-02
8.248787561510126376e-02
7.128966933211362822e-02
6.200325494384150392e-03
5.888390675193205456e-03
8.852249591267023765e-02
3.555058719845463622e-02
1.492575396962778425e-02
7.363571805872388965e-02
1.063081993240590911e-01
2.350947702824154537e-02
2.300475956172512784e-02
6.122381838581856389e-03
1.205416804822728553e-02
4.286802827728340703e-02
3.403086203359322048e-02
1.727462989309522245e-02
6.932541343598580541e-03
6.270174875462804220e-02
6.850129694907985956e-02
1.001226928025459317e-01
1.087283590034455044e-01
5.606104021502072293e-02
1.541932927844140606e-02
1.008738827135054750e-01
9.941429289358136301e-02
6.835918026704519701e-02
2.332771972459997747e-02
2.626780726405973654e-02
1.090088533971568865e-02
2.213013684277832446e-02
9.958029925884917533e-02
5.680474393237388425e-02
9.777323648345769003e-02
3.716793528926432520e-03
3.722843727515625506e-02
4.688478908592154382e-02
5.055647601678060071e-02
7.418477581980538992e-03
8.062196039961616600e-02
4.153485826882116760e-03
1.589475487243867044e-02
5.535411394549078629e-02
5.963469353337392392e-02
1.031118454070951707e-01
1.931440863974049141e-02
1.211013017173208535e-02
7.028266349378028965e-02
2.435062648073603800e-02
1.131089113541273450e-01
9.485886564493845041e-02
2.952138152600823455e-03
1.051009480265419627e-01
4.527315243767503217e-02
8.068106371170191693e-02
9.780275130173210485e-02
9.371837095819673946e-02
7.329597810398846836e-02
6.331275973985275168e-03
8.463757996771179015e-02
4.462194629941317742e-02
6.908240502329195121e-02
1.133018422932304398e-01
8.867696154185399082e-02
9.675261147489602753e-02
2.090883373125252548e-02
8.282225662696510171e-02
2.642644799995057248e-02
5.501350286501464903e-02
1.048522136467542609e-01
2.882671344152889364e-02
9.265536233686523515e-02
2.925185783211885215e-02
4.964771875012438662e-02
9.233712893638199026e-02
1.010873093192842520e-01
5.983728751714550986e-02
3.343632363894629561e-02
8.906803159375944329e-03
1.822280297473932026e-02
1.122751812112302849e-01
5.446815632811499025e-02
1.109688478891038971e-01
8.319892690107127953e-02
7.011827696341421667e-02
1.534315483995001526e-02
2.446717018315869817e-03
5.323722880658215972e-02
8.281819318712715927e-02
1.162463358216550731e-02
1.437684591591813915e-02
2.950938961006126585e-02
1.715536763388534475e-02
9.671893453678895650e-03
1.303665448102074575e-02
6.419311551836955065e-02
1.114109062738405376e-01
8.774192947230471940e-02
1.097403066572683224e-02
9.029789563673863706e-02
1.049905266068048293e-01
9.360630013857118570e-02
7.079305281362187341e-02
8.452788665866388385e-02
1.023781013730276634e-01
5.156480012878708608e-02
2.581649965188128476e-02
4.411480603807621699e-03
3.755790643406648616e-02
6.248727400516091574e-02
1.856115493356559967e-02
2.017928177337373677e-04
7.537801165825721433e-03
9.803536955205263692e-02
6.314508117820698263e-02
2.636517712760019089e-02
1.071980460433335780e-01
1.700411308938902522e-02
1.475970045782369795e-02
7.824102531168471153e-02
1.101618055182097648e-02
7.591490370345578553e-02
6.333059306817226397e-03
1.479597255152675982e-04
7.112311356879638669e-02
1.064351640553402867e-02
8.179324259273038078e-02
4.489523350793487438e-02
8.795721288806442051e-02
3.285410685352030402e-02
1.611261228312376587e-02
5.033249541415802872e-03
2.376908132690622524e-02
2.043635597757627320e-02
2.377673720301116619e-04
9.156184378348061759e-02
1.963162191767159337e-02
6.917890133225933214e-02
7.767511916394675975e-02
7.168183108060725839e-02
5.698377723849998300e-02
5.811819631377344690e-03
1.662110371267839712e-02
1.584959729518288854e-02
5.247526315004004405e-02
1.086782276264371648e-02
7.043685364468618704e-02
1.104262877657999492e-01
9.292724449809705578e-02
9.116241347441732257e-02
7.317420040045825858e-02
9.754221505111105596e-05
6.367749674855220643e-02
6.577446902831415865e-02
1.018800263950154078e-01
1.093303653879765663e-01
6.147071420515329288e-02
1.011075788596340480e-02
7.738381527096625800e-02
2.097331487493149169e-02
3.685323799827446012e-02
4.923540400848677029e-02
1.587811809617067568e-02
9.093803502600607269e-02
1.027931762267265542e-01
9.633877537176584183e-02
5.524092612546795122e-02
8.476327057628509076e-02
2.799004364023070096e-02
1.934328477649843031e-02
1.031753783419531445e-01
4.995220072405861383e-02
9.579505443566754819e-02
9.912039284751707202e-02
1.110680954690485833e-01
1.065861453989739582e-01
2.455780932079880755e-02
1.651246957654645825e-02
4.461013713774803630e-02
9.645317328376895594e-02
1.924536936141450771e-02
8.308668728365831146e-02
3.009433497275217431e-02
6.087822353725872576e-02
9.128531943137473126e-02
1.282436765065336423e-02
1.108729228881260610e-02
9.882636660705547416e-02
6.738075155205512645e-02
7.588908328672104575e-02
1.190638671611815060e-02
8.666859249006028665e-02
2.888496669925962393e-02
2.407638610078672789e-02
8.408954199020922393e-02
6.992682961927781937e-02
4.454357506162034963e-02
5.301127108358898166e-02
9.158892453956812840e-02
2.761418705462320364e-02
7.071578632672344267e-02
2.343297747412005638e-02
1.188746645345798054e-02
3.095249291501692493e-02
2.236679183602377843e-02
5.654778351846637130e-02
3.504799529777630901e-02
1.105716983823385180e-01
5.808533797408779731e-02
9.315978741804192831e-02
3.449389668513071217e-02
1.395290490025997195e-03
7.012739784316412983e-02
9.424556291839164546e-02
2.483029074541866915e-02
1.071060873642041139e-01
1.019222075611225797e-01
1.010455805839730464e-01
7.355149071177133346e-02
4.436220688610843788e-02
3.390352849730503965e-02
1.070659695009718720e-01
9.344621067682337689e-02
1.089062378418756555e-01
9.195463053127635178e-02
3.607747239650296867e-02
9.122824411836620226e-03
5.114827547186065471e-02
1.126216849360284766e-01
4.933210046302498319e-02
8.605958842316101254e-02
1.032209983126548131e-01
1.217976741901460186e-02
3.815212265774614239e-03
4.917044303520375775e-02
1.130771123514697357e-01
8.919703014351922088e-02
4.997465700057020233e-02
2.972083813769919175e-02
7.521247910793281422e-02
5.513107167732034936e-02
7.748839730670959922e-03
4.635689654105599328e-02
9.020896049383118898e-02
9.999371014846002159e-02
4.129811031123378773e-02
1.251154163570900382e-02
1.226239236327600519e-02
7.098813656346651332e-03
1.072448437353449718e-01
1.129928184893236459e-01
9.669995449255694431e-02
2.981465235281557935e-02
5.893022969497805491e-02
6.426840146213069760e-02
1.120614232834334784e-01
6.391177651989669861e-02
9.210470972815200386e-02
7.289052256518252504e-02
9.872064017878882936e-02
2.748989884365702838e-02
2.067060516900384032e-02
9.659911283309635666e-02
8.547099092993624969e-02
3.058641831286690316e-02
5.684837719519220123e-02
6.814357314058633319e-02
1.134109502440373424e-01
3.162914650045096920e-02
8.269202622151587689e-02
1.236461239274239468e-02
3.479685589859819739e-02
1.944983206329561898e-02
9.016212528474132348e-02
1.114647201016334965e-01
1.002358531088389793e-01
1.089081336025310154e-01
1.157156158551560926e-02
9.971521431721948325e-02
6.961163999735807406e-03
9.815315792949924623e-02
3.224573620756365083e-02
4.884239688835745330e-02
1.015873747418052225e-01
7.544642374457463663e-02
6.424280380280143754e-02
4.599534272563047393e-02
9.701819009326495546e-02
7.876988152973816992e-02
3.512440483050453723e-03
9.943275046920762097e-03
5.403419196342344744e-02
2.984852954425876170e-02
9.476216783165561375e-02
6.742178313480115710e-03
8.973055103369359520e-02
6.614018340221472503e-02
2.165771792582933729e-04
8.152902178863724245e-03
4.625553405348811938e-03
6.475905985521834829e-03
2.737016668699025768e-02
8.480009514092052073e-03
9.222176866596439038e-02
3.825228107184487636e-02
8.235668138607772637e-02
9.161760400792066938e-02
8.645970577221877285e-02
1.704225108332425853e-02
8.013143314828438668e-02
1.078702374927076463e-01
1.498447445934531809e-02
5.539538949395447776e-03
9.418086513685368366e-02
4.162670724540788736e-02
7.747315187034067852e-02
7.250924933920963045e-02
3.813944102516558798e-02
1.071104400811709323e-01
8.091473863139914124e-02
9.870283702645565871e-02
1.108093766320755735e-01
7.590619004780299606e-02
4.875190649227942839e-03
1.036677240277757289e-01
9.813409565987239735e-02
9.945910514861580620e-02
1.905149423341734316e-02
7.817415641379055202e-02
1.294698772884838971e-03
1.434699182415037286e-02
8.827188864010520816e-03
5.958835209247863307e-02
1.047313000155924018e-01
1.133229916249853947e-01
1.982805185678596094e-02
1.853207376967182587e-02
1.319624984747552569e-02
1.146090256161309308e-02
1.038621659043485745e-01
5.041844089171107490e-02
7.140772529615246889e-02
6.631286708496367255e-02
1.128129945060317579e-01
1.041419319434441215e-01
6.737547084491595124e-03
9.429754803278354858e-02
8.247149413596184531e-02
1.364258916780420813e-02
9.172225800037155097e-02
9.669738636690715372e-02
1.601453782312785160e-03
7.055956968068411404e-03
3.710018915389168975e-02
8.806061564311970513e-02
1.108505681177970603e-01
1.903909085541114973e-02
9.366003382654025655e-02
2.472604958540344441e-02
1.040422550792217821e-01
2.521907726298270452e-02
5.776067527696410187e-02
9.827876424144911527e-02
1.085094786126832890e-02
6.509774512977499483e-02
5.611359105762950272e-02
9.653157805299784205e-03
7.716118681934802659e-02
8.011133937191441956e-02
9.625598907379268043e-02
7.780658086079494419e-03
1.102960154935259673e-01
5.529687188945599761e-03
6.659669003418774991e-02
8.599381020443250256e-02
2.026452465856186727e-02
1.096425789747435542e-01
9.563365407062897339e-02
4.669011345050001066e-02
1.048081519906121223e-01
1.123725368697167659e-01
2.805240350345369546e-02
7.571239228646642339e-02
8.888562080652792630e-02
6.026789664550525130e-03
3.812984308530899258e-02
1.838045160016368862e-02
2.275519462928394729e-02
4.486566391118654989e-02
9.147599848405282841e-02
1.107778596360816797e-01
5.282243783100459833e-02
2.787381676388818799e-02
7.323825847194348482e-02
8.561165797545339240e-02
6.715381256944577548e-02
7.225435542157440660e-02
2.452569851356325992e-02
1.770125421383757572e-02
7.410881928616747539e-04
9.366050554280976048e-02
7.473091896365609277e-02
9.269811028661727181e-02
1.022655435648892192e-01
2.830627302068313908e-02
1.083376072731541961e-01
9.754627973600393104e-03
3.359108655547803080e-02
6.518736510254374839e-02
1.965416539354091982e-03
7.935395289128196680e-03
2.079641839181232965e-02
3.262024765895458339e-02
1.769443065938211546e-02
1.946303798626318818e-02
1.790059019423145261e-03
1.083709296519621140e-01
2.205659618435651045e-02
1.488985497232677953e-03
3.444414680436450743e-02
2.671255294386929574e-02
7.219174476016249065e-03
5.196631541041241142e-02
1.238292527398744854e-02
4.674302774079718004e-02
9.069474022301916849e-02
1.009451375516782767e-01
7.897749262999047282e-02
9.935785200940319695e-02
1.066570702973356488e-01
8.980132231796077169e-02
1.885224265362902066e-02
4.449484158743145790e-02
1.011631270992130599e-01
2.336605216301796545e-02
1.526968273315912339e-02
7.536238959995937570e-02
8.769759283245674719e-02
9.203739910661531964e-02
1.492326978866347943e-02
1.270365915951034846e-02
2.424276226815256022e-02
6.071667365268333671e-02
6.386895528133636202e-02
4.212723085196345280e-02
2.093700094409054260e-02
4.860190745532191881e-02
2.120317376288347305e-03
5.638545064554433862e-03
3.106537636411621159e-02
5.277107312430241726e-02
3.153104132923691127e-02
9.051384982079135888e-03
1.816409946619206364e-02
1.070461895358640059e-01
1.369091756523417927e-02
1.069445022452963356e-01
3.298988720638935251e-02
8.352096297794352198e-02
9.581550333965566102e-02
1.558930974544224177e-02
1.010393738383610039e-02
7.186153840781681068e-02
1.529783877090170122e-02
9.329577835240058029e-03
7.799152252714959543e-02
9.914111733634435944e-03
4.287519922833060715e-02
1.062772436679799287e-01
8.322065667476312434e-02
7.411662797359117039e-02
4.305326851324715182e-02
3.076129858508280801e-02
5.831805327627128527e-02
1.007591415480856428e-01
3.670680178761249329e-02
8.585624207551499631e-02
4.731255703682863897e-03
2.818445056278262237e-02
2.984768884640696951e-02
1.062762814457692689e-01
1.416474444072563475e-02
1.091925709793434979e-02
9.507912334620673492e-03
