1.365883016301495424e-02
1.090963409401017742e-01
8.765584187691113915e-02
1.070309196152989806e-01
1.538472491165772220e-02
8.943163223391822902e-02
1.096858571802066806e-01
1.415854091103720298e-02
6.414838254538961226e-02
8.247360587551028077e-02
3.735436021894941727e-02
1.046106686345587150e-01
7.064505175169338846e-02
7.294413549410135034e-02
2.481236948088585970e-02
8.671543836164616326e-02
7.083494357074668346e-02
7.751041424231466803e-02
7.136694794836653810e-02
1.075191344066793314e-01
1.000301831129069979e-01
1.066911375966958370e-01
1.050329559752475606e-01
7.291086347597431315e-03
2.737625521529670966e-02
2.207086191965643499e-02
8.993841348055309215e-02
6.944655346282130326e-02
1.034141627299545868e-01
7.058818031458290523e-03
9.867837835355280918e-02
9.374846256075583528e-02
5.726781641357774760e-02
2.505105552718940240e-02
1.070369372333097868e-02
1.105227357038769259e-01
2.640401134653094437e-02
3.671718013724011714e-02
8.118929396803900925e-03
1.977105695592365139e-02
1.057321007360462195e-01
6.367548238795055215e-02
3.929564290281704897e-02
1.624164601228477930e-02
1.430622703110946692e-02
9.059083749870031066e-02
1.096493614245287740e-01
5.535437292468402271e-02
1.072305872901850587e-01
1.979800132981956659e-02
7.566238633822311779e-03
9.292798096761968607e-02
8.584190966695935676e-02
4.719029998475506027e-02
9.906715283526411342e-02
3.627217680846319542e-02
1.091536315251557809e-01
4.009581998243492290e-02
5.303418076536376563e-02
4.060344730297504173e-02
1.744024791200464788e-02
3.054504992918389075e-02
1.079070420664671875e-01
1.108848152436669871e-01
2.462797237762507242e-03
5.845767665644643115e-04
7.423791121271751392e-02
6.589812918476158077e-02
3.819826761912297614e-02
7.289021141852261576e-02
1.643766772736546256e-02
8.025631423408317866e-02
9.540165717584625504e-02
8.699452193912762810e-02
1.190908863317407217e-02
6.278183432369290051e-02
2.275546745758599138e-02
3.523904325033667528e-03
5.577553736175624001e-04
2.472525571450927273e-02
6.460182893448190855e-02
7.525953929150804023e-02
7.518672368416928764e-02
5.354322229146145362e-02
4.406624727239585870e-02
9.392915491959583085e-02
2.180501997122785435e-03
4.894335069163672364e-02
8.761991136650260081e-02
6.426751329997043571e-02
1.085442596982875985e-01
1.032700490702340018e-01
6.164501578083323580e-03
3.586599348508432566e-02
3.653769485527895086e-03
2.532653315227717875e-02
3.548464455692799946e-02
8.762100191948896111e-02
8.901637834896457269e-02
8.533076752510809770e-02
8.728138676450349076e-02
5.427515577758585535e-02
4.412468465617385566e-02
4.670503494179905485e-02
7.960748313630545969e-02
7.283998306132163925e-02
1.029204993349345787e-01
8.753655657612459395e-02
8.638877236515543623e-02
5.862560057632185129e-02
9.126820172025794375e-02
1.453853731342929709e-02
1.096574464065349780e-01
5.875407724135141979e-02
3.264214245658974417e-02
1.081210966743401947e-01
1.045635534900206665e-01
3.252271470380904000e-02
1.100374730878389828e-01
3.233801885903548473e-02
8.778515429095430644e-02
2.179573844134475181e-03
1.055164377220892402e-01
1.101414092934649841e-01
7.906568498027759326e-04
7.715350828862688193e-02
3.585233061143388439e-02
4.274176833638635201e-04
1.117768983060611274e-02
5.940166259006568993e-03
5.137479575761054636e-03
3.217184860102311611e-02
9.542467486165814861e-02
5.594136879268251511e-02
8.892640264893778013e-02
1.007903142032438720e-01
9.658683230016834598e-02
1.056636350687538972e-01
5.108053187025064085e-02
2.901935725428848520e-02
2.874744493509569926e-02
4.091326820835263639e-02
6.983173194052293142e-02
1.242734040704594235e-02
1.116355317019782356e-01
7.239896518022111149e-02
1.004203349828204639e-01
7.725639596953759458e-02
4.135081577118331769e-02
7.352787225603410470e-03
3.150262213170080400e-02
8.727267942635776043e-02
8.338542854514523206e-02
8.087347113176569791e-02
4.932839438935373438e-02
1.030345020677227719e-01
6.051314486373128750e-03
4.006344625569507184e-02
7.190776759068417956e-02
1.379493801950433703e-02
1.595150765583687111e-02
1.085163469874675241e-01
3.522926373230511610e-02
1.091705208921666358e-02
9.725205873805158052e-02
8.816238403930685974e-02
3.228242779074188412e-02
3.354522587361336711e-02
1.090726162180466891e-01
1.873725313909829077e-02
4.979942661777211205e-02
8.324439371755558426e-02
1.041667093357764723e-01
6.014878623718489248e-02
7.614463362197854135e-02
7.112370342191125239e-02
3.176578458589696813e-02
7.167473120583337312e-03
6.143847402701543836e-02
8.165789613731705117e-04
2.546611437912372437e-03
3.411117180717985337e-02
4.445756851267879811e-02
3.283016121082411171e-03
4.351088980035366927e-02
9.528937024773406761e-02
1.077791400261053356e-01
8.338830691091438096e-02
2.780381585454570759e-02
1.287578739776021417e-03
9.190983611469266679e-02
1.109758391574464792e-01
1.074358276827011849e-01
7.944451651081790855e-03
1.525964767186064990e-02
9.894887384088957294e-02
1.993359503582803685e-02
2.393577649447756455e-03
2.063696426350804247e-02
3.908876449360306621e-02
7.629178894338461969e-02
5.326741882448062654e-02
3.324951127448733806e-02
7.618719861807277116e-02
9.826309357674639991e-03
1.089183816814769980e-02
3.168763699349873286e-02
5.866768315952059637e-02
1.111689794891139102e-02
1.036247584910702096e-01
3.529510109475841872e-02
2.094382508342193874e-02
7.491603877403531231e-02
1.039430365311738436e-01
4.140079650752882812e-02
2.788373284144456815e-02
5.748836945137148630e-02
5.001367265008625773e-02
3.601891340442658213e-02
1.132435821024638028e-03
1.956491039557388401e-02
1.087741851882249172e-02
7.352135312791042987e-02
2.324029111343160758e-02
8.641409378105134945e-03
5.437890347203967051e-02
9.544845439623661498e-02
9.557387196780184335e-02
8.065683874773271755e-02
7.476882045473601246e-02
5.198276860839673441e-02
1.079743694545285404e-01
7.725003945551801865e-02
7.494882994905388562e-02
1.231495224758946683e-02
9.020100389262672436e-02
5.946188698975148762e-02
1.547898079152709196e-02
8.982073503149864968e-02
3.216521380642521633e-02
6.492028623627510431e-02
5.517597486844540156e-02
4.927063640130215083e-02
7.144611881864644520e-02
8.517604672432810275e-02
9.851489607650890101e-02
8.372126411953177000e-03
9.213360210001503292e-02
4.434472558175088508e-02
7.337250387060953449e-02
9.045869107733132963e-02
5.816379055941351545e-02
1.001648124757693326e-01
1.106913210479665011e-01
8.037540198126259805e-02
9.867610559788966840e-02
4.391147741285630728e-03
1.851165106495642615e-02
1.697161340694969614e-02
5.029524185177789569e-02
1.217799272408243844e-02
1.087485915757039762e-01
4.215760359581197103e-03
1.069743079368597194e-01
5.905748594693184831e-04
5.317886584190339994e-02
2.661847261814213536e-02
4.457018030099282532e-04
4.579675167891811283e-02
2.163068458013898705e-03
9.657642921984130324e-02
3.267292440769915991e-03
1.069898009829549218e-01
8.619945586088663403e-02
1.099741478978658316e-01
7.886748389235824844e-03
1.059100554612545098e-01
1.379953552603364712e-02
2.252649680794730630e-02
6.683661285280552422e-02
1.589447638321595663e-02
6.761483694914872944e-02
8.718923082758646415e-02
2.707847440914717269e-02
6.169005284115826326e-02
2.582993090698909588e-02
5.027077358004102686e-02
1.071454671674435498e-02
1.002325142429913440e-01
1.021829005550074498e-01
7.003631973328240667e-02
3.559380452579245790e-02
4.537435500633472951e-02
4.160387119735495243e-02
5.449790728293944612e-03
6.204817236144367226e-02
9.979457971238923919e-02
8.338338621524641475e-03
7.933990142752160926e-03
6.870910988195091940e-02
9.020726217095936805e-02
8.772739341824013770e-02
1.289258755852449451e-02
5.185236304641845095e-02
1.113673499050602533e-01
9.279197420963622434e-02
6.560791679923236308e-02
1.346195937642663716e-02
4.902840257551451669e-02
2.027886987202710475e-02
2.802067814220936259e-02
5.113325862223573604e-02
1.104506573586062912e-01
9.822428239787453497e-02
1.090633528604700309e-01
4.528669192419840922e-02
1.089449732295788148e-01
7.365197139144323557e-02
2.397008394471314072e-02
7.574260267390929557e-02
4.426507693614443323e-02
1.084864787203597761e-02
6.040364995253567383e-03
7.011262281396687945e-02
6.558997907042028730e-02
3.192926574931345164e-03
6.708447807097416005e-02
5.751371933619253002e-03
1.912963820766198919e-02
5.563922155571280476e-03
3.072907397856543266e-02
1.111077638900317549e-01
2.996421046697306592e-02
1.110058205810050685e-01
1.268370733754771570e-03
9.170959897948859074e-02
6.548672880282302433e-02
8.475581266095895405e-02
2.415842753740426660e-02
9.213573950571402049e-02
3.799352734050150115e-02
4.845154402433517193e-02
5.967084075758639222e-02
2.268953320200139262e-02
1.017083868105431860e-01
3.081917193551186786e-03
4.344435473303773221e-02
1.047983728276905835e-01
2.301455581627643784e-02
1.113733153065206843e-01
1.311044455123837674e-02
1.070810439343541920e-01
6.898287464828218793e-03
8.592868116104179776e-02
8.277322568470138475e-02
1.081843819396165751e-01
2.680962804689643753e-03
1.151764275087167454e-03
9.683442786405822844e-02
7.573589890462732732e-02
2.570886605339931050e-03
4.008840226717190480e-02
9.744909655816392027e-03
1.114940203310132716e-01
4.146705274790202234e-02
2.314632429865350061e-02
1.094968631297637829e-01
9.060869124022882803e-02
1.085791511353011857e-01
7.101803738222300932e-02
2.640524322807749971e-02
9.238909516984396275e-02
5.508025984159104632e-02
7.395242012816656552e-02
4.439955307968256049e-02
1.457934945150011520e-02
6.824117848204981282e-03
4.260042504346080172e-02
7.787039062896991548e-02
6.022263988552330194e-02
7.186580808515909136e-02
1.025276889020075161e-01
7.322841468402634113e-02
8.076966836301521790e-02
8.620151031806982944e-02
9.955433720952419629e-02
1.384269188195523656e-03
3.045959768459069808e-02
7.474121549795439967e-02
4.624224528559779668e-02
9.190281114173817767e-02
9.505651794486570660e-02
8.514470426133828422e-04
8.001421455391184712e-02
7.157423446556281099e-02
6.153775317338096990e-02
2.686439619425355294e-03
1.050814177683512818e-01
9.127715503014706411e-02
3.903733592265475061e-02
1.905520437145149680e-03
4.085259509558825108e-02
5.120530147849553654e-02
2.401414007348027027e-02
6.915630569885441656e-03
1.086238612934107978e-01
7.020788978524933333e-02
2.387705744997674611e-03
1.102415892301594758e-01
2.104223963608491815e-02
3.244681631758853518e-02
4.554865903514903475e-02
2.947815696990642789e-02
8.377845580643941692e-02
7.499650873455566968e-02
1.642288649805322825e-02
6.986700391939615340e-02
2.872707286361033882e-02
4.971390289043785271e-02
1.101457559360363063e-03
1.006604162945472503e-01
5.945395386362092166e-02
5.178731096734152939e-02
4.989915859766964890e-02
2.475279312430272646e-02
3.939665513866327275e-03
9.310988852914227343e-02
8.005878108790731584e-02
1.042159375112000352e-01
9.577592491037628664e-02
9.185529373305531889e-03
9.734835792905160989e-02
8.269669140112952122e-02
7.633987738996743377e-02
6.807188745128243956e-02
1.042384407699843815e-04
2.335700078040808467e-02
8.082222567017324777e-02
6.590213079141103714e-02
6.201396791808647807e-02
3.031970265772871223e-02
1.722943092759936928e-02
1.094324862357587691e-01
6.586885072524449776e-03
1.080368692081760812e-01
8.567727235936953289e-02
1.079025029377951445e-01
1.016541851862408780e-01
4.725031842194606785e-03
7.387398268917352850e-02
8.466008380689764301e-02
7.206078954857737806e-02
3.089280704757459660e-03
5.369016391413436451e-02
9.566835111552404736e-02
2.966761270460791314e-02
2.909502663864328015e-02
2.589947936168603485e-02
4.829667039864350003e-02
1.107926183398105086e-01
1.097064001365787994e-01
2.375847846033365615e-02
6.536698248177373605e-02
6.598975765904832591e-02
8.112187854467875492e-02
6.332566121792723712e-02
1.069778014930013871e-01
1.083414730988730840e-01
1.394344631027606522e-02
6.337512942881057265e-02
8.734526297616104773e-02
2.701431845273298549e-02
3.335712779129538889e-03
2.449392737607493722e-02
2.177532401169065407e-02
4.255512564645118345e-02
9.622260689201093953e-02
3.488520410609610711e-02
6.160895842178664567e-02
5.868070772848515276e-02
6.397014295294806141e-02
4.068391588708462382e-03
2.178483866758194887e-02
7.405389396735827245e-02
1.838612208305131709e-02
5.558089107867058599e-03
3.102892968124413425e-03
1.116067206144395890e-01
1.071151895260428893e-01
1.514391578687035965e-02
4.387022316948736844e-02
4.086963464582792083e-02
9.415332528291042724e-02
9.233625645285621630e-02
5.783420408105074094e-03
6.088132608494556397e-02
1.279812668080358533e-02
8.636353368560727162e-02
8.393793232730211926e-03
9.679417124771635961e-02
8.337354518874180720e-02
3.214497515527237406e-03
5.572558566831403715e-02
7.245640537286225646e-02
6.949495807339005349e-02
3.898755285288076772e-02
4.578821582144911029e-02
1.210926178971533963e-02
3.517472205416109082e-02
2.175570205567212492e-02
8.410131285898571341e-02
5.922696829805151192e-02
7.445275539499984947e-03
1.031065678608492353e-01
7.283885042262910892e-02
5.702357625849532874e-02
6.616634613648986196e-02
1.165505933602210310e-02
7.928976873972874706e-02
6.837590359944802076e-02
7.940328605814339635e-02
1.026559290572364308e-01
4.160748083083441956e-04
5.670157396382514807e-03
1.227162052405980468e-02
5.654817414439218537e-02
8.063078310560164996e-02
1.313115380709882485e-02
2.970698248904661207e-02
7.494890838632271846e-02
3.153045622141194965e-02
9.814830980532801563e-02
7.028930910981470714e-02
4.898436888036150627e-02
2.364076056984754266e-03
6.768128526031888526e-02
2.853496281319111306e-03
2.877796258277523500e-02
5.936567263509632403e-02
6.325175957229441266e-03
3.142176264258290247e-02
4.474222597301640708e-02
1.779529596751185105e-02
9.292220108071594376e-02
9.821131372615647670e-02
8.381755559073822415e-02
2.297497054872379985e-02
4.895991081895752911e-02
9.774198949907711431e-02
9.531110133101622361e-02
9.477959485473652634e-02
1.254534805998644420e-02
1.022253099465815496e-01
8.123966966913013024e-03
1.343113420531928670e-02
9.518119539526888329e-02
9.501878133641999957e-02
2.518122794434070333e-02
5.994464625991658552e-02
3.307537893653356761e-03
2.519509285683228447e-02
1.657399910337076232e-02
1.000592993479917578e-02
1.595922526043988890e-02
7.010899457395408652e-02
9.189062172331212419e-02
5.650474019359880183e-04
8.978043367744559244e-02
7.006040430512211481e-02
7.251263496616551507e-02
1.059639150527862950e-01
4.918679094218332548e-02
1.616072245549139696e-02
4.072082949228846699e-02
1.104298510411859807e-01
3.569301560909118182e-02
9.728190612119112790e-02
5.806671602453512653e-03
1.156448925031538892e-02
6.729944043504174078e-02
9.852566747951277404e-03
4.283914868298058232e-02
6.196749736507221190e-03
4.551650034540485196e-02
4.212730268755194435e-02
6.901769721083240994e-02
7.857556789642936024e-02
1.007740032431175409e-01
1.086345994728324521e-01
5.442415914807337968e-02
9.786299955991666077e-02
4.253286965137511449e-02
9.754008797928365171e-02
1.828930623523737295e-02
4.357888076116014225e-02
3.911597873076805461e-03
8.631663197931278841e-02
6.907974010733854142e-02
5.060304137960265625e-02
9.969220200030329965e-03
1.030189597760123310e-01
3.687796742223319046e-02
2.597376873511006348e-03
1.095572864569143295e-01
1.586505224223840396e-02
9.721992574173594914e-02
8.883632868721930143e-03
8.883874407536002105e-02
4.011811292181283878e-02
5.324021462454112813e-02
1.187319340435837554e-02
1.868797352884160601e-02
7.213957082431599055e-02
7.319961788357353186e-03
1.091226848146083575e-04
3.096110305070894075e-02
7.114480074094581274e-02
9.664214551085244242e-02
1.283102218621643385e-02
2.860585757048660430e-03
1.070412491633777469e-01
9.804765422197642133e-02
4.159861764047495525e-02
1.067562919888976301e-02
5.253829823222681134e-02
5.786695342962403649e-02
4.232678828354700072e-03
1.081228047542524690e-01
3.097186350806016911e-02
1.107087707549831435e-01
8.680361841467167106e-02
5.550764470162818792e-02
1.058709694254257871e-01
2.917999055586669929e-02
6.059727486920571393e-02
8.633836437383519968e-02
8.298863819110682827e-02
2.996919173664651728e-02
1.748123984153638483e-02
5.821830104377591353e-02
2.078329635375090675e-02
1.553550934426301509e-02
4.432410914498527421e-02
8.804486982408410434e-02
1.242984646055599355e-03
1.091829812163868374e-01
6.255960272507231357e-02
1.026610832570991061e-01
2.297248865045307259e-02
2.014871787316767013e-02
5.579849180740788228e-02
8.305725121066346098e-03
8.055383022100252866e-02
1.745116875273962365e-02
2.538295472159368335e-02
8.121701331928687928e-02
6.896854119720689791e-02
2.167661553630367225e-03
3.798434829547977457e-03
5.144079409546957471e-02
2.497413582178650490e-02
8.396627377041301910e-02
2.544830455592590052e-02
1.083851531096665932e-01
1.179781280160552975e-02
6.827269002645507123e-02
1.077615060740547874e-03
4.745381069331391921e-02
1.093983213258930276e-01
3.206342280939222106e-02
6.491176316752977904e-02
5.351947115673125893e-02
1.089677437387941237e-03
2.955986573901393279e-03
3.411450263357487106e-02
1.665992860544645085e-02
2.161380732793143512e-03
2.638154528995559009e-02
2.574768852663514296e-02
8.344338177920858357e-02
3.341647323616511039e-02
1.111187076097105292e-01
1.880329681925261773e-02
7.599242765322227443e-03
2.445753148447765354e-02
6.142432823279370645e-03
9.547364268171183721e-02
3.792552285293743913e-02
1.072045931653397566e-01
1.385354560990856645e-02
3.567119261863449520e-02
4.135780429913679668e-02
8.839914118735007001e-03
2.124676272684117642e-02
4.705374764396662995e-02
4.867702231947164393e-02
2.012940023258292729e-02
6.665411382055828893e-02
4.401421135824339081e-02
8.530588115861309495e-02
3.282651441904372615e-03
2.336935874741275995e-02
1.016286807173231999e-01
3.690686111067416342e-02
4.991727027133591177e-02
5.333424854678315771e-03
6.580551339777572506e-02
1.053772231183721514e-01
3.630226605524919381e-02
8.460360326412791343e-02
1.901822905905995462e-03
2.886171996469092532e-02
7.994991839586747251e-02
6.540899668385043164e-02
9.099844383044695950e-02
3.263299646829121575e-02
8.059936397337047476e-02
4.742114894213042553e-02
4.896889304892913623e-03
1.005399867513975254e-01
7.741089192550679177e-02
8.057034264353047509e-03
7.130419666796759814e-02
9.888161898246275450e-02
8.409239589255090852e-02
5.464799408490398844e-03
9.658745044088482695e-03
1.116364446786183122e-02
3.359782510103762141e-03
1.211170352872371382e-02
5.355666255475716869e-02
2.708454011234836742e-02
8.594299721520747004e-02
8.799852418470870130e-02
9.933655557796328139e-02
1.275565084163809114e-02
3.469645340174638826e-02
5.165495493398078453e-02
9.986986774588575699e-02
3.840105813720252892e-02
2.834210140669271918e-02
9.747944056832028026e-02
4.855043298231034171e-02
9.304968542751117233e-02
1.010738486748233439e-01
4.751560274701183834e-02
1.490785426548946364e-02
8.474096787450657864e-02
1.024739348618513152e-01
1.068563186044598490e-01
4.529724225196184867e-02
9.941315761663764572e-02
4.325612121109786989e-02
3.553271331594778926e-02
1.170175551864101500e-02
5.611611023822473537e-02
8.783231060119189859e-02
1.101515835284310463e-01
9.231527157906364855e-02
9.399966098082246369e-02
7.314941231658524112e-02
5.753252219430964737e-02
1.698537736398326309e-02
6.186737609123503035e-04
2.358864358045249451e-02
2.579200034784693771e-02
3.645135379966661648e-02
1.081821905038832937e-01
6.007719210660126402e-02
9.419746058999996230e-02
3.875621128964545220e-02
2.037618015617666950e-02
2.777125155129176945e-02
7.655546547260352885e-02
5.521323835538491549e-03
6.389209802638473601e-02
1.011701720641875885e-01
6.076572918228480280e-02
4.049520220629883316e-02
1.022744786435737935e-01
9.046290766242078007e-02
3.012539502608505004e-02
1.569533893421596465e-02
5.610187613458246514e-02
7.453380910424077521e-02
8.344446508908545668e-02
4.433045230800976462e-03
3.701233766565768801e-02
3.588504649252159673e-02
1.089902995506393697e-02
6.386404624929674020e-03
4.658076736885868180e-02
8.243820708820505383e-02
3.984275387266275267e-03
2.057416309641581578e-02
3.019241188149419941e-02
7.840990340044618270e-03
3.200009589806038224e-02
6.060277588964756851e-02
1.814817573388472155e-03
8.010417158983342001e-02
1.848461114555911833e-02
2.940241833839699059e-02
5.726627031446990257e-02
8.229056227456728323e-02
9.595380754199639428e-02
5.314901221491072358e-02
4.373170705293429571e-03
8.141132184321310528e-02
9.178887317110129285e-02
1.612441267397269132e-02
4.775218780245386874e-02
1.740699285112393829e-02
1.110708524628562371e-01
8.661250928133121252e-02
1.006348452325376251e-02
7.499906989260834989e-02
1.146888276981660598e-02
6.625731906151589683e-03
7.906948557838397451e-02
9.421169538827393886e-02
4.510749637904706150e-03
2.583836110350801185e-02
3.076191130978933250e-02
4.531357767870311526e-02
4.670806663473654058e-02
1.769032510131546276e-02
7.340264304157569780e-03
1.055367599643417809e-01
5.361464414129534645e-02
9.087904080897998838e-02
1.327843562806838018e-03
4.233849956350795030e-02
4.790497153243354969e-03
1.030715201037719075e-01
7.328431051151441944e-02
5.125670801758662465e-02
1.092955435260283409e-01
1.007232683370772042e-01
1.386603192103349168e-02
1.092998497889497295e-01
3.225651646131639377e-02
4.378384066139096725e-02
1.487342283160377615e-02
1.380754269021593206e-02
4.038755854371457038e-03
1.095746319060599688e-01
1.357143344752185024e-02
9.261428724570273940e-02
9.530673085915088161e-02
1.501647636937626130e-02
1.518880601612474825e-02
8.980695294467501422e-02
9.934395480837590608e-03
3.554799614602442270e-03
1.053718880019516024e-01
9.394228144134839087e-02
7.644866219237650418e-02
5.888539685598283280e-02
4.895582969886798363e-03
6.663430814711569783e-02
8.203849768933720032e-02
1.275815254162569919e-02
6.921030966464214451e-02
9.658116087738238820e-02
1.107854885836459247e-01
6.287979735520972391e-02
1.258244648682844101e-02
9.751902664284062272e-02
6.288193216142634601e-02
6.453611537245609875e-02
5.377849345366235434e-02
7.766763623526794225e-02
2.785689007093904851e-02
5.123882220590168790e-02
1.086416318914763951e-01
1.107215776151592862e-01
1.128492649408255159e-02
3.413110625470794357e-02
4.366399378049250842e-04
3.338516672630170018e-03
1.108554289777750196e-01
9.649828817872387055e-02
3.003381006854203249e-03
4.521908942811669711e-03
3.070781828315076109e-02
7.994504822538257838e-02
1.078497331384998537e-01
8.383294942509744718e-02
7.031611016437692985e-02
1.993236246861737962e-02
5.995849521974416958e-03
6.752297151210073789e-02
7.545035634430621863e-02
5.095073874317783413e-03
7.060331982200758472e-02
5.897244135956702937e-02
5.664309165313473164e-03
6.573424400036612103e-02
3.242026615257559419e-02
2.447017433818559837e-02
2.253021165841638182e-02
1.041387673845799999e-01
6.480652755023254274e-02
1.085004117020746395e-01
2.164671057159676601e-02
1.089086326306403923e-01
7.874254217114147469e-02
1.034450842629247025e-01
9.325459109260396395e-02
7.013266128185662029e-02
9.436364632280577758e-02
7.863460721941691045e-02
2.774575619083103142e-02
2.064919330815857129e-02
6.379887733431266472e-02
1.099794980300922709e-01
5.639399500194571327e-03
5.624265133004642536e-02
1.105498253107516510e-01
2.594053364849894031e-02
5.931959644993714531e-02
7.803647306223618352e-02
9.424956984342675037e-02
6.406476285267964643e-02
3.772043932156873836e-02
5.757151073024579374e-02
1.033978241597734021e-01
2.839624821535308759e-03
7.229083979086466279e-03
5.496336830966703536e-03
1.076086860170396980e-01
3.961770794261840895e-02
6.341772095157335865e-03
9.293100890572536521e-02
4.851023038569178547e-02
5.427342697598929594e-02
6.109294050085705904e-03
1.257268802745404451e-02
9.614346922557119590e-02
9.052424730510252870e-02
1.060710925259337606e-01
4.560687298114604604e-02
1.103050590781748941e-01
6.210862039770366494e-02
9.783624010247096714e-02
8.434159288296258494e-02
1.349425556358714064e-02
7.312890981659388168e-02
1.043640122212577681e-01
1.037951966171522244e-01
2.095401690982501980e-02
5.598718111491234745e-02
4.377050251292673166e-02
2.138964457389873081e-03
7.405235889587967468e-02
1.888682856667675894e-02
4.364673127135367675e-03
1.088269846966356258e-01
5.757786375904525716e-02
1.579216804830157334e-02
6.171320526633031212e-02
8.795339605150541418e-02
1.028270914994942539e-02
1.280367926879605496e-02
4.201535201195665675e-02
4.468815510547337159e-03
9.358766295085889017e-03
7.513714661415871188e-02
1.068465618475181733e-01
9.167949487838350509e-02
9.648266105190816955e-02
2.072811549376895116e-02
9.715461355478885799e-03
5.738630879910232990e-04
6.837849125318522236e-02
5.468077902417910197e-02
1.019864269781415311e-01
9.662419889078778523e-02
1.180744542473861902e-02
7.347156129937529312e-02
3.729297755259631392e-02
8.459463990487224583e-02
7.911444623302817461e-03
2.177857169472234751e-04
2.866971274873330797e-02
1.001322684372480398e-01
2.668999951448008945e-03
3.301572171263197214e-03
1.094183167344913998e-01
9.100045885816058708e-03
3.725612948873616853e-02
3.879619907817202784e-02
6.653635800581045312e-02
7.367128321199875422e-03
5.093676757181534592e-02
3.167498190996182600e-02
1.049049725893816676e-01
7.730695044247601344e-02
6.549983255889356253e-03
