1.291442708182686389e-02
9.219098941822917448e-02
2.341543086212615268e-02
3.009620488502327829e-02
3.367097090975083862e-02
3.850507358874515756e-02
1.950711916598577012e-02
3.164263292879509332e-02
2.689229434401707933e-02
3.341265862821186927e-02
1.155807613971171315e-02
4.659601823807165582e-05
1.639893645808586852e-04
3.859791844729246191e-02
3.146004333282476778e-02
5.027707475701870266e-02
8.045617425337926731e-02
3.330647222190512291e-02
1.789405540570460432e-02
5.174187012869561203e-02
2.876112320926299190e-02
9.793783255943327645e-03
3.070750070454076469e-02
8.623843048941921829e-02
2.954666445604632249e-02
2.432595353109340969e-02
2.175147400056421168e-02
2.928302609466540418e-02
2.843352452522411589e-02
3.235238306462139696e-02
3.453720840946197107e-02
1.492824063953739414e-02
4.042553218862667518e-03
7.796489052996943836e-02
1.660813025067995122e-02
4.223080275313288029e-02
1.552482045715867229e-04
3.746385997684535674e-02
2.788944001309894005e-02
3.890784022440135076e-02
1.246747164574754131e-02
4.905387807218453827e-02
3.267053864123572321e-02
1.733261043615994001e-04
3.503262586111245691e-02
2.177030953568487651e-02
1.617620285102384231e-02
7.882635209734330239e-02
3.678122727254437563e-02
9.821962172870705651e-04
2.362483328937138582e-02
8.464129306553797027e-03
1.070415684304172610e-02
1.883294372928375274e-02
6.319861542843234307e-03
3.642405438652294297e-02
1.304425468717138915e-02
2.251605999845936526e-02
1.547707263543638724e-02
7.590980302930691592e-03
3.433763466975756767e-02
8.654856002055547406e-03
1.182064676919259046e-02
2.665580439127702983e-02
6.087929062213326414e-02
5.301815107305223734e-02
2.485501086106398257e-03
2.971019852491574645e-02
3.350786707566314609e-02
1.032244381587557047e-01
3.566383349443209838e-02
7.957459287971877307e-03
6.448916568926359172e-02
3.137891641105858276e-02
5.712633283434496306e-02
3.257445902822666325e-04
2.696588056225815086e-02
1.115842511598928027e-02
5.337996784481125259e-03
2.303888959330585920e-02
7.609357682475362435e-03
3.858994242805860626e-03
2.837265685653807615e-02
2.429889114309548639e-02
1.692964748668258912e-02
3.756980875779869500e-02
1.165000170785540650e-04
5.321437264918919829e-02
7.563951070921210926e-03
3.280689452391571947e-02
3.345624079968778641e-02
4.013514495944637411e-02
1.654602764795197120e-02
1.817803417524983464e-02
4.045998598403119893e-03
3.369718148227821702e-02
3.182483292225554358e-03
2.963802240107810560e-03
4.650458074329030800e-02
2.492108240227455113e-02
2.551421787277153089e-02
1.620422704032287511e-02
2.440304241772503838e-02
1.915303331519464455e-02
2.445664108980026563e-02
1.482470812749751669e-02
1.996153186620343647e-02
1.125992304445681824e-02
1.911340237184125032e-02
7.278935072847173005e-03
4.916179868151753646e-02
1.206048853513207349e-02
3.804652982887651164e-02
1.494804539365011779e-02
8.713465128346870991e-04
3.701821337134602458e-02
2.313205420741768978e-02
3.016923881504319019e-02
7.067942149653427472e-03
1.839096464953850207e-02
1.998735517391361446e-02
1.574843391244565294e-02
7.908694521557220122e-03
2.614276848091631549e-04
2.053351855071225071e-02
4.630574664149648273e-02
2.877297649573988536e-02
6.862803650062565194e-03
5.096807763133717750e-02
3.051064339752820528e-03
9.243570029468432814e-02
2.572531328064126075e-04
1.289008639220858769e-04
2.195153881050756345e-02
6.444717073070234392e-02
3.791823575064733748e-02
3.251161120367915963e-02
1.790270168327314296e-02
4.072837094460274310e-02
1.759561840827273543e-02
3.175226531409974101e-02
1.114214205754759102e-01
3.865223863795688719e-02
3.451954400225163561e-02
2.634693096991503128e-02
4.690254635672518740e-02
4.847859368392984673e-04
3.294053882254385779e-02
1.511242445955656571e-02
6.525154661817212601e-04
4.123940596714312234e-02
3.994195867112632775e-02
2.906050270013197170e-02
4.809992472390538232e-02
2.189910148084874691e-02
1.541972591747943315e-02
3.819001639889977456e-02
3.912925126868152526e-02
1.137018277014592745e-03
2.098091412165031464e-02
3.492961630519819671e-02
8.168726453341960611e-03
1.306375752300920415e-02
4.022628844152349725e-02
2.332274940477316316e-02
2.514106320231563815e-02
2.523595167224806229e-02
6.963940400414032450e-05
3.390321271039086620e-02
7.141522378646455310e-03
7.167904524488099768e-03
2.204632890762987102e-02
3.159556330707380400e-02
2.639607657293132487e-02
5.495248671865067373e-03
1.756629421889387144e-02
3.353752532815145598e-02
1.887390755210864622e-03
4.049574873791468577e-02
2.399130036419776582e-02
4.223758340407231249e-02
3.547241270999972745e-02
1.454933415401380228e-02
4.880560473983189262e-02
3.895737568277111984e-02
3.353522459423275565e-02
5.783476538606240405e-03
1.648623217228477116e-04
3.967840491242556611e-02
1.608821588375517267e-02
2.925881841228514246e-02
2.279173223056663034e-02
1.876428786732646167e-02
2.307840403119248984e-02
2.966984889970612424e-02
1.838666663238417570e-02
2.937423231490450190e-02
4.026209684074336104e-02
1.773948478538215495e-02
8.384344624020080572e-03
1.878019110954486787e-02
1.923884126454538171e-02
2.303216687064879933e-02
2.286922757408929238e-02
3.018341201128757652e-03
3.190722085130327378e-05
3.589510419628861443e-02
4.139869769732764521e-02
1.003142244974495126e-02
3.423800739436515250e-02
3.309637674289483966e-02
3.251144037132751990e-02
4.648166576490557998e-03
2.804334460787046013e-02
1.081000117698865809e-01
8.370831746212236552e-03
1.033118015095868536e-03
3.870103619491422307e-03
3.358652016352005418e-03
3.358598155596953516e-02
3.093970045031791197e-02
4.295525622775701359e-03
5.916518553301966521e-02
1.816115677307897954e-04
1.118187921455241762e-01
1.919578713055358765e-02
2.459286833274889131e-02
4.806474271134299897e-02
4.414389117361423170e-02
3.755122218172825960e-02
4.502640499879650982e-02
2.148666973794520485e-02
6.340826306637631013e-03
3.684327474117430473e-02
2.603956041774245847e-02
2.013713053016765592e-02
2.860235258311972107e-03
3.581721462222798441e-02
4.465497016767942633e-03
1.967328276687398819e-02
6.902185078712276545e-02
3.489059053475258160e-02
1.074969134338676913e-02
1.202244017129861474e-02
1.650472825299665811e-02
8.498294572678843917e-02
2.626586821640229316e-02
3.516752235120650105e-02
8.880865851120771023e-03
3.016451198922176502e-02
4.324412757708326338e-02
2.055486789327045857e-02
3.914582940958862001e-02
1.058051842520891898e-02
9.753979677296138739e-03
7.746522680033457106e-03
4.153213617416749021e-03
2.042449411572438631e-02
1.147288140333753079e-02
6.341329990885764822e-02
1.330005119631294227e-04
3.831338363791794016e-02
3.335975054609254865e-04
2.463863105083371422e-03
2.698113549735892125e-02
3.523271828468929612e-02
6.179503005991093811e-02
5.135801839120733570e-02
2.401250077516292949e-02
1.932886249072496634e-02
3.119528041954435990e-02
1.620533402754951655e-02
4.194960519501690979e-03
7.161498357277137211e-04
3.450968052495859834e-02
3.789362887036350908e-02
8.063987021977780598e-03
2.625615913595811396e-02
3.405929604495203100e-02
3.844413080410440803e-02
5.284951187326648869e-02
7.039172964314529060e-03
2.727179838326285188e-02
3.202483650661595849e-02
1.319566100548154536e-03
1.363293618883759141e-03
4.037977612048018056e-02
3.372101326504670787e-02
2.535864425902957086e-03
7.612327195417059600e-03
3.148557051241215876e-03
3.108411355549065003e-02
3.378361701583634802e-02
3.270118966547787970e-02
3.336263400195676326e-02
2.233291312614201288e-02
2.920769626977105446e-02
3.830238620809309907e-02
7.704146134818162794e-02
3.685420861899547235e-02
3.374574221092576515e-02
3.820522506275873115e-02
2.151840225014622302e-03
3.520139534024058908e-02
3.029947531892622850e-02
2.701471359386831833e-02
1.129754465442400942e-03
3.531789777296173716e-02
2.934570169529291533e-02
1.035457323303005592e-02
3.723054711473942208e-02
2.364080553981659505e-02
2.875792438953683750e-02
1.986848380449596219e-02
3.327910114603930408e-02
4.470245079185103387e-02
2.681094866929038464e-02
5.711002275882817204e-03
4.299155905043068604e-02
3.554580987517434731e-02
3.164786570103249319e-02
7.628604470624204825e-02
3.223900748208413658e-02
3.345928291537465793e-02
3.488826520496626088e-02
4.189531201836661778e-02
7.491717869019892673e-03
9.809633494586448080e-03
9.581427341852246163e-03
5.735918363412349265e-03
5.922374128015315577e-03
3.736905454333089294e-02
3.865349671494600764e-02
3.094856223060243189e-02
2.872839406029817702e-02
1.656898919785893681e-02
1.200335310258019870e-03
2.731066705143276457e-02
3.075619206746818893e-02
3.810323727380504621e-02
1.699994307664079137e-03
3.838582199534328835e-03
2.491576584555241225e-02
2.429503416024761386e-02
6.438903577200729214e-03
6.285704622611383574e-02
3.467833351130072961e-03
3.514113675029092304e-02
3.468739829434295402e-02
3.048371638857141474e-03
8.093773730235530588e-05
3.716456257316288342e-02
7.473497864169892368e-02
5.546155892710775276e-02
4.003369004253423680e-02
3.473034318735115228e-02
6.304199699976927029e-03
3.239953072393297190e-02
1.339190632486576479e-02
2.114072914607412201e-02
1.284960280731182319e-02
3.720095230539550990e-02
3.234949770560344856e-02
2.989109435399090950e-02
1.015338815611762160e-02
5.303496711701606581e-02
6.833718602530479413e-02
2.698079839255764517e-05
3.344837378500056801e-02
1.479199037180944400e-02
2.351836038822337910e-02
8.839788308716728382e-02
2.756609988958661633e-02
5.457247779768507889e-02
5.786437911845176280e-02
2.317823168920992924e-02
1.182157275192340437e-04
2.886199162613534153e-02
1.301436018569562987e-04
3.631167400606451906e-02
1.132589057977924189e-02
7.503189176946389568e-04
1.601546288453566808e-02
3.597471113532988568e-02
1.937926377837954905e-02
1.752246278857749057e-02
2.914264984473197845e-02
4.074760624429837885e-02
3.300048768240564784e-03
3.829128034222259447e-02
3.456212321207972199e-02
2.883964635619696345e-03
2.343274972746622539e-02
2.318494820821304786e-02
2.524418579582712180e-02
4.269610079103566651e-03
3.396646232060884785e-02
2.122940945309447630e-02
9.758873870525135857e-03
2.247279445928732772e-02
7.642168814623737094e-02
2.545605340112307071e-03
2.574548057907686746e-02
5.212680405448557458e-03
1.874998784540793037e-02
3.487572097500530634e-03
3.573879922353107030e-02
5.243181483606672300e-02
6.761659130352200980e-03
3.660344563144879437e-02
2.453612419733495770e-03
2.602284033705844820e-03
3.887314627633113584e-02
4.038974044470975550e-02
5.023456034306379714e-03
1.610125321891460871e-04
3.586954478615402703e-02
3.701493238816500053e-02
4.455898094399103788e-03
2.587990251487854582e-02
2.137252405071634123e-02
3.511556149774231611e-02
1.292077901642821151e-02
1.952476477413631062e-02
2.720455958800003723e-02
2.790976276371074510e-02
1.201093622603986548e-02
5.343926683884663888e-03
3.428554830274609805e-02
3.279747398765573557e-02
3.449557758792803908e-02
3.113960454449543613e-02
1.519736862032509614e-02
3.375769647574245608e-02
1.626809553106003947e-02
2.215415641298606672e-02
3.270978415330920430e-02
1.702707935328548819e-02
2.701849454061102523e-02
2.049587943242052457e-02
3.329212945371607529e-02
1.829407494287070210e-02
6.028601512988900242e-03
1.785652489402066861e-02
1.871051628408893983e-02
4.432677062428970471e-02
3.291965776925773884e-02
1.228449995703348972e-02
4.061003082410376969e-02
3.863513565504047426e-02
3.414404988835524624e-02
1.867776630986680772e-02
3.042480770759166744e-02
3.121999062824516377e-02
2.524332710264549570e-02
1.375377395936651197e-03
2.547022831107344579e-02
5.740617741415561699e-03
1.064451677122201234e-01
1.064372861532670023e-01
3.990135274549161393e-02
3.112746057716314976e-02
4.009939676493718547e-02
1.909765533361175785e-02
5.013306748703844073e-03
2.783350277761459379e-02
3.988534150044735493e-02
2.576326166352301710e-04
3.594897535321992660e-02
7.364237790259688891e-04
1.926721206451597820e-02
4.279705200346795024e-02
5.499468543089780503e-02
1.415282564306479928e-03
5.088143761536331224e-03
6.368051596385649639e-03
1.399284915101329727e-02
5.794587339872893372e-02
3.608416006085383987e-02
1.262182866161198208e-02
4.105603099251631943e-02
8.590870541914510938e-02
2.589353349285924977e-02
9.667044241192654028e-03
7.136492863514152900e-03
1.014844348178061025e-02
1.623797907714386306e-04
1.034854255800794938e-02
2.580522859862280013e-02
4.128442952147870493e-02
3.719027873535029217e-03
3.250456917079338343e-02
3.880567873212314653e-03
1.784809341379763742e-02
1.965203616147520246e-02
3.502589049559846901e-02
5.793545199261852449e-05
8.401850395728504423e-03
3.225349587640342214e-02
2.837592267875308633e-02
3.922302860631537297e-02
3.854848516278227416e-02
4.307929295453623297e-02
6.032976032560599840e-03
3.840158362976484052e-02
6.597649775489376756e-02
4.050028745534733237e-04
2.583352225769075332e-04
3.520079051872722353e-02
2.686456280914193903e-02
7.674976986238838880e-03
4.562763236439202480e-03
4.106118285636781856e-02
8.128014311218976346e-05
7.046634952018196452e-02
7.863459830345543786e-03
9.495871928001437326e-03
7.798803826449876575e-02
6.068974131804694312e-03
6.694613944185480447e-02
3.731062629131471492e-02
2.944277582844133032e-02
4.717331123387315944e-02
2.686011342019425929e-02
3.566154717474080693e-02
7.153348099638891233e-02
2.320628397821087457e-02
9.000565059637191667e-02
3.279091778323478534e-02
8.112376164639176560e-03
8.509254359071846685e-02
1.777549649819872360e-02
1.425102704783411979e-02
2.239693422525414895e-02
1.003913742752718863e-03
2.714237658572127287e-02
4.119417662801726915e-02
9.155282033618164506e-02
4.226402591555455945e-02
2.948610410534284465e-02
3.633625206677815189e-02
3.118254472918182557e-02
2.154668060545027533e-02
2.320039254271579268e-02
4.278401884790691270e-04
3.110621078663226499e-02
3.062381696337691458e-02
2.796224086760947317e-03
4.095095884989742585e-02
1.801605872808930212e-02
3.797932340904057458e-02
1.174683623377199186e-03
3.300520530938715058e-02
4.116059514314578810e-03
3.855311049746795032e-02
1.722509112262724613e-03
2.973208430148797585e-02
3.527032708997736299e-02
3.868902686479633313e-02
1.485446448491043944e-02
1.881206374264004361e-02
2.522847988878252831e-02
3.136963599678656983e-02
2.888979127641978090e-02
1.147404122169581007e-02
4.061965730589325863e-02
7.658366305484484715e-02
3.100861976315063065e-02
2.485551325316126547e-02
8.162113419305543766e-03
1.482064836520357795e-02
3.209898181938663358e-02
8.751066092930475868e-03
5.913483279162960043e-02
3.459172701889715734e-02
6.750007427079615652e-02
1.128514586849286563e-03
8.443561294912756143e-03
2.918147410503484085e-02
1.265275022365562607e-02
3.699503252941871261e-03
2.083577698495050340e-02
4.286713088427687723e-02
1.140264700346901167e-02
1.005646358449967595e-02
2.633725861935727261e-02
3.793442683094715856e-02
3.808777112019919725e-02
2.668052119355986476e-02
1.075804689303140084e-02
3.292639488479568582e-02
2.868329525481007683e-02
8.751371328152876376e-04
3.948839561781770230e-02
5.577164349637991902e-02
3.087263574830207205e-02
2.399047528483124608e-02
5.052715477041805348e-02
1.110692318733368274e-02
1.849162465268843619e-02
9.008525995831377642e-02
2.404003268029761969e-02
3.151247607574893944e-02
5.600243414353127391e-02
1.513323641703932451e-02
4.147043689062823030e-02
2.822113592757592715e-02
3.610173114077527140e-02
7.510654126165038774e-03
4.362997958996913533e-02
3.223374059005066489e-02
4.039165244930082235e-03
4.727818441587996155e-03
2.109537928501168183e-02
2.480668046211234948e-02
1.395963434478607670e-02
2.004087995494481522e-02
2.810043030697789712e-02
2.257580003599396826e-02
3.559752996240909961e-02
5.502904053872309693e-03
1.372454119068290505e-02
6.425319868816255220e-02
2.159013570229847273e-02
1.274822032529753651e-02
7.077702914164769876e-02
4.069480760820454873e-02
1.527940586827967930e-03
2.291850918489489464e-02
4.283944048503820351e-02
4.002488297236437426e-02
1.932636528483337029e-02
2.167185987042322473e-02
3.079447239620741999e-03
2.465635982856679773e-02
4.691646856140450905e-03
2.811400924796265965e-02
2.044490122777831403e-04
2.976588974869843226e-04
3.460568105996309624e-02
1.042475366762869726e-02
3.770459106770808651e-03
1.426009136459892301e-02
6.582990939800498209e-03
4.422311095393646274e-04
1.017092201620546817e-02
2.248256960718957639e-03
3.788212590155734527e-02
3.095403088882546332e-03
3.809415957160109528e-02
3.670059417084986508e-02
5.813941684695558137e-02
9.158070274649881756e-03
1.682897265234844023e-02
3.872996544491204979e-02
4.060760465318907059e-04
5.644462615522327626e-05
5.932706550346103502e-02
9.630463238128173994e-03
8.376564972807039322e-02
4.783462356057575221e-02
6.891744760188247415e-03
3.497612907733325949e-02
2.989953182203923879e-02
4.338141961332167562e-02
8.688409787654833086e-03
2.010001989554887139e-02
1.037769374510100033e-02
9.296458883951035090e-02
8.790925631323692757e-03
2.288814110461700677e-02
1.519668111594312324e-02
4.813702896499520885e-04
5.708918133357139026e-03
2.988888164766957678e-02
5.727032077442115870e-02
1.643723331729925186e-02
2.885182895498187346e-03
4.370436102928873523e-02
3.328445300182562155e-02
6.593061199570215275e-03
2.757160158416093257e-02
3.576057328498265936e-02
2.826522762673128186e-02
6.008804573100527679e-02
2.548343286431308669e-02
2.488577719428388020e-03
1.007796017747627712e-02
3.485065661774543883e-02
2.632512630258454847e-02
5.768185402147180466e-03
3.235031437550332095e-04
9.531610583985281049e-02
1.050397647473049140e-03
2.852594738125805341e-04
3.397566536536986842e-02
2.739616131198508928e-02
3.655150170875501921e-03
4.926397772029537242e-02
3.845124927563239176e-02
8.700771304187919497e-02
4.034941053582889736e-02
4.130932362756113002e-02
8.440111540708782056e-02
7.281595887596231664e-02
1.044371562855946345e-01
3.525270996942704571e-02
6.288999011976434406e-02
3.100481766460666186e-02
2.729687727059703153e-02
3.354778302616251429e-02
7.002530332465473073e-02
3.755443423454670610e-02
1.035507764454306374e-02
2.936928911922957394e-02
2.788683445027419563e-02
2.148917117495265094e-02
1.428913534868530080e-02
1.280951769976159012e-02
6.827471983642938169e-02
1.321158669335302342e-02
7.525972154425784877e-02
2.065652899944120380e-02
3.518760816136374397e-02
6.104549430233076508e-03
2.519599022249975617e-02
4.052646873441005659e-02
1.241537648106074386e-02
5.206831497722062656e-03
2.905159908282330030e-03
3.232226458184533913e-02
4.051361821531914570e-02
3.879942911575170322e-02
7.989676696095424080e-02
3.174878294833936854e-02
3.962513926966500233e-02
8.287368643809375421e-03
2.976496646819702316e-02
2.734120567802499936e-03
9.916077695955522950e-03
5.814043370177452189e-05
2.654684835631177658e-02
1.593983945117700670e-03
1.195050129431841565e-02
3.942239305552184409e-03
2.781073059933346012e-02
1.025515024653187758e-02
1.218870434289518606e-02
3.179760049586823761e-02
6.344599785133082925e-02
7.924543697256416705e-03
4.453515496669410711e-02
5.219131705219418049e-02
6.837151450274812914e-02
2.756635479572039707e-02
5.249938809325650768e-02
1.914492323931476104e-03
3.915599961465497658e-02
7.784587899812418733e-04
3.691190441566610109e-02
3.661926298053300600e-03
4.158894504159449390e-02
1.016068119960395442e-02
3.656494269310161388e-02
2.200828261921577468e-03
3.615372828281563668e-05
2.857070707864781123e-02
3.753850055235061906e-02
2.229680021493315664e-02
1.362148226475891951e-03
1.932339665958215588e-02
1.991333208014065687e-02
3.867923598141526781e-02
1.031205732478746202e-02
3.377915540655940935e-02
3.006262074980388388e-02
3.074415062732892973e-02
4.160043083984484719e-02
2.347646455774685115e-02
8.143674108282353676e-05
3.286996453501973142e-02
9.003500968383780501e-02
1.130401269560401406e-02
2.953179158005841617e-02
2.711485359895805802e-02
1.737364000301778663e-02
4.790804423774413373e-02
1.205100747647263942e-03
9.149204158261049769e-02
4.184177686248596872e-02
2.933744695330536140e-02
2.602518650872752241e-03
3.751483581437570214e-02
3.405511014402108627e-02
4.306377729100417662e-02
1.643128280595521074e-02
9.766134135433287081e-03
2.697590157320888318e-02
1.752133732110206302e-02
3.118315251260696599e-02
2.181429126719986594e-02
3.882512881511591962e-02
4.363105737960610089e-03
6.876250706519483526e-04
3.205161785916141315e-02
1.521229785821929734e-02
3.470955106373465850e-05
3.801255001210061824e-02
3.695927794715915538e-02
1.777608082727737820e-02
2.850625546799022761e-02
3.061228726195436636e-02
1.836309577492589371e-02
3.473795991442384795e-02
5.931794693963535897e-02
1.313557898306130138e-03
2.435586350508078118e-02
5.846480306884650757e-03
3.247367308092707211e-02
3.746921695657826762e-02
1.564844341303227835e-04
3.747815468455105437e-02
2.228089489590683904e-03
3.448741820877031933e-02
1.692891432056848385e-03
6.559454636497007163e-03
3.430697538562545168e-02
4.524761530155671507e-03
9.579321048390369853e-02
3.309648992586081140e-02
3.355858965212756007e-02
1.561081597575767095e-02
3.309003217512253986e-02
2.813026158924128092e-02
3.588465437223051224e-02
1.298732696258120961e-02
2.625606497429347833e-02
7.381683568301154394e-03
2.546714275050934728e-02
3.054996900813818084e-02
3.530214509329969441e-02
5.678137757320579626e-02
1.874396607267713247e-02
3.107740398920840266e-02
6.680728269198668925e-03
4.596184458884116047e-04
3.676341956218821816e-02
7.663095807246149416e-02
6.133695466924620268e-04
1.330433608114116577e-03
2.213780369524874850e-02
5.570808455696566602e-02
1.240890072170772705e-02
3.844583317797258014e-05
1.155666021363515802e-02
9.562302390147126019e-02
1.801383549462155093e-02
9.889877443026259818e-02
2.120772928887847825e-02
4.172893718563817217e-02
1.227305317440108984e-02
3.035529606973213015e-02
1.416975038602744617e-02
7.353522280255419055e-03
1.079855628154641027e-02
8.239519501715088581e-03
1.366232260495217404e-03
4.432332029159893015e-03
7.985087642851692973e-04
4.024479991930653838e-02
3.900105735783629402e-02
6.860686020194842194e-02
3.748673223959587096e-03
1.046525339590862261e-02
2.339728779891302179e-02
2.030606524590270259e-02
3.681300245219399497e-02
3.468752171828205777e-02
9.849038312252581114e-05
1.277723786378555555e-02
3.773338275692731530e-02
1.703366111972156108e-02
3.772948229937544279e-02
3.257957053070522496e-02
3.996417588048467584e-02
3.646549554089162370e-02
2.915610618440303212e-02
4.289360943185499542e-02
3.416835004729044251e-02
9.180292494580393620e-03
1.537628195670386402e-02
1.380695534764567189e-02
1.240778263172753922e-02
1.036657436398689125e-01
1.575438491989528469e-02
3.405351676153275248e-02
8.191558925915387590e-02
1.406345172435241467e-03
3.523823083588419752e-03
5.059208261334083301e-02
2.859067961819334105e-02
5.460526457225557684e-02
3.668076980069732984e-02
4.176619674892755952e-04
8.070686316812153427e-02
4.250644322842442487e-03
5.872047892506573668e-04
1.522360361499973912e-02
9.378215541242177346e-05
4.228768182710129948e-03
7.365775281679425024e-02
8.122293710825637114e-03
5.190827909214276725e-02
1.762431836845794811e-02
4.645261645693220818e-04
2.497474221830053506e-02
2.827154321403132359e-02
3.388650725533816615e-03
3.249759867132098745e-02
5.277034654580900659e-03
2.665994104584024429e-02
1.197770577167378732e-02
2.018245842087296529e-02
1.220211112149470825e-02
3.744908260153681501e-02
1.637243798479575026e-03
1.192157104885255108e-02
8.128713622613747102e-04
3.139996865981529994e-02
3.016207262707861630e-02
2.124131973181781277e-04
4.020201580904194522e-02
3.701261562495988117e-02
2.966787758931735755e-02
3.259325520774551677e-02
6.832629354020026968e-02
5.638563048237082813e-03
3.369230259102765079e-02
1.911893865494517994e-02
3.114503470242879768e-02
1.123692909891466779e-02
3.811233394498642069e-02
1.263935797959587180e-02
5.376964941937461412e-02
9.767282606681181215e-07
5.201481034469444820e-02
1.372362467978049949e-02
3.586005459021449765e-02
6.924678904362663832e-04
3.661783254803117893e-02
1.672838661158925280e-02
9.731656593872534469e-03
3.373462989826607472e-02
2.267680255294918581e-02
2.098505574520962997e-03
3.267953525439334928e-02
8.683789729173593819e-03
2.185639281583072122e-02
1.712469651965754444e-02
8.319496101791734773e-04
2.505279762391352319e-03
3.617159812340097619e-02
2.934178930557267834e-02
3.246662795645622462e-02
3.427370225564979611e-02
2.154138000700323713e-02
7.776346095594403873e-02
3.501942681538357943e-02
3.854441644743387962e-02
3.602993243987634431e-02
1.509209430157956895e-02
2.956834377164295653e-03
7.990485037097393162e-02
3.168148998729645310e-02
2.468234175046487081e-02
4.012858465003722383e-03
1.370747454462139430e-03
2.515247173236546605e-02
1.153127123194487742e-02
2.457305396645646442e-02
2.352763620434234274e-02
3.521089630099812073e-02
4.199825164470942507e-02
8.079244288481593483e-02
2.895637244831465815e-03
3.090765373297467422e-02
1.139812545887136826e-02
6.706361343671694841e-02
3.973071541646681915e-02
3.127465531486296052e-02
3.268273857404049160e-02
4.246086887960170281e-02
1.126064575320324945e-02
4.667063725490409876e-02
3.537025581061665341e-02
8.436668392788308421e-03
3.775406758415324193e-02
1.590773548225303188e-02
3.924095425158637823e-02
4.407656906210456749e-02
