5.213543539110190861e-02
9.486738087764727545e-02
3.199291909221664565e-02
1.653732862964831310e-02
7.993459025007667446e-03
3.463024672335280468e-02
6.497354552020810636e-02
7.383457900641461624e-02
9.480219247740301336e-02
6.998951945874741509e-02
2.083488371814175982e-02
7.007004908082603567e-02
3.215081467155237599e-02
1.730053725065361717e-02
6.806471651603777928e-02
8.279689956345945290e-02
9.602638442907689836e-03
7.047306212350041774e-03
4.673978836728557434e-02
9.098049968784736874e-02
1.631324829263174764e-02
9.021028910667304446e-02
1.655321702878606235e-02
3.804034538189565717e-02
5.172987001280844599e-02
9.471073080003269626e-03
1.065560049663799996e-01
1.581357021976429258e-02
9.653222944194521371e-02
6.754762182209597676e-02
8.164692223471117782e-02
9.887743831059931862e-03
9.661772049436108400e-02
6.728691246203397092e-02
2.202580926324171351e-02
3.935881840300237827e-03
2.001341207656461355e-02
1.104342265845990184e-02
1.018870772059855649e-02
7.570829500343360940e-02
7.586519204158215235e-02
9.035340635041377855e-02
8.392343988921172060e-02
2.632029964909455080e-02
8.781556087799761989e-02
3.445051675712102607e-02
9.127988821333524183e-02
6.343614518040631423e-02
6.552511723965424861e-02
5.602462059844499909e-02
6.987041610360010535e-02
2.401626451290614014e-02
5.026122873253482948e-02
7.500497988989442144e-02
2.289605783373799275e-02
9.731823158117232364e-02
7.347542105639882914e-02
2.953461098693047765e-03
5.629349472137250981e-02
6.124162969040361677e-03
3.114017997598749615e-02
4.211669843081974202e-02
3.230466522477852542e-02
2.172255887672394983e-02
4.697539654823959521e-02
1.796907842575383440e-02
8.908379434585407541e-02
7.179723310020322269e-02
9.658072876021008002e-02
5.018918947326984903e-02
8.191257294978845915e-02
5.825664250312149323e-02
3.643985599713528423e-02
7.984976446239633319e-02
2.359958308259306817e-02
7.897573727226696316e-02
1.925248597502609085e-02
3.986209736303605866e-02
9.159956551112760637e-02
3.108303382451120186e-02
9.448357652719039518e-03
7.656163738018113840e-02
3.920329684509470808e-02
8.159605970428759902e-02
9.776762027423382614e-03
4.627743465475497864e-02
6.088399805765889322e-02
2.766401786181672817e-02
3.450989813717302707e-02
1.594820833222752865e-02
8.957901264248474549e-02
3.862393368875531672e-03
6.617513075015586665e-02
7.298615482948092592e-02
1.096447628777683786e-02
4.430750817889456128e-02
3.909241595512556733e-02
5.147953599622871051e-02
2.248237476159284463e-03
9.261186935700860268e-02
6.680515708956287491e-02
6.061434755817868975e-02
7.294003451241978797e-02
1.677762114579476466e-02
2.068965371998342934e-02
2.383399172512624606e-02
5.710254742476426892e-02
1.174246658576235704e-02
2.683352707380755667e-02
5.638275362398843804e-02
6.811145609812793711e-02
1.003987085400978724e-01
5.684706928213873606e-02
6.959750571206245462e-02
6.895082410696540265e-02
7.451446268632250236e-02
3.224752148466616952e-02
1.350192450470909765e-02
6.134717828262305217e-02
8.532029835506375892e-02
8.972482489172230180e-02
9.304155668280690572e-02
9.245765562830848827e-02
9.795351232146261300e-02
1.490854191856639914e-02
4.894624961100835225e-02
4.033002790063818649e-02
5.954658869147051031e-03
6.080977051483880741e-04
1.001380769180272717e-01
6.156452322092421936e-02
9.146571046512028125e-02
8.915576848362095908e-02
1.062122173735629421e-01
3.623575297189759320e-02
1.060387796581206341e-02
1.068732524477862544e-01
2.720983379311744249e-02
6.246505139210611207e-03
1.039147642589209608e-01
8.241118289636949201e-02
1.036478463916750553e-01
2.872634855105636945e-02
1.088878022392908082e-02
7.940833128195877444e-02
7.473862780157192187e-02
8.318654207073732099e-02
7.896055768269029038e-03
6.726495327493732523e-02
1.540544255629649507e-02
5.347339730670772366e-05
8.939314723148713074e-03
1.050305208397494389e-01
3.596842740356505103e-03
6.231503649710123374e-04
8.737186209068421860e-02
1.045395825595827055e-01
4.746252867926893659e-02
3.347323803396719255e-02
8.854146986252588170e-02
1.506812222541131091e-02
1.069795669871421578e-01
1.039749719572449216e-01
3.500017023883929962e-02
9.442160382153740039e-02
9.725219957228298240e-02
5.920476424789834075e-02
6.156430069802951849e-02
7.302780222452340264e-02
8.951857458291792580e-02
1.011249834095474115e-01
7.303503208119681289e-02
2.207077517678374470e-02
1.001593327482535635e-02
6.699196894692530102e-02
7.443918073050190265e-02
1.040000409965530920e-02
2.574631133195090515e-02
2.893217352525574368e-02
5.918079447182139630e-02
3.255908236842258111e-04
5.615471699274530992e-02
5.612627682010033758e-02
5.309891731296551703e-02
3.417785375807730428e-03
5.010269742988224251e-02
1.848418728295160574e-02
5.686032572371061550e-02
2.674836025914562477e-03
2.621272002568483112e-02
1.070174668652781880e-01
9.170742521236596376e-03
3.382676300768652777e-02
4.784694063627395466e-02
3.471932080441459106e-04
9.596413603616590557e-03
2.294329605610503572e-02
1.048615129758059955e-01
2.197747089812841434e-02
6.651366337774111681e-02
4.250461977376105566e-02
5.834067222073444775e-02
7.431779769784342682e-02
4.873171904848017794e-02
7.496383171849030358e-02
3.349392218066656393e-03
9.876002004535504308e-02
7.969810022790374537e-02
4.875786804285617976e-02
2.434641379858698898e-02
6.377679246008166603e-02
5.224602926612020859e-02
9.680130580657622663e-02
8.164573493300610052e-02
2.496533265159643286e-02
2.464999241204545929e-02
2.913179290701677429e-02
6.953203705438396054e-02
2.097155227115031495e-02
4.885821212338703479e-02
6.805218391639494824e-02
6.616426737366927491e-02
2.494883816987605862e-02
2.840957025539036715e-02
1.854125262708204019e-02
4.552451867840313915e-02
4.569180445383159983e-02
3.074206323365757942e-02
6.737582412983723901e-02
9.511981651306336549e-02
2.591646899511445765e-02
7.135826162599261113e-02
8.844888747891135883e-02
5.897838659226794372e-02
2.236093040140243321e-02
1.527841469726294262e-04
2.039242368342233241e-02
6.551480074111992735e-02
9.929105121460787831e-02
7.678421762939706408e-02
5.441498777865615144e-02
9.305851105783764787e-02
8.110507423141830041e-02
6.612451169890139202e-02
8.244856687713368604e-02
9.832755838852482583e-03
6.174222662931626304e-02
2.166093622621476436e-02
7.496510739849640559e-02
2.211723548171612430e-02
9.152239834316967804e-02
7.725120454978776086e-02
2.583990824765000638e-02
2.118950325415163219e-02
7.142357183888566052e-02
5.725550710337290461e-02
2.396840655234896977e-02
1.523534917121744867e-02
9.717628841275932627e-02
4.750505847050805197e-02
2.986907733794572084e-02
8.530582265414790935e-03
4.055623000163995073e-02
7.158578549108701727e-02
7.897757604052170477e-02
1.413961144785667173e-02
1.397756068455029317e-02
1.048301930313200597e-01
5.951564934042757188e-02
9.726185832638550854e-02
1.019482244294408757e-01
9.908630914068326800e-02
4.790878234490034138e-02
7.912000068582193679e-02
8.238567204771857222e-02
4.730743353863014339e-02
1.039787375387734164e-01
9.373978713209649150e-02
7.447155248449542631e-02
7.969710248425705690e-02
2.684957775637238000e-03
9.771389261089932776e-02
1.029900181083878152e-01
7.796030527860504933e-02
5.032218045984382382e-02
9.621560846776366915e-02
6.274942444223284566e-02
2.044867380745986687e-02
7.009540588594961874e-02
2.061533082050862054e-02
2.069362809220852070e-02
3.190489462439106971e-02
8.613033660952176818e-02
2.180605724504466186e-02
7.292458048735490916e-02
1.820739792073432922e-02
7.589763964274173769e-02
1.574284736561143774e-02
9.696158295583442999e-02
1.032062249432709605e-01
9.994760606933922320e-02
3.058930840788398955e-02
2.854553191311775574e-03
4.631242522972550679e-02
8.618888109446404266e-02
1.054772647879133607e-01
3.010351629153645153e-02
4.300686557253825294e-03
1.846873266893566887e-02
4.144436727558561961e-02
5.362827182842598572e-02
1.504735181370028645e-02
9.731845346101303251e-03
8.316101751991761271e-02
6.262355619256179673e-02
6.321961407953570478e-02
5.949602411769184390e-02
5.213363976603613455e-03
2.063081955908179638e-02
7.084426843514728990e-03
6.916703676566038350e-02
3.397209735891412036e-02
9.275380138747037206e-02
8.833323483587693370e-02
2.766314821160444082e-03
1.015238120301069358e-01
2.315663191791273584e-02
9.365679796729654838e-02
3.684323735617787282e-02
4.210393885383977713e-02
6.239667135736100961e-02
2.989578277326289737e-02
9.730808541507544873e-02
1.179961390267584946e-02
9.412028744570716254e-02
8.354115068598087779e-02
8.870734996248748339e-02
1.016862143935746421e-01
1.229729538374957354e-02
4.990882817730242504e-02
7.671968710121265800e-02
4.916881771897454317e-02
7.683312004166890918e-02
2.908394551056895858e-02
6.873651288386456448e-02
5.748237553597555088e-02
4.692004772233297760e-02
1.407077703576280377e-02
7.127203966984815495e-03
3.929289774871629060e-02
7.334930580283743895e-02
9.324803783340254726e-02
6.319877229414013614e-03
7.878062188183647396e-02
6.805692210819939969e-02
7.573432835221532988e-02
1.862343314097879288e-02
6.257757851547472716e-02
1.041189237497505693e-02
6.131174986235850971e-02
4.215599540027127612e-02
4.172741344410847708e-02
4.577880434515120556e-02
7.655271844883865251e-02
9.954113952643037222e-02
4.803496238055769002e-02
8.057226420536503508e-02
8.275466940668904084e-04
8.984998136160027293e-02
4.650038751333454567e-02
6.250418685723485579e-02
7.639526562540814580e-02
8.351280587233050889e-02
7.610843669704073222e-02
9.831154554334713136e-02
6.803518319854587326e-02
7.136534777615298475e-02
8.059229466240205517e-03
4.991900106199086487e-04
1.049474596100941626e-01
4.366809519243212284e-02
8.235071385475770112e-02
9.550131835703271066e-02
1.234521603978910864e-02
7.651400614344357545e-03
9.619789226327637305e-03
7.795217111632196660e-02
4.611863056007056705e-02
1.000460864881810019e-01
1.898840751991114767e-02
8.220335127779954121e-02
2.888307345254704714e-03
1.017780825725602967e-01
9.133626491484474197e-02
1.067492171815785235e-01
3.708788673519719525e-02
5.158179987792010229e-02
3.422700146284228528e-02
5.117724314011361936e-02
8.828965680650172065e-02
2.992584132524293491e-02
6.672365622200028545e-02
3.115516377813584009e-02
1.027207554026457123e-02
6.714205170287450286e-02
1.022220060978813738e-01
6.454234753382901736e-03
7.067395657872449846e-03
6.955334972276233652e-02
9.987384592491144186e-02
1.343043471878818500e-02
5.131552392580613492e-02
6.693653280704914277e-02
3.758744210688933635e-02
4.549762479956209055e-02
5.124158627228794088e-02
2.882742833022661558e-02
6.816312040473010425e-02
6.698532882588982551e-02
1.067639477026194883e-01
7.151817694601400599e-02
1.375638557382142732e-02
2.262109385961010369e-02
4.583424820729764537e-03
7.173838194203284446e-02
5.066279470539418982e-03
1.133772922840520225e-02
2.590270624443516412e-02
3.525652927633295824e-02
8.778387935067202830e-02
1.366020939330651537e-02
2.791730757399910404e-02
8.655481284314031978e-03
8.281310510039407990e-02
7.942493490211954832e-02
8.612266818686553638e-02
4.163822045885395146e-02
5.109749165182776026e-02
8.890326524601693814e-02
4.795727078847501768e-02
4.823426125636508938e-02
1.057110631985133317e-02
1.024270245501292392e-01
9.399132529722989404e-02
5.103138188604616071e-02
1.215552146798645587e-02
8.330973850587300444e-02
2.308701201111973064e-02
8.941067496187961317e-02
4.528359057135718235e-02
7.189078033366709530e-02
8.590849918001798591e-02
8.197798378506802874e-02
2.771468138297743244e-02
6.820968309054502299e-02
9.195708889066724068e-02
5.691889435484073084e-02
7.870253883334915601e-02
2.773694995872900276e-02
4.937734844992936606e-02
8.081008492181523950e-02
9.289749902012045535e-02
8.619023557572319874e-03
7.272747410104855870e-02
9.491633155618448220e-04
1.052141969337788141e-01
3.200596170158880732e-02
2.967689418172923463e-02
3.853583516051420181e-03
9.616057886754444950e-02
4.109608845912725121e-03
6.576786683467623906e-02
8.926233728234371501e-02
2.829626470291438101e-02
7.467771722458275280e-03
4.938867876013995281e-03
3.527102810890203610e-02
8.786284087820969702e-02
6.232423020310225679e-03
2.599338252163669455e-02
3.160803294344149278e-02
9.487690763742016864e-02
3.204552893103763261e-02
8.428494817135982059e-03
8.318787420463355509e-02
5.910786593373131698e-02
5.623360857089141837e-03
9.214995639098765359e-03
2.893728583191728515e-02
6.113194329026499368e-02
4.424854764699582416e-02
1.006587515011785894e-01
7.147519570236214592e-02
2.236406507620098544e-02
1.796048192743379332e-02
7.549235477220503365e-02
4.508209116868806127e-02
8.749009500406733364e-02
6.838325145246609837e-02
8.691491621470842643e-02
2.228438798433844334e-02
7.914550950483269232e-02
9.365918191166631990e-02
7.452049230088564347e-02
3.979719230548657560e-02
4.426223608333599430e-02
8.266175009153441111e-02
1.418779452042302942e-02
8.794248839526179473e-02
6.120841527955722672e-02
8.730543705989791958e-02
7.245133330663938720e-02
9.716104445216333652e-02
8.920785709307969824e-02
9.318701896677825114e-02
2.689313148071468401e-02
9.841934289516117429e-02
6.495069843174781921e-02
2.303902145887876118e-02
1.810334247584503495e-02
4.946455634163274967e-02
1.044150604060089943e-01
9.579578190317589170e-02
7.972163032894247214e-02
8.173111319354810222e-02
6.249904390908366143e-03
1.050607083306983186e-01
8.830768687860936217e-02
3.959345428888199486e-02
1.573270360537937576e-02
7.167161142960898346e-02
5.399368700775107610e-02
1.241868891497798638e-02
3.529961646075818749e-02
8.508740163282969837e-02
8.835421503342896776e-02
9.419241624815748171e-02
4.666119043185840837e-02
8.318903708549675591e-02
2.205545517868160929e-02
1.437581079074649708e-02
6.704683185790846767e-02
7.209819007990948825e-02
8.993671918107706831e-02
7.250763442437295481e-02
2.104135758114267576e-02
3.013099246053255881e-02
6.040699181037467724e-02
8.496113090578520655e-02
1.066028318552274118e-01
7.123523285319359466e-02
9.143845351197445182e-02
3.314574043407032822e-02
6.981265775386502354e-04
1.056888797208617309e-01
3.615191112147790597e-02
7.330435725050118631e-03
6.838545236113781345e-02
9.045341874021690020e-04
4.951625454393188824e-02
1.331158767231812798e-02
8.444252423453056655e-02
9.222205663402416320e-02
6.154587090755950229e-02
5.001485848350999130e-02
2.861308335567643718e-02
1.006427930805143672e-01
2.803376883933888716e-02
8.365552982667586249e-03
2.330606795907237683e-02
8.212208392742231453e-03
1.767310526513692082e-02
6.080290835974744984e-02
3.245718833373317791e-02
9.580345987800255314e-02
8.260203177173058853e-02
8.311341470945641727e-03
7.055601421354908143e-02
1.005070530614936841e-01
2.095270660606520646e-02
8.198518672480345493e-02
7.564808827189567486e-02
9.392109879406056183e-02
7.398850594061583130e-02
5.494389766090543303e-02
1.022711536338789667e-01
3.497838252746716947e-02
6.924901107192686645e-02
3.750036575608644424e-02
7.785629548572953196e-02
9.269708962528216967e-02
3.611374262603845448e-02
8.342892730176708349e-02
8.436059458727873661e-02
9.525138535422722486e-02
9.667412756970167331e-02
9.322288027588510051e-02
6.605383357991377602e-02
1.017119786466708087e-01
7.076645859747358880e-02
4.006941366812183034e-03
9.243001167451972422e-02
4.699055377420424673e-02
8.149672671589967832e-02
9.532676956843509630e-02
7.429192151692717849e-02
7.939523042678345646e-03
6.838177571606178506e-02
4.822001380297415152e-02
7.898024532096303840e-02
3.135036921705879054e-02
1.246170884005430601e-04
3.064287555919825538e-03
7.136518841249021861e-02
6.452685017927407840e-02
2.360458571756944915e-02
4.802538087603090006e-02
2.850431424213936346e-02
1.049940107294661251e-01
5.106812219518339774e-02
7.127717719430946841e-02
4.111739702372042143e-03
1.021270166753066727e-01
7.024382377438644076e-02
7.052105528046896665e-02
8.749192715963663436e-02
7.577585694858697540e-02
5.929278467635746425e-02
8.845216696666023670e-02
9.389135149720886919e-02
9.916774956602794622e-02
1.651039384303676361e-02
3.447403522281303895e-02
8.273542723942747812e-02
1.530185980123015786e-02
8.462861953289400885e-02
6.578906273762555323e-02
5.736593730342249425e-02
6.216830697848472337e-02
3.285442230190122048e-02
1.871114740437103061e-02
2.499035120380003333e-02
3.432552925670313837e-02
7.293200910544789251e-02
9.448838053035474652e-03
8.227275973689317234e-02
8.964008195929967782e-02
7.577753710311267710e-02
1.048828559654066406e-01
2.238218774410548426e-04
2.508897188992632518e-02
7.910802707963382474e-02
5.253774034520575231e-02
7.716396058369222322e-02
6.732505400112187566e-02
7.309744008308272090e-02
8.941774605166602496e-02
1.439373408476136117e-02
3.979621409988529090e-02
4.544645876887948299e-02
5.354690417413757175e-02
9.546153398876123033e-03
6.055712353621776206e-02
8.574472536313078319e-02
2.149539702766689597e-02
2.294199120222152610e-02
7.505932290960864225e-04
1.043996209614801995e-01
7.596864342306579310e-02
9.940579490108571170e-02
6.099785473899296817e-02
4.627945072603777826e-02
8.045210075144755557e-03
1.025515856731801512e-01
4.374651518320433335e-02
3.245578422590119499e-02
8.242752649600168513e-02
8.133677685732833285e-02
9.389818181603484804e-02
1.947292077322127293e-02
9.319097766981912154e-03
1.048390360311754199e-01
3.690976986731252241e-02
7.295691927026268231e-02
9.199213347377349637e-02
4.317123104589482008e-02
9.417327727353062838e-02
1.875038908546467278e-02
3.686957516875567775e-02
4.249676504052319476e-02
8.429294328259931413e-02
3.111137284741686757e-02
3.424912022367809089e-02
8.670328162109923464e-02
9.550632490929877871e-02
1.039380984791316194e-02
6.267373141990720264e-02
8.502503548176473802e-02
5.686027656622315296e-02
1.033448856236602736e-01
8.792396831775600718e-02
6.894798810740752903e-02
6.073921234296389415e-02
8.640853339299815750e-02
1.007510753107952184e-01
4.040886565719882528e-02
9.540192670095311300e-02
1.853727224545875449e-02
1.577569479547621251e-02
8.156477223825785161e-02
5.716082828120623571e-02
2.465884298352480700e-02
7.415073737046545647e-03
1.745409731409434603e-02
7.186832749237970219e-02
4.969471163768721805e-02
8.391674802331276772e-02
7.510455135026369855e-02
6.155723431793844180e-02
1.048660768208970751e-01
4.623798201754737019e-02
8.061423580228081753e-02
8.768743678654794538e-02
2.980611515488171270e-02
4.273278560863807279e-02
8.259594118824037379e-02
8.245665513861330509e-02
6.165247660079500175e-02
7.410963558959718367e-02
3.849706619838791366e-02
7.599022933743232455e-02
6.666586139543878575e-02
1.505611603848503073e-02
8.120870968996246608e-02
8.245898726225471542e-02
2.537162832226553741e-02
1.364060055941509683e-02
3.472815592525227424e-02
1.209714629830188799e-02
1.009115266285048607e-01
3.908909935424193633e-04
3.349396088529299920e-03
7.820347726853106585e-02
8.678934857438824757e-02
8.847720322814943417e-02
3.007401292473898397e-02
8.164623456735231599e-02
1.978275337302975306e-02
9.334255055893236896e-02
2.645728195903543790e-03
4.713626723212330227e-02
6.059856705250228626e-02
8.787774299450319682e-02
1.407529101915299188e-02
3.141827926320255124e-03
8.078070109615924366e-02
9.469352588017708461e-02
4.933792488969101532e-03
9.660325429991295509e-02
4.310669437631919898e-02
2.184744637325935698e-02
2.442772280008456351e-02
7.228318191141125393e-02
8.171631958162279066e-03
9.237156413712102609e-02
6.194838500614283788e-02
1.023608484264605656e-01
6.531325185340454420e-02
1.198925471832651933e-02
1.503911984044728478e-02
1.003265528245916999e-01
8.901719031781719915e-02
8.578606407847706727e-02
2.623465528862805804e-02
8.251309907519249753e-02
7.154102665105099845e-02
4.163256843797689954e-02
1.003308646404159482e-01
7.359661191950520043e-02
4.835879096348977280e-02
4.616863522331494940e-02
8.478446569714538639e-02
1.837407904096167988e-04
7.461677923186627037e-02
4.745031456709390000e-02
8.532097735989462028e-02
6.226734852031737960e-02
6.708303825635592021e-02
8.388110427009359826e-02
7.471483858184542470e-02
5.499007375442998419e-02
4.279238440482593248e-02
1.866805359563025388e-02
4.926581560031796647e-02
8.534785446266048015e-02
4.399373500736039611e-02
2.807400714345934314e-02
1.548359290701084752e-02
4.393281382850305894e-02
2.993615897169694950e-02
9.389684930902712778e-02
7.027147177271260425e-02
4.284621149032613596e-02
8.700465513756799885e-02
3.602986888074800886e-02
8.467293460576773290e-02
7.823193590755399274e-02
4.746891022121959430e-02
7.860689685128582904e-02
8.470017896698450732e-02
6.717451379467140327e-02
8.507066093060235493e-03
8.756337333094027509e-02
8.250801148072705237e-04
4.382917040260275038e-02
8.605647966213600397e-02
3.613180680289370533e-02
6.423547857126743477e-02
6.513702062025944484e-02
2.742082122518380016e-02
9.576636283632894431e-03
2.276589039785165136e-02
5.923909080523359627e-02
3.204704649159959701e-02
8.687776370283724348e-02
9.963529305790955193e-02
5.522567397953840164e-04
4.398649220366253332e-02
8.768807101780233537e-02
2.378045765551085530e-02
1.048264590298378929e-01
9.818279533491730549e-02
8.855734021340164186e-02
1.338538143502808302e-02
6.324525593647621624e-02
8.113339996849862346e-02
9.099880712479724298e-02
3.230049496686482335e-02
9.794058645805470142e-02
1.757889441926258501e-04
7.231241649080279166e-02
3.033617846782987390e-02
1.361477087140606536e-02
4.397145800306319352e-02
8.145850335009612031e-02
2.191608335825353041e-02
2.155024723394243641e-02
9.396925212618947865e-02
3.611518293957520498e-02
8.029687336603126557e-02
9.080419073858980727e-02
6.554404274312487788e-02
3.244926826333803527e-02
9.706816246306777807e-02
2.211043852878889424e-02
8.952956898227601434e-02
9.290368508647162127e-02
2.704457630327609073e-03
8.427944329254709321e-02
7.582702046055098122e-02
7.886224111640813272e-02
3.425571967206274271e-02
8.560471108066608492e-02
1.988901413580180036e-02
4.035736871364790229e-02
6.787405316589148474e-02
4.596613546516584853e-02
1.036502363731958004e-01
1.060117136021197304e-03
7.304725117265266354e-02
2.564245329118060648e-03
7.048808653356873621e-02
1.036882011785624086e-01
3.795591637553068914e-02
2.863211750111935294e-02
8.381780194229833392e-02
7.974008036832735957e-02
7.862189607806727154e-02
7.921664638479074261e-02
1.066714074207389673e-01
8.826157782710578048e-02
5.058155108821953128e-02
9.592103086262060430e-02
3.596158276227076709e-03
9.262508213884855512e-02
1.528794684827266756e-02
1.456610226758699687e-02
1.005721892558160552e-01
9.859205306024050597e-02
8.808019913548004176e-02
8.703274226210684639e-02
7.820561275717793914e-02
4.103795371779851708e-02
5.045027639253828362e-03
3.407171303131741047e-02
7.649188476357020317e-02
8.650560289154597682e-02
2.912658016104842373e-02
7.584645172276276159e-02
7.469678415521552317e-02
9.965772996464519751e-02
6.358798808137275382e-02
4.222666194774463144e-02
3.627231931361660829e-03
6.697561827638126575e-02
5.493314204093781294e-02
1.231782185665576852e-02
5.731321500952118314e-02
5.360522103889417411e-03
3.753232693190483756e-03
9.095220342117224521e-02
3.791427512433567792e-02
6.495619346316028331e-02
1.158288630925654802e-02
1.952412993638186212e-02
8.092545444650849074e-02
2.720047809141106984e-02
1.318894139171888739e-02
5.946052916842223257e-02
6.522717816070591756e-02
1.310604031015430264e-02
2.124499016369369928e-02
5.624659954805041190e-03
2.970622672388896837e-02
3.583593954816306076e-02
6.819979629448927327e-02
6.559142285273670582e-03
1.513872992021036284e-02
2.959126303126780044e-02
8.260906226613948244e-02
9.976232279207399023e-02
4.487316234295806588e-02
9.396570096924281024e-02
7.740034240399089327e-02
2.264959838385752211e-02
8.626737580543111794e-02
1.660968198790112316e-02
1.062585728817345143e-01
9.178821172571724474e-02
3.750698313740638556e-02
3.072211265642016756e-02
1.012804023824106087e-01
2.147634798207541384e-02
9.946275599456826100e-02
6.769611773134781574e-02
5.263448212238069218e-02
2.644429375495274681e-02
1.938077482067490642e-02
7.998905408738721245e-02
1.010518980015965296e-01
9.193511611694084318e-02
7.300794214447784390e-03
1.426512129469940091e-04
6.993570259541202760e-02
2.526961660021862996e-02
5.876815340422405359e-02
8.372411110451812022e-02
6.960318357105965692e-02
2.234312502124599642e-02
7.663940322581255793e-02
3.246314505199814765e-02
1.587714741943707999e-02
8.083494310523335613e-02
8.013906326228945054e-02
8.444959524992717848e-03
2.961772005280027820e-02
8.939641747031673580e-02
9.323766495679004784e-02
5.432941471634495506e-02
4.958216469631303996e-02
8.693549850457729655e-02
6.300112939973862014e-02
7.435109225214925344e-02
3.435903060597066822e-02
6.063600536565372234e-02
9.694886687936256353e-02
5.480867826769891815e-02
7.908099715108561634e-02
1.319353195762871210e-02
5.535819191097357539e-02
1.521241646198206662e-02
2.344991493011355094e-02
1.071642595868432801e-01
1.387763234815700582e-02
3.524527314719916316e-03
3.444851649570777885e-02
5.489478716937654101e-02
6.186760883403066152e-02
2.471620827643030501e-04
3.990472703787148467e-03
6.179402237807131437e-02
7.284746049357503084e-02
2.661277962351672050e-02
8.255764687462731344e-02
3.609023379575377471e-03
6.071592934719675233e-02
3.131991532784760002e-02
1.542288979608733707e-02
1.072160245281351537e-01
4.717905878820299187e-02
