9.322828882135901496e-02
1.066850724831054226e-01
9.531034406708555062e-02
4.921991243086640960e-02
8.996574062412486528e-02
6.805616927820193340e-02
1.035387355428405154e-01
8.660119284593188749e-02
9.092404143293658647e-02
4.632214083425656437e-02
1.003894339429726307e-01
7.304023184721275368e-03
8.489760449483017835e-02
8.362404216827563908e-02
7.935043147792307169e-03
1.807389354364636117e-02
9.605026213161778348e-02
3.535586905147468373e-02
1.291278679038514524e-02
1.098477078693162051e-01
9.735849576303236275e-02
4.469164128897454291e-02
9.146118501483002650e-02
6.977771502923564573e-02
9.868919654347098336e-02
9.354207618280865888e-02
8.210934195435578772e-03
1.895538464158486730e-02
7.740348985423334272e-02
6.491380308591379600e-02
5.338921475412563428e-02
6.113828383766554964e-02
3.811846812088086345e-02
1.223329262469579314e-02
1.495344617936292426e-02
8.535256616539468877e-02
1.002797715095425368e-01
5.472117446925502116e-03
9.553740538671973148e-02
7.696709869898012146e-02
1.095967676600075463e-01
1.358149963158816276e-03
8.924777334977380960e-02
8.353746651209711938e-02
9.072352423978925773e-02
2.715791079755123377e-02
4.942737058841124680e-03
1.060934190428384771e-01
1.093063937716015205e-01
2.845355529870322725e-02
2.085280267988309788e-02
9.917448760193470214e-02
1.394927639860493729e-02
9.588595660295745268e-03
1.112106566097433163e-01
1.849392281746163255e-02
1.214685055432617941e-02
3.235590396507626726e-02
8.000682302173599270e-02
6.299508286675133129e-02
1.076816755570166595e-01
9.601466689479468131e-02
3.630011982820729316e-02
8.858419699763707411e-02
5.254863245979560921e-02
2.515356019494938838e-02
7.995448851753805819e-02
1.570827435606941130e-02
9.439937463683259478e-02
4.852382552550047606e-02
6.239048169898148144e-03
7.000593422978819425e-02
9.679474712807296932e-02
1.051891512566189985e-01
3.133049186101800193e-02
3.372541153063933483e-02
1.429933945421089578e-02
4.035111564794668232e-02
1.102637367597006784e-01
1.211088238271076922e-02
6.770484875060969743e-02
1.127084520509955140e-01
7.360826167354661380e-03
8.758784589278177657e-02
1.133610567423325582e-01
1.043800847555671346e-01
6.929591025823053640e-02
6.218299394061943541e-02
5.186795691558155480e-02
1.308401664963021113e-02
9.280602527218979880e-02
2.307156545677698217e-03
7.172936453917869160e-02
2.433128066507651843e-02
1.057916154397462311e-01
9.036496566033061506e-02
2.232301041020092261e-02
7.412875396372645143e-02
4.073156953719140466e-02
8.465746857541726900e-02
3.649977971534974861e-03
6.034801963629773947e-02
5.949548059505331554e-02
7.031736207357083823e-02
1.120004225401171616e-01
8.130306786015574494e-02
8.856159963029382534e-03
9.557921658861774639e-02
3.173360724093707286e-02
8.662005404715618362e-02
7.772524619557591441e-02
1.331325793356091629e-02
7.974790946239064537e-02
7.539907205784757149e-02
1.047634318487918881e-01
8.168122666402147236e-02
3.271679821395143128e-02
4.955577505333948196e-02
2.847822542265019199e-02
4.086117137267967180e-03
1.915356577298300486e-02
3.919362658506138851e-04
9.388564989671757677e-02
3.623460922256438455e-02
1.116603184744490024e-01
5.948142833090300230e-02
1.276115473778870711e-02
4.750079161744125839e-02
4.266281269506032314e-02
1.128368704186141075e-01
1.776314606755725499e-03
9.119239644545688861e-02
1.034840078408656439e-01
1.144623289882741070e-02
6.023349724853328119e-02
1.084881010934698187e-01
5.867017108472506043e-02
7.668097169675471003e-02
9.476440367908642304e-02
8.144316773819555710e-02
1.919632305766614394e-02
6.536348295194009672e-02
5.229537151080084455e-03
9.672561509911717370e-02
8.821243812812797069e-02
7.411733065406626852e-02
4.910452390753126950e-03
9.247469446326053721e-02
2.977897965415575443e-02
5.325200236714471361e-03
1.969045152626154333e-03
2.508227530377809059e-02
8.990626578901750321e-02
9.862043301118270100e-02
8.922276361861065930e-02
9.895959478628942041e-02
5.795044176253340111e-03
2.926492989178634818e-02
1.071873670931611233e-01
6.627540140752463671e-02
1.063452001640317057e-01
3.591141273225819091e-03
1.164741131872950447e-02
2.101214706065738375e-02
7.495552364354036989e-02
7.523767529775213930e-03
5.395112748039767453e-02
1.098894528546398436e-01
2.459938854200860447e-02
7.587956980919671746e-02
3.774926775949549729e-02
1.028069758238362441e-01
1.449718042963028765e-04
1.005507767856215129e-03
8.544053092594526902e-03
8.004506892844176491e-02
8.752468712149157060e-02
5.358560037890069266e-02
1.132370440520626409e-01
8.726075349182463303e-02
4.268794833594701313e-03
7.850136926991903297e-02
9.186376860335829231e-02
5.936386545255567526e-02
6.737460778839339526e-02
9.973172998452749238e-02
6.494867374320915931e-02
3.656438077615385002e-02
2.267728059043751243e-02
9.246244069637460372e-02
9.018951666435993941e-02
6.384760384483825768e-02
1.002152463961502177e-01
4.377136666301583573e-02
1.120699865908047488e-01
9.852668647041411265e-02
9.189354955566701733e-02
4.614587229774632510e-02
2.925636245231827762e-02
1.117551770647250003e-01
5.212825502638072234e-02
2.059588023996311926e-02
8.666055075804572627e-02
1.083193177393935308e-01
2.251779488638631574e-02
5.711357067146477506e-02
2.863953521166916205e-02
1.056863387930290776e-01
1.064622103578980600e-01
6.477823304793438319e-02
8.610216944889304566e-04
2.863363986806547346e-03
7.795740659657623972e-02
2.323216513221968219e-02
1.929943731107004734e-02
1.034348694029013083e-01
1.373595577990792752e-02
6.333974522416589703e-02
2.155005742675145802e-02
9.716533877382858841e-02
7.764386244880963628e-02
4.028082163644514796e-02
1.685534331819964204e-02
4.264275654801296018e-05
1.192313026412374251e-02
4.282546360789035028e-02
7.116790197217827581e-03
6.690261102894440315e-02
1.068051600532373378e-02
9.097131131886111721e-02
8.649756520168892793e-02
6.963089151566802248e-02
9.798089300028677007e-02
8.002093082009799352e-02
4.735034386408040058e-02
5.964910876639730603e-02
7.045563569773663493e-02
1.127697010224591595e-01
1.914571472316909176e-02
3.409363633531668422e-03
1.070547011816786603e-01
4.607897319233963257e-02
3.997967234036711726e-02
1.104164425388455550e-01
3.485757368650144183e-02
2.085664515489850726e-02
1.518299458994814936e-02
5.792482569796376241e-02
7.835908039079683696e-02
8.148954614665385177e-02
2.403648758545021136e-02
7.080782572232099947e-02
9.259572901892509922e-02
1.015603634816731327e-01
1.030828270402568830e-01
9.996925379430549041e-02
9.245221211096055214e-02
8.156405565547512893e-02
8.058241533846391413e-02
1.558410556545179390e-02
8.378376563670665578e-02
3.483382678781705988e-02
6.694856938582378382e-03
2.412066120353048224e-02
8.767684684797187600e-02
2.050031096830905522e-02
2.494878049343836335e-02
6.940570138064721187e-03
1.775265863401039035e-02
1.013200703439498113e-01
1.080044508088103539e-01
8.219261552340940968e-02
3.743880463001832137e-02
4.638662266699526693e-02
9.668760523369690496e-02
1.110977244131312325e-01
7.372263795057873437e-02
8.145370527867457078e-02
1.809292938062423417e-02
7.951916467613617812e-02
3.174634071326599277e-02
2.778906440836427516e-02
7.806079069889571009e-02
1.012662876985034738e-01
3.793749931228708461e-02
3.939592259840676847e-02
5.829029282182156962e-02
3.138239385592901925e-03
8.764295302871778770e-02
5.534393825546337492e-02
9.772541867375802993e-02
9.755301758323403627e-02
5.267292541732654376e-02
9.992040265665036447e-02
1.005856967152141263e-01
1.994545344161187048e-02
1.117661688864544506e-01
9.031590997383058539e-02
9.338033447290454425e-02
4.928943623710205744e-03
9.991174215634344991e-02
6.974703830543459160e-02
6.041161000376489565e-02
3.814455332130927551e-02
8.967175475240377405e-03
3.224073286728669496e-02
9.692677468056694334e-02
4.235606959960765659e-03
1.109647501332532427e-01
8.127190948832707651e-02
5.916277304111351026e-02
3.501323341673959894e-02
1.354048202830590228e-02
6.275532924489135578e-02
3.134346891890370940e-02
3.368755619613171288e-03
9.553013131399973323e-02
9.686430486540294205e-02
2.544567234548471973e-02
1.010090547965361157e-01
1.108229846146150388e-01
5.679757611069943465e-03
1.099916437285724906e-02
9.741531520067256422e-02
3.146411948513480605e-02
6.202009504991921884e-02
3.305441527477358254e-02
9.577031587181615568e-03
1.018066942511596795e-01
7.986165792689660370e-03
1.973715223801224966e-02
2.352039429929393677e-04
3.665497807924964976e-03
8.733976971107155693e-03
1.032726919977714625e-01
8.023010083736797915e-02
5.513241531057037209e-03
1.698608227991446618e-02
6.815528396633544969e-03
1.002645426395858547e-01
8.048153865185013467e-02
1.124188793588357105e-01
1.004677779259140619e-01
8.594538745054841611e-02
1.003833909407478818e-02
8.733990432991253772e-02
8.164510877945253819e-02
1.029184210856451120e-01
1.011696818412813614e-01
5.458627318941590423e-02
9.695935941607065900e-02
9.129206784757663840e-02
7.721892249469379521e-02
6.890552929255531339e-03
7.308266123186515917e-02
1.025392375644143816e-01
1.930450782335584037e-02
7.759964586584486290e-02
9.799772895767687453e-02
1.093570138686129900e-01
6.970020240020910474e-02
5.879670849086989642e-02
8.850935203133436513e-02
7.383140863965823031e-02
7.937352098707969872e-02
2.795175714722010832e-02
2.080661681594960996e-02
2.007667752125729538e-02
9.248512105531621341e-02
3.910293560969187870e-02
9.737720766476960776e-02
8.466718232050116089e-02
3.778150872964777807e-03
5.679435054873242794e-02
6.545880785921473488e-02
1.404000173879258080e-02
6.676391742005650942e-02
6.974641896578855083e-02
5.114778914379535663e-02
9.499581306255369673e-02
1.016301444724440339e-01
6.483731588674475355e-02
1.009300831344392829e-01
8.017862636299566415e-02
6.498700881518404762e-03
9.653580432782764287e-02
5.053908449591046348e-02
1.058482899752490186e-01
2.741245848542972659e-03
1.000604167636854058e-01
6.969567664331968726e-02
3.719050045890617134e-02
6.610120268121407600e-03
5.368259948955103611e-02
6.264133389745046854e-02
8.296298592437205410e-02
1.020081918097533735e-01
3.345349390025901398e-02
3.139458601697600951e-03
7.251899616922911213e-03
8.374206702667867652e-02
5.961774233170849535e-02
1.046766960715656419e-01
8.501442800368452790e-02
2.898697768205400066e-02
8.479125645983218162e-02
7.172247323148740750e-02
1.011944675984533526e-01
1.233416849469237686e-02
1.065652289367393334e-02
7.896494076241697413e-02
8.679128016499696938e-03
4.669328051877878749e-02
4.585650098928884671e-02
7.759354784697850005e-02
9.050831187402012812e-02
5.799912174455710417e-02
7.848422046776108024e-03
1.092048355754559191e-01
9.054982042395058606e-02
9.682158085811197468e-02
2.167105971138734780e-02
9.708522621725385049e-02
5.090649950683850261e-02
1.095978360583005073e-01
2.386073554428607899e-03
1.085328646293170080e-01
8.978923383294391825e-02
1.836345752436769480e-02
7.295840323786333126e-02
8.470491760353472677e-02
6.528176740939034550e-02
9.390758114464957396e-02
6.235891491674601383e-02
8.421575420017231306e-02
1.092933666971230150e-01
1.040834792499403111e-01
1.016368848136723624e-01
9.647843977614863065e-02
2.074134101215109952e-02
5.484358934455756639e-03
4.469837785033894950e-02
9.103719581585173470e-02
3.025721311759571250e-02
6.003817847891788906e-02
6.691758629799164637e-02
2.612001331502341109e-02
4.373080115337144892e-03
2.021136584843203146e-02
5.975525185590821464e-02
6.253110195821537376e-02
1.111832552208599041e-03
1.049974571680796914e-01
7.906406478924221659e-02
3.947178544407079631e-02
3.438879437721094334e-02
3.273614004747422979e-02
7.023363894913929595e-02
9.225195918679571228e-02
9.862820047296340376e-02
2.515582638213301886e-02
5.085092600449402089e-02
1.065247340068585791e-01
1.048408698623436996e-01
8.240942419465266400e-02
3.905481051682241356e-02
1.049757139137722783e-01
1.384102430325080159e-02
9.969549815021540307e-02
1.369685938896876565e-02
1.062248911109362620e-01
9.841044423793202101e-02
1.061157642342273749e-01
9.550771982219864037e-03
8.322711208928759707e-02
1.425618702336779731e-02
3.911211914714957105e-02
9.902262755191912347e-02
9.833331475134227118e-02
7.555253427388845811e-02
8.118438742226255500e-02
7.635774072672656121e-02
9.467776244675707442e-03
2.655202576470679521e-03
5.529211436210164365e-03
9.698744569114749192e-02
1.041490619969740600e-01
6.490380312464923140e-02
5.536442822657618862e-02
4.047189307712120189e-03
4.379805908207672765e-02
7.650205272801688383e-02
1.052409285089847407e-01
1.060435627313252027e-01
8.426008389710028246e-02
9.498986756829382039e-02
1.031289067977798641e-03
1.081166776308354477e-01
5.521524306175221858e-02
9.620848713376461622e-03
7.152565154028805994e-02
4.221081323906023322e-03
1.486024439316399604e-02
2.799457201433092068e-02
1.069890473159664235e-01
6.640302690434699007e-02
1.059809204577996933e-01
1.993033583813046128e-02
1.024300869359612842e-01
6.920971466677978967e-02
8.250747029419031042e-02
6.267987285659862989e-03
4.440594111531828703e-02
5.395389226550317135e-03
1.020935460514950377e-01
2.286712596372885570e-02
4.164560166179476913e-02
1.128756741336194858e-01
2.915523353091096712e-02
1.038257801574519051e-01
8.377572358992231571e-02
2.408127761127031724e-02
4.129582794014417281e-03
1.081848917529154158e-01
3.900660926306069587e-02
6.684362515590451959e-04
1.048311446557916027e-01
9.156218742560948143e-02
2.978932264280687719e-02
1.048588973425256671e-01
8.839666697163882370e-02
8.489571540122391180e-02
2.004715376257524065e-02
6.933286448364767152e-02
9.308474583376748213e-02
1.016798200228295618e-01
7.035986129119797816e-02
8.033063324102546199e-02
1.118515991183335195e-01
9.386399144424763252e-02
1.003899519232183679e-01
2.526775812019465065e-02
1.244004622407949776e-02
7.214844985345088280e-02
5.557759091234366899e-02
8.862035244283544833e-02
8.108279092274764399e-02
1.050589715766134108e-01
1.093106534636637539e-01
9.303954971949203456e-02
5.405796822565130805e-02
9.891912065243439744e-02
1.077678012750236947e-01
8.981784311369267471e-02
4.555993029288242513e-02
5.147485973458116454e-02
2.058957408214072068e-02
1.111398855562795995e-01
9.826860284464641881e-02
1.140227546650799534e-02
8.526157249428756302e-02
2.990294571402618215e-02
9.293133113545443136e-02
9.388682861444518080e-02
2.773013926271726895e-02
1.443807678699504660e-02
3.687990880308592012e-02
5.667835893448295442e-02
5.686903483360243421e-03
6.850111163047106766e-02
2.294514864589048200e-02
2.475760692211459099e-02
5.946801869722989631e-03
7.418038183997910373e-02
6.346395727548181931e-02
4.862035266004559320e-02
7.924838322388795542e-02
1.006494962180533859e-01
1.092800446493943367e-01
8.144537334413336216e-02
8.562642071135281863e-02
4.088125250877672895e-02
8.525318224431330250e-02
3.318832474200576060e-02
4.982446809282498057e-02
6.897348005501584278e-02
2.016954580998321298e-02
9.323327144697732272e-02
6.341867424849535750e-02
1.456260151959552426e-02
9.749581352481569152e-02
6.982588196711184136e-02
8.602064317482549516e-02
7.338705600362270542e-02
1.350198989611271598e-02
1.951813287210191553e-02
8.406762506181898742e-02
4.661189699792844809e-02
8.721752074797627097e-02
9.737407007685101867e-02
7.003045794813085589e-02
8.800880970369460987e-02
1.059263570279497281e-02
7.875974855298470412e-02
5.459297034517323483e-02
3.985410571849572897e-02
1.103783267656976846e-01
7.619217753076577837e-02
8.293716228029340831e-02
2.300603264860629979e-02
3.102989148071634215e-02
2.283470483762714207e-02
9.713865419959630265e-02
9.729490927623369104e-03
9.544918581496157628e-02
8.350973035259383337e-02
8.599279928674355769e-03
9.181730746083015260e-02
9.132733524659562840e-02
2.708372410266383229e-02
1.141096986142902227e-03
9.113298368871285138e-02
1.009603012070049363e-02
3.093700276914777142e-02
6.459715756115148866e-02
1.086060418660939192e-01
9.580664617441993214e-02
1.075332581999609294e-01
5.662364035970726683e-02
8.020520901158921523e-02
1.048811575450677713e-01
9.633224688895011822e-02
4.474210280564332870e-02
4.183060880829658768e-02
8.940278374143209583e-02
1.528405090639853824e-02
1.026869613186805023e-02
9.606665420364590702e-03
2.228567576817240201e-02
1.563054262160506677e-02
1.387169913365786378e-02
9.530518403752029355e-02
1.356658292364939893e-02
7.160308192304562502e-02
8.381411784087157424e-02
1.027528557852819269e-01
9.713796403331716178e-02
1.117398789919884505e-01
6.601406783333459150e-02
1.078991866675869798e-01
6.242271467634032123e-02
2.760907809648060693e-02
6.749159634535376040e-02
3.693101438871929793e-02
7.806230134020308853e-02
1.206391259394318412e-02
1.124431599547092986e-01
4.344273962731141220e-02
5.590532644967315806e-02
5.478510730860400996e-02
1.097917403445740625e-01
1.790076188835424201e-02
1.082778695819411746e-01
1.006289587295631505e-01
1.912457611358526696e-02
1.083209065677153728e-02
4.891142267950213812e-02
9.414139364476734051e-02
8.942900564001299291e-02
1.384078301523703272e-02
2.758869178203621902e-02
1.051175235912502615e-01
6.850018105740247887e-02
2.907462018336790313e-02
9.667178121480993896e-03
6.478885414004250352e-03
1.003975003422847428e-01
9.544852630636352364e-02
1.046064045270985593e-01
8.854813175286189997e-02
1.056876988078256502e-01
6.992723202979169231e-03
9.818478082452462841e-02
6.852537659477471454e-02
8.510945700648385459e-02
6.853578323389713373e-03
3.549883866303649160e-02
9.364672661001818832e-02
2.263949851143330638e-03
6.906417513046365572e-03
1.467186696876776955e-02
9.585611041745822902e-02
9.272645396471315693e-02
7.487679562923482690e-02
7.244660047634089717e-02
2.526036112619210565e-03
1.083749359342527085e-01
8.015833077380375704e-02
4.272864991415630670e-02
3.559968285668347211e-03
1.118165330629780907e-01
3.557779543164137082e-02
4.204725930160727737e-02
8.557648388209701529e-03
1.281092168185113921e-02
7.719994998673744557e-02
4.890051580969662776e-02
7.567354417917206144e-02
4.378557691819025613e-03
4.927820105278469393e-03
3.464000933842976276e-02
8.030224722618195532e-02
8.364447296420858546e-02
3.767308262285019686e-03
5.309692197101639061e-02
3.268133595180398865e-02
2.384883663602696546e-02
5.089767588405753884e-02
4.379805660847150076e-03
5.559553579395196121e-02
2.765173444976709582e-02
1.268629786907777765e-02
1.018328067927776193e-01
1.075881420329426325e-01
8.573668994673140642e-02
9.568353145806487992e-02
7.177037904474631302e-02
2.118100931837930100e-03
1.111918826797090726e-01
5.944249276906552609e-02
8.606550340577193148e-02
4.520563653106350610e-02
1.000864925012254214e-01
2.276478029346731477e-02
2.108324781576626297e-02
7.685073190062580856e-03
1.045841888214774085e-01
6.387156260588054690e-02
2.565017704358563133e-02
9.663637533457443418e-02
8.883572375201213844e-02
3.981866934817495512e-02
2.011244696457802766e-02
1.015266740368614695e-01
2.650994534411436898e-02
6.145912916159995687e-02
8.307626291140846053e-02
3.775812467013665158e-02
1.094808156335306121e-01
7.943142553083206228e-03
5.466622580260507847e-02
7.226635990580913826e-02
6.475972728978114656e-02
6.892571789115549928e-03
8.741950505502339708e-02
9.835231858957173279e-02
9.089434646156012432e-02
8.118753477772099048e-02
8.342561915100991932e-02
7.080585983073472978e-02
2.833275793447833160e-02
1.078713802533076693e-01
1.247023023787792451e-02
1.218186899292805249e-02
6.819308210245278445e-02
7.111684075227733826e-02
9.832616159110874055e-02
4.086406181693834350e-02
5.788360991509314268e-02
1.085721342625083907e-01
9.039792085441990255e-02
2.071377886770333059e-03
1.036895011197835198e-01
6.829337561460928352e-02
3.932829876304449329e-02
1.120843850842002387e-01
3.835159161568114927e-02
3.653548220689367774e-03
8.462289330416483679e-02
1.067072135244802461e-01
1.019004007562393649e-01
9.669966052903013198e-02
2.965777024560749264e-02
2.364474086826514471e-02
7.991250670283250868e-02
9.390013461324202282e-02
1.015474129423622335e-01
8.787145605213743382e-02
6.749047109094710728e-02
9.206409438261441147e-02
1.875929223928224365e-02
5.519220858527463386e-02
2.072144824523784387e-02
1.109853314772596411e-01
9.723711628517232863e-02
9.060911039140409629e-02
8.215496045444824202e-02
9.741350019425963218e-06
2.281056950589757312e-02
8.186379241917471003e-03
2.348897117785435015e-02
1.133576876171086684e-01
8.991876503520052077e-02
8.518343911056550088e-02
3.212118956647858764e-02
8.836613244018692859e-02
9.555875889592062300e-02
1.977370238685492373e-03
3.233633075541270802e-02
1.434905358020105957e-03
6.059780946315899974e-02
1.075425840735611815e-01
1.372838624003832816e-02
1.123367582923987112e-01
1.130460751929513036e-01
1.524924898360924611e-02
9.174518524530006491e-02
7.012840865961299242e-02
8.276548094253105559e-02
7.003663114180620763e-02
3.068998393181761319e-03
8.144752797153324841e-02
5.337508748362556482e-02
2.397162502966767791e-02
1.052422420637683376e-01
8.408575985441056611e-02
1.012822526705315224e-01
1.062180313541807031e-01
8.882401177403249914e-02
4.783332290882174459e-02
9.358906805855536984e-03
1.039828982644331740e-01
4.692053605645585962e-02
2.060332393684683946e-02
9.995836084560774659e-02
1.048324874519524219e-01
5.059254775101592466e-02
5.835774780736078388e-02
5.286792815064290940e-02
7.980713957645921286e-02
9.060810504023358858e-02
6.378922800141371974e-02
1.070373678130523837e-01
9.385256447448048905e-03
9.646208396024322229e-02
1.053316403209425267e-01
8.881918860963604334e-02
9.218055223957138597e-03
1.115518103659787069e-01
9.832944770201272611e-02
1.021400326587542234e-01
1.093373354595682939e-01
2.258398426249991209e-02
9.477484548333450776e-02
4.513336178986297048e-02
3.762096452460017559e-02
9.882412466555270947e-02
6.968504506308777387e-03
2.478220364717284747e-03
6.498759069013121392e-02
1.080103154479112627e-02
8.447511411672144199e-02
9.876191284797027070e-02
1.027512480466477862e-01
5.550714867626464072e-02
7.693658533321606763e-02
8.031270491631756214e-02
3.127890525172202091e-03
8.585231460247456925e-02
2.472549080591528517e-02
9.953481635692439360e-04
6.093336769735698683e-02
1.338389943122019268e-02
1.651347681058527167e-02
1.133580682969451553e-01
1.073596005015595850e-01
8.857365196311471622e-02
1.973284688550386995e-02
4.382126969304907249e-02
2.841182648776632499e-02
6.967747900860819799e-02
9.212039972797790577e-02
1.023776219144065941e-02
1.102257061581155551e-01
1.054972316040257707e-01
2.665343428256821204e-02
1.023980068242162089e-01
1.110951317736765115e-01
2.089374073939179177e-03
9.515040898911614198e-03
1.342765347238632917e-02
7.505201513749581999e-02
4.545895274009949943e-02
2.417257464438896455e-02
9.069060369602928440e-02
6.741574906050709637e-02
8.246057225007168492e-03
1.571242265752844508e-02
3.190303204948755078e-02
1.076002820519620928e-01
4.914308810938350369e-02
3.241805621390296543e-02
3.529620858864827154e-02
6.852749223539095214e-02
1.035137545944736504e-01
6.705221473741443394e-02
1.623924206999070169e-02
8.187665750605184478e-02
1.002376875009988594e-01
6.788689718243952342e-02
1.032262633139014313e-01
5.927961035165700554e-02
6.917122626066800339e-02
8.944856201462504652e-02
6.468400517320081755e-02
3.632930061933806881e-02
7.839673064808133640e-02
7.105303282589191249e-02
5.421161411379516598e-02
6.778202595830609689e-02
4.345068671389885201e-02
5.984257378344666478e-02
5.547029236772516719e-02
7.286671964297372628e-02
7.460936814588006727e-02
6.193460616145165382e-02
1.005079072637502513e-01
4.002933087964470615e-02
1.077838114660512187e-01
3.443299593719276880e-02
4.786191841827601434e-02
8.427612296188694008e-02
1.093587025603132146e-01
4.904341350314789932e-02
2.300826218512413285e-02
2.215306000202741168e-02
4.435610522875916423e-02
4.848411086014713794e-02
2.981302532476327871e-02
1.686387916901593625e-03
1.060710431567778167e-01
1.057380191492053589e-01
2.224776376671672856e-02
9.778032071012474069e-02
1.268668559800526473e-02
6.856745250069944163e-04
6.330705244880051839e-03
1.078400302501922314e-01
3.488424752603082324e-02
6.889853017740323049e-02
1.080488599817918116e-01
4.694518550495294790e-02
1.997749422022014262e-02
5.367750767298883063e-02
1.036227852999544036e-01
4.827565521131889359e-02
9.012467598897490328e-02
1.069418010331382729e-01
5.640527100691145740e-03
1.027855227111680037e-01
1.906222831476084636e-02
9.093146196628072719e-02
1.114219286323292653e-02
8.973692869830100782e-02
6.155959323142917716e-02
8.600644351447351427e-03
5.981999003890359906e-02
2.700648346137170253e-02
7.491931128640946791e-02
6.813507550777514465e-02
1.020757490828249209e-01
9.883337068666363245e-02
7.518913518184153211e-02
3.505798718358744265e-02
5.254450647117094725e-02
7.964735056955830894e-02
3.328694368073159549e-02
8.091823205873152625e-02
8.231979436684488949e-02
5.581346738808606878e-02
8.523148937894066413e-02
7.481965952455661706e-02
9.765897945907299482e-02
5.764239575312329195e-02
9.540379181671691800e-02
9.187692135208960775e-02
5.433191744410007656e-02
8.617674527978001764e-02
2.782806234444105617e-02
9.182533126613869057e-02
4.043216987638022925e-02
1.218927930956702731e-02
9.598659560048337924e-02
1.997017858182900674e-02
7.663902736036762135e-03
1.825867147595353415e-02
1.000645033939495804e-01
8.437336353452350168e-02
8.385727124790857967e-02
1.101163516169891693e-01
