5.138450708353999030e-02
1.704965136758126998e-02
8.313928124784689122e-02
1.098162674749313256e-01
5.834164266718600000e-02
4.496888929308271582e-02
2.907488740072807290e-02
7.203707888647431501e-02
7.486192904075548993e-02
4.527436158424816975e-02
4.647458170470088884e-02
5.091970331129236360e-02
1.030316674218659384e-01
4.244999822631171510e-02
1.838039278058994572e-02
1.007365329230101858e-01
7.317707721476725269e-02
6.883156401167488114e-02
3.415428880671462358e-02
4.161237983237754678e-02
9.962273129922860626e-02
9.414180063551269573e-02
5.738234980511943556e-02
2.920823483944356633e-02
2.667646093344449784e-02
9.417036103517929801e-02
6.633710370819663471e-02
7.207841691542839213e-02
6.575254649082915015e-02
1.057627808428755201e-01
6.825871581477434280e-02
9.884329927090011736e-02
6.788115040187608917e-02
3.679759014484312862e-02
3.291567541140896086e-02
7.300974198106481572e-02
2.695805979541824812e-02
6.585631236253412790e-02
5.144301358983178335e-02
1.162935799307136808e-01
4.915143779308481231e-02
6.882990664358673571e-02
1.068117949825561908e-01
3.220963648019128239e-02
9.795797578624673707e-02
7.897910005205359407e-02
4.382798323011103531e-02
9.521582417700451273e-02
4.324233061579647180e-02
2.769501156550344123e-02
6.508354745610767100e-02
8.913038369016669515e-02
4.709029991259839482e-02
7.810999787396669114e-02
8.675045143460394237e-02
2.614210297981732771e-04
1.043094727302447816e-01
4.120309146161026115e-02
1.094901407875077393e-01
4.008475828317055456e-02
3.492059062987699913e-02
3.395563395282477745e-04
2.927611888585783181e-02
6.016761061514377257e-02
7.391843444814760744e-02
7.660324904169127196e-03
4.989501117926179591e-02
3.905639282492232717e-02
8.859940887755703154e-02
3.848535114571279003e-02
3.686712971621378815e-02
1.332283340924196244e-02
4.522243851332098663e-02
4.293375873239948376e-02
8.195998314510194449e-02
1.163955080837068834e-01
3.916207560397250848e-02
8.698301731479718413e-02
1.516104015295111768e-02
1.111418458448049096e-01
2.687946197988210634e-02
6.606178672611576208e-02
4.023792417584668574e-02
2.257282763385470153e-02
9.946746421650540237e-02
9.682102129091602061e-02
2.710258212235235054e-02
1.084465301692799227e-01
6.455433808775327964e-02
8.785052300009232873e-02
6.752600211144367537e-02
1.126462833086018106e-01
7.720824029706009617e-02
8.560113890786258395e-02
8.586861049053844119e-02
1.101322915194074409e-01
2.374693232443871212e-03
1.059210903314452418e-01
2.749663431807047170e-02
5.206167755329710323e-02
3.090180569196800814e-02
2.549297208787279501e-02
6.713747153322247030e-02
8.534075669426756383e-02
1.173142573955424650e-01
8.623002996758380445e-02
8.149855063211859652e-02
6.109347567382034799e-02
3.024447288251075686e-02
6.634425307689104101e-02
5.832998588349717906e-02
3.606013496552676334e-02
3.453146685942997535e-02
2.921902461388852998e-02
1.148008707711044435e-01
1.664950854549412940e-02
5.638521588779298738e-02
1.341640290890530260e-02
5.624416802628425666e-02
5.351647148995967995e-02
2.941174392472638982e-02
1.064786653323492593e-01
1.153317840115232473e-01
3.274320734215824952e-02
6.777439942609529699e-02
7.983014010776832980e-02
7.305624013911606041e-02
1.015393066063952944e-02
3.093228961669700419e-03
4.982180552909167698e-02
2.183531263965347857e-02
3.103867895277705527e-02
5.440470521091570616e-02
1.401073739837920690e-02
7.942062329854017444e-02
3.588085072508507417e-02
1.899306276103667965e-02
7.349486432134519354e-02
6.888742767674259360e-02
3.114111266239404097e-02
2.171180585246639330e-02
1.486980626982889291e-02
7.088883967315769141e-02
6.849129610893486819e-02
5.404256046458587315e-02
4.245824714457233084e-02
8.643274563070342531e-02
1.717477158239239660e-02
7.821865329425645164e-02
1.979891728215376137e-02
1.158544813118397160e-01
8.921655164189765119e-02
4.559551022514383490e-04
1.351694516999222759e-02
7.585698461644042878e-02
7.799242057617063184e-02
2.600850215256325301e-02
3.782798311820629450e-02
9.073128420964939045e-02
5.867584178391394706e-02
2.596417685582573867e-02
1.006732288525654800e-01
4.514229722978184423e-02
8.449122054219694589e-02
7.644367364021578681e-02
8.690459381074830403e-02
3.275853781303692674e-02
7.416729099707834727e-02
2.964913955821536079e-02
8.724494839490898324e-02
1.765254464039085411e-02
3.023307737288570291e-03
8.082573368408372833e-04
3.673219029296972277e-02
3.768656067822579586e-02
2.804445638006056868e-02
9.197616943831771197e-02
4.496153476090718887e-02
1.825278892405338138e-02
4.447190852983299442e-02
3.430476871955503299e-02
2.649886012487378747e-02
2.054803904298355480e-02
4.415529782555986660e-02
5.311816080373002458e-02
1.101700026501350876e-01
7.058968611441082674e-02
5.911639283496118030e-02
9.753858313488695739e-03
3.220117284897632687e-02
9.611286273683276871e-02
4.499305649937988122e-02
9.938770670902194460e-03
3.223591007622004373e-02
9.713294729548420381e-02
7.493596080967904194e-02
1.097241671796388290e-01
5.053058281627593323e-02
1.511493038758066586e-02
8.485311811530021897e-02
1.597889327934621032e-02
5.583748172804801208e-02
5.380322814337439724e-02
6.775048304744453465e-02
4.040564079257313868e-02
9.294741285273429299e-02
8.518351694502161731e-02
3.412368121525331810e-02
9.227035163480234309e-03
9.904468648911746165e-02
5.266524321612612268e-03
8.237218072316619677e-02
4.498968728413463986e-02
9.257547295345189275e-02
1.172609475698868642e-01
6.635502600848446064e-02
3.714688822338997609e-02
3.942818409798979490e-02
1.042177812134557069e-01
8.493141854139911462e-02
4.987370532587299954e-02
2.497973535689294519e-02
1.422146338999391406e-02
3.584919917368642461e-02
8.635523752549863208e-02
4.986161995039191386e-02
1.421788911900156082e-03
2.126855149254612554e-02
1.131819014404931850e-01
6.560453437571582558e-02
1.027337522149228688e-01
5.031240118060888861e-02
9.618050732940391923e-02
3.032306161311810674e-02
8.751404494710197934e-02
2.509713565228340743e-02
9.541434293864113625e-02
3.343374733317042158e-03
2.644448933361211868e-02
4.773609012337465957e-02
2.200201053064954060e-02
2.704938881825025981e-02
1.658321909844340594e-02
1.036527304672921375e-02
4.028723141435375243e-02
4.542268402664502436e-02
3.986785101746485871e-02
6.734053104576515070e-02
1.012177858393884383e-01
2.831742797764681685e-02
3.883616083530745666e-02
3.692183512988665359e-03
4.563562847087558605e-02
8.652714948781582704e-02
4.105733522620359788e-02
4.954065832946662890e-02
1.087422221553448892e-01
1.803884210858721845e-02
9.170241844432695799e-02
3.613351619119159475e-02
1.023343193541219748e-01
8.042903782021820769e-02
5.993379822659984646e-02
3.872120982489895419e-02
1.830448421084913263e-02
8.047207430485903146e-02
4.554322226253892936e-02
4.908798289324650677e-02
5.368599955072338864e-02
4.125529675570810406e-02
1.097452753389488618e-02
6.566964399495510418e-02
7.184247193946531607e-02
1.155384398461025974e-01
2.621038543150819351e-05
8.186743501615456609e-02
6.803083197359315049e-02
8.190696759518338588e-02
2.607099919168320845e-02
8.104697201232496928e-02
2.561380949203454979e-02
2.199826163320816805e-02
2.058713355852765520e-02
2.379945775449746059e-02
6.993349102858283095e-02
1.831592504925410453e-02
1.133263287028387772e-01
9.022342193465371363e-02
2.543799877002723281e-02
1.175312067138934990e-01
7.583767299967941744e-02
4.054527155700973773e-02
6.784138506847538219e-02
9.966788665548476089e-02
9.379276490841037539e-02
7.159763808443124489e-02
3.906000088460100800e-02
9.220499027681607063e-02
6.231221116278178040e-02
5.013144189086569946e-02
7.871443738694505754e-02
9.126088415370219031e-02
1.062792324582163134e-01
4.019718988209566163e-02
4.003095170285741328e-02
1.044790107789726474e-01
8.919058933380255572e-02
3.220982985551045646e-02
6.022850101123348315e-02
9.605806504643085719e-02
9.760224806697788413e-02
9.056773712378454744e-02
7.198606072532680311e-02
2.423618502427861247e-03
1.195631932974283718e-02
8.848370115857015494e-02
8.822575338055745064e-02
6.741764276604564343e-02
4.228330770158254641e-03
1.777757443715070190e-02
8.718584038386355262e-02
7.334810748521573831e-02
4.077594540434186648e-02
7.131313208161002559e-02
3.534916004750331131e-02
8.856923340808101064e-02
6.967934859877951415e-02
8.086953024950051250e-02
5.934440288348800940e-02
4.094886091966980918e-02
8.980610974864472462e-02
5.980446257580659258e-02
7.044480982458665996e-02
4.093324950136449647e-02
6.722086002620611400e-02
1.459899751925896987e-02
2.927601064784729826e-02
2.384926048071124571e-02
6.569492957110484310e-02
8.647757591070770467e-02
5.027416548535287855e-02
3.561850354310087952e-02
5.330511214486678695e-02
3.397767774981842043e-02
6.961403848866037913e-02
8.339779661486858287e-02
6.497252998974575866e-02
7.875621241005430206e-02
1.938172629332107419e-02
8.633804497686663193e-02
5.652805787689307165e-02
2.560567591758761141e-02
1.109731587634662890e-02
6.943522165548979275e-02
9.920303625728314756e-02
1.069390112582025432e-01
7.570609755237568683e-02
3.061891656708811207e-02
1.082639092270906017e-02
9.058386828217024345e-02
2.966719259157928230e-03
2.746575529366687002e-02
7.968138258916029892e-02
1.132702422921305768e-01
6.363072388727780693e-02
8.935999986999319800e-02
5.156562466435957864e-02
5.332450741705791614e-02
2.289671014667141527e-02
6.748956526295565861e-02
2.763071019717715932e-02
8.387441501900458340e-02
7.132146071486916705e-02
5.674185533599797326e-02
3.357093197858837617e-03
6.240706832430836988e-05
1.066261536685621063e-02
6.551069610587489933e-02
6.909632924610809024e-02
7.920111122107019452e-02
2.808108369636956592e-02
8.314495601403766589e-02
8.105192837493815916e-02
2.138540422375221489e-02
2.225552203225071579e-02
1.936444864652430917e-02
9.574970552997275064e-02
1.084661780498284017e-01
8.339319183232352670e-04
8.807695428649098268e-02
8.915179438073668472e-02
8.041059670508621249e-02
3.255724733600759424e-02
3.573005049430340307e-02
2.566597997435337772e-02
7.326972721641955566e-02
7.954457112437877953e-02
6.635285872589188894e-02
1.084652102368514059e-01
9.972527119746132929e-02
9.222564376479508441e-02
8.809922053124333297e-02
2.876207005241528114e-02
1.168694841981392785e-01
3.237087377079789913e-02
7.710297877377739195e-02
2.394309776665502071e-02
1.065270942270476751e-01
3.445090647575255877e-02
4.885664865327299378e-02
8.141458225896758272e-02
4.837214755607945754e-02
8.994698866418106287e-02
2.943088134946945239e-02
6.099246415644619945e-02
1.387997258783561826e-03
1.928919803540518618e-02
9.806448872793822880e-02
2.845147386133040773e-02
2.082795870959243748e-02
1.080765121167207802e-03
8.307490123283746419e-02
8.781883586935429475e-02
9.205232101227384112e-02
3.741175613309690590e-02
9.339364030001370831e-02
5.177330435142470794e-02
2.986876456421572873e-02
8.655506237735079156e-02
3.430622176639545884e-02
2.255176339989250003e-02
1.280549256949603705e-02
5.678279703422345337e-02
5.560369992442874137e-02
3.943098157216869126e-02
6.104160070698440299e-02
8.830433314550836799e-02
1.145380868358691767e-01
7.426173919970688320e-02
1.162422364196360747e-01
8.619566860912770967e-02
2.772720056562633789e-02
1.460977709529164004e-02
4.099179352538329796e-02
1.004603177037550199e-01
9.818328125237289761e-02
6.083053948786608378e-02
3.824863456608031120e-02
1.727990253035722361e-03
6.755932091266454720e-02
2.343195253940020747e-02
4.151865867210079164e-02
3.022304998891628749e-02
7.946115423419150559e-02
9.095367058692793716e-02
9.128979493085481733e-02
9.123104799983973098e-04
6.617307138132202948e-02
8.665738589029962913e-03
2.930436539427530226e-02
1.033935074248766295e-01
6.121647853521361426e-02
3.257585496566062916e-02
1.091501218741828122e-01
8.375256151410104266e-02
2.986091154504262103e-04
2.177989376682346739e-02
7.890526339816569812e-02
1.026344359658118294e-01
5.863074756306373841e-02
2.668611817265467007e-02
1.636022310407389893e-02
4.165098834572453917e-02
5.871828532221001762e-02
8.624445105273989998e-05
5.812258440495032819e-02
2.833222580042820196e-02
6.036309685980716100e-02
6.501014427737550339e-02
9.968667698677716182e-02
2.483425288404822809e-02
2.503694036300014789e-02
1.043620344883814943e-01
2.117111861717979951e-02
7.161680332882232325e-02
3.006317255918473236e-02
2.905412045293314163e-02
3.171791870314284723e-02
2.701929889346254762e-02
1.065643855847391158e-01
4.856697443376237211e-02
3.088621335519262101e-02
3.701396443366291450e-02
9.225857659464253846e-02
8.513884268887630946e-02
3.183218707984222795e-02
2.411962442461293085e-02
1.058475372879821852e-01
2.622389864677099683e-02
3.896441969838976283e-02
6.436645241866079115e-02
1.514102779022159610e-02
9.745328726917990014e-02
2.342558718418535565e-02
3.836436665693826378e-03
2.239945126240633008e-02
3.166888702184150056e-02
3.329941764512189817e-02
1.005636468989134780e-01
2.975541744259021029e-02
5.028869513527770008e-02
7.783672822983432604e-02
1.035921593680385611e-01
1.245916300647711451e-02
3.506715140201224767e-02
3.162008389693685834e-02
3.008600410680185855e-02
1.075268951238291804e-01
5.267967131684690718e-02
2.733438130929785603e-03
6.927965833488053220e-03
1.131145644500060748e-01
2.745182129173682692e-02
7.815110334556492344e-02
1.041283378169078899e-01
8.647050329470512553e-02
2.038804680986570222e-02
2.416052931065441889e-03
1.057687846424062578e-01
2.809805545916448100e-02
3.310423797057167328e-02
2.684600663922057096e-02
1.082397413125751537e-02
1.035363904983653965e-01
1.162182861442916243e-01
6.817208333360955108e-02
7.435089934072150464e-02
8.447753913151359595e-02
5.491428978201227246e-02
5.126325550357360011e-02
9.076975680145019099e-02
9.728471304207592096e-02
7.378057397554553531e-02
5.459776455154308900e-02
7.511398911021231750e-02
2.300796295910904898e-02
4.414582081429107435e-02
3.023031315631913643e-02
6.480073815637688028e-02
3.381694702637258465e-02
9.284877839474517391e-02
2.217652365499775402e-02
3.163705385831738770e-02
2.790733747896384509e-02
2.409853535675899813e-02
4.804838193364901339e-02
5.991033839200736455e-02
5.287079855692846525e-02
1.149372251837665476e-01
2.839868994834419610e-02
1.431352956940708417e-02
9.819205633032715430e-02
3.943256134826064740e-02
7.836636968982547968e-02
7.754232315143348708e-02
1.435569533312249131e-02
8.413370976450675054e-02
9.951809374571519984e-02
6.489534456006157415e-02
6.827670623223505708e-02
4.418304829611423290e-02
3.792494330694948235e-02
8.080936717894685040e-02
8.357649279241106954e-02
8.169826367509432086e-02
2.480998199564213649e-02
3.139145553854139070e-02
1.048726318404928914e-01
3.664040269651165638e-02
3.484149358241799693e-02
3.804925905589985613e-02
1.008008085473774545e-01
2.358070537988477683e-02
9.352902569635582197e-02
2.104558999350911522e-02
8.258706319406525220e-02
1.495758218250732921e-02
7.261760703470804268e-02
1.172758464965887454e-01
1.136469432593794904e-01
8.546880221927727339e-02
1.197857298707804023e-03
2.232808459845068288e-02
5.454430883767732302e-02
6.177627540217931618e-02
1.038791278249090178e-01
3.656317687182621817e-02
4.127083382014681834e-02
3.872690519084909938e-02
8.427283762843877299e-03
9.840527338702097226e-02
3.853622693049809506e-02
3.529930705132237195e-02
9.162999103862230765e-02
9.597493177457341873e-02
5.619940211325849533e-02
9.533622634265206952e-02
9.747421615484679058e-02
5.469400262429398307e-02
2.637718912533648652e-02
1.114592248319904583e-01
6.775865800210728596e-02
3.064992350222876458e-02
2.625920161373957590e-02
6.124160880591659334e-02
5.881841112342064276e-02
6.051220466625568256e-02
6.824594593700894496e-02
4.364332823502364671e-03
7.560962714901731108e-02
2.990485482850041218e-02
1.197084906557359558e-02
1.145301260201305737e-01
7.338291659695378444e-02
8.317361560034988721e-02
2.883827588792959445e-02
7.277203748161652219e-02
6.309344265009306230e-02
1.110523791210581285e-01
1.150797494995242226e-01
3.911586864351833392e-02
1.099060275820443189e-01
7.012104746631279972e-02
5.327386971691649986e-02
1.122757915862920841e-01
3.481826345806873085e-03
2.800105641160637732e-02
3.731151178217557290e-02
2.795652879414003977e-02
5.998853345888860433e-02
1.063694689858425690e-01
3.547403918742185469e-02
4.177020971988030379e-02
1.371138936875234034e-02
1.010997543837015289e-01
1.115849541625758973e-01
1.569115317155565445e-02
1.047447021605585477e-01
4.210008270782556600e-02
3.304576088359578029e-02
5.905416002849508267e-02
7.646308721267763842e-02
9.789338608265901742e-02
1.859035906796552284e-02
4.346485192584146479e-02
3.471743712386523434e-02
1.537633888588180522e-02
4.347968006888571629e-02
5.572762551916090462e-02
9.754197476057127614e-02
3.967797751631311348e-02
9.812336848068542450e-02
8.965333207165090967e-02
3.211165075911094624e-02
9.931881291223360053e-02
9.504733840563156511e-02
8.221819303332070228e-02
7.062495037878688264e-02
9.949792462884589350e-02
1.161263561328214067e-01
5.022041273795777722e-02
1.080072090675276153e-01
2.379258989707202024e-02
9.206262420570414384e-02
8.503018204077893161e-02
7.356962038811212801e-02
1.694640985681794901e-02
8.168949148766455060e-02
3.418546579289646892e-02
1.829531823974312604e-02
6.750995700659712107e-02
5.497703238489322353e-02
5.866944383628567433e-02
7.579052199081520724e-02
5.341026312089049849e-02
8.038833709963626173e-02
8.628740134549367502e-02
9.733083403229503272e-02
2.336822638419818257e-02
9.266768811030899611e-02
3.126038204038639884e-02
9.995924203286751797e-02
1.377911612241163421e-04
7.638066471535613633e-02
6.678725982896942248e-02
1.083891896996236476e-01
3.195497477589081398e-02
7.945699932875414928e-02
7.336910166071931860e-02
1.157216733068495984e-01
7.484437757673538527e-02
1.166732997021365306e-02
2.849102792828842740e-02
6.455157018516305412e-02
1.033722305055765067e-01
8.662131244093709825e-02
9.772961785554372394e-02
1.011190477792829612e-01
8.801067267193447841e-02
1.933595116093018637e-02
2.939248859058080088e-02
5.441347595166552004e-02
9.846294813133321753e-04
1.595871016336023948e-02
8.864362981208788461e-02
3.404968751737153659e-02
1.842585152250800218e-02
1.296542115998239840e-02
6.006390169832621223e-02
1.010008467143887721e-02
7.963942527459658138e-02
5.281093319890373811e-02
3.058744439775759258e-02
1.157136183691414716e-01
2.966266447357164548e-02
2.569615508666499640e-02
2.074623935504419509e-02
3.344739022569023085e-02
5.699534123822029563e-02
9.040293752694000817e-02
7.222705824704747646e-02
6.791961597039435083e-02
7.554785877141902140e-02
9.401014064722855446e-02
1.052710745757832606e-01
4.584632752190590139e-04
1.044080441999759544e-02
2.288870494794521468e-02
4.546711139343672520e-02
1.034088486805561681e-02
6.634776451354042204e-02
1.360938325174572937e-02
3.860666750655468438e-02
8.954010979917445545e-02
1.089301936149792288e-01
9.017998842458800624e-02
3.817269261535594094e-02
4.361575611596526375e-02
8.203525726348524783e-02
9.916048785229948648e-02
2.123387910296385336e-02
1.036271144160286900e-01
7.039270037945218050e-02
1.107878227875460087e-01
2.013588168073444928e-02
1.179214459059958892e-01
9.686435096749874962e-02
8.142380283109171279e-02
8.260246741776942903e-02
9.331558488548861996e-02
8.301732750188768606e-02
8.681857473523714452e-02
1.536948544362724649e-02
1.793932592497808620e-02
1.510067366743316451e-02
2.799545467953762183e-03
2.787335381237942417e-02
1.018555772871811704e-01
1.806091405720120988e-02
1.155210788911000958e-01
3.421992700391955633e-02
1.034509713762331168e-01
1.006461926326709527e-01
1.866368809676916679e-02
3.412410573668599439e-03
8.071188610057311585e-02
1.640713712668266655e-02
1.892369395160427292e-02
9.195351148642740002e-02
1.110723347596460769e-01
9.647022707428412613e-02
1.500719947315443982e-02
6.793573706379545107e-02
6.066360389275857190e-02
2.781872451009498662e-02
1.155546140801990730e-02
7.139145204897015540e-02
5.581260444500991957e-02
3.119984385174417660e-02
6.502494800954601584e-02
1.095523197568381707e-01
5.324482942768609534e-02
8.460367095418450112e-02
4.039369597232433245e-02
3.139834820761489009e-02
4.840814643798917877e-02
3.073342197649110707e-02
6.252465241138380203e-02
2.180073440633198412e-02
1.016216320315981719e-01
7.085029724628923165e-02
6.014673662974712176e-02
1.304216693418146049e-02
2.146366687228338024e-02
6.592176457841815440e-02
1.128281078630139905e-01
1.087961008039468880e-01
1.001682589949848823e-01
1.005715017300236741e-01
2.885748719648542973e-02
6.582330230251141889e-02
1.419327435222786371e-02
1.039185984069547763e-01
4.488811273209378921e-02
9.152342015230557903e-02
1.017860993358612326e-01
4.135357256047228480e-02
3.015756951278048340e-02
1.767664721122637686e-02
3.801474331736665047e-03
7.839590061060280890e-02
8.760554977984932878e-02
2.749299270254063413e-02
4.700704959395701071e-02
7.291696380298785807e-02
7.500615527002930938e-02
1.049335741466207589e-01
5.946623803533115926e-02
4.522426696370799443e-02
8.940683282291002343e-02
1.073759022423532161e-01
8.072086944287561183e-02
4.751012069308626490e-02
6.181842585936246637e-02
6.928162539852458779e-02
4.617633143178394056e-04
1.437382491130149639e-02
9.525926023671373033e-02
1.963356204033690072e-02
2.034139358997119618e-02
1.147947665742277135e-01
2.701510374193846417e-02
7.557437611093838215e-02
8.950936136172139845e-02
4.509047891169956634e-02
9.409757064188394027e-02
2.423767044875592760e-02
1.061163860681838822e-01
1.554819303832637417e-04
3.997626454942670993e-02
7.917818315543916075e-02
5.647528222123932712e-02
1.316820225634300449e-02
8.669377297987131137e-02
3.736514631512070916e-02
8.773664276461556888e-02
1.052154655160576074e-01
5.708214928724864717e-02
2.978433750849630857e-02
3.327149942140306127e-02
1.033526510732958176e-01
1.108670417752886800e-01
1.083512264748840298e-01
8.537839845961052443e-02
2.577968646097975047e-02
7.393434500006038079e-02
1.746371841985986176e-02
3.405262250556621850e-02
2.490679345830087293e-02
4.300121726758613511e-02
1.227789214470199897e-02
1.260184605592737199e-02
7.462537626429677218e-02
3.823494721117114137e-02
6.078927237246287141e-02
6.586030513438581027e-04
5.981518764874785982e-02
1.140589677638021576e-01
8.219026062567158508e-02
5.264558211495060092e-02
1.049419044826651881e-01
7.178534243257705949e-02
9.403302995517812818e-03
6.713407288569502029e-02
6.826124550083842446e-02
8.255217692252331263e-02
3.364548727445604293e-02
1.827891446690147262e-02
1.636190742181696869e-02
2.256909316400393384e-02
5.343298531757792458e-02
1.312010520446251632e-02
4.904330067091592499e-02
6.219311684853415928e-02
8.485046029821541325e-02
5.165580290184922790e-02
5.393291230468908598e-02
1.033093967062852503e-01
8.093014111951059297e-02
3.708499290247073421e-02
1.006843163431379307e-01
2.856171682220302876e-02
8.308352027206450385e-02
9.235706312128615092e-02
3.265596930905217445e-03
1.123236105423147252e-01
2.089212479360010033e-02
6.776858812828995271e-02
3.180728751103190088e-02
7.066901642579718167e-03
1.110275340753909129e-01
7.612114813560461046e-02
1.109196578943260347e-01
6.366320307175141191e-02
2.901817707115418934e-02
1.783275446163228375e-02
5.873489602169743029e-02
5.753498213696305041e-02
4.191790247428560379e-02
2.935242984804722899e-02
9.610442564385190956e-02
9.238345352949518807e-02
1.104892888913636406e-01
1.049372523063132889e-01
7.488142546476923844e-02
1.089632244509923242e-01
4.347451511679210900e-02
1.946679266944055867e-02
2.557679598391858142e-02
3.577806439916936254e-02
9.238692979131991889e-02
4.828300002465347324e-02
8.927187041043524451e-02
3.301425777542225243e-02
1.309041292516210063e-02
5.715890247555670961e-02
3.433187081072396063e-02
5.429721250397020332e-02
9.475431383047919209e-02
3.419411637091411115e-03
6.420630396043670862e-02
8.763090728314928968e-02
4.819679656231450060e-02
5.169084824239297132e-02
5.325954393354836308e-02
5.487149360134184473e-02
9.711653578540264953e-02
4.615014269975088040e-02
3.422097166376956989e-02
7.350606870089306140e-03
7.966268825375247276e-02
9.369747733057148809e-02
1.025707291488106299e-01
3.394746035724323374e-02
9.714892675371349096e-02
4.837724291644692615e-03
4.704752535936872898e-02
2.886646243132874601e-02
4.822354421520784473e-02
2.693068143535621434e-02
8.024533300379177447e-02
3.165936029729376350e-02
1.859830028038895328e-02
1.533091083106603511e-02
4.830290549515361270e-02
1.789726861293958126e-05
4.576102364228049058e-02
8.078322917244551427e-02
1.995577562705098257e-02
8.562933487363051654e-02
1.185923086894389872e-03
4.758998498508409253e-02
1.090647429309704597e-01
1.057664451856553528e-01
9.343030554396312970e-02
2.271942097414432482e-02
7.978992628173608992e-02
6.353805041638181661e-02
2.506280078388365903e-02
1.222622541254616939e-02
4.713806058746350391e-02
3.777418209535184784e-02
3.165192088247534979e-02
1.098374057586846558e-01
6.202014804316620389e-02
7.935408563796750303e-02
6.401272140911673514e-02
6.713636680343211538e-02
7.649560371220416599e-02
6.261934353781430096e-02
6.093284231204305901e-02
1.023091469028628540e-02
1.630980237092764448e-02
3.060908567558469004e-02
1.588416813128172914e-02
3.080298290336729028e-02
1.006145204677715427e-01
9.695251497363772952e-02
7.503559562419399864e-02
1.085216287801151480e-01
