8.637340246788987436e-05
4.794227871875868241e-02
2.973727110719290995e-02
1.808441352625497420e-02
3.982197360918453971e-02
2.805406884216582117e-02
6.474084635922881803e-03
3.752892659714944512e-02
7.276944628425155437e-02
2.978978904404835926e-02
1.001822010863868961e-02
2.964632211770571943e-02
4.832368318666427354e-02
9.613145140495374386e-02
2.624357638337364296e-02
4.038735863211960486e-02
4.268154294273625998e-02
3.109320664613748897e-02
3.821984128013913851e-02
1.168823997538760619e-03
3.650523282847339870e-03
2.336585614330822375e-02
4.906957261342185378e-02
4.543548439731644184e-02
4.706226388318304754e-02
5.375707742458584598e-02
1.514887890616876433e-02
1.062687220020774046e-03
3.034340781483781460e-02
5.538597022795482133e-02
4.880799885344010852e-02
3.093617133085690626e-02
4.668373521456004732e-02
6.475072418414054565e-02
4.748085261188104284e-02
5.314541107850419971e-02
4.526951937033758810e-02
2.716715985092957655e-02
1.606198206760555552e-02
4.157927216940069705e-04
3.529988396874021023e-02
2.805570463881881110e-02
1.057231523351529270e-03
3.591710056662845985e-02
4.328875811847660016e-02
3.693793794201567088e-02
4.964406755123129678e-02
4.515012668100978899e-02
4.795075272208382949e-02
1.059197570186460463e-01
5.892237006516178738e-02
3.145196769994192815e-02
3.058726242425242187e-02
2.758818567081291681e-02
7.548433782519527180e-02
3.721557433905918477e-02
4.643178714886506825e-02
3.354593709006618157e-02
1.346457454028527484e-02
4.836996422035474280e-02
1.779353978239413964e-02
1.653196072274835428e-03
2.800579121822845477e-02
4.494118006985622915e-02
1.146848175226958602e-02
4.292047552181898346e-02
4.577776137471113033e-02
3.707246276188163464e-02
5.122514858655718983e-02
5.761276012638191085e-02
2.761466408349307761e-02
4.121950402034079558e-02
1.047148349381106860e-02
3.797987164796601256e-02
2.175052560251176242e-02
6.427547672537173296e-02
3.577373447707834359e-02
5.888073816741408451e-02
4.142902480630231837e-02
2.127728521573618581e-02
1.154988126316890996e-02
3.252018920026935461e-02
4.716565117993647832e-02
7.425985936372819091e-03
5.341587213448939497e-02
2.508543117760966140e-02
3.087576172409658981e-02
5.461834508365837754e-03
4.923859987368171820e-02
2.146794349724844703e-02
2.546616153822946378e-03
8.334692773978323588e-03
3.939053934289980796e-02
6.065761103950115946e-02
1.084388564941140241e-02
3.476319766181493187e-02
2.601175374230724549e-02
3.201598744026819265e-02
1.771964332733453815e-02
5.881293142201163282e-02
2.107409721336169980e-02
7.126080005189908140e-02
2.391646591023403184e-02
5.985260057981819232e-02
2.103287351077425330e-02
2.987406256761251586e-02
2.005409874449705452e-03
2.223854898746445777e-02
4.211819074760711490e-02
4.783061570071511087e-02
6.339478154393916876e-02
1.291313429749344930e-03
3.733143579480570351e-02
7.174073777658885633e-03
3.820977121100696539e-02
5.156768296366757987e-02
1.079888825158194406e-02
2.188788840535634342e-02
3.959405735856783536e-03
4.851211011320206989e-02
5.014237771715635006e-02
1.772010049550307512e-02
5.747559832655899786e-02
3.208481201906782099e-02
5.409236346020746683e-02
4.825169394145238655e-02
3.870045854120018197e-02
1.633010110590003491e-02
2.499224004660153403e-02
4.069281559053671005e-02
4.426071601552326179e-02
1.257488098927686364e-02
2.676629417013482587e-02
4.742134469605446129e-02
4.267529583564418083e-02
8.757948485316963128e-02
4.838805889969764046e-02
7.076508315491407408e-02
1.416306562109169963e-02
8.331595498078991913e-03
4.305012862967055876e-02
3.736135890030262141e-02
5.983734431256473862e-02
2.080155700066903257e-02
3.572369766785227219e-02
5.957569954869600115e-02
2.329610162651451696e-02
3.813669622506338230e-02
2.337794371910797628e-02
1.964280739303342002e-02
3.881129650426006633e-02
4.091294185709273140e-03
1.260716004458997458e-03
4.224965433405206833e-02
3.012036623211140907e-02
7.480466611598722256e-05
1.495380454956954895e-02
1.855402932199690449e-02
3.192807940376107966e-08
1.023670401994254469e-03
3.511477619899687486e-02
5.058842131011375559e-02
7.376452378480562351e-03
3.869947554916698673e-02
5.228322646543486635e-02
7.203894912285809145e-03
1.409777787098318025e-02
5.626314785176302763e-03
1.411298906492714942e-03
4.897012965838336285e-02
3.164167798452004882e-02
4.794842239968166719e-02
6.311289241275409856e-02
4.625104098151470305e-02
7.853550037169029080e-03
2.315503349895038296e-02
3.511663834194765632e-02
3.163716303428076079e-03
4.782015697295825818e-02
2.740812399516419536e-03
8.008455386475607507e-02
5.058466447654636627e-02
4.147939352718092373e-03
3.035972544625327799e-02
2.802419417866244475e-02
5.560712179681815553e-02
2.013728521228977733e-02
7.535413602968180297e-04
5.528656935416419171e-02
4.369792850134177759e-02
9.244229086083194033e-03
4.747114563535893145e-02
6.988831849389124176e-03
2.665935336921449600e-02
1.107524236862800909e-02
2.154663391263876918e-02
5.008171171335085853e-02
4.088715554141126446e-02
1.571085644354886998e-02
3.232191855699362293e-02
5.089274123114122250e-02
5.120090535007967847e-02
4.553049265292730130e-02
5.766268584161953620e-02
1.688760986485022750e-02
4.461960946021058250e-02
3.147471680685591522e-02
5.187511142443011064e-02
8.715657763621825847e-04
5.848007712594473911e-02
3.780022692035386184e-02
6.315717752127691931e-02
2.912328074576078785e-02
4.691288520314401689e-02
4.604644864149855243e-02
3.642757788523965506e-02
1.539331101346667202e-02
7.844418257941864620e-03
5.249641740712964605e-02
8.243627743498066832e-03
2.706860495634710959e-03
1.208279257389011790e-02
5.555633784443172324e-02
3.947875187583527699e-03
2.580861830254542119e-02
5.866968757980657589e-02
2.897193014385819956e-03
5.050839861328414171e-02
2.019129662868737393e-02
3.860626296137974200e-02
5.360549924252799164e-02
2.087752032883576948e-03
3.360511664530271142e-02
3.792605180667935755e-02
9.631400214960780110e-03
3.731161326202494383e-02
1.993460812719523691e-04
3.453302889970314132e-03
7.814805650026474676e-03
4.921098913457220420e-02
1.197614132399458901e-02
2.021136804110338150e-02
2.566851691732171398e-02
8.460071186947682592e-03
5.835001492206406959e-02
2.192593492682071848e-02
1.146673023206972591e-02
4.843995606735385789e-02
2.202035239259411692e-02
6.300350347281456764e-03
4.391167829977370846e-02
5.101172854042950594e-02
1.859886340523159631e-03
2.843028770302586175e-02
2.364565431623101219e-02
8.713991529059925134e-02
5.140209384233106193e-02
3.021443049834764139e-02
1.464633899905399238e-02
6.612656940921204929e-02
3.407965781012422396e-02
5.173399956411760953e-02
6.776896762043850553e-02
3.815933215710784476e-02
9.038019026810671305e-03
3.319477007782344752e-02
5.279107467894445654e-02
6.090552563575771933e-02
3.542662557906044868e-02
4.180994460872330259e-03
1.066778811629992552e-02
2.940543761127014863e-02
5.326385401144175663e-02
3.936817632855166282e-02
2.675477739412436551e-02
6.253784306628072664e-02
3.651129826953088131e-02
4.747564615251919501e-02
1.493445536022048638e-02
2.871400915130459600e-02
3.669072965600189001e-02
1.396318103077010854e-02
2.250448977025678622e-03
2.321789243088300675e-02
3.803791402978685954e-02
2.082635069435722838e-02
5.037035634584856314e-02
1.839199172871519225e-02
5.357666800319669381e-02
3.649895872002852093e-02
3.958935320034457500e-02
1.484415240784081082e-02
4.984921938318485207e-02
3.017357169288326091e-02
1.378570192895331513e-04
4.887351128501075254e-02
3.312097461942785370e-02
2.181058001210917432e-02
4.826167793060036348e-02
2.138044669075793783e-02
4.551032892135346841e-02
2.049004600501848437e-03
5.789830390073230637e-02
6.583965034563760144e-02
1.863615627472130221e-02
1.792818943130993978e-02
7.093495542294260938e-04
2.739273163337730896e-02
1.690506720033203847e-02
5.063871999351132053e-02
4.162943318576931701e-02
9.348774226319432612e-03
4.751965540174533237e-02
4.276228373757810092e-02
4.886147548841937582e-03
3.070988221881961952e-02
4.473819597031954837e-02
1.164758951213986683e-02
6.392910312562702368e-02
4.863764960593083830e-02
2.491524524185070519e-02
7.274675092940495122e-03
3.996612154345587607e-03
4.616091730571353358e-02
2.478903938217226315e-03
4.342791111269080073e-02
7.343713414596626972e-03
1.270047715647587040e-02
2.611884573429382878e-02
3.006244339401115129e-02
5.600871876456015724e-02
6.801916604835454155e-03
8.149662479563482900e-03
2.606407866471762563e-02
7.033392962136292281e-02
5.224613594991219662e-02
5.200511074676623241e-02
2.682481443951870072e-04
2.729579770666040739e-02
3.376366223535880173e-02
2.136140002614866917e-02
3.756856712280813582e-02
5.041041036087062777e-02
4.566680237141364229e-02
2.726029867382376293e-02
4.994386371059761354e-02
3.015718703380551244e-02
1.315214193011314710e-03
2.501162963422499594e-02
3.944306366815100023e-02
2.043607831900055155e-02
2.958171090576035972e-02
1.470188346052606412e-02
1.106114962531076871e-04
1.741776952076775926e-03
6.331025732130743378e-02
1.730898313453041806e-02
1.300659465469204863e-02
3.325249816879365800e-02
5.231756014949556083e-02
9.422522519199240040e-03
8.796848974962745427e-03
3.304005298502782351e-02
5.235480718838920501e-03
5.518409061620236505e-02
4.469270331302385019e-02
3.574218166354144102e-03
4.171108045056373323e-03
1.665553847476634181e-02
3.032139549392376399e-02
3.265631872600137375e-02
9.631958554980706716e-03
2.031709659525288147e-02
3.212826441711871123e-02
3.418181455491012266e-03
2.102449301302491969e-02
3.610508064082251084e-02
4.073812735208758723e-02
5.087524784765849045e-02
9.330125642191378077e-03
4.339982876472176648e-02
5.715784261753135281e-02
6.324262067788779564e-03
2.802094554802387477e-02
4.601326901813974218e-02
8.441382844311491260e-03
2.977620596772752662e-02
7.088959006869613964e-03
1.926004517320268478e-02
3.638353091968811459e-02
9.434659397391806715e-03
5.115256013637006077e-02
2.953902405710988679e-03
4.645605103586187418e-02
4.575556177716363221e-02
7.068038778279858540e-04
3.501374428230850239e-02
6.471350193545248597e-02
2.226591855631326888e-02
3.887221556588971866e-02
4.856861162621540226e-04
4.244848689111543200e-02
3.028719833384904692e-02
8.692995368591467653e-02
3.005667976998123436e-02
4.318616637877293468e-02
5.404808318611817319e-02
6.721670982910627791e-03
4.707865562090492867e-02
3.299680670521510512e-02
5.663757475929021012e-02
4.089569025017349146e-02
1.415494157000550578e-03
9.085320384131302315e-03
3.969238343931985602e-02
1.739346696824627114e-02
1.000467353876502777e-02
1.397437987731646285e-02
5.123417970750129141e-02
1.202369898327796923e-03
2.231080310645291997e-02
2.499258121357206611e-02
1.125996378998367353e-02
4.293699583351833740e-04
6.191651485973690555e-02
2.035782342080991007e-03
4.699944599908967985e-02
1.144740757797039349e-02
5.972519124837113308e-02
2.907401087028034081e-03
2.038444470612538889e-02
2.797831208343043788e-02
4.689223951212043856e-02
6.525378983253185550e-03
6.747188161889368374e-02
6.298223216167088412e-02
6.194517363942268762e-02
2.770300898078538118e-02
4.518547775704317981e-02
4.280603406573247477e-02
2.074774094878291050e-02
3.707942229988104178e-03
1.774774172911390557e-02
4.538438164948527254e-02
2.272495466999048549e-05
2.709648993605961315e-02
1.818047182181027621e-02
4.658165545026676790e-02
5.473840833094819475e-02
4.490774306957213968e-02
3.111643790216617189e-02
3.928530619548311481e-02
5.176111598650361828e-02
1.405656048066387378e-03
4.445372781197179379e-02
2.204293244225746448e-02
5.070683437259485005e-02
1.450316922835729119e-02
3.722448228637471185e-02
7.696253069045578404e-03
4.758558819538530327e-02
4.014227292350773524e-02
1.606312653768543833e-02
3.567328564305462420e-03
2.899659220476516822e-02
6.956655002999730109e-02
2.714002260991862925e-02
2.715123824121529195e-02
6.076462274448640039e-02
8.873243819417454738e-04
8.826793587678542427e-03
4.896578887458179902e-02
5.974011588786307808e-02
1.311903910779077358e-02
3.620646311099202236e-02
6.200942522890904446e-02
3.880778609768693183e-02
5.387576022949058102e-02
4.765481242482522833e-02
2.783171920222769768e-02
8.191080830220109910e-02
3.378116147697424188e-02
4.803891565212753401e-02
3.165752248309998407e-02
4.383883679209772043e-05
3.796935954050245036e-03
3.591331547188562900e-02
4.047764388730391155e-02
3.280582558721244907e-02
4.010115891108750885e-02
4.840723586093898662e-02
6.954122764327262674e-02
6.479202503730704596e-03
2.341006670537780152e-02
2.998871649245978335e-02
2.112554629178338417e-02
3.367440599112633826e-02
7.782457975428550001e-02
2.987793816311411221e-02
5.960577353188053346e-03
3.667205657551041165e-02
5.315597868629648448e-02
3.715180574279271057e-03
3.321828636900906601e-02
3.824818872818126769e-02
6.037179683305000932e-02
4.811587438522190591e-02
4.586553573222074132e-02
1.526303559853462583e-02
7.073480426516155772e-02
3.688199795686408072e-02
3.049415504625356890e-02
5.183024809792510096e-02
4.102034958873559956e-02
4.915084836245928179e-02
4.389036663847370456e-02
9.387420616915833141e-03
1.551888713472991330e-02
7.711895379747471177e-03
5.800169343907946723e-02
4.964619591964639783e-02
1.574306970829439725e-02
2.651667445758337099e-02
5.566130656761612838e-02
4.691649340875310437e-02
7.320528412897979453e-02
5.244462164816383887e-02
4.295565918457305149e-02
4.532823824265883733e-02
3.973228934146511016e-02
4.737963740161217630e-02
2.605036218100153025e-02
2.991844181353693795e-03
4.189391948909917951e-02
2.955682423856869148e-02
8.719108738884102927e-03
4.660558030985111760e-02
4.301873773093871367e-02
3.167917741597606890e-02
5.259302179837820057e-02
6.109952265247875838e-03
1.854108710780448532e-02
5.032715250577934896e-02
3.950780255778037903e-02
3.198819185645954133e-02
1.421723954920155002e-04
1.669488531055296140e-02
5.989343868013172027e-03
5.155018185120583546e-02
6.869988495616304036e-02
4.964720888489489170e-02
3.405914118662592416e-02
8.618472904720782951e-03
2.804100851782599657e-02
5.708102172271994207e-02
6.383781146045109864e-03
4.969705444046092213e-02
2.327022444803061862e-02
1.121749668816927198e-02
4.366883082203798505e-02
4.389086757442032388e-02
4.487694371365217455e-02
8.175443320543693271e-02
3.104480858114946548e-02
3.510594671634609254e-02
4.306412288607402300e-02
2.931243936298049552e-02
2.840593173130159712e-03
2.346753331001744103e-02
1.222897826074714625e-03
5.090719078800227254e-02
2.089819769189825427e-02
1.216801391289512417e-02
4.840506345356476725e-02
2.723063234447424107e-03
5.247997478481534334e-02
2.478241266214413485e-02
9.839899549412901500e-03
1.607902152546044077e-04
8.255612285609080503e-02
1.264458288390946789e-02
2.415066543026823673e-06
4.763986424488000221e-02
1.213392513231784098e-02
6.979917883409801627e-02
8.063735600916737203e-03
4.404590322650811345e-03
2.661854990882379923e-02
6.038326730189947028e-04
2.598135761316324246e-02
4.660968239512959521e-02
3.254363869444186486e-02
4.425183576446228839e-02
5.942686845925587366e-03
4.977689756898760060e-02
1.889101676947091066e-02
4.247266204925891075e-02
1.750298468821064176e-03
2.085872949163497872e-02
3.341942250498303874e-02
5.047174046326237395e-02
4.680964910811288848e-02
4.631318192806702094e-02
4.414919298083207211e-02
1.235056859611870130e-04
5.116167633708312845e-02
3.443190170005694384e-02
3.936885593436570407e-02
1.357600258149184967e-02
1.851415331573636608e-02
8.804553061515629775e-02
1.066091011697241527e-02
3.642822090947444441e-02
1.580954001744467501e-03
4.584026942227749368e-02
4.843045042926488047e-02
1.835925989549897289e-02
1.855432267125133039e-02
4.584150249256645215e-02
4.085508939526912714e-02
4.444451190248051992e-03
4.818691424522882072e-02
1.147620852596319824e-02
4.430289685040023073e-02
1.427241841043812472e-02
2.244641816649248223e-02
4.577141169696680861e-02
6.900446412551161819e-03
4.061851136942513929e-02
5.778698935410902376e-02
9.141982157357264474e-04
4.275374341722838062e-02
2.179664544947997051e-02
7.052961885469511034e-03
3.654371618537482352e-02
4.706582205018376014e-02
2.249208086499214498e-02
8.439061853737024957e-03
4.305089253349558831e-02
4.622719726983035016e-02
6.570501444970905380e-02
6.137463187645369328e-02
4.111122341504060834e-02
2.092455623895602204e-02
2.386644490982830005e-02
4.897369530767573496e-03
1.395272784292383474e-02
3.205087244940593976e-03
2.874633556628063830e-02
3.297634052496276058e-02
1.949590889728220963e-02
4.850552272584334607e-02
1.328702976497775183e-02
4.192896045788389869e-02
3.062180091337846771e-02
5.077029035972048521e-02
4.292359533736428423e-02
3.178526268331050009e-02
4.986178667362865802e-02
2.397558876746460135e-02
9.848539940145627225e-02
5.548885228332010172e-02
4.963127602295869245e-02
4.267825029566382766e-02
3.908123758591700025e-02
1.038210501422150850e-01
2.288521431101892337e-02
5.789508061373487002e-02
6.030299154967704717e-02
4.733442433444154385e-02
2.291651173571669208e-03
5.344644055479719907e-02
4.656603439400947177e-06
5.612321429955657165e-02
1.842181936041162316e-02
3.871198357615234648e-02
2.861570887420413628e-02
3.097310672381146240e-02
4.674203561278380409e-02
3.086562804212116765e-03
4.523309862105853729e-02
2.069518944557127357e-02
1.536902188971426067e-02
5.188683404867940746e-02
4.828876573229731739e-02
3.430224902800873416e-02
2.497147385960010388e-02
4.617359998548087319e-02
4.845937016205360826e-02
2.031162825801952065e-02
5.245753789057431421e-02
5.045140465584083828e-02
2.660284150438772723e-04
8.839787422172128845e-03
4.409187485644727733e-02
3.241008469996534136e-02
1.714553186269046278e-02
1.201393265193305762e-02
4.172660650709168056e-02
1.852642701963400085e-02
3.926792452089780672e-02
1.962906706823650330e-02
4.958630141414736847e-02
1.562586023131395593e-02
3.226748740801876902e-02
3.006951181092308231e-02
9.400867928390641004e-02
1.844890021122016360e-02
2.846846377912732109e-02
2.210919762223677310e-02
5.538287530756989818e-02
1.967524358866081652e-02
8.939121363079905944e-03
2.852034683586454622e-03
4.361554374110416382e-02
1.769688098241484209e-02
2.686145615867133879e-02
4.938779082209528160e-02
2.282265487068633157e-03
5.119016161761109907e-02
4.407732252990374452e-03
1.877118701199948989e-02
3.730092164142325990e-03
2.571355403502365022e-02
6.362154760842575474e-02
3.250038883169741044e-02
7.395895228406745847e-02
4.795532513968929489e-02
1.053236277004665836e-02
2.919581091355080010e-02
1.904757186008895493e-04
5.046768097363329292e-02
3.280437692336055869e-03
1.470144210152685670e-03
3.376548825646667057e-02
3.270808168056013165e-03
1.123170422519957114e-03
1.461403489187678741e-02
2.804329682197813020e-02
4.994433879239124074e-02
2.493043103453003798e-02
4.677470050384201911e-02
3.129256424779241368e-04
4.887249267600694835e-02
4.740311114563693085e-02
3.445753718650065855e-02
6.371774919566287887e-03
4.246983569359072223e-03
3.933830570440485092e-02
2.827675339093030371e-02
4.333376784262916309e-02
6.926896940671414989e-03
2.595575185191419457e-02
2.565118919826065574e-02
7.464569272004407605e-03
4.663604984854444191e-02
6.150823046497631147e-02
2.869209434310295709e-02
1.753364357233887097e-03
6.640822974622206942e-02
5.153288094456691393e-03
1.643574967758067509e-02
4.903566889545175195e-02
2.313034012545655757e-02
1.405025180949544044e-03
9.450080693623330239e-03
4.611261758911500142e-02
3.224082508712461121e-03
2.388405374259679192e-02
9.849464153693553159e-03
1.854027599394163922e-02
3.985786638947632493e-02
1.382459758260852056e-03
5.176661716801502638e-02
1.712613665896415074e-02
8.806107466735835177e-04
2.671632096554817093e-02
5.676293272302460058e-02
1.267759749998880088e-02
4.820048239310906896e-02
2.867035801709295548e-02
9.758448071499932139e-03
4.274828394555586081e-02
1.082935961529151586e-02
8.077542181027389315e-03
4.442209541175039592e-03
5.112365952472234382e-02
2.486082079217847435e-02
2.747028542263657211e-02
4.620623506881733206e-02
3.663994997281950355e-02
1.644670107953972570e-03
3.499234867176274216e-02
2.303345638227263445e-02
2.892924759736788948e-03
2.453238920050180780e-02
4.039886710941479470e-02
2.938813875002473097e-02
2.028461961737428043e-02
3.495425888893654437e-02
4.567886977602048787e-02
1.137596998164492473e-02
5.469695110942238148e-02
3.528163670341601804e-02
2.274938727884619552e-02
1.146077974552215870e-02
4.430578146083671842e-02
4.793050128347234318e-02
6.239635039460790858e-03
6.179732191264126128e-04
5.168128498182596869e-02
6.868532746664265942e-02
4.891674548949597606e-02
2.333733812944902355e-02
2.081927283130180148e-02
1.183787384629857685e-02
4.662462632429315718e-02
1.773663245436485347e-02
1.908511008397769174e-02
1.189779022148581417e-02
6.947599599585530146e-03
4.765103472017533093e-02
1.020451378889657562e-01
2.175540838166481819e-02
3.155068034182841041e-02
4.286384445948518418e-02
1.542471993334144746e-02
3.195393750326017135e-02
2.169504922360286983e-02
6.730699151894668428e-03
4.826994053507206728e-02
4.889832439322956692e-02
3.068911642220633479e-02
3.579354277678082480e-02
9.105568826791997361e-03
1.846703351178125702e-02
4.436058995751962497e-02
1.108469691668845583e-02
3.545640857476585472e-02
5.116393799536399223e-02
1.586167961206033693e-03
4.985474931490926909e-02
4.144582311131347896e-02
1.067531693798532376e-02
2.849819390754016607e-02
5.108453559490394591e-02
1.059372685422089455e-01
3.936135064188529820e-02
2.172084236087655496e-02
5.082902399618707129e-02
5.554209556158507671e-02
2.941652900379766039e-02
2.400021259548901220e-02
9.275690008339984582e-03
1.683753117529422898e-03
1.962057799915539399e-02
5.077560594243774039e-02
4.698612538305663860e-02
5.965481411163740810e-02
2.475818786490303208e-02
4.521453326620093749e-03
7.400671511982424497e-03
4.284140746047597481e-02
3.944693099512283641e-02
1.967580305432366228e-02
8.758803514425737846e-02
3.933591388920827138e-03
5.341111012837098521e-02
4.278530239523498091e-02
1.424203175048145177e-02
4.825295936045597561e-02
2.825233967220897036e-03
4.118404188624791989e-02
4.423013886835321269e-03
3.678206838753193819e-02
9.885605116013833349e-02
2.185443109293613156e-02
1.063735792987571989e-02
3.211969928768752813e-02
5.052170859983940582e-02
4.369903013727374774e-02
3.395304172956006838e-02
4.946671018020827593e-02
4.911749469162875886e-02
4.160235697055756948e-04
3.680792152854126670e-02
4.812185775020007966e-02
3.618411762140234800e-02
4.278320997931756020e-02
3.236170748358099900e-03
9.322490700296177501e-04
6.571056785397005884e-02
5.961758831632320982e-02
4.843061558341471215e-03
2.250830809284852171e-02
4.201333747156335563e-02
2.238717588020867552e-02
2.316789655169470413e-02
2.346311585661555940e-02
1.472481160327869347e-02
2.410074450621885189e-03
4.014076433528989546e-02
1.560344047832177422e-02
1.624534821345387388e-04
5.184598499246692582e-02
3.729131462172560058e-02
3.353462140809622513e-04
4.243435589080317427e-02
5.986699133233300968e-02
4.260750087588103391e-02
2.183778142310277559e-02
4.454597150239169440e-02
3.724016301868644796e-02
3.982175076168543992e-02
1.447722193501566144e-03
5.466304054428260811e-02
4.953001757121720111e-02
4.805211770059721749e-02
3.905559490916395843e-02
5.696399382162428693e-02
6.600980886233150883e-04
3.930702620174143271e-03
5.720405442074370100e-02
3.408831980496338388e-03
4.300648608104475773e-02
3.188068744911255747e-02
1.605920684611094424e-03
3.833357007543796574e-02
4.727842839831251920e-02
3.568590283351581738e-02
9.608766482003011644e-03
7.163033710599097867e-03
1.062727630791398571e-02
3.779020734938690756e-02
3.958252663863319476e-02
2.750307013426916622e-02
1.677988506429105298e-02
9.549295907162352361e-04
3.386867454754979856e-02
4.341231181980062526e-02
3.878739741917719419e-02
4.456753189126647086e-02
3.084944470093775246e-02
5.059452623017160477e-02
4.353130055426298467e-02
2.709329312392327535e-02
1.624014848481184284e-02
1.328580994364145750e-02
3.613221351602476095e-02
6.534946878350035571e-02
4.532103328837958078e-02
3.024984939396318379e-02
2.037457169485889195e-03
5.097655055496927434e-02
4.468126716578772750e-02
1.507944127850426312e-04
4.916662348267981236e-02
3.753445383519893319e-02
4.848496640914159994e-02
8.095322233899261732e-06
5.000162611799637002e-02
2.233667529058828635e-02
3.377893837799478272e-02
4.458542848577091294e-02
5.261029280076423564e-02
2.311311600842008013e-02
1.974175731035247849e-02
4.110347055444085046e-02
4.330780420801347980e-02
1.152507366470666671e-02
5.511646610521379192e-02
1.536917706062367397e-02
1.859125328406251512e-02
4.400628390315893673e-02
4.022040429490304769e-02
3.401276974937442578e-04
4.541466492190616988e-02
4.058452601489512257e-02
4.512725947149649752e-02
3.421457581026843275e-02
3.207264564634705606e-02
3.678481521849056440e-02
1.797918086981637733e-04
2.895711685385686518e-02
1.275682564542280489e-02
1.643823186656188581e-02
1.445559705261416361e-02
2.138355571200772909e-02
5.327084972480826408e-02
4.012129040870251323e-02
1.402834950698879368e-02
2.918068336322056713e-02
1.248012232111845796e-02
7.225843439091390874e-03
1.600751947467772204e-02
3.629423260224289710e-02
4.766710427627465774e-02
4.536916075831902428e-02
8.276138335973333079e-03
6.203155734310668995e-02
