1.771490709929333279e-04
1.292539953398752495e-02
2.085378779424277434e-03
6.471621211708762644e-02
1.218939657703376779e-04
3.796651847746865260e-02
4.830843940823735527e-02
1.218269749830855689e-02
8.772472729212775358e-04
5.178694222611555931e-02
5.173481574841556907e-02
2.568494123173536633e-03
3.587809047072016561e-02
5.889093223191848442e-02
3.510938011006669440e-02
4.940081764877116144e-02
1.225567732363925383e-02
2.834117675456806346e-02
5.658577567464461583e-02
1.129329413044606600e-02
2.172459425299950488e-03
1.667807944741342419e-02
2.999099215590324968e-03
5.597906588729280319e-02
3.721106483175429247e-02
5.791277159632506055e-02
4.554989644245138747e-03
2.985220238451686409e-02
7.121493925602774555e-02
5.730596041969188842e-02
5.272522407234679631e-02
6.597308850828156879e-02
1.280199821921452433e-03
3.538886251199328814e-02
9.280636584991648619e-02
1.969067426246650168e-02
7.801946745698455643e-02
3.872572405168772658e-02
2.391125745411338578e-03
5.281266839281638370e-02
4.143904295500943497e-02
5.612856069755155046e-03
2.580019325108256698e-02
8.185579055197873821e-02
3.047110449763470834e-03
5.465547256830556588e-02
1.962061872034536782e-03
2.955884173919628294e-02
6.092701974813310994e-02
4.015220917640185266e-02
2.460986654154950770e-02
1.218075520931514771e-04
5.549873266347098849e-02
4.690274417701677245e-02
5.909073023261648960e-02
3.074099256706296079e-02
2.819753939375121629e-02
5.011755602789308428e-02
3.039784411395972732e-02
4.669782708282281536e-02
5.541853283458620522e-02
8.313583257258996481e-03
6.548579507357010776e-02
4.980726646357017118e-02
4.373586684377553380e-02
4.928274355209733004e-02
1.844105464358658519e-02
4.221256594275699797e-02
2.810298900521794943e-02
5.634838162854543392e-02
4.945609382674254900e-02
5.645447344214558905e-02
2.426129659811942715e-02
3.129456558930104187e-02
4.972370595733861115e-02
2.049543568678218255e-02
1.085664008229735543e-02
3.381281198847010949e-02
7.108839329073969593e-02
3.975159026923770489e-02
1.094102372209201750e-02
5.343731231224195521e-02
1.075840448721630642e-02
5.594950033929548677e-02
2.543199872685242865e-04
6.419271120818315080e-02
5.468421401197970377e-02
6.450796759360635790e-02
3.716493274532577107e-02
2.719523687695486053e-02
2.000899431164581202e-02
1.923164450966956610e-02
3.168894161702644902e-02
2.285806473444368814e-03
4.022204573607222888e-02
1.771280675948030611e-02
3.305439841866190942e-02
4.230077598835203095e-02
8.209153426561230371e-02
8.226994160175733414e-04
3.113827476752423218e-02
6.210005700143835482e-03
4.743915909793928326e-02
4.484473975329127116e-02
6.351664686749869393e-02
5.994320645023521604e-02
1.610125448522766942e-02
1.417171665454039671e-02
4.791753845864400729e-02
4.924425271435449447e-02
4.045040294261530167e-02
4.852716185994294940e-02
3.297555262055436309e-02
6.509688433176342992e-02
3.924637705037509194e-02
3.975533007050759821e-02
6.250628959223551717e-02
4.705787729162747707e-02
4.010565445829507303e-02
5.680279875433356940e-02
6.238123801315795247e-02
2.170676322719308077e-02
3.921407416052212665e-04
4.737672475785498216e-02
4.716188352236676956e-02
3.355481882292778769e-03
1.026781126998001052e-02
2.624795188063185417e-02
5.453069718165398649e-02
2.328858936374874483e-02
5.136107472716231609e-02
4.080670768842833279e-02
5.711699419797831162e-02
8.221966600541831538e-02
2.470413961715664866e-02
4.477018213955991956e-03
1.640105955924955547e-02
3.823807835766571822e-02
5.144906600265353874e-02
4.363094992979088039e-04
2.851724978952817932e-04
4.183224613295429776e-04
1.968527118861489525e-04
5.692615115067670845e-02
3.580042470503178725e-02
1.469031651396771228e-02
2.747377872068785306e-03
1.276127941045226803e-02
3.014954890956706574e-02
4.146674326905574332e-02
5.326272404783874426e-02
1.085186629756171167e-01
6.408081629612109864e-02
7.195289179721573239e-03
5.066695642476336248e-02
2.973515290063556867e-03
1.296759461217439520e-02
1.664484974215693636e-02
5.404628344912247584e-02
6.720110015249951101e-04
3.736608406222589190e-02
3.573731819430265959e-03
1.657840557130945552e-02
1.980772571613265566e-04
2.895840561840149624e-02
3.684542591365957964e-02
1.397877293275888097e-02
9.040411838089779106e-02
1.526455638851520425e-03
4.312211365996273388e-02
3.008222742104567707e-02
3.510060987353803841e-02
1.977810838814704638e-04
7.988870639552541481e-03
5.429303491745844645e-02
6.218760652660902666e-02
6.550754016241479294e-02
3.285322902318407040e-02
6.913221724168382154e-03
8.441108074397826733e-02
1.272558184597324255e-02
4.502922332417423623e-02
3.619781673779833009e-03
5.037208772167367510e-02
2.900701789219826618e-02
6.354275477881035639e-02
5.603283974675030837e-02
1.068817366857019967e-02
3.691696524407938468e-02
2.400975772951237375e-02
3.921800108085743419e-02
6.918235490022706449e-03
2.514659428108698483e-02
3.566482376401873544e-02
6.821183934155954608e-03
4.576568241986338215e-02
2.910455925356514664e-02
4.006444338974397834e-02
4.006128881644247658e-02
3.620785134702398517e-02
3.680890605457273063e-02
3.386375667893432723e-02
4.252287485403881406e-02
2.582866485553960909e-02
2.685194330249725259e-02
2.630080200152368208e-02
5.424345608092373539e-02
1.685671177777391810e-02
1.343358722549703021e-03
4.122518235606241477e-03
5.373725954409361988e-02
5.780233041839234059e-02
1.750990920160594086e-02
6.950294573046641479e-03
1.325038196798604580e-02
5.539122918422971498e-02
1.369958889332435759e-02
5.496525500962184951e-02
6.055308248600965726e-02
1.463593364227145505e-02
4.198412840840640495e-03
1.053455131122072071e-02
3.403034614131938279e-02
4.850628564439708051e-02
3.244091952977586069e-02
2.954619305289339290e-02
3.262289038146965608e-02
4.419473655119016131e-02
6.108315595344587789e-02
1.496948342780897966e-03
3.607751165688936196e-02
1.358526719460976401e-04
4.173480279027510370e-02
3.370497376706344667e-02
4.892731379901551353e-02
8.379723185938964258e-02
5.184231894671181839e-02
6.436260544702531415e-03
2.352483004885809123e-02
1.074952933096878522e-03
5.246771509017866819e-02
5.065487883308325556e-02
1.305604724775217412e-02
2.651388971539910336e-02
4.567613410442453864e-02
6.533419050484497170e-02
4.808533460170533874e-02
2.678312297802833836e-02
6.448759622768705790e-02
5.026084330739950812e-02
3.227098669830362476e-02
4.551225005300294640e-02
6.005219405462770138e-02
8.299544218845980592e-02
5.576547288740205804e-02
3.162343086867392544e-02
9.726003802571261611e-03
3.335569315143523117e-02
5.380297955190029013e-02
1.449297779183173927e-03
1.815199659553780320e-02
1.276104710760591785e-03
4.292065723334528154e-02
6.564710249726669888e-02
2.274501530842330463e-02
6.366205316464461188e-04
2.319197630464042356e-03
5.932800049409588800e-02
3.985800248148192032e-02
2.285736803662862134e-04
4.596196577006905759e-02
3.962918450473656290e-02
4.101873106158476084e-02
1.700729276774570059e-02
8.327087467453243158e-03
3.658005320466556354e-02
5.017279637545866977e-02
6.184727834432633686e-02
5.897272992137157777e-02
5.620085921520460992e-02
6.415562662290080764e-02
4.060790439882222547e-02
7.584126651392182616e-02
3.174821524393105221e-02
8.525578592801522082e-03
7.838575137861949690e-03
3.624044638282225561e-02
2.268085664082911471e-02
3.619067810172884453e-02
9.372080993910755428e-03
5.298358304436721206e-02
1.142928950616609561e-02
5.001062717317147216e-03
4.814537780041835274e-02
2.457783997457277728e-02
1.333910649993272747e-03
1.090121595723019627e-03
2.749996627590643380e-02
3.897306496228985367e-02
5.604965721689801617e-02
1.528089216045816490e-02
1.269422808347903673e-03
6.512963750462032186e-02
4.048205787580450715e-02
1.291907087418448126e-02
3.686856956124189705e-02
5.656911474183665828e-02
2.931697809877738953e-02
2.088851016873759583e-02
5.772873452588750398e-02
5.312817407381834056e-02
7.841337674486300452e-03
5.593625694634922485e-02
6.967024549823409851e-02
4.621831312553656423e-02
5.487121520471299752e-02
1.836633700209835268e-02
9.629697526659019777e-03
1.504788188140150119e-02
2.987637517604940091e-02
1.646980086585376872e-04
5.045876513387157359e-04
3.800358841536746746e-02
3.134864595625943412e-02
1.327218763211703012e-02
4.034004165670978387e-02
6.212207693924873958e-02
1.332546359468361535e-03
2.802115665671901443e-02
2.520196466616787898e-03
5.361601161331799176e-02
5.891462126737035537e-02
5.242903031950109372e-02
3.958147435089349325e-02
2.819312710449944914e-02
5.055790894935816709e-02
5.832164745650911253e-02
1.871779047833112275e-02
5.804825341296911828e-02
3.556261274450211703e-04
2.840803721377478663e-02
4.093510500256311579e-02
2.173973007066655819e-02
6.097329568760207624e-02
3.336377293971412583e-02
2.343056044465672942e-03
4.695800866946586022e-02
2.232662329462987982e-02
4.200595445329300889e-03
2.629126833682679520e-02
4.795316816261741694e-02
4.809054037271484616e-02
6.536966435255694985e-02
3.612879314429495725e-02
1.481384240997507713e-02
1.974706630072811751e-03
5.983640638534804684e-02
4.260344759231914774e-02
2.221046749920775262e-02
4.938238536949733637e-02
2.611768856055959181e-02
6.523460655054751089e-02
3.534603492937926639e-02
4.905774338177403687e-02
5.200212388569621508e-02
4.744224635741776247e-02
5.300251699880763334e-02
5.958441294954534145e-02
2.282411389517900735e-02
5.744464961896966759e-02
1.836132275585826076e-02
1.754636056378065107e-02
1.116669370691040358e-02
5.167616782883985987e-02
7.733854290412249533e-02
2.191242873205839770e-02
4.416319604305644908e-02
5.465958496049362625e-02
2.075059493545678563e-02
5.348505385319739930e-02
2.142899809040431369e-02
5.715026726091258086e-02
4.046941226861679869e-02
3.996953027846315842e-02
8.456452017855596581e-02
1.169662853182955146e-02
3.464230991732527437e-02
2.558815664268896534e-02
2.249919046186810850e-02
6.572653062158935466e-02
1.286831618445907939e-02
2.745092503363273650e-02
2.814365444583962622e-02
2.239924476788923355e-03
3.637048865692617261e-02
4.695908402924597273e-04
9.416146516840000202e-02
7.913670860941211804e-02
2.567941494865467848e-03
3.978660353735258282e-02
6.152101793536893931e-02
8.469492374756307229e-02
3.107843268283649873e-02
5.805072134166094217e-02
5.567664762007907414e-02
1.674254676940145278e-02
1.997014106497234289e-03
2.935624768226686304e-02
4.688164769399452009e-02
6.468023308572883219e-04
5.007114183360482362e-02
2.314480584587814277e-02
1.368804525328474499e-02
2.397443274636149296e-03
6.666150298368750393e-02
9.878151019775748692e-03
4.339413595573159144e-02
7.305134033150978076e-03
6.667022733372529597e-02
4.876076483308567668e-03
7.255537926551929029e-02
6.295144712335463966e-02
8.155790065153131969e-05
5.610032021472884795e-02
4.861572558093753271e-02
4.239466789280903897e-02
3.376198696828520279e-02
4.043842402542100617e-02
1.760840696242245776e-02
8.603101348086357458e-02
1.460774667435339215e-02
2.968783019228463105e-02
2.339752154658504210e-02
2.845048138083940137e-02
3.892565748457199604e-02
3.717205614715347883e-02
5.241394806502232273e-02
5.304547929051901811e-02
4.256923395685371231e-02
3.706600550464915489e-02
3.825942010947498695e-02
1.235078423311634400e-02
3.247087008657203316e-02
3.563184078074393274e-02
8.495245305307337624e-02
2.835758357368517099e-02
5.232812144682814914e-02
1.156328591860342030e-02
5.721652142117867462e-02
4.336033554659941835e-02
5.160404596501549229e-02
5.572718985303219685e-02
5.607082305038130210e-02
6.484848875803428392e-02
2.088937363878721337e-02
5.186118165728914597e-02
2.406177489744429007e-02
6.162992006202270417e-02
8.583391038279974961e-02
6.057581228979325161e-02
3.477998450880264575e-02
5.903952373955671622e-03
2.742111422184739106e-02
5.778195583936660690e-02
6.560917792136587712e-02
1.995511647762004265e-02
6.044823665728071838e-02
3.706849244843991864e-02
5.496607519093944794e-02
7.722858716864008932e-02
2.736304711183099730e-02
6.612714905801193865e-02
2.069387734068870235e-02
4.562091868674745393e-02
9.502046038674492531e-03
1.621255533339332686e-02
3.195589741662083205e-02
2.110221409535103024e-02
5.695581019694898744e-02
4.884454334501350109e-02
4.901475384193982460e-02
4.381733474655813421e-02
6.144822155239247977e-03
8.316364862748053255e-03
1.956797519857978590e-02
4.945641007131715283e-02
2.118425091450705164e-02
4.937799902063172430e-02
3.709397345955536135e-02
5.550452629427025941e-02
5.594039117482280110e-02
4.907124261037974083e-02
6.228148640152101484e-02
1.807103213628762778e-02
3.551858128238302974e-03
2.120367309052317156e-02
4.289435382466961350e-02
2.550394830142721156e-03
1.660823305508463382e-04
9.337198553437524653e-03
2.894715232435297186e-02
3.631848879555368143e-02
1.795890968266071128e-02
6.147704445434883092e-02
3.159481774410621141e-02
5.192910699847765738e-02
4.878241402878481098e-02
2.832681826666679295e-02
6.306763786681562900e-02
3.235228864416956479e-02
2.097164005809666262e-02
2.192255670562602132e-03
1.212744573482181509e-02
5.772595097041288009e-02
5.927365508005507516e-02
1.428381245210497488e-02
4.837840945015880328e-02
4.118712247081390138e-02
3.694352622394782293e-02
3.793175287736388207e-02
1.708569112773630078e-02
5.247115383248953518e-02
5.002267209571226170e-02
7.602080742170137795e-02
5.833406994935089879e-02
5.600322623240260034e-02
6.644467639523986280e-02
3.714733370865350159e-02
3.137804165671530948e-02
3.087899391739247143e-02
2.123651278105694127e-03
2.424227868262526786e-02
1.410878964400774996e-02
2.596914987067708638e-02
1.275278465729478422e-02
6.373917321689039073e-02
6.521085626772513133e-02
1.012371159256873591e-02
3.744414648993163452e-02
8.576058119235988823e-04
9.024135350085479845e-02
5.509561886378476492e-02
2.703133771185209713e-02
4.458570688803027010e-02
3.541137763801511379e-02
8.577594722299689695e-03
5.644983810998434326e-02
2.823421651583201200e-02
7.347147047656104810e-03
6.283542922216594356e-03
6.907002857817379216e-02
5.550621653016504092e-02
3.548511172205799646e-02
1.470504880279485021e-03
1.125081780242496478e-02
4.845820239953806813e-02
1.882726031036900324e-02
4.753606076151475207e-02
5.679248411798241275e-02
5.046961709248479894e-02
3.598108514617486681e-02
5.727831540593850135e-02
5.126290933699199914e-02
2.700592921951895306e-02
2.630772761073220042e-02
5.407886727879127747e-02
6.094622280478797366e-02
9.776339496405377083e-03
6.212350251100477727e-02
1.168693178728590076e-02
4.947846199790101318e-02
5.640570929208410522e-02
4.958127891058899950e-02
4.584974807952953146e-02
3.525567178780142016e-03
2.091538753614728772e-03
1.622704140145320509e-02
2.602569307316145164e-02
5.048339584603359076e-02
5.677651440082859963e-02
2.023577901737282862e-03
1.762720062984446444e-04
5.292171207179277581e-02
3.155640580655781624e-02
1.053476822637001639e-02
3.246277688830612185e-02
3.620263625526602691e-02
1.507588604627459368e-02
3.867750494285231849e-02
3.972743521622008195e-02
2.572804146421218963e-02
8.672866551713757921e-02
8.169473980115733378e-03
1.014781516001754752e-03
1.250194193665188185e-02
5.251864488865244651e-02
4.204107584717334950e-02
5.358403736463225597e-02
1.266785655564631533e-02
2.376093381053049486e-02
2.392780204505703251e-02
6.100683782476359202e-02
5.225380640554462552e-02
4.942779586804500053e-02
2.767761336831781396e-02
6.597064135931532403e-02
5.415780828111371042e-02
5.580199609046603698e-02
3.183020143586222372e-02
5.150590626673882261e-02
5.788364109231619245e-03
5.692566822730795589e-02
6.247334088118075557e-02
6.295479480889221158e-02
2.038303281345049331e-02
5.347418180226211348e-02
7.049352268705355758e-03
6.073403935979277551e-02
3.881729297507697379e-02
3.895713204892291975e-02
3.419212962131168172e-03
3.239084809360910644e-02
2.081965324593954350e-02
3.121481989264521251e-02
3.452652747429552083e-02
5.477509342713390850e-02
1.496990297122322748e-03
5.489898311232205286e-02
2.723848733136812958e-02
2.589367000317968973e-02
5.715193268205980698e-02
1.526021641503477961e-03
1.293380285120337113e-02
5.543348022244166387e-04
5.028590330671727296e-04
1.623656343207029867e-02
4.771482315903759208e-02
2.615745202674939207e-02
3.158879004292862447e-02
3.593662774233926608e-03
6.109662189672143695e-02
3.594689470535125382e-05
2.441316375677734726e-02
5.693565252442518015e-02
4.880372428261964962e-02
6.506303810501239127e-02
6.054070665591495398e-02
3.189900669543135892e-02
6.946558859771925776e-02
5.119837348139107125e-02
6.856092242056734294e-03
4.790925517570553127e-02
3.041407103947563195e-02
8.924604780005827853e-02
1.656008379751700401e-03
6.153811137578861501e-02
1.325400379695153980e-02
1.085257543744654399e-02
2.107875921127881635e-02
4.771454894408492381e-02
3.075154489307440134e-02
3.046613421826093251e-02
4.896404688681206064e-04
3.776048510932453195e-02
2.600650568526080217e-02
5.123596414516727593e-02
6.536605871667088008e-02
5.646650269752640644e-02
4.436885970788565642e-02
9.287080706973172006e-02
1.236461900817648236e-02
4.853020811094211490e-02
1.907932908590000837e-02
2.236562449805145139e-02
5.988929386303796371e-02
4.247491201873660610e-02
1.324759245170462930e-03
6.600744830038558775e-02
1.500641112290176417e-02
3.763886364172497334e-02
6.251402184887801250e-02
2.488607866540785626e-02
5.092574470365070910e-02
1.484533963261566985e-03
3.749500873905306508e-02
5.975180349055199966e-04
6.381365301403928159e-02
2.438745023180553112e-02
3.481872083728813211e-02
4.985946676383588849e-02
9.227472357441437361e-04
1.228552150218146221e-05
1.342897853280129554e-02
3.022867744962949577e-02
6.152824968556926122e-02
1.199722453196438131e-02
5.878857309505183121e-02
5.225655753149578003e-02
5.656409930399312891e-02
2.203272569250803309e-02
5.017651219683308406e-02
5.669003288155354675e-02
3.075399230589467847e-02
5.910192309006601780e-02
7.185221159889834490e-05
4.998494690049602729e-02
4.766419673113822530e-02
5.477122665076859798e-02
7.528870848900265193e-03
1.179212299568699676e-02
5.404854677748491265e-02
1.638804199035236858e-02
2.147449584122263638e-02
6.053604753842400238e-02
3.489543718682237144e-02
1.422549764475849673e-02
6.286086852896570487e-02
1.660778962573188772e-02
1.684899620495501887e-03
3.616223461044557053e-02
4.150558110230529590e-02
5.312884811727474482e-02
6.057850764296131285e-02
4.306436366213216294e-02
2.327086235945617990e-02
9.225756142744656260e-03
5.401573683599282874e-03
1.188847898079779634e-02
5.529577016582109400e-02
2.782400311369929991e-02
8.394686639840542690e-04
5.661301453324981553e-02
1.286547122134885750e-02
2.898033903837710090e-02
9.899368648726802444e-05
1.563085911925586602e-02
5.188133503761283016e-02
6.406558732239288345e-02
6.657282092732907768e-03
3.339016961215230533e-02
4.652106260359097772e-02
2.536103382667909828e-02
7.719740385849492223e-03
2.840539584468931844e-02
3.529236180687452679e-02
5.760478824972576489e-02
5.460604277900634601e-02
2.021173845775648195e-02
2.015744180746338252e-02
1.270417482191284371e-02
5.732419036302763282e-02
5.299178084547093159e-02
3.815144450287517169e-02
2.499847020171756806e-02
4.318568853209826808e-02
9.846033836923780147e-02
5.833058533049316485e-02
4.762355513760038045e-02
1.848055289149997272e-03
1.384540079526175478e-02
5.954431450848051560e-02
5.222028057980154792e-02
6.498863553582279184e-02
2.262297674106589218e-02
5.758466803444057397e-02
8.587327337146030345e-03
5.106477701179723550e-02
5.448176770448316664e-02
1.026282734929377140e-02
5.162075738297574462e-02
3.470521544677078463e-02
5.606162899044996734e-02
6.666649593297538368e-02
5.562742403456190365e-02
2.206149346593880636e-02
2.928532778020621549e-02
4.345332371663176291e-02
3.591615310628900465e-02
5.414849080640024570e-02
1.939365788309692709e-02
4.821292351022050948e-02
4.569535006695190499e-02
3.204925933137569346e-03
3.583049309976660962e-02
5.608646207625014868e-02
2.533721100256954364e-02
3.783879225314756151e-02
4.679787179168803241e-02
4.850435818648763525e-02
3.889028751078792145e-02
8.864141925111243547e-03
3.695104489181490898e-02
3.862038333624798897e-02
1.773766044151154839e-02
2.045463821225642839e-02
1.784542281074192639e-03
8.661041593113177894e-02
4.210623726762580121e-02
4.626650236225369334e-02
3.671253625019477856e-02
5.210171876693746318e-02
3.888778581086005381e-02
5.618188368771009911e-03
5.771339098354982822e-02
3.646188810982729789e-02
5.786603398603113596e-02
2.916109616407097649e-02
4.541528529069627229e-02
4.621739698003785035e-02
4.664201858169417236e-02
8.314457438971975881e-03
4.617859732265038736e-02
3.197079779758330714e-02
6.433933941739347628e-02
1.760663152833409628e-02
2.829661749058047250e-05
8.946881844441291476e-02
3.635185078350373911e-02
4.942477047904534487e-02
4.526696951477615638e-02
5.870575972917135843e-02
4.943729229320152629e-02
3.952897029659324657e-02
4.924447436612492540e-02
7.727154280315191815e-04
7.218537523782340981e-02
3.323024183319483234e-03
3.421169031930156035e-02
1.140316100325431715e-02
2.351536384892330064e-02
5.449403494092901201e-02
3.432088149136270500e-02
5.086001852532969283e-03
3.022027178915490803e-02
5.580028643022279938e-02
3.600596949632535460e-02
1.663024455281362710e-02
5.808411413144962815e-02
2.794638572440668114e-02
1.917821038361553735e-04
5.123603992368913618e-02
3.167091221360637116e-02
3.180813459881947497e-02
4.644051943700948371e-02
6.102377541979071146e-02
2.874028837004909825e-02
5.510122624876358233e-02
6.584743718698492232e-02
2.356527536567147932e-02
3.818546571485441354e-02
5.763588578134905965e-02
4.696770166161903098e-02
4.965493744222208850e-02
4.480694365508776367e-02
2.271532450717656318e-02
2.710437921658365081e-04
4.584656676261202740e-02
5.251632705517429722e-02
5.654343789562792794e-02
1.855766580796144177e-02
3.934818010645181434e-03
4.443426746785621162e-02
4.443576040132594246e-02
2.663336005789449998e-02
8.543277248942609745e-03
1.459482440967473918e-03
6.915858776195176478e-09
5.579386637287068323e-02
1.387444309003998434e-02
2.677276885459831113e-02
4.428789318533466607e-02
7.050936293899248697e-02
5.824760589645940068e-02
3.673550523878861551e-02
1.405575047130975218e-02
4.378367778353706857e-02
2.717618117870777492e-02
5.442659932116077764e-03
4.191802737356797176e-02
8.851816063168858884e-02
4.818913327246075740e-02
1.365237295048848942e-02
1.412027019558860508e-02
6.253082979844801215e-02
9.374050954998689594e-03
3.501549855104836573e-02
1.567272724971198114e-02
2.729020670306912810e-02
5.640843767337242604e-02
4.855361479775282402e-02
2.540216679537845440e-02
6.823611924285983080e-03
5.080858915246785901e-02
5.103241518874469980e-04
2.545192172374965370e-03
3.317157333067773106e-02
4.314509069534339103e-02
1.597409191026988816e-04
5.116856048633275367e-02
4.345300752522011922e-02
1.645042151576725162e-02
5.314731434810955613e-02
1.146511637088725756e-02
2.598907149465164504e-02
6.406406394859219880e-03
1.638568091202411911e-02
4.414074848259056522e-02
1.415125531833365084e-02
4.746297487486410976e-02
4.603218841605739853e-02
2.229028317005445417e-02
2.528842510757997315e-04
5.491393265332891044e-02
4.695854861555673332e-03
5.635855149128484592e-02
5.538820352626882410e-02
2.243367413853757097e-02
1.860052062650990184e-02
4.142785110608623866e-02
5.373564686317565398e-02
5.028777884991973701e-02
5.750193344332639456e-02
4.668015392141538350e-02
1.908754553793813938e-02
5.636067291980625255e-02
5.309305800564693284e-02
3.219092753942658092e-02
5.504925971963209493e-03
5.374922371421332612e-02
6.325136775210718487e-02
3.924004139284035381e-02
4.932653551622369348e-02
4.900999419390361482e-03
4.274624110972319313e-02
1.550443796464702310e-02
1.447108671181715663e-02
2.631901829658691433e-02
4.809410743586330084e-02
2.362269220330937003e-02
2.788184792056504213e-02
5.621879731915187944e-02
3.180360859936615103e-02
1.169958760795486268e-02
4.508746940249062224e-02
7.310903590867599312e-03
4.596854565237651347e-02
6.725242354647707234e-03
6.127147626421228926e-02
5.520802760172687602e-04
1.631486800250811151e-02
5.277382610213910601e-04
4.218814516724308378e-02
5.604800000943682692e-02
4.561440901444958201e-02
3.681466433746720390e-02
4.805832158149595662e-02
6.428464417245280393e-02
2.781966845517088935e-02
2.377062097366395774e-02
3.970864873572374498e-02
7.116937402722127610e-03
4.262063162319717526e-03
4.342148450660813890e-03
4.991578838514185851e-02
1.048196174400217034e-02
1.300986802506866856e-04
3.194568795323181332e-02
1.883615645863136135e-03
4.180883118448051883e-02
3.008313865995036751e-02
3.957454418375277137e-03
1.067419919577087921e-02
9.193464256803550450e-02
2.346712251273152389e-03
5.147784410460112120e-02
4.189057776088679630e-02
9.450635224012947366e-02
4.061572353350899334e-02
1.440223050415417741e-06
2.704463684189340952e-02
5.679348083484142204e-03
3.715338695375171828e-03
3.637839797249322465e-02
1.593767388329032616e-03
1.198917640836981218e-04
6.787596334995569820e-04
4.261835435776494679e-02
2.626638948327987555e-02
2.237909286012713592e-02
2.529985890331457651e-03
2.933512215685251182e-02
3.104015932491959590e-02
3.676003852576479464e-02
3.576345934624088757e-02
1.600787208403086498e-02
4.484318847471412128e-02
4.827878203144331942e-02
1.169084158955908470e-03
5.426652020512342384e-02
2.581159605332102730e-02
