5.142154680374750458e-02
5.377972566332683141e-02
1.993411652953781810e-02
3.083531177569750342e-02
6.874127927699091867e-02
4.012480270484049781e-03
5.261776048830413277e-02
6.429805583175896011e-02
6.063308030131375065e-02
5.466095995111573680e-02
2.141703195613449753e-02
1.707885136895422431e-03
2.159693014753835683e-02
2.183754632466645973e-02
5.596051081856652509e-02
3.875508958461246906e-02
1.254429859164455860e-02
2.618072077120051425e-02
3.598086040590627033e-02
6.021723776725393384e-02
4.552320342806881470e-02
4.669186387517636899e-02
2.172140137423584152e-02
5.184781663167770116e-02
5.677391232787595138e-02
2.931507160802944781e-02
4.765742072362502690e-02
5.756428281302059663e-02
2.121633003446047466e-02
2.884946225223881944e-02
1.027865459862181176e-02
4.250188684973513903e-02
2.056161977186651488e-02
4.359873365471347850e-02
1.988310314229594158e-02
4.246142226488674315e-02
4.842821348170577196e-03
9.530072054818065018e-05
4.165986127108547293e-02
2.346503970611305001e-02
4.672673435030156447e-02
4.965475034408466104e-02
3.616557650857658845e-02
5.784363542929144703e-02
4.481382420792045379e-02
3.025936519134770145e-02
5.609714015929485181e-02
3.944921627861949082e-02
5.809974347001285733e-02
3.195364332968179261e-02
6.967397215683668321e-02
9.083806549939217037e-04
3.577225117597247761e-02
3.136568763431185625e-02
4.502613175309343879e-02
5.801231890089639243e-02
7.486920185209676448e-02
3.660372677430955707e-02
6.021920777572380840e-02
5.702786520244886026e-02
2.595459474426205226e-02
7.795953158253327020e-02
4.917422035539831954e-02
6.926148960379477360e-02
3.163706266293292435e-02
3.360876912597751676e-02
4.604432562648464594e-02
2.445588153901987610e-02
5.053032954732691179e-02
2.647298865403493670e-02
4.087781031731226554e-04
6.057670661406976305e-04
1.709674938613157252e-02
2.342497989870546971e-02
7.205773690676442467e-02
6.206686282377565228e-02
1.541879282559427411e-02
5.247959646919236887e-03
3.298470809179362973e-02
6.929508423638909564e-02
6.423391890085621003e-02
3.249314259803021132e-02
1.359371042148488883e-02
1.366451158686838620e-02
5.604560895579087376e-02
7.377004185892101565e-03
4.844722592985754861e-02
3.594393957124701611e-02
5.557030549621886500e-02
3.288995509222955582e-02
2.529363898312847470e-02
4.170032461941058227e-02
5.802698352717903379e-02
2.132871414820639369e-03
4.026689664061144924e-02
9.523926708045265751e-05
1.115855226090380807e-03
5.583853310604512676e-02
3.259912948800165050e-02
2.108661462312309137e-02
8.514913877399814951e-03
2.293714475520799642e-02
2.976189941280765749e-02
4.076961006895813561e-02
7.117728666012930472e-02
5.732777211266292666e-02
7.128977687226803472e-02
9.656026323400484894e-05
3.762597910514084432e-02
7.977207449272313844e-03
4.426535688068149003e-04
1.230909589998205106e-03
3.925752701383645321e-02
5.909889519528152557e-02
5.561665123449209547e-02
6.627399969390926869e-03
5.187891646773281490e-02
5.868559134491552198e-02
5.970377461858312682e-03
4.046484807684434803e-02
6.135289949324093661e-02
3.051207723080184495e-02
2.754775433137882003e-03
1.985171657443915091e-02
4.475262435730454486e-02
2.443690981129640130e-02
2.241849663174880908e-02
3.432521910971590706e-02
2.400833725743420355e-02
3.216217629573776826e-02
5.455681034879768243e-02
1.971102636705611161e-03
3.278361576881044098e-02
4.610133749738055259e-02
5.538523908703929521e-02
3.977459866457037918e-02
5.420113940439041933e-02
4.100072353028072492e-02
2.239693197834843885e-02
6.512727016328595867e-03
5.548763205155283346e-02
3.846144503795469877e-02
4.443865325230314522e-02
2.200224192710934987e-02
3.826007449315406428e-02
7.509747214623563490e-03
5.461254756763412460e-02
4.615175133273348440e-02
5.640695361815348946e-02
5.163181157937258431e-02
5.024784940436687747e-02
6.831812027386477415e-02
2.228130237024620024e-03
4.362661125322112032e-02
2.457573772903827100e-02
5.075508752941731982e-02
3.498214595483747913e-02
4.661142656500712189e-02
3.283475745252372596e-02
5.520362295792929919e-02
3.668191263403189351e-02
4.984415515808815478e-02
4.613377793571201563e-02
7.464625932447990254e-03
4.122160849304489644e-02
4.690142356377452471e-02
4.748860573161190618e-02
5.011411860846378893e-03
5.774241777592099140e-02
5.567444986292172104e-02
4.721233239719396790e-02
6.502796188685434908e-02
1.838482574930455291e-02
2.907239048826323891e-03
4.499764697239947049e-03
5.450473756059479036e-02
5.172689428077636119e-03
2.636428511091447671e-02
5.790759315868241469e-02
4.877377436112381726e-02
1.745484443335026730e-03
2.379520830895499525e-02
3.824905678899335332e-02
1.824224475274400029e-02
3.623338247307386628e-02
2.090869109153185856e-02
4.690248377495884885e-02
4.476982906958723585e-02
2.804415104678267476e-02
5.785447249699895295e-02
9.379104764270776093e-04
2.551801027823815435e-04
3.805920788655815096e-02
3.132924881270735679e-02
7.089036672583581659e-03
4.340893158779689232e-02
6.826857119168762422e-02
1.913756877445757943e-03
6.261731855864136054e-02
4.367175496341016427e-02
1.333170054538088990e-02
3.398392836985122262e-02
9.909348207239132220e-03
5.559737021847856175e-02
5.775312126552985259e-02
2.763324773195867390e-02
2.188179333055529849e-02
1.748601683028734588e-02
5.723747821538557878e-02
1.241335654135896586e-03
3.731818956471224386e-02
3.311405980288755890e-03
4.560299293165846757e-02
6.162348734523221544e-02
4.881349430025806735e-02
2.808225415898885774e-02
1.030740267510235099e-02
4.352169005848477434e-02
5.665457618612451673e-02
5.881045461770148530e-02
6.189511629566890605e-02
3.490238744257363745e-02
1.504893674150051437e-02
6.681996278125296174e-02
3.052123508931676305e-02
3.796036731566924949e-02
4.753264924507318023e-02
1.319797253872621867e-02
2.218649928058369705e-02
2.013742779228906016e-02
1.971479204893572101e-04
6.990394512104472491e-02
5.118662856748154577e-02
5.823496735653284351e-02
2.055010851031683489e-02
5.250878771592203120e-02
5.760599213974084559e-02
5.454561243228341072e-02
4.538188354938539615e-02
2.880729020044493771e-02
2.856767858296505383e-02
2.788688668018154265e-02
3.121476174225894934e-02
4.546171144939977621e-02
2.932427089829129849e-02
8.121902494065694894e-03
1.932017072354534626e-02
1.321794620360932163e-03
1.930274435911433304e-04
2.979777929907057379e-02
3.400505937433200010e-02
1.141745026898813645e-02
3.365284717161574901e-02
8.265884982152343213e-03
6.067306860876527097e-02
4.397804883998975012e-02
5.373774172114686304e-02
5.921165978686173531e-02
4.464515120150430033e-02
4.252857563836615062e-02
2.603652056079932414e-02
1.164728636056255526e-02
1.629977998269609499e-02
2.668255548159681814e-02
1.972212531756263598e-02
7.695537338307173458e-02
4.827270213700086271e-02
5.718490418094522576e-02
3.339396550516767620e-02
5.536104137309996731e-02
5.145836340196732750e-03
1.574095670133634703e-02
1.071385531844863855e-02
4.556032294226414203e-02
2.310598747438268735e-02
4.444572164594699087e-02
2.566388728825161336e-02
1.439114174238223520e-02
3.490819650247284356e-02
6.636373410017767926e-02
7.805755594945915391e-04
4.922534452564728685e-02
5.734005884700087152e-02
2.765695779002432311e-02
1.467867541018493330e-03
5.844995296412467539e-02
5.287724079650420878e-02
3.756377808190405204e-02
2.518300762032169016e-02
4.470431415122310542e-02
7.086714766738040627e-02
1.977238656278856518e-02
9.416782052000059050e-03
4.839267083419326182e-02
8.097298877017487795e-02
5.373682142481018414e-02
3.620536509569995121e-02
4.065433706459988666e-02
1.800513677699808190e-02
3.239539935253917674e-02
3.852881478950665600e-02
4.813035180219146780e-02
1.599133359753810270e-03
5.732009936168279418e-02
5.219828478292132951e-02
5.194543041436531366e-02
6.104589387340989687e-02
5.617058358151625491e-02
2.950161838264192191e-02
9.724972800573187734e-03
9.210641834683326243e-03
3.604508856695277930e-02
3.702587582395069216e-02
6.862132769542250710e-02
2.662709657522569287e-02
2.475146809613671534e-02
1.082662299895238885e-02
5.172613699951614241e-02
5.254700597375887294e-02
5.655905577958946634e-02
1.806334763066295979e-02
7.140395068255385620e-03
3.907893234031765278e-02
9.783037103692232561e-02
5.581329875507433369e-02
5.789907530475423697e-02
5.769773983021027342e-02
1.469640757274648553e-02
1.115889534977883638e-02
3.396082316847507526e-02
6.934316547451858936e-02
1.883333490732508721e-03
2.028929041366299077e-02
1.535292282959361751e-02
2.869763715421219316e-02
4.961295509924765201e-02
5.640073854514995877e-02
5.319369063490450578e-02
5.612882102970934151e-02
2.698937526156690650e-02
6.875685257481169155e-02
6.566913933402208914e-02
2.043604189668090168e-02
5.319852565784491394e-02
2.470653131212507958e-02
6.755518606699598139e-02
5.713445365811561233e-02
7.264501001168340022e-02
5.779934713441754052e-02
4.752589835815554387e-02
5.238968520135665885e-02
1.042068289667741560e-03
2.337547031760200955e-02
4.241920477063212546e-04
6.432436461444620071e-03
5.608772091453990277e-02
9.571188173441294101e-04
5.720389415381484099e-02
6.648820458873336411e-04
7.228179886942965628e-03
5.615260795309538755e-02
4.345178371148646079e-02
2.517824904876339240e-02
7.724311619047736013e-03
4.050953485622639516e-02
6.693379990756959108e-02
4.987168233604453299e-02
5.279356075586162655e-02
1.390523860590587787e-02
2.738419847266564469e-02
2.294101838481359470e-02
3.489975342884026749e-02
3.970838112338940379e-02
3.117746798794050062e-02
6.199655770978333702e-02
6.087425912429093866e-02
2.211928326806458442e-02
1.897896093420194585e-03
4.478349261634020223e-02
2.979565031610497544e-02
5.023647029968743294e-02
6.281612516588866435e-02
1.697728459161564063e-02
6.457338313240042205e-02
2.748898143148012160e-02
5.714188841341585889e-02
3.230024265305862785e-02
4.296930211005833833e-02
5.300698206968174758e-02
9.303882061941411499e-03
7.020912256260541939e-02
1.348479871722715038e-04
6.028730570012194590e-02
6.370416738358262998e-02
4.000952222597339153e-02
3.376615712897404475e-02
5.156281725208568256e-02
7.352131968458048596e-03
1.570794590157924622e-02
2.830199574812905863e-02
7.115782745517439112e-02
4.261802223694240166e-02
4.746133368929860569e-02
1.177819666107781868e-02
5.353822407498719932e-02
5.717813371693637736e-02
1.427073743609137430e-03
7.495923786009780522e-03
6.660314728404827245e-02
3.766649024385502250e-03
4.421942056320207759e-02
1.678122967237899443e-02
1.184596050600030676e-03
2.792618538815260995e-02
2.972964446599643193e-02
3.322011691275836981e-02
8.390672975692136520e-03
5.875343114827551866e-02
5.709651323303135267e-02
2.874791940025895470e-02
7.907455835310980841e-02
6.730273315608104046e-03
4.034594206890416285e-02
6.947623009630358136e-03
4.832707343437425002e-02
1.298160347925424868e-02
4.270537817301963551e-02
7.129688842830624040e-02
4.617873966190063489e-02
6.904310760584443825e-03
1.095698428913129477e-02
4.070602451807696365e-02
6.482791413729116492e-02
3.612365714980932813e-02
6.221972057588655292e-02
1.774923127527184771e-02
5.190800181508348210e-02
5.291014628519483988e-03
6.726636089701450161e-02
4.703404122141491284e-02
2.773080632410259566e-02
4.771751769086959860e-02
6.661793620015378503e-02
4.685844679317330980e-02
2.752980305914716833e-02
6.558280980121673764e-02
1.841050751623804840e-02
6.313486453070821236e-02
5.350438447494083871e-02
2.522540572091395636e-02
2.169159277198417710e-02
2.073186333767844045e-02
5.103487562712735043e-02
2.039984948699004319e-02
5.462673043129927242e-02
3.714957916542980902e-03
4.232287077410741560e-02
1.373955243240466625e-02
2.487102390856343881e-02
4.610065257878621925e-02
6.942888241158408358e-02
1.299997441793580323e-02
8.547018641422206991e-04
5.311993224964502158e-02
6.459936485059604439e-02
1.060227922559854319e-01
5.549357730459320015e-02
6.479607144644840278e-02
6.100615206915374622e-02
7.379121900146339008e-02
2.661551734892937671e-02
7.038190143615814798e-02
5.217280213569728403e-02
2.971323441544128016e-02
2.258165151705495907e-02
9.578550155674820168e-03
1.347018477719611959e-02
4.535899448505908982e-02
4.804225739701977610e-02
2.680342895730048261e-02
5.877850821013895499e-02
7.111900757939379480e-02
5.843021510824981252e-02
5.800250322229201505e-02
4.985475674203583563e-02
5.373945703106795813e-02
3.593507004797004412e-02
1.698623265888642500e-02
7.465944890560669012e-02
6.607073097350552038e-02
7.136263342625923101e-02
4.932009087580584844e-02
5.355886343634231120e-03
5.756107225007973255e-02
6.545518226389453187e-02
5.722799613593573809e-02
5.045781178456330840e-02
4.133589597621389194e-02
6.918706469925531288e-02
5.725157451476068499e-02
2.962423165674191519e-02
6.619363475324561465e-03
2.846449923871943039e-02
5.083685976742316481e-02
1.112715271626308310e-02
5.008271371482396483e-02
5.759249079746344563e-02
6.557701517438669150e-03
5.788036887139785119e-02
5.367137060994820602e-02
3.023764006743235103e-02
3.088726015206561676e-02
1.077129330299735283e-04
1.856470920346343229e-02
5.831396811993779655e-02
4.483828519324343370e-02
5.464133087415424389e-02
1.563397819019686844e-02
3.524986820282659944e-02
5.991612566759131620e-02
5.025587898539680964e-02
6.326453134758569519e-02
5.488097630914162001e-02
4.622982629465646753e-02
5.053393065342615814e-02
1.877495996823905916e-02
6.812804171602694636e-02
4.308046119794098350e-02
4.296589338605467240e-02
2.638472091663817548e-02
2.992490910096685247e-02
5.577547442775936982e-03
2.702126101780018969e-02
2.599383029615195528e-03
4.993901710229721458e-02
3.323856223693458234e-02
4.400740992590748690e-02
2.976059519180304994e-02
5.577018674597944425e-02
1.451246593763894956e-02
2.432479904014666142e-02
5.457726428585619322e-02
5.799722210060528210e-02
1.020492511106874806e-02
7.176994922051677973e-03
1.322229006213953596e-02
6.695699528895786290e-02
3.110385567054903613e-02
5.867084200397113675e-02
1.517188128883531332e-04
3.514065085663267002e-02
1.546286203378687864e-02
8.085480689748275607e-02
7.117934745277160538e-03
9.346204100304143780e-02
5.827219362581718270e-02
5.782765246959213623e-02
1.638025432475148299e-02
4.271927377518372482e-02
2.401084248055226564e-02
1.399766409302806956e-02
5.354207536050967914e-02
3.731437607365171300e-02
5.529635260348605974e-02
1.032533898247681506e-03
3.967217926373790143e-02
1.894531811774155874e-02
6.074680239120805458e-02
3.586227814354821242e-02
5.558627960135753554e-02
2.982257556651183444e-02
5.521927791962995795e-05
6.614875355669042924e-03
7.427200390714269740e-02
1.138955042028668048e-02
3.724764195785144200e-02
2.632886721084995441e-02
4.282965271830384280e-02
5.090310308241669662e-02
2.096636813382082160e-02
5.751665719373273006e-02
5.455047282331604991e-02
2.498855415984502226e-02
1.298978798755292575e-02
2.094799023663273391e-02
1.954143808112392133e-02
6.001715786630643090e-02
4.578682444568411836e-02
3.896958054384802583e-02
9.630632596170507140e-03
5.209729489226241905e-02
4.137601989218182147e-02
6.210528600487746215e-03
7.833704754325498260e-03
4.934089073318771029e-02
6.587560456762091288e-02
2.553227989762717892e-03
6.215581910014932737e-02
4.123036055242960962e-02
1.995848699927147210e-02
5.482229106059289397e-02
3.702848676997554794e-02
4.645234539547758723e-02
1.436335379324742839e-02
3.349069252253988882e-02
5.900597961430357336e-02
3.302243764662331216e-02
4.582301188285181626e-02
5.314248135173292586e-02
3.863714304301111950e-04
4.566231990530306151e-02
2.588274853287748228e-02
5.948149204699707676e-02
6.946512960279237203e-02
3.399750586041352246e-02
2.879891256527931584e-02
2.870674787392755306e-03
5.904928175874460394e-02
3.949164748133094510e-02
5.331021223575412027e-02
5.288477815420516981e-02
4.972332692017828598e-02
7.076888558620048585e-03
3.156073506414194818e-02
4.606775549507110407e-02
6.596903584503580054e-02
4.707178297626794100e-02
4.820541569355655392e-02
4.884115279801192616e-02
2.824870197328950214e-02
8.062658794425991982e-02
5.480340813762983598e-02
9.672297446966977158e-03
3.010061259505496245e-02
6.121973826632913507e-02
5.890217645540025970e-02
1.859284468964608359e-04
4.738531325522412491e-02
5.049163884319214646e-02
1.923901726550323460e-02
4.201306895501720484e-02
6.930444347013370310e-02
9.458895445601056204e-03
5.365529760536962706e-02
5.691081055969465091e-02
7.378852101201076319e-02
5.052491566612947460e-02
5.154097177745588926e-02
4.917544140212838644e-02
1.096640216482889021e-02
4.034067084644554074e-02
4.022176908283333491e-02
5.688282052555901358e-02
6.691059210609905106e-02
3.235056755793648542e-02
4.465883353621431795e-02
5.926281751527946728e-02
1.161850109745517397e-02
5.572255299526929911e-02
3.478249558710286987e-02
3.632037762939836073e-02
3.341283930489394316e-02
1.214736710854235832e-02
6.512046318856486160e-02
5.514830587620066227e-02
3.268969853232068373e-02
5.938979222561308752e-02
3.261229531307894419e-02
2.552022947618170015e-02
5.863882986413639781e-02
4.213692741413440496e-02
2.283682338246854904e-02
3.265589985919893634e-02
6.043230840290915104e-03
8.072870476707256354e-03
3.605421610671662863e-02
4.893510170512570950e-02
3.038598061703659883e-02
3.626059538143058380e-03
7.091878364523257483e-02
5.248971670898054664e-02
2.518446683494334273e-02
1.257239498076457521e-03
2.818071501769888257e-02
4.936625641903222977e-02
2.393600967596200974e-02
5.083309141096165745e-02
3.445378832694608040e-02
5.344209193343590902e-02
4.938457251904894429e-02
6.297759803610131213e-02
6.420759379561420677e-02
4.259739583203835285e-03
5.679510164412227002e-02
5.410365736782741380e-02
1.705636321920932577e-02
4.849779138346579921e-02
5.783220792328942761e-02
3.403558634214796930e-02
2.792605502531204584e-02
5.423715396195052246e-02
4.339883010997422352e-02
5.855849838104529997e-02
4.545546015490727868e-04
5.339749138038164117e-02
6.498571770136192527e-02
1.023586907279082879e-02
2.101367262967558311e-02
4.103940499603384029e-02
4.184882311886741618e-02
1.851267807504634877e-02
2.628895608945299583e-02
7.114713225764329740e-02
5.542609458284859271e-03
4.758114357702091651e-02
5.350578451089100032e-03
2.514323084644570425e-02
5.468613109955317020e-02
1.587568776757699793e-02
5.328193816089225182e-02
4.137218605237680258e-02
4.559094443573711436e-02
3.886776730306937960e-02
5.792100225364044813e-02
6.927800270008664663e-02
1.162251352655511993e-01
6.169820683709832665e-02
2.823480778586995310e-02
3.243613944715734859e-02
5.436538719298261713e-02
6.037676204685515219e-02
6.713428352580644298e-02
5.699713864496906007e-02
4.851545023639887433e-02
7.753303576352160026e-03
3.116319998824504042e-02
4.918361858144566084e-02
1.720014212520875121e-02
7.446818468506101983e-03
7.676647385539360404e-04
1.180360106214535954e-03
7.304744312781118187e-02
2.025333695168386045e-02
5.019975969826939721e-02
4.201554774424778871e-02
4.654015140195661565e-02
5.802905491132723248e-02
1.566419754112781046e-02
3.412903579860501746e-02
3.714637949239522896e-02
4.552217873905094019e-03
5.246914419857368755e-02
3.930000125408071587e-02
4.487405458817234397e-04
6.419009395277391894e-02
3.968354475122561759e-02
7.342430491546885494e-04
2.785616013839551861e-02
4.584812888514647883e-02
2.362815859357347836e-02
5.579516085167703088e-02
3.858181455346908206e-02
8.466879744867726598e-03
4.286613682403152964e-02
2.072347507163832536e-02
7.029880285555570318e-02
2.607950432425908127e-02
3.744208148448412848e-02
4.166189337496694484e-02
2.972495250228334232e-02
5.990916963596470968e-02
4.649049268561806364e-02
5.606673198115061200e-03
1.357947374972833833e-02
4.174768194170701274e-02
2.886020481144472433e-02
7.270283182341799599e-02
3.830630253319294853e-02
8.256024081394874176e-04
4.624144075153722826e-03
3.778634939291414079e-03
3.682274312689786527e-02
5.329887471555332980e-05
4.795154846389013126e-02
1.072508044443193538e-02
5.559181467035438640e-02
5.824920206964137592e-02
3.060259162408482045e-02
1.559546253446536523e-02
1.715553884486939809e-02
7.446662950969792916e-02
6.312012456669154059e-02
1.294670446643263976e-03
5.473719651297993122e-02
3.819245486261179517e-02
5.855122324662705158e-02
4.423552468937957949e-02
2.848764797295218892e-02
1.776595686008271627e-02
5.364296206811550866e-02
1.993037059715138323e-02
5.720768391304541234e-02
5.609996119904853834e-02
4.903471038119094211e-02
3.832344984220455164e-02
1.647506612404348383e-02
7.347657070731752893e-02
2.827601415337913787e-02
5.390999547468186548e-02
5.554414205642090041e-02
5.464214486041021890e-02
3.158282433455601723e-02
4.211618266276413031e-02
4.800443533058191409e-02
1.287724076077849736e-02
5.588420921319716544e-02
2.611534949465290842e-02
6.045458418077289016e-03
5.410228596807047791e-02
1.907028161354192008e-02
4.089647753716663917e-04
5.545022303371914540e-02
4.896586608163184390e-02
6.008858948130682553e-02
4.402242118763565609e-03
1.408358210560900665e-02
3.787214962687062564e-02
3.410184940747752833e-03
2.192321436134640408e-02
2.925643264567722932e-02
3.149232993577655293e-02
3.829658539926991678e-02
3.205258265935488800e-03
5.605766890722704843e-02
1.224504227743717852e-02
1.017872038067430158e-02
1.634511518582594525e-02
4.878009579215192987e-02
8.002751403575236386e-03
5.003247969729292255e-02
4.134655041950077714e-02
6.032181495868158688e-02
6.359145575438823750e-02
3.368434761354204693e-02
5.879406990868779603e-02
7.289349156642729692e-03
3.284428534515027726e-02
5.746675235496106343e-02
5.702854914593431107e-02
3.481218197385393953e-02
3.481102346251233048e-02
3.310034497198958980e-02
4.633673236484894126e-02
6.467867235525036340e-02
2.960761222903522324e-02
6.050001866762888536e-02
4.139845224213565406e-02
3.144368726520615359e-02
1.224774080484198995e-02
1.714751669966455699e-02
1.618794838680052278e-02
2.596463100571358776e-02
4.335918594940638832e-02
3.519391633649812667e-02
6.151301864865248159e-02
5.424478862407665185e-03
4.038052047235028003e-02
1.282151771217263612e-02
2.222050619486290457e-02
5.843403273196291076e-02
4.517938119787111295e-02
5.994210852491476532e-03
4.575179290501916324e-02
5.979364171572120606e-02
2.578383171875241534e-02
5.714995730076515706e-02
3.990215031101890936e-02
9.304805151729338489e-03
4.619981974104565153e-02
3.330278164503853999e-02
6.909082769283877989e-02
6.311181647741367917e-02
3.064563386664879985e-03
1.211566175262185352e-02
4.927523685681380744e-02
7.355183856325375139e-04
5.824961774382508839e-02
5.002938283469798852e-02
1.285346345654200459e-02
2.956702169885731118e-02
1.777062802530913338e-02
5.811609009138860721e-02
4.461894329737104564e-02
4.855952136034080713e-02
6.099900491445847672e-02
3.582442820591477672e-02
4.311384746156295134e-02
7.201151607734071480e-02
6.479578678596976948e-02
5.836667108165900092e-02
5.683318568148315597e-02
2.855204112737581498e-02
5.794317749527341105e-02
1.667876078544036633e-02
4.471803666163501334e-02
3.456133608004394869e-02
1.007718225177943634e-02
4.287081029441379421e-02
7.803088246497999004e-04
1.415974549042471988e-04
1.294197926947392293e-03
7.034022596099386015e-02
2.024081864501699538e-02
3.130860219353334695e-02
1.615889811626471800e-02
8.700564470385560405e-04
1.237815038122635873e-02
2.435748201102498275e-02
7.322029444669890530e-02
5.513706818717664659e-02
1.939916898340031740e-02
6.853814815362577195e-02
2.293641424300333492e-02
5.505866978632237979e-02
5.915837139375239306e-02
3.662189413834310986e-02
8.998087383806476283e-03
4.849709434836903255e-02
3.665904846430766183e-04
7.434215343993718153e-03
5.683902376825421265e-02
7.359479457903177202e-02
5.745292009967308162e-03
5.147463756596483420e-02
4.743551121787156072e-02
5.023036125994176371e-02
8.940102464920536562e-02
4.854019934578862605e-02
5.401242233371009172e-02
5.723232073839450845e-02
3.585932807914802428e-02
7.434128843286155752e-02
5.133310574809164112e-02
6.580494566829860059e-02
5.244248591268429321e-02
4.002539274105233053e-02
5.064184085544563146e-02
3.718332373217501235e-02
2.207621943778303314e-02
4.508573892334910571e-02
7.880982418421468832e-04
5.629311102414794737e-02
3.611821563769066629e-02
3.403843950834055387e-02
2.338591559656726104e-02
1.278273920496591533e-02
3.779059018141076032e-02
1.128320414334072408e-03
1.986808594570295405e-02
3.768005016892347816e-03
4.390225538505667519e-02
5.326951184951693452e-02
5.069356908853380611e-02
2.190680185783325240e-02
5.235582132050035920e-02
1.127992927391507395e-02
2.558973727094600303e-02
5.093946664158283816e-02
5.030295611948544521e-02
1.269603328735589495e-02
7.757625886292827955e-03
7.250115662909405179e-02
1.882041361640498373e-02
1.040795572381478379e-01
4.323400266771237205e-02
3.682146907663961383e-02
2.813995024031385253e-02
9.843406830502498227e-04
5.701567629255661213e-02
4.011658254419691455e-02
3.686047923565476114e-02
1.679607350274031977e-02
1.189150282976651762e-02
1.344777679932106056e-02
3.709028841628635338e-03
8.805931740327975488e-03
5.261765168981618717e-05
6.418610000253857639e-02
4.346340920110937367e-02
2.294173318189434568e-02
5.316925498448892007e-02
4.452052302300794212e-02
3.742051930968082196e-02
6.787119081345839577e-02
2.847248788867381628e-02
1.336543336628643122e-02
5.715106400574285206e-02
3.355918034499522778e-02
1.087992582036948278e-02
5.073894965481741404e-02
