4.721950802945854009e-02
5.072414186431899175e-02
2.798136294550815275e-03
3.601685179297133693e-02
6.783027143469660958e-02
5.486284229686829578e-02
5.653824505991342231e-02
1.858286061312128257e-02
3.115123264683705359e-02
5.717964450034256768e-02
5.685386326764430703e-02
4.751114028429333919e-02
1.267855707368097627e-02
5.355803727701857753e-02
4.103920961555714703e-02
3.616919451298632182e-02
5.750507334241249796e-02
5.201933127269021268e-02
6.094343185036221744e-02
2.903941320487059274e-02
4.905804743488660635e-02
3.909449986611666927e-02
5.043379095554742508e-02
4.716414877355654817e-02
3.629751652372997794e-02
3.800707053839799676e-02
6.227695130435369902e-02
4.487577814552311944e-02
4.690163654990602005e-02
5.280935026497710766e-02
4.615031623053555965e-02
4.390385113952229718e-02
5.055569077389758526e-02
1.295529193369437601e-02
1.326029939153120993e-02
6.128401755883598756e-02
6.913172873523223960e-02
1.592406520217522908e-02
4.731245594773532404e-02
5.674267829864739626e-02
5.373648822123877622e-02
3.171863836156830346e-02
5.593841850740855631e-02
5.636549650552652446e-02
5.032505094906172122e-02
6.137517703303110861e-02
2.453655179238904346e-02
2.585167332111469943e-02
4.282504245116217079e-02
5.503540900251059631e-02
1.097995979815087966e-02
3.262235267694336971e-02
4.343835528517101495e-03
5.723328783898420924e-02
4.604074857704226059e-02
2.497431160307334030e-02
6.419977732978124352e-02
1.269736419994056502e-02
3.078135002981652324e-02
5.517101696628254337e-02
4.263314094816673429e-03
4.221824282607956891e-02
3.318518025491591639e-02
4.840646363291716686e-02
2.639352525077693148e-02
2.772705152618869497e-05
4.165857738131758387e-02
2.120350970615816899e-02
1.713213091737967155e-03
3.185903318840223319e-02
1.086653250747911595e-02
1.157325127800945715e-02
2.287983087034643759e-02
2.479323725303309023e-02
3.247610719324647149e-02
4.311864204452015709e-02
1.403631631454000175e-02
2.377819871952781619e-02
5.435106060319224580e-02
1.207396396967963872e-02
4.451968804530800211e-02
1.823164800404504862e-02
5.478579008412406276e-02
1.439096872114822324e-02
2.446429727941493854e-02
6.096660535199310837e-02
8.122734889871406627e-02
3.015180422241053523e-02
2.073125525559638485e-02
3.990384169425737620e-02
4.849956989222989345e-02
1.067052785332223662e-02
1.339636933845235293e-02
4.756446302479112875e-02
2.158815508534730684e-02
4.115057648975749272e-02
1.389188448891739112e-02
1.176915818586221803e-02
6.441602098003941512e-02
5.264780316529323739e-02
1.800323225311795464e-02
5.510225790199172261e-03
4.731198539327489266e-02
1.942885311373115931e-02
2.330442990712729145e-04
6.783387325726251624e-03
8.768810725839390474e-03
5.868514576606809890e-02
4.974637946519391840e-02
4.367486656419938829e-02
2.994051445402074602e-02
4.985619765469734982e-02
3.394384812766429536e-04
2.663062385213415401e-02
2.653494809306065905e-02
4.126925579765026997e-02
2.188059425005458095e-02
5.890571371561025005e-02
5.089913045326718150e-02
4.133373602439398969e-02
2.625101683723804827e-02
6.623401448239912837e-02
3.668809627302080378e-02
4.407278405034661950e-02
8.966458896296916961e-03
3.677347709227851702e-02
6.197923913492745657e-02
3.514816190358058257e-02
1.827079260101440242e-02
1.926563365529221014e-02
5.757328639702851553e-02
2.906830623961488211e-02
3.332521612322736360e-02
5.874349669828075188e-02
1.370679870392144117e-02
5.528382833099595300e-02
5.661411649252418021e-02
2.213214410272562604e-02
5.184298653661472550e-02
5.632885532547655949e-02
5.539854322142178517e-02
2.073957052623580030e-02
5.628954951523190697e-02
4.053340622817429295e-02
5.808476961222813068e-02
6.944955574240115580e-03
3.844673093486955517e-02
4.738244175595390101e-02
4.764662897570123845e-02
5.765342220580305099e-02
1.218385183538275851e-02
3.735911065052363589e-02
4.054989138019209072e-02
4.279408362202009874e-02
6.137614011105251705e-02
4.127735087692951943e-02
4.641202224578500068e-02
3.043068519376520426e-02
3.589365702655077095e-02
7.043816101148821229e-02
5.429382269349307399e-02
5.515905326510389672e-02
5.157699639451963913e-02
4.911289005017060311e-02
1.745161679259351131e-02
5.999883602069572275e-02
8.486892020881660337e-02
5.341336426895360728e-02
2.539360178638603097e-02
2.534621845546589786e-02
4.344394140773050195e-02
6.656926545532174111e-02
2.199513547117144807e-02
2.365710926364162877e-04
8.589217452388497875e-03
3.350790389049181084e-02
5.550832779534736056e-02
2.601503307381134930e-02
1.065014325266231722e-02
6.494031884430831458e-02
3.660782154411552219e-02
6.583037501937566427e-02
6.246359540221217005e-02
2.487878258964404052e-02
4.080713132692426193e-02
5.686405665496974127e-02
3.104856132795028034e-02
2.241883114811752883e-02
1.128640640922647272e-02
3.193730852948306609e-02
1.371314940078017554e-02
1.022651766243604446e-02
4.741520495324565154e-02
5.294459814839146822e-02
3.099577290637358512e-02
3.044323931860874093e-04
2.672616972998760176e-03
5.608884019895878309e-04
1.516701779869592502e-02
5.243223466104141028e-02
9.163638532813374142e-04
7.157131783767636812e-02
6.809696797976377836e-02
7.004283931616105130e-02
5.320288619885584630e-02
5.178472786310604065e-02
5.358480914386842819e-02
5.371428927245357893e-02
5.784673493428735963e-02
6.494976222559305234e-02
5.890227880669980784e-04
5.720814666656991176e-02
3.660149648773208895e-03
1.101363997280129479e-02
3.725824799401904197e-02
6.852628965336103606e-02
2.958441070733205600e-02
4.820098069264804920e-03
5.101260884820991992e-02
7.141664068615052874e-02
6.045418741303047738e-02
1.029444045851010334e-02
1.853576104784512022e-03
3.584721304810708359e-02
1.012255598143392034e-02
1.866867950309827884e-02
1.919954961649169775e-02
8.503221941230886677e-03
1.204884272495761015e-02
1.650990680584387207e-03
4.382136527601476761e-02
6.088260854559108398e-02
2.111251615762917838e-02
3.541263961548175160e-02
2.942049960163017203e-02
6.623080537483685970e-02
5.647439260307947351e-02
2.134786823394162203e-02
7.948555360175712766e-04
2.008733103994618865e-02
2.725781557489910523e-02
4.926025850816093121e-02
6.541764180941066209e-02
3.886823217929662178e-02
4.566891260674304370e-02
3.653165977371261586e-02
1.466190930251351845e-02
4.472956762859738034e-02
1.636583846683171278e-02
5.126340518355523845e-02
2.054092754047117178e-02
4.012698925817660689e-02
4.454073140716134638e-02
4.273610088115262218e-02
3.832383164016954502e-02
1.230794875979707680e-02
3.689062929903433319e-02
2.163985558652607374e-02
4.911270275883247716e-02
5.852616138340406560e-03
3.492322963553856630e-02
3.274424248516512228e-03
4.772241019015676516e-02
1.940968756532854972e-02
4.901410120504912787e-02
4.637049888075745613e-02
5.174370961559237453e-02
4.288305648401045250e-02
4.139147589865921351e-02
1.206929449537502350e-02
5.847262518457256586e-02
6.966295718539265583e-04
5.972263879087280625e-02
3.459027559508719846e-02
4.726320034502237005e-02
4.893247315180631468e-02
2.832469473466213417e-02
5.839633688258581701e-02
2.894016149277673505e-02
4.925149919286111316e-02
1.873873885421702482e-02
5.382539707816472868e-02
4.722414377583177697e-02
2.817499008571378721e-02
2.965302322355213918e-02
5.231070246056093720e-02
6.029596157522867234e-02
4.357144554408415305e-02
5.786487625535963186e-02
6.493612290242629925e-02
2.977438567730112534e-02
5.587307045984706011e-02
4.976635201288097388e-02
5.849630770083814879e-02
3.843366818416359826e-02
3.889942938806653649e-02
2.786153347462271695e-02
5.763281075833579653e-02
5.607303559758740341e-02
5.929491638401119397e-02
5.808478961965137660e-02
1.825363409611434340e-02
6.917002772396259325e-02
2.489362587313298514e-02
4.998425830548510612e-02
3.992982914302275338e-02
4.539382731622422507e-02
3.050337563719156611e-02
3.096874721447818654e-02
3.179582448898767011e-02
4.446011461368309936e-02
7.064941528373638868e-02
6.060100374595214084e-02
4.261877953410930786e-02
1.159144864815934463e-02
4.062377195001101032e-02
4.458417782022173342e-02
2.189334737503644338e-02
1.086173409487253480e-02
2.089745517829163027e-02
5.828999046136650736e-02
4.379768756233077404e-02
5.327357276140511771e-02
4.887342975462987543e-03
3.084107565559161129e-02
2.023336428409256565e-02
5.879045920865901172e-03
6.463320295671058646e-02
4.328355222962634863e-02
2.987224628157393851e-03
6.615888856066581836e-02
3.992448699279640273e-02
5.649081126347724191e-02
2.143112630291321014e-02
6.489528815380096738e-02
8.685542433567866594e-04
5.988173394911248254e-02
1.747284681043324503e-02
5.891676227371105828e-02
1.313614918704281674e-02
4.960090790269043592e-02
6.666262109886866849e-02
3.119389285443880527e-02
4.057455928773500775e-04
5.437292948982604818e-02
4.817897234658123640e-02
2.540512757871486726e-02
2.489814204713227883e-02
4.085317995416872655e-02
6.270476509126221565e-02
7.604798033793904594e-03
5.635499065025245669e-02
4.894045357970493171e-02
6.838883333318390711e-02
6.453694975604144790e-02
5.753391841847348837e-02
2.953559060682765802e-02
5.478768691655414719e-02
5.629968524960020371e-02
5.590815986350141514e-02
5.194866779293715736e-02
4.085000820149936596e-02
3.499906600168013748e-02
9.297958441639274374e-02
1.070256405790271509e-02
3.478709137314408943e-03
3.192879817303156953e-02
2.435805694347903741e-02
3.587665603621768839e-02
7.131764148741914777e-02
6.556484547358324040e-03
5.573911581318578834e-02
5.728087639156933392e-02
5.611152373599136850e-02
5.826291509323057449e-02
3.791917403083659016e-02
4.331729973739648770e-02
3.741088686069004438e-02
3.431442813891653898e-02
7.210687288294746755e-02
2.643043687432461517e-03
3.223265762992081479e-02
2.824152045340274503e-02
2.746788769128526500e-02
5.381073870297032463e-02
1.547592027546838833e-02
7.766803125072353590e-03
3.004163215802591394e-02
2.893927294039073169e-03
3.663347034988555240e-02
6.286060268921628280e-02
3.531226766486469069e-03
1.990015617463004524e-02
2.402245607594409929e-02
5.784971046841660969e-02
2.505339281050108363e-02
1.289750692444939853e-02
8.360476330865266106e-03
5.750297444514663320e-02
2.245875687826854109e-02
2.299058013630048136e-02
5.638817342454831294e-02
5.218677579802761396e-02
6.723388728146420523e-02
9.740602955168981350e-03
3.895333278801813015e-02
4.934971362475511908e-02
3.778015278515512582e-02
6.252701633595621200e-02
4.460678865886483907e-02
3.637246608712201706e-02
7.019727912974982331e-02
2.998901029832587439e-02
2.039839738430733115e-03
4.018814263231056116e-02
1.089579875812370438e-02
5.622974905138497514e-02
3.030487974150894437e-02
3.384457436300554456e-02
4.375034864131759071e-02
2.843768210530422946e-02
5.009136129403261731e-04
2.809946468970787176e-02
5.770442371616475719e-02
3.867900297619085437e-02
2.403636223804565472e-02
8.689030090139746726e-03
5.614739626776334147e-02
6.592030449855028340e-02
2.387363194924931042e-02
3.236569496976290754e-03
2.728053319613975986e-02
1.638807592339932770e-02
7.058544123259692313e-03
5.517624510818894962e-02
6.069908007510796399e-02
3.477732237818368516e-02
5.296337809918389219e-03
2.033204039538481778e-02
5.952655553795410670e-02
1.531952264836825180e-02
7.582677583089413031e-03
3.902472392182847194e-02
1.427087034970779544e-02
3.933809440477090830e-02
5.701341014742701552e-02
4.437781795683239106e-02
3.374129601208224888e-02
5.003919273953393726e-02
5.610345979485412138e-02
1.128817455007879479e-02
4.874267646834276602e-02
4.498335873413224911e-02
5.492615700313885352e-02
4.811005758511045782e-02
9.499065059989087595e-03
4.764406239022146716e-02
3.860167705401949118e-02
5.213624433352104931e-02
1.241902613152258937e-02
5.061148707863770326e-04
5.218563603390042466e-02
5.640532579658608103e-02
2.706045059100934541e-02
3.211074971173247250e-02
5.565803041719476901e-02
3.858627916693550125e-02
1.824612461235576230e-02
4.422668280374285332e-02
1.963028971460544728e-03
3.925331175944525228e-03
5.959384843091972833e-02
1.130896652755345811e-03
4.216404056130728523e-02
3.698509653321243457e-02
7.550178918703401819e-03
1.767075087819074825e-02
2.983447823182688516e-02
4.652559070146266440e-05
4.109782387513588597e-02
5.649547330043671461e-02
3.174040477810624594e-02
3.332476000299505661e-03
2.312027564865839005e-02
5.176048312630697479e-02
2.582898552193160779e-02
1.975996098072843946e-02
1.592548381875075192e-02
2.973622379010952207e-02
4.252526205575588719e-02
2.769573229126044006e-02
7.728877793769313442e-02
3.179725871566521129e-05
5.720075721831039545e-02
1.170922346584941411e-02
5.500105929433885682e-02
5.999102390609783314e-02
4.061869612952503927e-02
8.499454328246523884e-06
6.208513815894209364e-02
6.000211582142888495e-02
4.036572763162208505e-02
4.880446568546394776e-02
4.395449647317161562e-02
4.412874623040106969e-02
5.404674594838888152e-02
3.028202748878527570e-02
3.844092167033228563e-02
5.093908529820111858e-02
5.251256188123214208e-02
5.632272455697929364e-02
5.449169520917735571e-02
1.044660227832262811e-03
5.502580001490200295e-02
3.777952242382055792e-02
5.085621838137000666e-02
3.392391010143814417e-02
1.569722830404673281e-02
6.759190976737482204e-02
5.782231382837322436e-02
5.728728619407677698e-04
4.550573845436360620e-02
5.507611178544317976e-02
5.710443374737745464e-02
5.570341843087735223e-02
8.580413406821698133e-03
3.422587739933037609e-02
4.768879028735512060e-02
4.214354406125309094e-02
1.077681549440584127e-02
3.347345090030229287e-02
3.879790424420398714e-03
5.331870595278378339e-02
5.962190813214110485e-02
5.593455629396026918e-02
7.020540717277004572e-02
5.123087519488449260e-02
6.390320968167112481e-02
5.802399330744151956e-02
5.263784412121360473e-02
7.200938816524007739e-03
3.511776629615654538e-02
6.442491150093999919e-02
1.230465509421264231e-02
1.654038681590507334e-02
3.334063060042084803e-02
1.106951523646370304e-02
6.784203919822842828e-03
5.203290273618774858e-02
3.509397745140018648e-02
5.240005976914028502e-02
6.858136322605228041e-02
5.702975503641768973e-02
2.023211863842790115e-02
5.245734723304554953e-02
3.765408272901153708e-02
3.813477592566234115e-02
5.994257178877140241e-02
5.628156876575804435e-02
6.558403962997379211e-02
2.461413244170249787e-02
5.776996966219958597e-04
1.897926312580085206e-02
4.210371516172452949e-02
3.379394951955200926e-02
5.431609546942450101e-02
5.179830035925743481e-02
3.191871024192265843e-02
6.567939469542288800e-02
1.498738489880721656e-04
4.679669926965515647e-02
5.904321957120812342e-02
4.378117593803227542e-02
2.816289346929591250e-02
6.136141924932237638e-05
7.006456960523974042e-02
5.934032301643443752e-02
6.209666985556665936e-02
3.542490008469144358e-02
1.254256922581244854e-02
5.909879437101649841e-02
3.584169473405671852e-02
5.819968848980207332e-02
2.181951278197219457e-02
3.435854402338748420e-02
5.106085737647544226e-02
1.647677345591312681e-02
5.785281574789765541e-02
5.993338969162442798e-02
3.162882461731170158e-02
2.266219139343838451e-05
1.878190636675991163e-02
6.019527630551182312e-02
5.626941614650085577e-02
4.683477075598586892e-02
5.585328103030705316e-02
3.618037634826219706e-02
4.082704749601182709e-02
3.012782558408194991e-02
1.573551379446953835e-02
6.899023794909837914e-02
5.924085652173303324e-02
6.871038677476745682e-02
2.444857094532198322e-02
2.658917037474054293e-02
1.985910469104648288e-02
2.685047611190342909e-02
2.031194907667296934e-02
2.347431954531269214e-03
5.722807590418148987e-02
2.158467004525461280e-02
2.282218389525705188e-02
1.070203281622656225e-03
1.998826761925472789e-02
5.254334161386135099e-02
4.970572633429832382e-03
2.778126704707038069e-02
2.432763596164485079e-02
2.478815121505360819e-02
5.455438899540212411e-02
7.233109177743989038e-02
1.308901869232439313e-02
3.311201462767555254e-02
3.440831288242351960e-02
4.788690507460482970e-02
2.209048003398624829e-05
9.013074999532770526e-02
1.574525245570240414e-02
5.395218965063568184e-02
5.934056262224841893e-02
3.996272104036604350e-02
5.155079739819638796e-02
4.322801458314844136e-02
4.323404260069113603e-02
4.536121826970460069e-02
5.359411151049933708e-02
1.853015883579019196e-02
6.857330662472746474e-02
3.872530468279661992e-02
5.031420883295702196e-02
3.188054024085105326e-02
3.870344727705242460e-02
1.273732455926770632e-02
2.535157118723539368e-02
5.345375493290215746e-02
1.565666117089706613e-02
3.939497896095193324e-02
1.687843854945382570e-03
5.635075784276328409e-02
1.241985820102257769e-02
2.915366131108197006e-02
2.831790742317861348e-02
6.290692410632625631e-02
5.028413045991728808e-02
4.153735593361692485e-02
8.576531680632408505e-02
5.415866063479461007e-02
1.455910092286636856e-02
4.622591048709465134e-02
3.020540919812980066e-03
2.812277383281328383e-02
3.652774635712018850e-04
4.268548868657236206e-02
1.053849735404923937e-01
1.775484247147181630e-02
1.531211598958272767e-02
1.931657124881370634e-04
5.173530811742209357e-02
4.630403085750879610e-02
7.073499195966410913e-02
1.119645068986895725e-02
6.396363521903854731e-03
4.636848752733399581e-02
1.597015282578172560e-02
1.965914355607786221e-05
5.175976544359842113e-02
9.951251234961286385e-02
6.314770929505354735e-02
5.956450972955871365e-02
1.296593942074698684e-02
3.851267523336613426e-03
2.849568198245445647e-02
1.379705215598097702e-02
4.467356121586701923e-02
9.260684608749757130e-04
3.243767314683132508e-02
2.224182218398733368e-02
3.970725134851987859e-02
7.225970526254708827e-04
5.503298263834486420e-02
2.028728765612513099e-02
2.667034601820526818e-02
4.008038149242218462e-02
4.372273390344285499e-02
2.692305721776629135e-02
5.889752245700122235e-02
4.125420544734802880e-02
6.294115717400637633e-02
4.292414790294666466e-02
6.996307862725978377e-02
5.066500336206151284e-02
4.265128045922575613e-03
4.746070121603106901e-02
1.065998111637343065e-02
3.299449130206169589e-02
6.031434845689399860e-02
1.175470920071869547e-02
2.182118019979556109e-02
4.296491364100608890e-02
6.804302893342789593e-02
1.200474028417215788e-02
6.283666238321006237e-02
5.957751555779983166e-02
4.031361673295325021e-02
6.872735666661548837e-02
2.162602646463838985e-02
3.150102096856711997e-02
5.119703335932251909e-02
1.407108723009319398e-02
6.365037426153598299e-02
2.097173959352914216e-02
6.321390232420645572e-02
3.650734957028942823e-02
7.051415668936034066e-04
6.202573910856590093e-03
4.805213996637910934e-02
2.206318944920302935e-02
5.252781241388741057e-02
5.998919474983287897e-02
5.859202284980769698e-02
4.906217992953965101e-02
8.896161233602826839e-05
3.626278134343027121e-02
3.328851498986667296e-02
1.578732572467289250e-02
6.515603826275007115e-02
2.960229504620787849e-02
4.350732796829601123e-02
5.531878291065134290e-02
5.367936908818078667e-02
5.794440700624489682e-02
2.408172646827131183e-02
5.704151738295459156e-02
7.182501544001004823e-02
2.954364699651320508e-02
5.739148100431398780e-02
1.293333630895207587e-02
1.585133977202642791e-02
1.730836636638701312e-02
5.171914829220804199e-02
6.047978429515667165e-02
2.056521774117294615e-02
4.145583611913380984e-02
7.212479533128322851e-02
3.615876307228985120e-02
5.151910411601728218e-02
1.601269321428356457e-02
3.942113783767649954e-02
5.828751349858497105e-02
5.030859156952031258e-02
6.907779564261623539e-02
2.080212025915986057e-02
5.456482626639755362e-02
4.900059007192580224e-02
3.917958412602222384e-02
1.685436189517156014e-02
5.767113400607505602e-02
3.210510946160605172e-02
2.812380558774504880e-02
2.000272015221418037e-02
5.782452801649942686e-02
4.559235539454153940e-02
6.265347749524508014e-02
5.079324316126559991e-02
5.671636314105347326e-02
1.513130192689940250e-02
3.335315179778650108e-02
5.987806999750056730e-02
4.157438571268907285e-02
2.933443978441775679e-02
2.003154041855651369e-03
6.135787966962911837e-03
6.847376744350722189e-03
3.695849970700601506e-02
1.568166132608195609e-02
3.477376775734337261e-02
5.568914831009454287e-03
5.256760318167621321e-02
3.719840251076956400e-02
1.841736396155948044e-02
9.494920137102679899e-06
2.990833626306588222e-02
3.205082600659432831e-04
5.442894115270703603e-02
4.101031978193758754e-02
1.393411082805088089e-03
3.194390138203091756e-02
2.297628182295092039e-02
5.177769849459624204e-04
3.700600436024695239e-02
2.356352235774035421e-04
1.321490130366183161e-03
5.008330210998763327e-02
5.576801125408151032e-03
2.171216381923589053e-02
2.381767280227906416e-02
3.989184092043441404e-02
4.109097038327975959e-02
2.810615595772971570e-03
4.999249100033222037e-02
1.893832084886504230e-02
4.731127761734272436e-02
4.258601330430909770e-02
6.450494499313257080e-02
3.676097403248485408e-04
4.282016628770306255e-02
1.961970221419804053e-02
1.088849403393577116e-02
4.964784254910793726e-02
6.723329388399364170e-02
1.084179126494480908e-02
5.750540494637106786e-02
7.091520494454654766e-02
2.611996970693113845e-02
4.586780916315193191e-02
5.781735138412366637e-02
2.736735315058492352e-02
3.363059297804930079e-04
5.151878181105103149e-02
8.646770556100275007e-02
3.594107286957665820e-02
6.100587560197268805e-02
4.906710957896315284e-02
4.631544211263873001e-02
3.669313300169600028e-02
1.155392988043123063e-02
6.975804093775661574e-02
5.542307488151867328e-02
3.025923907884903175e-02
5.669493599384940741e-02
3.892154464129016916e-02
4.749283249665422341e-02
4.772948979888667898e-02
3.963039434951479145e-02
2.041135691002551183e-02
5.397195565716450538e-02
5.987976145488117796e-02
2.141429139203993026e-02
1.783284214761615694e-02
2.659044971432672141e-02
2.821200216598340749e-02
5.187528468288981481e-02
2.437688860240488226e-02
5.182457253819249682e-02
3.782092056587827572e-02
2.187627639045522723e-02
1.751169272371935065e-02
4.248297227532352172e-02
1.443832374567393002e-02
3.081509096233106190e-02
6.310723097621815866e-03
2.769502596397297248e-02
6.116819498780082937e-02
3.167218199857514509e-03
2.479154329195596557e-02
7.160432489466711514e-02
6.688265198155246560e-02
5.455754541782006223e-02
4.398594019226983315e-02
5.969302205589786109e-02
5.895758280051477396e-02
4.329302845135168942e-02
3.400953611956079869e-02
5.579813101065104336e-02
9.376984319990990836e-05
1.819516684340351589e-02
1.776167265585274629e-02
1.485113840393466333e-02
5.407627168156870640e-02
3.892760499365881672e-05
4.701103398016618501e-02
6.533371164843795875e-02
5.691553712868371168e-02
4.354874293324188794e-02
3.828509313898428856e-02
1.716873924475149048e-03
4.398940273350086111e-02
5.698171035820396441e-02
3.623655462458750046e-03
2.456018144874450894e-03
5.666957096202693972e-02
4.686212049664299772e-02
2.251540791857674709e-03
4.441667731454343460e-02
2.110825850394876940e-02
2.589386761246550983e-02
2.964294195242627925e-02
1.451031927603404006e-02
1.057250380424076125e-02
4.484763388311217153e-02
9.033232737410079594e-02
5.765323111239659126e-02
3.915102092817899365e-02
3.862607693937341463e-02
1.696033645695006059e-02
2.769662485527349047e-02
5.648497727627674325e-02
4.595763135911032360e-02
7.922924187711366875e-03
4.760829635760988748e-02
2.515431296299896341e-03
1.298991161013904891e-03
9.660168622709340049e-04
1.025053381635253336e-02
5.165869395545873155e-02
2.001292312147841257e-02
5.955301735876788322e-02
5.859493953900452891e-03
1.843538365786919972e-02
2.192749192973399153e-02
5.402902069080689484e-02
2.186685606755629850e-04
4.438623414609348117e-02
3.361667926647000232e-02
3.158782652645223538e-02
3.396113262200650923e-04
5.385901332412066506e-02
6.480313011475777318e-02
2.175310998758385461e-02
3.466054884535967051e-02
6.996670165263752308e-03
4.028532686217974751e-02
4.587272463581837378e-02
2.635003663477646432e-02
5.868456247906286144e-02
1.439049241502143774e-03
8.661798234859151291e-03
3.687953469919479088e-02
8.934205355125535500e-03
2.894100424670762589e-02
5.872822992457808755e-02
4.466823192365509260e-02
2.812928515430782733e-02
3.918904626290948406e-02
3.351589141143848649e-02
5.777229810781683156e-02
1.675886927789854838e-03
2.250511477738655758e-02
2.919438258281161283e-02
2.233665885344699245e-02
2.858644850431082268e-02
6.490983534450919801e-03
2.851826832249450966e-02
1.153301742030899135e-01
4.484378729370245426e-02
5.384609562268384249e-05
3.833613088354195092e-02
5.690027434991121180e-02
3.949164356614067589e-02
4.769876352161062615e-03
3.280872081687075809e-02
1.003518084227109607e-02
2.064275647713383760e-02
6.064718578824540574e-02
6.873883581457762050e-03
1.065223297930740186e-02
5.385351105546506978e-02
5.954586714003938519e-02
5.325865768156997498e-02
6.018246023813488693e-02
1.999341429214902301e-03
5.624024753888917649e-02
5.112535099022064849e-02
5.612843060110030841e-02
4.443535126047704065e-02
2.493488927827959209e-02
5.546982694774763717e-02
5.434251635656279361e-02
5.309695371929271795e-03
1.078386648755586506e-02
3.298837286069266489e-02
2.406731526636941843e-02
6.807985932552232389e-02
3.331181962616672210e-02
1.391390646443802469e-02
3.352293937718543032e-02
5.771029505632284395e-02
5.684748711986126191e-02
4.419396229314422053e-02
2.073792546205723963e-03
4.657684616270273137e-02
1.439458330019615512e-02
4.598801804265899990e-02
7.037327010848221098e-02
5.461772334263394896e-02
5.724985820309106549e-02
3.266969947497869176e-02
3.758380142849794894e-03
5.624309784211526525e-02
8.656694796513074441e-02
