7.314431199044191256e-02
9.250742814033967309e-02
1.057475159612189936e-01
1.009130112909442656e-01
4.389712806323008143e-02
9.064407694147944006e-02
4.708511464897483650e-02
1.052746969611245836e-01
1.021132839450307472e-01
6.546498102671351182e-02
9.541828650143045765e-02
7.634212988626552787e-02
2.058785014415982426e-02
1.028295852804544247e-01
8.523612135833161241e-02
1.265476881087884697e-02
9.024779057336237975e-02
4.962807867512544768e-02
7.375609327374925417e-02
9.303210666053135514e-03
2.174928278619625566e-02
5.621573848129270828e-02
1.038503425388350998e-01
9.874573902035323203e-02
8.626529894820950117e-02
3.244364139367662825e-02
1.345294980109760542e-02
7.047805186478411921e-02
8.489154652104560772e-02
4.851937642576722304e-02
9.370163919543143816e-02
1.475126970323621493e-02
8.107078215690233236e-02
2.603286403322974812e-02
9.703954775790944731e-02
9.588833641569273480e-02
4.729735217475349029e-03
9.805344442961554108e-02
4.911678056663946329e-02
7.640528237438308501e-02
5.886532909095344712e-02
7.941428236668279794e-02
1.052903603943931843e-01
6.788485357450607660e-02
6.649652292383244345e-02
1.904738223378534337e-02
9.018603615778597593e-02
2.752547768394670788e-02
6.571900687462395307e-02
2.587957312574976423e-02
1.032040699482896784e-01
1.030077604501315330e-01
1.611207076839336547e-02
8.738854945630251947e-02
1.754287499919818943e-02
6.727509441922399636e-02
2.187952496569315827e-02
1.028569852216789093e-01
1.360387248461343394e-02
5.640982626036279701e-02
6.926264699938962377e-02
8.277540360315191470e-02
1.031567837915141200e-01
9.569541453525967634e-02
5.206662204098871233e-02
7.933733058689909634e-02
7.065500823302897637e-02
1.000584452988869943e-01
9.481418154432569301e-02
9.522030723261773466e-02
1.150670714730293170e-02
3.436272732282564385e-02
3.863432767212648944e-02
8.452863087394732466e-02
4.617804838244670557e-02
1.047322908526645835e-01
6.339163414090755698e-03
4.542781713183507292e-02
9.078233202223109921e-02
2.389069382795153823e-02
2.599474615939097177e-02
4.607485257666879552e-02
1.028148933968382889e-01
9.494129044139901219e-02
3.245443819823633919e-02
1.042414581139050472e-01
1.035619811329169526e-01
7.850546084240432598e-02
4.807686769211646886e-03
3.206405529283269662e-02
9.024523388441649252e-02
9.954589797550891794e-02
1.043651780729662748e-01
4.085728191793435576e-02
2.033428016230267796e-02
2.266347411942038620e-02
7.964073313245023655e-02
1.032229959168909639e-01
4.402920943020936090e-02
1.506823385559875363e-02
9.666413503379257810e-02
1.714499699329474422e-02
7.634022073048511714e-02
1.889786494306922721e-02
2.984913394394002675e-02
1.001391261556681400e-01
8.037955092656519362e-02
3.283746727701286616e-02
8.290615748011874453e-02
8.260234235518572332e-02
7.415588739447234734e-02
9.764109464170904473e-02
1.052201525914567976e-01
8.388785906442317031e-02
8.882363280122744509e-02
6.276654409222238995e-02
5.114583610671408209e-02
8.030058611542906233e-02
7.647624989794113426e-02
6.862578901480931304e-02
9.480660751351407955e-02
5.357636206267830763e-03
9.638142589453900511e-02
9.714224493333425969e-02
1.057770912687104048e-01
9.562626615513719619e-02
3.722313247911327588e-02
2.950781616973230295e-03
7.073323253666577611e-03
1.011593998545345791e-01
5.772781273284157549e-02
7.544508562340217044e-03
2.817896289679649308e-02
8.122194332485634105e-02
1.000308016396025262e-01
5.649983493039661270e-02
8.018313889458825172e-02
2.949023400620471788e-02
7.704067857296637012e-02
8.597444887642631539e-02
1.006380411805895270e-01
9.509971237617040329e-02
7.301806155417218946e-02
7.755780145632752698e-02
1.306649042964040143e-02
6.444526643245482300e-02
1.020575255580485619e-01
9.433811015768386876e-03
9.349056277080396160e-02
1.944222660740649658e-02
1.013659151224185692e-02
5.970731214507531484e-03
1.043616699383981133e-01
6.783164777503179754e-02
5.826918020411030880e-02
1.181882163313728064e-02
6.513872876051249317e-02
9.328685125312121545e-03
1.005010384330480289e-01
1.742044556905124678e-02
1.070670006729889170e-02
1.029024576125169982e-01
9.392878648293162547e-02
9.022257770069730398e-02
1.012163405703881691e-01
9.690153170691077900e-02
6.644593124058734146e-02
9.404683894905314923e-02
4.697292706019488839e-02
6.654145135713779302e-02
3.857780692004844636e-02
1.154364322236408301e-02
9.274763635196744960e-02
3.980952779124903584e-02
7.531297893388000375e-02
8.506428445397795635e-02
8.554663330941721100e-02
9.973164439096190992e-02
5.383864232534828556e-03
9.336152052337493013e-02
7.948036686025561348e-02
1.017859851052236031e-01
9.515461813995611251e-02
9.395780928524685716e-02
7.723895815516856889e-03
1.041531775682725813e-01
1.024108740209616758e-01
1.299341825924772882e-02
1.815258952967988351e-02
9.686381330287052727e-02
2.713394544393890606e-02
8.711967035700943218e-02
1.805174586901552372e-02
1.207771864994191396e-02
5.390209611340340823e-02
3.061476918419843429e-02
4.690616940928495071e-02
4.026327156167262833e-02
4.464935756162618369e-02
6.272384965554393677e-02
6.007662080672106913e-02
3.731954272382525389e-02
4.651479765552677531e-02
2.137533554783537654e-02
2.446391163334090194e-02
3.786877648603458740e-02
9.824810186366324249e-02
4.158567667556965775e-02
2.105451202330321792e-02
5.852896922920496070e-02
2.527181387979604565e-02
3.022644008425685270e-05
7.567143199572337608e-02
1.759567783444131520e-02
1.032935578622239808e-01
1.082347895398453469e-02
9.646132844284519003e-02
1.022712732641055111e-01
9.834574578574448167e-02
1.116124923748955562e-02
5.124683161395355430e-02
6.803927128711131922e-02
2.167950592313265534e-02
1.304255766786421508e-02
1.488847059402312453e-03
1.136987136804266246e-02
1.590397146062937431e-02
5.987881373340664393e-03
3.691053258279181071e-02
6.745898903105849824e-03
5.999846885921125694e-02
7.893860062576769920e-02
6.287258921172640680e-02
1.005610657985802070e-01
9.143017131990834045e-02
9.960037351902321923e-02
5.605939162768038518e-03
4.499872619642072274e-03
5.876034988893216043e-03
4.190941659553453630e-03
8.655507181220067903e-02
9.788537336643229891e-02
8.686979775114883617e-02
5.385213064299890912e-02
4.251936900225129073e-02
1.010252851615111164e-01
1.341259812180345921e-02
9.339807746748768347e-02
4.618021048182858329e-02
4.653258624887466471e-02
8.499185017542652820e-02
6.067582790064231235e-02
9.286409770877132597e-02
2.862143181403370082e-02
6.753829017848941851e-02
8.030716845730302700e-02
4.534602138676162297e-02
7.761360178003798294e-02
1.039160534682425224e-01
1.037844954652131085e-01
9.763596736600656245e-02
1.233277559849633997e-02
1.028238217533774118e-01
8.601149266427074447e-02
1.020591099170501254e-01
9.984845673753903195e-02
5.422137115199724550e-02
4.582243352106599860e-02
6.418565558048293374e-02
8.107143270031142226e-03
7.148584087509647460e-03
1.152332548373306495e-02
8.292329956703073379e-02
7.586522562895531285e-02
1.050348331572737715e-01
8.254022904493045487e-02
9.647893258503420499e-02
3.833465754622391447e-02
9.386553183073995110e-02
9.699835802754558367e-02
9.186875042649789158e-02
9.899650908066667809e-02
7.772400298195372703e-02
1.018431153558086028e-01
1.010427185753402790e-01
1.651954981739548953e-02
6.269381997621908779e-03
8.476259982586767383e-02
3.286082656825876219e-02
5.594838630817045022e-02
3.490989036713190545e-03
9.591120759230251092e-02
9.907636504267776367e-02
9.083605754859357118e-02
9.792300622657551523e-02
9.441190103312067927e-02
5.142602134531421183e-03
9.582137252534884964e-02
1.011303346028854244e-01
8.556889342476382831e-02
1.030146616227000517e-01
8.749508143378491309e-02
4.850633884706931354e-02
5.207743565739711422e-02
9.814429070752191120e-02
5.802516285325834411e-02
4.660987120341592016e-02
2.754957575123804375e-02
6.617445832905569092e-02
9.707496772864573908e-02
9.845441422488310224e-02
3.069474240479434096e-03
7.822147558127681699e-02
5.897282340059322586e-02
1.031336265491253068e-01
9.062260278955137915e-02
7.230842586002429219e-03
3.091734034972325532e-02
9.467757212091485255e-03
1.224396520462303802e-02
7.721335354726507894e-02
5.185520633516277345e-02
3.538478138550328611e-02
3.866181704829691618e-02
1.000230313782847630e-01
7.193180893625532313e-02
6.986676954892995228e-02
9.982711527046535249e-02
5.549556928320847904e-02
9.705332163056941408e-02
9.580563628561336587e-02
2.176882937749894439e-03
1.011793019259850518e-01
6.912684161575401165e-02
2.325121525325342386e-02
3.246401333856214350e-02
4.688540135230612194e-02
3.757813645337838848e-02
7.190376001962928143e-02
6.548682445928948048e-02
2.020213622101955930e-02
8.615292021721082660e-02
7.610919528562288400e-03
9.505425517919824374e-02
3.252104002387533332e-02
2.347319454814046288e-02
6.757884743561641538e-02
8.838437196200485402e-02
2.870144654532844758e-02
2.540412392612187084e-02
9.551429376080632083e-02
7.707096180407634056e-02
1.018132240750635464e-01
9.360311647232051613e-02
9.861236791109911914e-02
5.636561399890670232e-02
4.264703428928130063e-02
9.555567968403118340e-02
6.957663759267659898e-02
1.600784298843824921e-02
3.264577036493957612e-02
9.506515409701507546e-02
4.250286245730252460e-02
4.756121277904120509e-02
9.829818084749486484e-02
9.459452033320031594e-02
5.046785303239359477e-02
2.994096300536159758e-02
4.762559014085959025e-02
3.619210227531913932e-02
8.763441874888003302e-02
6.865072551235727738e-02
8.905551230624415837e-02
8.628489924669917321e-02
2.297205963044249635e-02
2.580692568485576377e-02
3.140369046233623673e-02
3.025125414086119249e-02
3.244037185071265567e-02
7.388970458502272520e-02
8.874223941751126221e-02
9.511859525518731595e-02
5.451950081861812319e-02
9.418728093592425299e-02
4.452236106118345055e-02
7.695509749862598781e-02
3.681490017985301205e-02
8.780107728727061522e-02
8.148108097535935318e-03
8.002644785022486329e-02
1.025834447283566070e-01
4.413314606047039068e-02
4.771144872367345108e-02
2.823696493296775842e-02
7.261145331552967819e-02
9.469528270286674265e-02
1.835914311883777086e-02
2.195187238645155553e-02
9.534402535589554459e-03
2.103551140835048516e-02
3.578193833042539809e-03
1.381424062527858779e-02
9.091600704432313551e-02
5.340087710335478938e-02
1.045196331050648741e-01
7.567925678164943992e-02
1.461680945771864915e-02
5.479110399225317618e-02
3.894538179642900028e-02
7.864343931810016675e-02
6.375917799336704161e-02
1.259853429780532531e-02
9.397667398497538960e-03
8.079943335086028910e-02
8.059096119958468474e-02
1.145516235507259249e-02
1.018963333752849754e-01
4.894640309339253620e-02
2.647775048690269046e-03
6.959000578021912187e-02
6.068713053199002727e-02
8.400479534223982692e-02
1.893287407602693012e-02
1.027747740138089255e-01
4.336589969051820453e-02
7.163436177526570636e-02
9.699310145360122426e-02
6.746392469552052462e-02
7.228836706670213608e-02
1.020844080255781938e-01
7.746197567878011780e-02
8.770677893050633778e-02
3.735011613204896903e-03
2.179635920982973818e-02
6.466865047361165797e-02
7.043483200408853784e-02
9.716197038773648556e-03
1.041733132888577607e-01
1.042997352873691191e-01
2.260590363938057637e-02
3.173275682418057880e-02
3.485946541489647055e-02
2.634824181991561598e-02
1.042261034330707742e-01
3.875528889665987020e-02
9.633719141517409559e-03
8.933173074306534345e-02
1.025936515332714349e-01
1.501585225628195019e-02
9.185718622780326970e-02
9.323957268695876044e-02
9.516567194781055949e-02
8.937250758360534841e-02
1.008719247029033761e-01
7.160292930018349877e-02
9.530591891187399634e-02
7.542421986509864618e-02
3.497885787422406328e-02
6.270444765714443258e-02
6.572547325121712303e-03
2.555185207854507659e-02
3.095419483507440544e-03
4.833503806772599526e-02
9.846566666402167822e-02
4.536973260904434563e-02
5.799936451247825892e-02
3.032920666388453854e-02
8.802937983304597036e-02
1.003801299062014318e-01
9.981652669560082958e-02
1.048530752851041803e-01
8.266851788381010535e-02
9.595941311084309200e-02
7.751694955649018892e-02
1.028814571558611529e-01
5.502734785135456747e-02
3.181419967556187167e-02
5.270230094054919462e-02
2.074131319575483676e-02
1.163455772147596948e-02
4.225468978655740754e-02
5.720398308807162630e-02
5.181178683945657920e-02
1.002269461700971004e-01
7.619258282631426182e-02
8.193336729409732289e-02
4.756457394248461007e-02
6.250385596140351288e-03
1.284255433341889054e-02
8.944769993457708790e-02
1.668476827260077788e-02
2.899411478773697426e-02
6.217718022464399641e-02
8.119767438725768172e-02
8.835261131541420621e-03
2.891470476718043230e-03
8.083987113223202459e-02
9.152302262212333450e-02
6.922630267571121265e-02
1.933339811093312197e-02
1.054513284439128895e-01
9.400585356831794859e-02
8.945637546481274849e-02
3.386674431219356685e-02
8.119017525517607803e-02
2.450287637915730260e-02
7.830623530040210778e-02
1.011222720101869789e-02
7.373846382115063769e-02
1.012201095268395606e-01
2.148443535036959496e-03
6.405657426286551215e-02
1.043304245922151569e-01
6.468612008807782254e-02
9.920066461706432415e-02
5.992698085343874104e-02
8.692991754017063977e-02
9.525658303765641155e-02
9.504235288951715099e-02
1.037767823438111303e-01
1.016743330062629541e-01
6.969502296975851885e-02
3.678109180319646954e-02
8.383021014196985476e-02
1.036948314679814048e-01
1.941985122053766638e-02
8.544558615831174264e-02
9.685387899429409586e-02
9.699724311632643148e-02
2.266241654208440981e-02
3.840710398080993820e-02
7.715092071566728715e-02
1.642742182490434383e-02
6.453010825266479455e-02
1.149622871739051054e-02
3.454031511092867796e-02
1.041010087189630784e-01
4.193983382520973316e-03
9.089817234109032543e-03
8.832593784264673731e-02
2.096586142739257502e-02
1.065132507382209465e-01
7.952439074327698199e-02
3.222456181679754506e-02
1.023097395384679198e-01
9.378495044868133401e-02
1.088294686029002770e-02
7.807093275521982678e-02
4.080862989452188616e-02
5.960107572099106882e-02
8.701684820050234470e-02
2.630651452513411200e-03
8.869522002038110475e-02
4.751884301826654437e-03
9.122902572494696882e-02
7.362959337374275215e-02
2.872308980135309872e-02
7.301907795513135069e-02
8.520977872788976226e-02
1.033637638718649943e-02
6.930620602640111261e-02
9.483624018523707788e-02
1.113357900830299306e-02
1.001900625375392595e-01
7.075971436291760008e-02
1.152848389375124398e-02
8.274957323851787894e-02
4.188451032080726250e-02
1.042930047589348541e-01
5.342480986841063179e-02
9.375027014379030965e-02
7.358656024808205021e-02
2.549856994533350116e-02
7.210590146955558888e-02
1.056130463138107156e-01
1.004032409556071676e-01
9.223390313432938692e-02
3.575360486222840112e-02
1.047676831380172785e-01
8.586681400607967807e-02
8.230189485244063241e-02
2.616039347267199583e-02
8.984834697248431090e-02
2.711239661863029324e-02
6.920972976407065158e-02
3.934277522839302321e-02
4.166611980912863361e-02
1.973051197361353967e-02
1.540883699138252856e-02
2.001300210543430040e-03
9.003114011107678227e-02
8.675850796025419420e-02
1.047827565733453759e-01
1.016534964953950612e-02
8.892867919821927092e-02
1.718343979753012354e-02
7.660764489231142171e-03
4.207432621965869098e-03
1.017990605344542693e-01
3.377513886522749698e-02
7.538747659630898323e-02
9.368717461844885963e-02
7.209269469181138305e-03
1.057438784767779916e-01
3.531311879592353292e-02
7.427818666473796905e-02
6.127482069970622419e-02
4.232144820982850462e-03
9.797827155055571779e-02
7.424423348480738150e-02
3.247551677102920170e-02
6.401535480886257068e-02
7.154067484273141618e-03
4.300309600558881867e-02
5.531403068028212938e-02
9.813677325651071204e-02
5.769898162808161091e-02
9.208416442059234874e-02
9.943024309548297024e-02
7.115837837410401989e-02
8.700369777459406040e-02
9.098642839869372501e-02
6.823391632488036429e-02
7.271702521020320664e-02
9.170271469360459504e-02
9.668850194979838886e-02
9.692681616065271233e-02
6.135544674341868870e-02
9.418357028069977710e-02
3.864015041737182965e-02
1.438782444653058552e-02
1.032007657972332099e-01
3.935419980831322134e-02
9.907965632731441374e-02
4.975556676944352386e-02
8.507945564944688344e-02
2.673325379364303866e-02
2.852449898985721238e-02
9.423220686860693529e-02
9.594750297473143841e-02
9.964139821354393856e-02
7.457119755338785516e-02
1.019163739337300006e-01
9.797985721876827092e-02
6.315691240810993035e-02
2.498448514410368804e-02
4.180214743916955272e-02
2.541960178768103498e-02
2.005677715133757921e-02
2.427000007627033024e-03
1.654404969689942176e-02
9.211378590002500255e-02
6.083704993329530630e-02
9.723798199400311704e-02
3.054976841102916008e-02
6.041747514357019566e-02
1.069904480532878760e-02
6.677830247689695020e-02
1.037958815017063635e-01
8.347073776159667780e-02
5.948706791453948345e-02
1.001060189727215888e-01
1.027312516492674688e-01
8.308992519439617475e-02
9.452116393035023267e-02
1.891370621069323257e-02
6.166638896765794936e-02
9.070458066660709584e-02
5.904155038937582145e-02
2.696846413510098003e-02
8.566898772808233253e-02
6.662204483737407812e-02
9.280365053326407321e-02
1.533256713602031314e-02
3.548332571418084946e-02
1.030621379958107132e-02
8.953005685915166323e-02
8.508256572701095033e-02
5.390186118653430419e-02
8.929755043641063317e-02
7.229597415586794251e-02
5.490923339221392974e-02
9.027125989774982540e-02
9.937769994235796933e-02
9.041724481970661587e-02
1.037964373974662874e-01
1.338550022175626075e-02
9.656659727120942005e-02
1.015897144171760136e-01
8.688180813430546046e-02
1.808357947690650280e-02
3.146848795263030435e-02
1.268306972820095954e-02
9.159533268876042522e-02
2.410001621849518910e-02
4.502148869384504926e-02
1.085021083782315189e-02
1.053102537058806104e-01
5.460719175155989702e-02
7.449586434542192388e-03
4.491232068978836395e-02
9.347996023596127912e-02
7.494237210819046369e-02
1.736000032922263136e-03
1.042871824183663754e-01
3.055540003999960338e-03
9.808105227290163375e-02
7.732356239174614787e-02
9.724572633137271160e-02
1.032751820728365633e-01
6.659746256672230413e-02
1.036918939235459136e-01
5.467944658565839638e-03
4.667977791097273343e-02
9.829216152566108700e-02
9.983227624290219593e-02
3.429167259934035039e-02
2.291446379147294571e-02
1.005585279710253938e-01
1.030234285678681416e-01
6.600490388020807675e-02
3.433255538050340033e-03
1.026510360044270709e-01
4.781803063987820346e-02
1.032937364365252575e-01
6.968731004460000655e-02
3.855021130813420654e-02
7.484762416295627496e-02
6.015993357075304082e-03
4.526402099837700116e-02
6.970870799048911604e-02
4.067153809810247767e-02
8.483586099029129246e-02
9.694696791572418593e-02
1.015163272389851545e-01
6.063875332804161133e-02
6.537133475354647665e-03
7.508588630678809939e-02
1.039465396177953332e-01
4.014235003495065374e-02
3.250436572167123700e-02
2.496364133423487584e-03
1.503619548341282933e-02
2.872417527104630108e-02
3.033238331895351386e-02
1.051743431292720549e-01
3.268881997490809092e-03
5.791826703965322065e-02
7.574420381179650108e-02
1.405290709433757237e-02
5.748376289362614085e-03
1.037276798210960693e-01
7.361883186123997780e-02
4.793888688914288432e-02
3.110094096766946939e-02
7.503066983379605426e-02
9.528356168701282436e-02
2.593773516182280858e-02
7.917698040935387815e-03
9.765007326379321340e-02
4.109222586985104841e-02
7.823836987735517667e-02
9.898557646112120245e-02
1.017740182722370601e-01
7.491220035491266693e-02
9.673575612715037964e-02
8.417558136238209587e-02
1.080284705205208917e-02
9.174602203232022635e-02
3.937238725844852127e-02
3.532138807492669896e-02
1.108746424468149555e-02
2.476301242693469684e-02
7.943399542801846125e-02
1.350858658787727198e-04
8.382985540218625131e-02
8.467059996095456509e-02
9.838471481376732941e-02
9.080207778195059642e-02
9.046167260120209497e-02
8.372654454424353909e-02
7.627964272771946275e-02
8.178382202983483507e-02
9.717175620744168685e-02
6.419573289900341873e-02
7.978842814477400680e-02
7.263130374967007030e-02
1.590240402030206751e-02
1.049007947881827052e-01
6.314891672578527848e-02
1.008732926728451856e-01
8.404653821396308733e-02
8.731618334925393687e-02
9.522533880306462833e-03
7.380684638220469385e-02
1.019410101021312465e-01
1.042424025301618706e-01
6.051259292459599398e-02
5.113616838727307046e-02
7.639427975732059062e-02
3.305286669254911547e-02
5.249840304483428116e-02
1.031456106894558244e-01
4.552616614971651682e-02
1.621689226392429226e-02
2.483283760837026038e-02
9.707937961378829139e-02
9.020058360599182701e-02
1.117707401509498467e-02
7.480987741504400990e-02
6.326056695455643634e-03
6.351025836156547373e-03
9.350686399874663657e-02
1.256624566187952230e-03
7.782188292293367241e-03
9.157981495606633271e-02
8.902341262561894175e-02
1.034063322872179058e-01
6.422452104349245239e-02
1.649416526997487392e-02
2.600911374001826232e-02
1.815895816414047140e-02
8.120061609260674496e-02
4.616413422505771108e-02
4.987686176548192241e-02
8.766965591809001979e-02
5.171422416326888760e-02
4.065562834499675086e-03
8.975541845657201978e-02
8.276811179721334233e-02
8.164984335963119955e-02
2.127972981824140936e-02
5.073980641319186802e-02
6.404420477837596826e-02
1.811542837823764893e-02
8.733156187842089357e-02
2.086575935258070530e-02
1.350864569378923234e-02
3.823302118941183242e-02
5.655055424705822571e-03
7.575626114200421056e-03
6.716010916513870388e-02
4.469258638473228712e-02
1.849249220344470826e-02
1.789793374865495876e-02
5.365012259498266878e-02
9.331992655296970918e-02
7.635567028496943742e-02
6.196121167312379496e-02
4.208967139316879824e-02
9.630529902223930461e-02
5.230979363717394581e-02
9.497151060428417335e-02
7.890748674234726590e-02
8.642348018103103435e-02
5.096011506861087420e-02
1.023626949601168651e-01
3.634312998544284024e-02
2.613435078023526592e-02
1.174902444959496396e-02
9.919990871947151345e-02
1.007876347514186921e-01
3.109504330142670494e-03
3.776046969745162907e-02
8.091728150695477739e-02
5.421347531736366715e-03
1.021398870944881104e-01
4.913149677443812841e-02
6.207634999770535178e-02
9.435876569899159794e-02
1.805301220298396320e-02
6.063947905642462499e-02
1.106767043178671179e-03
9.997638639983659481e-02
8.414689828698192209e-02
2.214789332332336644e-02
1.530047653048718925e-02
8.303418405656068368e-02
1.431778577977577127e-02
5.653190321509567878e-02
1.022177193976284149e-01
2.974955059478679581e-02
5.046081999664115553e-02
1.577075539210593758e-03
2.796129053308835793e-02
7.723189425296524656e-03
5.226307646892020681e-02
9.192638195290930847e-02
7.010208228118552931e-02
5.527260944184738539e-02
1.042100183705593763e-01
3.964927630218390703e-02
1.498982664916713621e-02
9.856367023061208751e-03
4.494626263645614545e-02
1.386839650586544834e-02
8.574927279203004016e-02
2.789589791589863407e-02
1.217065756864946224e-02
1.116124493568131787e-02
1.022176247030071317e-01
1.011853108122125894e-01
6.075396025700924990e-02
1.014166965831310996e-01
1.929926442301487313e-02
1.030817764534423392e-01
3.810845451235529702e-02
6.352362827216890759e-03
5.496355433987817202e-02
8.417922598681069901e-02
1.030057792162246272e-01
1.039446595445348842e-01
2.178901539330172117e-03
8.602885163059785512e-02
5.294622993479432965e-02
2.134043234835674308e-03
6.568172494310453580e-02
9.306941517508034167e-02
2.467719194768502530e-02
1.051213005395794653e-01
8.630671909591024205e-02
3.998714023233368442e-02
4.250079093092686694e-02
9.351701878214367658e-02
3.749832692083745166e-04
7.022279410299242519e-02
6.374201632714997234e-02
6.012746104759569138e-02
8.323773294958013158e-02
1.249100107687508079e-02
8.553092332362552397e-03
4.113595218873385834e-03
1.055627258139668796e-02
8.291805177786919917e-03
6.543306344492760308e-03
5.044633307875852346e-02
8.644059908050737151e-02
1.281662452591183707e-02
3.961060856811919606e-02
3.310814585349648037e-02
6.785786802727922229e-02
2.023842039904842280e-02
9.973409525848007939e-02
5.781817482961156690e-02
9.342358244522043498e-02
1.012739012785673354e-01
6.030819026156022250e-02
2.915546969065104660e-02
9.321347864223790414e-02
1.009805088834745679e-01
6.901394767669075114e-02
7.996427599076938453e-02
6.885395832501062241e-02
1.003685385392731264e-02
8.880774186892792521e-02
8.367904581187209090e-02
1.862360961115567745e-02
6.371406792969686039e-03
1.604475912649300055e-04
7.884571948452308299e-02
1.040025085479343719e-01
4.539443683384592615e-02
5.412915049743234619e-02
8.278306853263993348e-02
5.155761901948870823e-02
4.730023153370973427e-02
8.485206475258963432e-02
1.912772223696896506e-02
2.139231395891103352e-02
9.545913659138498264e-02
1.824304350930988639e-02
1.998299883252249720e-02
3.299887779856670866e-02
1.918484039215011608e-02
1.042032366428474188e-01
6.964907268765462012e-02
1.051730097864087138e-01
2.418134610079273467e-02
3.211470033769530524e-02
1.074214558654981895e-02
3.930312719595740328e-02
1.802037652266220286e-02
8.787323468758448765e-05
9.609878611239996982e-02
4.375917056176349684e-02
9.531282052667358617e-02
5.968657273631852896e-03
4.441773288372179856e-02
9.924951206755303068e-02
9.944100583408410632e-02
6.019011803361426320e-03
1.634143108097348487e-02
1.034148853483258107e-01
5.179163852124785833e-02
4.872138627916138692e-02
5.234154057372498309e-02
8.394766910208781296e-02
9.887817034582840892e-02
8.853231814720194381e-02
3.670965347937473616e-02
