1.892336593720811769e-02
7.465227054574330445e-02
9.091340540155348759e-02
5.097722020568922277e-03
5.835875149402458550e-02
9.973928019172860482e-02
8.021834724252677185e-03
1.612519823889387721e-02
3.450177635509962815e-02
5.929708836818017165e-02
1.615674390621103795e-02
1.220347935307360999e-02
9.243135861030665756e-02
1.271990475960150559e-02
8.313098914008940077e-02
1.021307305308819940e-01
9.034689302045723763e-03
9.132709149753914790e-02
8.415289785511281817e-02
9.045259658175479334e-02
3.256717020326885259e-02
9.503488225838047088e-02
4.048646026623809596e-02
7.591874982848549613e-02
3.090431251577107491e-02
1.044345378849211303e-01
1.021629854301371182e-01
7.647436713748075043e-02
6.800959491736767448e-02
4.030875269602515742e-02
4.797690159718815545e-02
8.318361092984723204e-02
9.994159843886046835e-02
1.583760993831995895e-02
9.067149173979407312e-03
7.944697154361553271e-02
7.004248412453649431e-02
8.414649716469796425e-02
1.040669784959598887e-01
1.022986809363530258e-01
1.656598428322477584e-02
2.218479597219053315e-02
1.012798533865339884e-01
1.024260427844858184e-01
4.714426287176926023e-02
4.715920243918216709e-02
3.511861488864223210e-03
3.920110869673979620e-02
4.391694031362511352e-02
9.363021659229192606e-02
1.090164834972577254e-02
8.470611214518002086e-02
2.720453784322509824e-02
9.396281828788433099e-02
1.052697841897680536e-01
8.955632985639344623e-02
1.022585721129873337e-01
6.145680688663818919e-02
4.507672564195588927e-02
3.492609939716601747e-02
1.095827620573954081e-01
2.046063124505824796e-02
7.162795987305181633e-02
5.708484799843389912e-02
8.649537614938737629e-02
4.715052816964955540e-02
9.185161827793163203e-02
9.913292974218208820e-02
4.034306756374010650e-02
7.223123636474980402e-02
1.130317550340658936e-02
1.031213680981107467e-01
9.604610871645379022e-02
3.957304139444468849e-02
2.001809699325583086e-02
2.802579452291525941e-02
1.896477625984500578e-02
9.473769697761592889e-02
9.481645369876960661e-02
9.766424209181708005e-02
5.429590452800434758e-02
1.057823514606689580e-01
8.163890017094117824e-02
1.113879925939390697e-02
2.992172115404941393e-02
2.745962609352158718e-02
9.931136172442145416e-02
2.876036800349539291e-02
2.166467668552724338e-02
1.221247485292273512e-02
1.999197566638587047e-03
2.131397248496201546e-02
8.774039205429486066e-02
7.703063279227183313e-02
4.559242691229955027e-03
3.270185032854448434e-03
9.666626076588567817e-02
9.916066645951641945e-02
1.100898350284335164e-01
1.026930624049055690e-01
2.158749572071935047e-02
4.284349423935118056e-02
6.035135627500387567e-02
3.798830617340995166e-03
8.808609288792958181e-02
4.048807027415549792e-02
3.003955135734584156e-02
3.883797103386300159e-02
1.647014044227865931e-02
8.631385896978248373e-02
5.742213075063964944e-03
9.564115088547263388e-02
2.646408774921236301e-02
1.009515698475265261e-01
2.952938252927380866e-02
9.515873733295468831e-03
2.031841812701586786e-02
9.413657498728672524e-02
7.768244808409097146e-02
1.079909998429403883e-01
8.159528783315118938e-02
7.457113277429290588e-02
7.692862309271857046e-02
1.063010300690371002e-01
5.266317292101831832e-02
9.940292824071537969e-02
7.813069817276742379e-02
1.027143898464573379e-01
1.151600175854200318e-02
4.487905054503180113e-02
3.480525635356007327e-03
2.052638542368120933e-02
1.521563598230078751e-02
4.847705104696230227e-02
2.068186538991255430e-02
2.498934936299124915e-02
2.612212536024459408e-02
1.186309049233929581e-02
3.199757446879950007e-02
9.399628502131254781e-02
3.563524149190579887e-02
4.564590236989909261e-02
9.168608672348821376e-02
7.911027828644932869e-02
8.837548346778302533e-02
1.698293967934300097e-02
7.129981694221210198e-02
5.243691152119972498e-02
8.471064873440857512e-02
1.336445545344675662e-02
7.717525942122339944e-02
7.692230743598768572e-02
5.924000919500414797e-02
1.086236186889590616e-01
1.733280096497930023e-02
3.198305471965835756e-02
7.700296365614300864e-02
5.558819029626455716e-02
1.051792166248033955e-01
4.211486199230760064e-02
5.583313968551444073e-02
3.972500788902223745e-02
4.973719939045377625e-02
3.294538119459200498e-02
8.813137149313173338e-03
3.592561381652223385e-02
7.045733662366875094e-02
6.389898457557391387e-02
9.369129855926965067e-02
9.122824558063838407e-02
5.664157501874497042e-02
6.003288305716685674e-02
2.455633986217190846e-03
3.586746314047559170e-02
6.687979385091935569e-02
4.742878848494369581e-02
1.955094777212054019e-02
6.112678096910907112e-03
2.697092643417006025e-02
5.444316425389429670e-02
8.179585238705007477e-02
6.618181149030077925e-02
9.776696441902897605e-02
1.022529338065674143e-01
4.386249604951415054e-02
7.983787861355465254e-02
3.664016250664926116e-02
9.056632423056355796e-02
3.152483860523822706e-02
3.127533630566865092e-02
1.060891808384560875e-01
2.430501663122183048e-02
3.042471153203294212e-02
3.161374366115152212e-02
7.884690371648901686e-02
6.202020392829259501e-03
2.840410594463893545e-02
9.616840275604331134e-02
6.807196775003017397e-02
4.921965124903539962e-02
1.054468053392887822e-01
2.844670378607160911e-03
3.325024257840665520e-02
3.980905160641137405e-03
7.530622908217000921e-02
9.282683524318439960e-02
2.785242468306539654e-03
1.070564908186710795e-01
9.115591558514866966e-02
7.937529266518984772e-02
7.960832223204683186e-03
8.276544571204406953e-02
1.407133674840053798e-02
3.858141889508766298e-02
5.015730829212670938e-02
1.064510526370544136e-01
1.052230759330515936e-01
4.175629232149297154e-02
6.294964122663881945e-02
3.386818146917169176e-03
1.075027743077590012e-02
3.611883725551637628e-03
6.616508769422961567e-02
9.196713881044003835e-02
8.877797922219872462e-02
5.126141248277565204e-02
8.864049044566484764e-03
4.925671076349709410e-02
4.450305150238478141e-02
8.548547949776398678e-04
6.786131886744735386e-02
3.835559670359239837e-02
6.394924553717191984e-02
3.840758310557497446e-02
3.209732143937994719e-02
8.948627540105140443e-02
1.086202518890223845e-01
2.778891093570103835e-03
8.414718102319915238e-02
1.612172578060147750e-03
4.891104742505678060e-02
1.030002497456139997e-02
9.023401502235330052e-02
2.557881149550542826e-02
3.653156560554225718e-02
5.168081410510141915e-02
9.785213206589371548e-03
5.684589148693636705e-03
9.382384468392164500e-02
8.818946679113848219e-02
2.005631351029115925e-02
6.885991453420755855e-05
1.097294012976738758e-01
8.091951223708800101e-02
5.029693463025571715e-02
8.036369732029072233e-02
2.741689256339287228e-02
9.855895709252490700e-02
7.857257556467517334e-03
9.661131342655666920e-02
7.310465011754696540e-02
8.835938570243513646e-03
7.852822478483166904e-03
2.808992887867783894e-02
4.917489964423961413e-03
7.555471325886882472e-02
8.578375208993740952e-02
5.367187657528048328e-02
5.153949836043647537e-02
6.659913943880176046e-02
4.081556989724020174e-02
9.874415189212518151e-02
8.901089850316916408e-02
1.012125770805273328e-01
3.735216040734425091e-02
1.080242090365339247e-01
3.198134002168790801e-03
3.678883510359063497e-02
1.056853418989770338e-01
5.355231428677201255e-02
7.766480521683076510e-02
7.913804571951041367e-02
2.826052475634951641e-02
3.487316100720888514e-03
1.112903841496459649e-02
2.213972028936803463e-02
3.028127907813507255e-02
1.331140488860712949e-02
1.736901295942107348e-02
1.613587018615614613e-02
2.964962438685130996e-03
3.285856221587704629e-02
6.807508434803883311e-03
7.330924150104548009e-02
7.260772819302085956e-02
2.075638407671851621e-02
7.811207964666301573e-02
5.035176206315573715e-03
3.261773493423133358e-02
6.748468324625427062e-02
5.518789512622498256e-02
2.128560869602094674e-02
7.876065100019824516e-02
6.917151931678307275e-02
2.764325613356191993e-02
1.000872025321629805e-01
7.070959049937913798e-02
8.853636371075170042e-02
5.212186946360342077e-02
4.922330804293061773e-02
4.841815308881202568e-02
1.118468669016309779e-02
1.110296420913512577e-02
3.833511006347883193e-02
2.661961830756977634e-02
4.508336433806087173e-02
8.834390026983779398e-02
6.689885292998457023e-02
4.913193552251286789e-02
1.707971122961167779e-02
5.599085565228770212e-02
7.261177123353992902e-02
8.557534982231555787e-02
1.004724647838438623e-01
1.659008343742618408e-02
1.060498047010433875e-01
7.672305841889814904e-02
7.877283743925186932e-02
3.419186587468209942e-02
7.258056649546745787e-02
3.698555497044939133e-02
1.066500064058367725e-01
8.659533518022612120e-02
1.681521844840793214e-02
8.002295540492769532e-02
8.731752468310388648e-02
6.293649287078370742e-03
9.185865369323710505e-02
5.100196648286981806e-03
2.971229709399069580e-02
3.679020820476387732e-02
1.038143654487895806e-01
2.837140066153443115e-03
8.348048020501430688e-02
5.623579981692012481e-02
1.999634431871011656e-02
1.584881496555987090e-02
9.945339071840342271e-02
1.870581498352494158e-04
8.259614174634925809e-02
6.030819790119690271e-02
6.414584707699141908e-02
7.358059560947553812e-02
6.361152825032158342e-02
7.717601726605438639e-02
8.862705959861214011e-02
1.108701829765371960e-01
4.331748608411702117e-02
1.916109670004631678e-03
4.308566969484393591e-03
9.770439714368223116e-03
9.583970718338281902e-02
6.659749570562048526e-02
2.489390583184084363e-02
4.688208099584532246e-02
8.014770557036891840e-02
9.437015201863437411e-03
4.364269741674631914e-02
8.026010625089306794e-02
1.827308438407430728e-03
8.148313732460174541e-02
4.359748995912497704e-02
6.216263278298150667e-03
1.773422751852568244e-02
8.282434120335890881e-02
9.938416582341372263e-02
4.851340822594361196e-02
2.872930574618501320e-03
9.441758535386048090e-02
9.906980611964497085e-02
3.937978447841135668e-03
2.527828466217739087e-02
1.282624919784874787e-03
4.312672612259497301e-02
6.796071238824505367e-02
3.636846176847307460e-02
2.440485503393714090e-02
4.571194416114246484e-02
9.915179338737240000e-02
6.673614475354075481e-02
9.347331014157127249e-03
6.791009692703799117e-02
9.159977083283744881e-02
3.469328965964880301e-02
5.990572854488084714e-02
3.307641371200566865e-02
9.872058653989072841e-02
9.923007669943040288e-02
7.005041305605082258e-02
7.225168254463261441e-02
3.382108015167863482e-03
4.357144264059444744e-02
6.332864970522415760e-02
3.080582395833254480e-02
1.179030480500085215e-02
6.344963265373187999e-02
7.249446380566801351e-02
5.002182308033864544e-02
3.010517421302203248e-02
9.372071147700784810e-02
7.191369922635677814e-02
5.256380836923390393e-02
4.624808892694221713e-02
6.288374940895623266e-02
2.139734620038165683e-02
7.197705483885004363e-02
1.423948747493915604e-02
9.633153995055118712e-02
6.733679172526899244e-03
6.792346868982905572e-02
1.816274184941140887e-02
7.721772066023982473e-02
1.030926237486126384e-01
9.415876622174601529e-02
4.462788939713054417e-03
5.951908022099099138e-02
3.434867389911046894e-03
8.602654690063803178e-02
8.731123016265029957e-02
4.202546687099700112e-02
8.194998510557344185e-02
5.550403387022107699e-02
3.559645371914318263e-02
1.504274934511937861e-02
2.370482764936826525e-02
2.446807360830138139e-02
7.918490139197058297e-02
2.423459998880841265e-02
3.509220249106761655e-03
4.016976769022295723e-03
5.965305467326216526e-03
1.066270354750935290e-01
2.766387296297497314e-02
1.004652347805293222e-01
1.810208310880760674e-02
7.854402742192846676e-02
9.291915652769609790e-02
2.479881553971410857e-02
3.420865745251377033e-03
8.290312252802321813e-03
5.996353078038111489e-02
7.265032253762042369e-02
1.085667770908103902e-01
9.339933171784263466e-02
4.549020198875910331e-02
6.682472872853244261e-02
1.912554435700631467e-02
6.015471150601769262e-02
9.661089670449959921e-02
7.803794510035567955e-02
9.747476057105440572e-02
5.551739435698090086e-02
8.655405645940929260e-02
6.210804741588390326e-02
2.743643903124474981e-02
8.225325855475904002e-02
4.918106352838733791e-02
5.707039636720138975e-02
8.779002380651507870e-03
4.153614547028081083e-02
9.930016619202491901e-02
9.879855470504055048e-02
1.051689026412698513e-01
9.193021003576812289e-02
4.879856332370173175e-03
1.023437881945783584e-01
1.062432323685298385e-01
1.704468781631713128e-02
4.232948794419328330e-03
1.010839957429711666e-01
8.105730538398660256e-02
7.389182448127309955e-02
1.042015906501918970e-01
4.355849334952230194e-03
4.253507612437167767e-02
6.203292439117444323e-02
4.230178561487522512e-03
9.994558924818812418e-02
3.031191776739764268e-02
3.679554990022550903e-02
2.611048033274976365e-02
8.445731360008619515e-02
4.407994216481957162e-02
9.663161950999375749e-02
1.051535810065539339e-01
6.630916134682227070e-02
1.413958056308038495e-02
3.665630627648972656e-02
1.511303505568892258e-02
2.953195289156078027e-02
5.034118784889923814e-02
1.000702899027092752e-01
3.241182106286783632e-02
3.785683635310290590e-02
3.904466374575413928e-02
8.955262596949753462e-02
9.571112404349621516e-02
1.095539624710508836e-01
5.577747027124339146e-02
8.632941648556484437e-02
1.032763394600196838e-01
4.211831717072730963e-02
3.517370436988213889e-02
6.644324241613128179e-02
5.825323976288422634e-02
2.229892453913320458e-02
7.135831487601938805e-02
7.312692303067994115e-02
1.048878234112400748e-01
9.084393355614923948e-02
1.070817975951138951e-01
1.035635209849864458e-01
8.643648986594798522e-02
9.161824873551893678e-02
1.555542274394408489e-03
1.074439858411687237e-01
8.348775526389072554e-02
1.449657158678722101e-02
1.087395569479727847e-01
6.911626448398723588e-02
4.721332072108296724e-02
7.026811463017511306e-02
1.397044643771651155e-02
9.898604244190295498e-02
8.085993642131915349e-02
5.195640791835414579e-02
2.421793386400509368e-02
5.090037739835531067e-02
1.158455016511033761e-02
1.012617421787748995e-01
1.268782711553619394e-02
3.543234115276413989e-03
4.278221143074322635e-02
5.330141682459577784e-02
4.997466832880867243e-04
8.791946944400237662e-02
2.028977372371277427e-02
7.695805818817796906e-02
2.313261893410389208e-02
9.279926795172023513e-02
1.076194870765341122e-01
4.094679731617623802e-02
4.425972922728480669e-02
7.612757691743105015e-02
6.538096750831988435e-02
8.839757585970350884e-02
1.165017022785411714e-02
5.015279427367130144e-02
9.107698955580238731e-02
5.268218424005757100e-02
8.288612289534458277e-02
1.688479937466277891e-02
9.505348123556413287e-02
4.972599836057291223e-02
5.928600410945503857e-02
3.499771306191872683e-02
2.052502004130471458e-02
1.291664681984980995e-02
1.293638129267342439e-03
3.861268001541621336e-02
1.004918632885949403e-01
1.120665824284899047e-02
2.133768222801812886e-03
9.733812971130813285e-02
4.085049762682162189e-02
8.926452726492874190e-02
9.403304670002941498e-03
5.253384336825930173e-02
5.294959118546116623e-03
1.798627141566680812e-02
5.596209059331647834e-02
9.761358855919116326e-03
7.039720689389801500e-02
6.344652773765151188e-02
8.790280943490333398e-02
8.761011589170111802e-02
1.103625804137052940e-01
7.486806617128795305e-02
5.970994578912318385e-02
2.349843730520623925e-02
8.868347730212161606e-02
7.413609566363640879e-02
7.363367294000043584e-02
1.035218391063715340e-02
2.743900105864417564e-03
6.614313835190852031e-02
1.066370874095916438e-01
9.215381537618937136e-02
8.020952885667780030e-03
2.382226127738007460e-02
1.299850435670954485e-02
8.050479657602269135e-02
6.998907492437428379e-02
1.104669196654056579e-01
8.845966430204324493e-02
8.915692978500466825e-02
6.926301604555137881e-02
1.498718163887571841e-02
9.080451741394070242e-02
1.073071892057929078e-01
4.416114206175872359e-02
7.515765877204148848e-02
1.079683029773286645e-01
2.547544555023913831e-02
2.057532088145797716e-02
9.198275374627466749e-02
6.646643792260040207e-02
2.881469268651187798e-02
4.570173460037718627e-02
2.240668760295020864e-02
9.967145409792593780e-02
1.580339658594100832e-02
3.831307858256597504e-02
2.674327848588642711e-02
8.589337335886727820e-02
3.087763859938346886e-02
1.056845553694540085e-01
7.925569854022739003e-02
8.790440083089540169e-02
8.843854683965790553e-02
3.858236646901706812e-02
6.585929933984453755e-02
4.436025966049710750e-02
4.269721267395044928e-02
2.989106435044520949e-02
1.016781219502458783e-01
7.688957650257694648e-03
8.011242050058450803e-02
4.240742570663644934e-02
9.991491391554663259e-02
2.399147303562726777e-02
6.927549807940637516e-02
9.368102366561191496e-02
2.174608593247387769e-02
3.656894278322250606e-03
4.647209252749188307e-02
4.029985997563965971e-02
3.810568826642611595e-02
6.448161739074584342e-02
4.931393096119657954e-02
7.626174829360819751e-02
7.543650160508358349e-02
3.560289803527664360e-02
7.097948824786605437e-02
1.706119067043804574e-02
4.756767482170252970e-02
1.100816329146142858e-01
7.364431063680824952e-02
3.854464242400672258e-02
5.214811132732265209e-02
6.601802523436325898e-02
8.358272365948253568e-02
8.797517562305665062e-02
1.364664189513037015e-02
7.289802919818537397e-02
1.067647172378483195e-01
1.268766667829201479e-02
9.945252328841403672e-03
1.396755696315458289e-02
8.069304487578457530e-02
1.053591808863990967e-02
5.885816631010669375e-03
7.678132272904675260e-02
1.838211629614457110e-02
4.367966442303266444e-02
4.787657835217904584e-02
5.710462122817437647e-02
1.088955771906687797e-01
1.007145926204097292e-01
2.550658357094153991e-02
5.645468292166234969e-02
8.019213504795537351e-02
9.537928081819177506e-02
3.940857528949773952e-02
2.029852137501779018e-03
4.714816317712637594e-02
9.639119531723416845e-03
3.048721478646142929e-02
8.320674060255167648e-02
1.587303314581895233e-02
6.590487318788158799e-02
3.198178470911230975e-02
3.410769842748297836e-02
1.786739130152111346e-02
9.231828611826108089e-03
9.381626301024338643e-02
2.237890583824547405e-02
7.546820366374670797e-02
6.899026601922604585e-02
6.774676914482091750e-02
9.384695851802649091e-02
1.654834326327330601e-02
7.677316015153722029e-02
8.124570281751775092e-02
2.367606681840528360e-02
9.630876040889309320e-02
9.267609069425006285e-02
7.755692888902611382e-02
3.241256133631209048e-03
1.289645246752348443e-02
4.611473402513663333e-02
5.589510487170206571e-02
1.601095419161021466e-02
1.020345014099345859e-01
2.031190998080594640e-02
6.154945542392308705e-02
3.112451670853792762e-02
9.087967249792895663e-02
1.952204491091191416e-02
5.474578593135745463e-02
5.577309864061959915e-03
2.094547389045296748e-02
2.062264264399131172e-02
1.533416193068203558e-02
6.007688211936738909e-02
9.889256073263735791e-02
1.075248227811031881e-01
5.304441396237233319e-02
1.928275287256276879e-02
2.516398395789875772e-02
1.029912194276833975e-01
9.801551997622313939e-02
1.211762204621292562e-02
5.094930617392686573e-02
7.645319779071633841e-03
5.997164599844677368e-02
1.103146014375758488e-01
9.112392262576735069e-02
1.070665885230963517e-02
4.464610728374649590e-03
8.009462632437726326e-02
9.570119852128924909e-02
9.216040470154658604e-02
7.070834658333627343e-02
9.637559754333738238e-02
3.939167242802912861e-02
1.708090023374574454e-02
8.995466846093500002e-02
2.047175884027247275e-03
3.801273770916282352e-02
1.093908298374324933e-01
9.143861407471920444e-02
7.820668715423424733e-02
7.873306357525881871e-02
9.703084027329178518e-02
2.341076387434760583e-03
5.436769272628763638e-02
1.021086888365323325e-01
7.445353565541368290e-02
2.582640746204172000e-02
6.133736628280395814e-02
7.412721139080985511e-02
1.032036174845696735e-01
1.106692904645480841e-01
6.633557295924553954e-02
2.555357183669079019e-02
5.411440116713162789e-04
1.859301575375355009e-02
8.281561915075988725e-03
6.433316929257844319e-02
1.211854742227051751e-02
9.338793007381079869e-02
9.757169742450864935e-02
1.096015088127587772e-01
4.443182042546773777e-03
6.594455425572283425e-02
4.385439676434612841e-03
4.823345044067674919e-02
1.038098826270996171e-03
1.906694288010087751e-02
8.122503035825666406e-02
1.690348670508731157e-03
4.538407287502810999e-02
6.845714842650021947e-02
5.040291199741785827e-02
4.105657930313328513e-02
4.289565168571184833e-02
1.637403580133168363e-02
4.583096581281904600e-03
9.413068700823903900e-02
1.072227018056159525e-01
9.869046053732648260e-02
9.898677761521980367e-02
1.003220208008063913e-01
1.756300304866439954e-02
8.929891161174344227e-02
1.183081109303429565e-02
3.778152579795654442e-02
2.632995068597927465e-02
7.619850481390337549e-02
7.114640940498280497e-02
4.313066553320832330e-02
8.961836047266659444e-02
1.040163500354116671e-01
5.143792700278691787e-02
9.481890816708275771e-02
9.268291147147542097e-02
6.516638787454416548e-02
3.196654072265352718e-03
7.303114962383196185e-02
1.027564907007725986e-01
6.792880884975546762e-02
4.488719375399358689e-03
1.616548064523732134e-02
3.504675689896582375e-02
6.231218029873497599e-02
3.990749736077101040e-02
1.031117634712721276e-01
1.099944333224930487e-01
2.201299676674333544e-02
9.664511531246074150e-02
6.322557628145675235e-02
9.324530383244482301e-02
2.652146490361405318e-02
3.227066150629212538e-02
4.902490246057075035e-02
6.915569508267700380e-03
9.345438632645682031e-02
4.336283667011582577e-02
5.991811540451410373e-02
9.349331897756807397e-02
5.043604863995488491e-02
1.453462594135917010e-02
1.911502032573656265e-02
3.835295292820610925e-03
2.702958367091557769e-03
5.542985348392709399e-02
7.677832147638870286e-02
8.775824347521418711e-02
3.484292276833465124e-02
1.010243801679111819e-01
1.925288376739442767e-02
8.387148887558532051e-02
1.551666164270434738e-02
9.366569036834988815e-02
7.942002414568460900e-02
5.367242150952003521e-02
9.482178765870830084e-02
6.829240736725294796e-03
6.380485029705199040e-02
1.053296041373905437e-02
7.874558260043615365e-02
3.405237558924806285e-02
8.219625446510274436e-03
5.936784165398077684e-02
5.865468095296223067e-02
8.211093685932663311e-02
6.420834856686215286e-02
8.551500478309390085e-02
5.201656799468989262e-02
2.603886032043192886e-03
4.378604695648374845e-02
1.000033169206200334e-01
6.772391960498477803e-02
2.475767020508560026e-02
1.005054988834499646e-01
9.939787311359066235e-02
6.701932736479247754e-02
8.135069811130614392e-02
6.011527676814006071e-02
4.186280996111129554e-02
2.236043356315389405e-02
2.867621529091471042e-02
9.391446365400638041e-02
4.924335000078501612e-02
3.678216682747224853e-02
5.571790691446808913e-02
5.217030398554971943e-02
2.834930089419245014e-02
1.243739473269057406e-03
4.319875490518030464e-02
8.612766118535566950e-02
8.461020900335127068e-04
3.554083966716561210e-02
5.141646177829525127e-02
6.639803746309211330e-02
2.768322182211165050e-02
8.134443630523022217e-02
8.609126175162576389e-02
1.853931724176259219e-02
2.126989173200980604e-02
3.489497470280973623e-02
8.285773644615621047e-02
1.890336192349823322e-02
6.152408660309777871e-02
7.810571346606659526e-02
5.365215492600551583e-02
3.142755429263723033e-02
5.579835655001970374e-02
2.679895295762557000e-02
1.126920793427993971e-02
1.004920755599867863e-02
7.464993710022083118e-02
1.001542027153953657e-01
9.721029827438977533e-02
2.827592862882791214e-02
3.872271059183896025e-02
6.124760342851776063e-02
1.063570212376661883e-02
7.315229410700194168e-02
1.092487753972038594e-01
6.332538840078964781e-02
5.832190271358989042e-02
6.888067443789991189e-03
3.643643157633269514e-02
1.098056508873603981e-01
5.206332893858753308e-02
4.201241231101828649e-02
9.764374694141426947e-02
9.524485071312630002e-02
1.085781939602430829e-01
6.813171906700918323e-02
1.039140991587598623e-01
7.411770082672414738e-03
9.520916306904093906e-02
7.432456520910382669e-02
6.609202226763601605e-03
5.296785121388136730e-02
1.945320347759692259e-02
6.427735004106416294e-02
8.194076569965426382e-02
2.232598694136636933e-02
7.446045068476125905e-02
8.860836924314348384e-02
9.918601890514155972e-02
9.210284678350319498e-02
4.128686169713132598e-02
8.447829025293426830e-02
1.514868246587140407e-02
5.409896879544806580e-02
9.829723508693234690e-02
1.813002026263015737e-02
6.949397950044356072e-03
6.368488991224770246e-02
1.476858445646876856e-02
1.000355669027824385e-01
8.233012447628071384e-02
1.781505683581557573e-02
7.651232196595797452e-02
7.330929215066702212e-03
8.435969781043338445e-02
1.859060983999311426e-02
6.536398529136060176e-02
9.935319445705446950e-02
8.895178861757307986e-02
1.021932522694809498e-01
7.060803622622217890e-02
2.277982400353408335e-02
8.051891772452966778e-02
6.855917075863252053e-02
1.128935271428203359e-02
7.707200943586221820e-02
1.020334367811096266e-01
2.946515800265644622e-02
9.241126269817973027e-02
4.647594061015124928e-03
5.354551239985614469e-02
1.730825576066076163e-02
2.752117678499201373e-02
7.581699157063905015e-02
8.273094022607863085e-02
6.217256750470192932e-03
2.602183614082721752e-02
9.662450294445280863e-02
6.117637093422807759e-02
7.032345881261818643e-02
3.028540478405433375e-02
9.167957365945009207e-02
3.159642687978295866e-02
1.037555131690629101e-01
2.279952184304814486e-02
6.360935556850642880e-02
9.343454935036397957e-02
2.642319730401783504e-03
2.406209938179719454e-02
6.394285167475909082e-02
3.192116322846270254e-02
1.924717166950248165e-02
5.969958225169799682e-02
2.158777763224192792e-02
5.936965784691701498e-02
6.007113255480012182e-02
6.150388569655609872e-02
2.371674273546671083e-02
9.867333186423647706e-02
8.525458848997487238e-02
4.885238173756659835e-02
1.033763881503250992e-01
9.872486259263513197e-02
2.659292998108168937e-02
