5.094331544713765619e-02
3.106798327811302260e-02
2.287757719878498811e-02
1.470677034084905827e-02
8.495528914475905524e-02
1.003159437258899396e-02
6.564285903152772272e-02
5.540352021281613054e-02
1.699032179067410178e-02
1.063753469402871216e-01
1.944937018601399642e-02
1.675804900707147937e-02
3.900691684300845036e-02
8.213837328872469756e-02
1.627807541183821580e-02
1.142863974307822134e-01
1.084451391694366690e-01
5.185182948673768694e-02
9.720203149076364624e-02
6.919554731383201207e-02
3.983292760030007762e-02
8.058298835686185380e-02
2.354349569150736982e-02
1.112472808424167375e-01
5.131021008058320870e-03
4.563001545130567632e-02
8.630589934874209612e-02
9.577905860514152048e-02
8.628525694759561770e-02
5.512193398468945987e-02
9.031934000544888930e-02
5.721187690474641152e-02
1.014178696149427711e-01
9.138356367493179200e-02
9.410379923059132568e-02
6.341536747764112136e-02
1.085166812846285883e-01
9.578378148625794897e-02
8.403472881580999199e-02
6.532593745704545762e-02
7.500172869726638714e-02
7.390692763214740113e-02
2.021799785819710163e-02
4.055907614687955139e-03
1.046614728778144793e-01
1.024222327623217493e-01
2.257701282437795526e-02
2.402330976468123117e-02
1.287755611992570659e-02
1.089807756510376979e-01
6.320136839310841817e-03
1.821873941295098359e-02
3.824188224785444318e-02
4.815205770876875707e-02
6.126752819559379282e-02
1.073197965034905776e-01
5.355641132249625014e-02
7.795046542257014210e-02
9.057358253488942412e-02
4.980334572795178799e-02
1.289508640531695886e-02
3.176042569154394896e-02
1.081517725903854456e-02
6.651417922051835671e-03
1.030795852505292931e-01
6.533611111329359900e-02
2.560167789285364842e-02
1.981499293405837581e-02
8.517901684144348062e-02
8.692975672930940145e-02
2.370704047428370473e-02
1.115394105085115717e-01
8.928541009298202047e-02
9.510402514042202993e-02
1.059379910874508751e-01
1.041295309674306613e-01
2.009125279276578746e-02
5.766456977215372523e-03
1.051535949781202961e-01
9.978195165968706259e-02
2.784573673128285659e-02
2.585996824532157609e-02
7.805478875400617689e-02
1.137764998964879704e-02
1.692421464238361845e-02
1.082618987208030931e-01
1.021855464209125153e-01
1.444490279353222509e-03
3.846817765183355164e-02
7.850438543479136555e-02
8.686430797355010336e-03
8.697657434349322092e-02
9.102065842324073841e-02
9.973284899710520290e-02
9.580760779479982614e-02
3.286660343290200709e-02
9.519147145131191812e-02
6.351400447412501593e-02
3.428646732957710622e-03
9.860729644453736231e-02
9.153632668454901589e-02
2.729597297910128090e-02
1.102814968859951172e-01
9.232732451445267718e-02
1.487107187460186102e-02
9.299353481994396264e-02
9.470978349449826750e-02
1.165831358928080125e-02
8.884572014179872856e-02
9.488939580298061394e-02
9.633266188209869962e-02
9.201840235406877344e-02
1.501239331832728702e-02
1.852833844784173081e-02
1.990101149639788777e-02
2.978467003319296928e-03
7.101217201817629221e-02
8.614139202226378522e-02
8.427338246663451660e-02
1.003816300548261015e-01
6.036032985509966198e-02
2.527221683303477323e-02
9.788958465630195893e-02
4.096178115708488943e-02
7.264734583244523980e-02
1.163545441830601823e-02
1.544988373759805661e-02
1.147003480718710444e-01
1.329584450538637275e-02
5.561231227966229734e-02
2.827697236268216906e-03
5.450230011306355510e-02
1.141914072245921591e-01
4.276873017718325898e-02
1.098444347490495632e-01
3.266839393706001075e-03
7.589294568322639545e-02
8.730455623823060729e-03
2.642735003418410916e-02
1.208636608694095560e-02
6.072525354675437081e-02
1.795797014479603645e-02
1.011557885483279212e-01
4.905660873751323259e-02
3.286284816011938135e-03
2.306866042996574481e-02
1.038771649255316176e-01
8.925027965259561824e-02
7.807020001398717879e-02
2.824821523270927386e-03
3.005593931506541847e-02
6.115438732007973111e-02
5.741820464181035533e-02
4.817153515324830437e-02
3.690407919074495391e-02
3.947924373664001008e-02
5.064205078813804189e-02
7.411167705959231800e-02
8.986882730124023597e-03
8.159083180372271593e-02
6.539081658832436583e-02
2.560084217024589590e-02
9.754670603401557893e-02
6.442125327190707795e-02
1.114151708820114856e-01
1.129370793736734907e-01
8.812662127367321130e-02
1.480329788676738173e-02
8.766769979927162629e-03
1.126666398392442980e-01
1.135673559073913097e-01
1.145928808251478193e-01
7.940725481512694861e-02
1.127685053083624378e-01
5.483555884174640821e-02
9.922202869251794954e-02
8.884786298398548998e-02
9.105097228329014913e-02
2.041717782028423453e-02
7.191869584747093147e-02
9.550718634230578874e-02
1.033361211240912125e-01
1.450657668105547176e-03
5.579812421203601477e-03
9.527324034173020872e-02
1.112738681646526506e-01
9.484655147994444646e-03
3.918342506188476557e-03
1.089617135700267497e-01
9.082060840667277590e-02
9.031488526406447614e-02
9.236605991894122902e-02
6.804294649734997369e-02
2.445845707681766970e-02
1.110207373554299992e-01
2.187310461026654301e-02
5.921004622688678942e-02
9.859344419751248090e-02
7.049373373340217519e-02
9.546925646361569678e-03
5.414723904521867755e-03
1.047853938369833066e-01
1.755544191949130403e-02
8.685328117818745530e-02
6.807173607659566805e-02
1.116624597142819586e-01
3.404212082734880268e-02
4.203402945708445415e-02
4.334477162450119103e-02
8.419256230108247696e-02
2.815394734308847291e-02
4.552840571894775645e-02
1.433937790965107879e-02
1.016597018130033919e-02
9.962345542839273760e-02
1.048822512273710622e-01
6.188346813757835373e-03
8.815892759546456459e-02
4.632418898005816188e-02
1.468961720030034779e-02
5.013619672122908433e-02
1.032355624679129683e-02
1.014413495857808961e-01
5.511517606280962045e-02
6.460341935195480778e-02
2.122005175112681719e-02
1.011662703147846731e-01
8.625526964033602972e-02
8.266344754194698830e-02
8.878230116472872469e-02
8.180244798406366424e-02
4.483744646123815486e-02
9.940190271945305300e-02
1.072525144091625859e-01
3.187921664382778464e-02
1.004761900366300531e-01
9.980114819141908122e-02
2.136745134602557189e-02
9.432185921514224525e-02
9.231363032602563079e-02
8.468303383804789974e-02
9.574448647588323924e-02
2.735171588326529291e-02
6.846061214058525579e-02
2.728341224574583335e-02
5.351124598273954841e-02
9.485340129472082452e-03
5.242054680942515726e-02
1.216284861060444719e-03
6.003233873958934916e-03
7.382090890933427907e-02
1.014116328694123215e-01
2.188271352166900989e-03
7.248151559818338807e-02
7.930633481511492611e-02
1.930253239003819820e-03
1.095605317159660530e-01
5.994833806333085997e-03
1.081697366098903490e-01
7.714943817285717376e-02
1.047091028644816374e-01
3.982132412490746454e-02
1.563907117416144313e-02
1.134268726969384494e-01
7.325964381003861187e-03
9.141706951326589864e-03
3.065371000130099124e-02
8.330671298239787637e-02
9.705036144097522327e-03
1.051098588642459114e-01
7.288152933489459862e-02
8.451111187909003675e-02
7.049223017202971113e-03
9.775302671569235935e-02
9.669130908052856604e-03
9.640588057489068996e-02
2.246703408055158654e-02
3.199656941805224895e-03
8.647535301997320845e-02
7.766520440687149640e-02
7.643919308111515876e-02
4.143105179830774629e-03
5.794123154272982218e-02
9.958697994612297766e-02
1.054421769964898337e-01
6.286701643141397351e-03
1.332056387119822825e-03
3.092728593763378192e-02
1.596833604078785884e-02
1.224319957892308977e-02
1.034190580251333202e-01
9.002156839801284116e-02
1.095881636734727209e-02
1.564244038369250189e-02
7.705991319569409359e-02
4.257003434963021853e-03
3.149316706106376155e-04
5.956006900606626575e-02
4.791433978366117785e-02
8.549456856463179266e-02
8.239688407280545968e-02
1.110441934494088984e-01
6.992135807822873195e-02
9.128767557010501743e-02
2.922946165135344165e-02
5.493886734786285891e-02
4.728619850577678307e-02
6.127891680773261962e-02
1.124915208845355952e-01
4.333424461852063148e-02
1.690423499104467262e-04
2.395679676272614508e-02
4.531649251213928226e-02
8.541636095160105857e-02
6.804780021569353798e-02
9.461568479224211070e-02
1.171617435975824510e-02
4.508927032846917621e-02
5.527804833997669413e-04
9.532561737531934642e-02
5.261443809739384248e-02
1.710527228680339476e-02
4.940336966846226030e-02
1.279274247481005863e-02
2.856211080910464953e-02
1.419935636458569128e-02
1.017845942285944966e-01
1.000092223084243087e-01
5.079729638695809624e-03
7.048004733354945595e-02
8.217324328744128603e-02
9.460251296409352695e-02
8.332725763023801635e-02
6.731463968188611258e-02
1.781932112986425037e-02
9.891562525866916256e-02
1.044741605023953718e-01
6.798916327067092494e-04
4.365444867033936409e-03
3.808980479971581928e-02
4.286818868762103801e-02
3.120941901844300620e-02
6.896765159027459791e-02
9.697051409335614991e-02
1.076429166266590527e-02
2.748314478837058164e-02
6.408987576313479595e-02
2.265333023800692597e-02
9.596985990286234502e-02
8.996902879919105311e-02
5.767448283262956860e-02
9.452865456657312537e-02
6.138680337462418257e-02
1.601799520312758088e-02
9.926411196649088942e-02
1.820259880825427640e-02
2.964942760551193997e-03
1.399347899244506727e-02
2.751986975057203744e-02
8.225231583446474676e-03
5.010301197924401512e-02
9.241407001015541911e-02
3.500298183053748152e-02
1.072728713154952329e-01
2.543783734497501430e-03
1.123355194478308297e-02
8.254730110903288343e-02
9.983579883708396108e-02
1.128207762918769647e-01
8.750978547291760057e-02
8.246417131191895178e-02
1.017985042479135349e-01
1.250116720723881691e-02
1.570035262224882613e-02
1.321754230957921696e-02
2.721614114277679138e-03
7.894392134170208353e-02
6.351209513590867772e-02
3.764082146648800500e-03
8.834721989942499742e-02
1.082659481173547655e-01
1.369005417098265696e-02
3.283045519118119732e-02
1.408076162214263495e-02
7.342601538561764618e-02
6.945051034032671822e-02
1.130856235064137127e-02
2.069556320071783140e-02
4.819634441512656020e-02
1.803324792018960038e-02
1.081513572538623652e-01
1.050567213508386416e-01
5.738523731884978551e-03
1.134673489073645819e-01
7.128235434021253092e-03
4.046006286268138963e-02
1.095131904185596833e-01
4.008116539099756959e-02
1.110767541511704093e-01
2.354033819785647519e-02
8.963869150131119345e-02
4.871507673694789806e-03
1.014437334641591915e-01
7.496790284490900680e-02
9.922699906724695429e-02
6.986877616981167216e-02
3.786073162226293726e-02
1.255966345978612800e-02
5.197971282086191053e-02
3.232803072591500931e-02
9.240191651786405780e-02
3.579717867731611186e-02
5.082827191430239200e-02
2.260677328174570330e-02
4.712553291128530539e-03
7.457767577990238872e-02
8.442244545156277202e-02
8.733416626796597360e-02
9.304081879522180243e-02
8.154312672195609957e-02
3.664370291068860808e-02
7.859572370538923936e-02
1.052645410069225351e-01
7.177425872071016566e-02
4.193708549174890443e-02
9.601343140592341618e-03
8.411974033128465089e-02
1.893105381515549496e-02
9.638263986324835386e-02
7.631102829854430336e-02
3.991199879843065207e-02
8.497117217667914113e-02
1.030388718098471795e-01
8.828934506800667492e-02
1.247598280786547768e-02
9.392222793357800359e-02
1.125425609460390802e-01
7.137629230228112465e-02
1.122279890915451467e-01
1.967416310585617598e-03
1.935846690820521368e-02
2.344639284913773922e-02
1.024310236013645375e-01
8.681684319261325552e-04
5.521695230830604706e-02
9.846073191680256020e-02
3.170629812246430340e-02
1.082891360323737090e-01
9.432712406207521827e-02
9.871458504512940768e-02
1.015688170339904967e-01
6.593148600355940026e-02
4.952079420670984014e-03
7.205933288603071085e-02
6.853072657568176629e-02
8.634711806977403425e-02
5.358909653441942117e-02
3.038329642623026350e-02
1.304116980104168266e-02
1.530753819893646180e-02
7.622674975541339493e-02
3.050096468491221915e-02
3.148403903493857819e-02
9.278167105473839873e-04
4.796975215600153553e-02
2.171735528230479134e-02
4.768840945644940710e-02
1.117068510629771749e-01
6.660582993028829613e-02
1.067414275219953357e-01
6.264210017059229640e-02
4.580696967368460409e-02
4.141646237434144784e-02
2.372494868777380583e-02
5.157158718265379693e-02
1.135719330928625266e-02
5.309595033938473846e-02
1.041656539812890608e-01
2.150278038110762721e-02
1.075821699623970007e-01
5.486704603306987067e-04
5.690689034803713547e-02
2.549600607601343327e-02
2.927688442095388414e-03
2.671414981920828755e-02
3.219397108499146010e-02
1.033152120652069544e-01
6.595512225348151847e-02
9.705721400900622908e-02
1.290791000356322597e-02
1.146670137719914967e-01
5.992882300451768396e-02
5.210606106516697811e-02
9.963832271510530969e-02
2.163475963095157911e-02
1.091460790013849685e-01
1.006683831557763850e-02
8.614732669612537586e-02
9.095642658084350518e-02
7.725092262131384550e-03
9.872020713138884851e-02
9.281564512245486440e-03
1.603059117503809541e-02
3.460980118595535088e-02
9.211740405369656104e-02
9.945445997550425576e-02
5.013489753566974239e-02
7.878466734922555392e-02
1.037298696915716079e-01
9.901624323632165700e-03
8.850052962003611412e-02
9.711343940157454724e-02
9.040268516426090695e-02
9.682091894873232074e-02
1.134731300880290755e-01
5.768986809254807169e-02
5.041624974029651832e-03
1.058127858930192899e-01
5.936906485300152969e-02
1.079009070523772873e-01
1.141543924883413330e-01
6.145853731305539469e-02
1.069917025420780016e-01
6.757818527122004537e-02
4.147497701831712874e-02
6.686918750253538490e-02
6.447538540135815122e-02
1.058404675584972421e-01
1.068303194747756285e-01
7.595137149579244025e-03
1.704845890601309468e-03
4.448997435129223993e-02
7.908625066676447379e-02
8.523036769591189887e-02
1.186131039671251344e-02
9.493713389636360134e-02
6.271854255685517521e-02
3.104477729048738324e-02
1.016979451858776584e-01
5.888274944970599799e-03
9.309521653165185595e-02
1.440368666641592436e-03
5.498945845679169969e-02
1.143330060636667950e-01
6.733353241421335261e-03
4.758247822716820535e-02
8.034847104454463651e-02
6.618804524898622144e-02
1.129047045591453080e-01
8.179063183686090255e-02
4.634518901001727018e-03
7.849287697893245208e-02
1.062455453799799748e-01
6.429096778266975287e-02
8.788958415376561806e-02
1.039769846230779587e-01
9.472312361291432281e-02
4.643120767796555387e-02
5.293310109337674013e-02
1.082289429989651830e-01
1.141986296028313363e-01
1.057195744130392037e-02
1.052748865986591065e-01
2.926185946079341502e-02
4.685717642872302968e-02
5.624370236650944738e-02
7.631665002708809542e-02
7.549530757689486282e-02
1.054170510377065162e-01
8.779381821455553916e-03
1.619309501869243195e-03
1.879328763635161256e-02
7.973340412922723386e-02
3.076891455899479974e-02
1.016048165406415599e-01
1.401962532815906326e-02
4.343697968995477443e-02
1.051679783930561107e-01
1.005061949635451118e-01
1.425751987478368274e-02
2.075399583767886368e-03
1.110248477047846849e-01
5.202866351081145146e-02
9.593888868521453783e-02
1.105934766566057242e-01
1.101962805665625822e-01
2.025006603496214488e-02
4.821212709672184626e-02
1.140976732996927812e-01
7.962022554546638320e-02
1.118493518238267148e-01
1.056695185363460826e-01
5.765626362928209098e-02
6.341818349615210848e-02
4.602617682711022083e-03
8.203037734525311930e-03
8.055396746483330095e-02
6.386566245347807813e-02
1.097164316728015815e-01
1.008688482003515102e-01
1.298381402913154070e-02
7.639702211619335548e-02
7.521887012534188288e-02
1.168253924896493247e-02
6.436427704265455796e-02
4.178802463975310466e-02
8.750914905912042518e-02
9.120102269513749582e-02
7.749618304463086471e-02
7.464497520969413935e-02
2.618918040767767574e-02
8.338785501849800552e-02
8.160029453521351617e-02
8.971012656026874921e-02
1.796530276690185349e-02
4.169649467168501378e-02
9.773794184750447811e-02
9.495568140634325083e-02
1.083645201743277213e-02
1.054782298145163777e-01
4.786143772188677925e-02
6.647111801908418827e-02
5.662583799708394844e-02
2.737497709794445289e-02
4.429136185402211823e-02
1.004291020036610360e-01
9.912211464605880096e-02
6.767813727272581348e-02
1.437472125266309013e-02
8.999366894227207869e-02
7.236323576486468345e-02
2.471226778788019815e-02
1.141466411987455964e-01
2.849068316974716353e-02
1.022637468784025061e-01
1.013529922295626773e-01
5.724164633798161511e-02
8.481256138669036881e-02
7.205782001199212417e-02
8.794703656931746050e-02
8.602849915504555064e-03
3.371918820013158208e-02
6.410519397068700775e-02
3.953992713554042165e-02
1.013773090540177023e-02
1.210428244488499913e-03
2.271906426628485937e-02
7.875342057435814891e-02
2.689900567478661561e-03
2.521776307968015551e-02
9.004146810970940773e-02
1.100047706104870793e-01
5.557933263534999002e-02
1.161675143924988628e-02
1.028598810696217947e-01
9.759789656762345167e-02
9.787400293821507669e-02
4.010216067656404565e-02
1.806011478423110231e-02
6.812324890024759605e-02
3.307128511128337028e-02
9.009975948919606015e-02
4.312108292194433840e-02
1.069019721984928034e-01
1.024662953467700283e-01
1.080912449303158829e-01
8.247248758789076095e-02
6.834006674609570571e-03
1.170022544172026092e-02
8.638113090525183224e-02
1.120838018466560615e-01
1.756074225771305647e-02
4.095838899815570228e-03
1.027124891348714097e-01
9.671062666779473016e-02
1.074112202801843635e-01
8.130737290987163912e-02
9.664637737724214583e-02
2.545518145906876251e-02
1.003803225711852737e-01
3.650729808926399256e-02
5.441234910900297900e-02
1.079273028883061779e-02
7.414183655360205571e-02
9.489640107387808943e-02
2.357768952983015781e-02
8.054654470412415945e-02
1.564002630283948744e-02
9.258194028318049440e-02
3.093343897403354886e-02
1.419920387689158070e-02
7.643558955272454492e-02
1.544146838249122085e-02
4.745224389781807495e-02
1.118187811579504989e-02
1.135254764155201740e-01
8.349583907208125988e-02
9.474122227473254221e-02
4.716646069298197942e-03
4.824650169515894843e-02
7.720161842856317069e-02
5.250904220434912673e-02
9.206840540603584977e-02
1.063794276621397306e-01
2.191320314839218658e-02
6.928025211439766719e-04
6.153390398223675117e-02
5.050064542902093882e-03
4.232238839709424189e-02
6.599175107722354133e-03
3.993956907292788017e-02
8.899348594692112896e-03
7.667036061581253281e-02
1.006176347261762138e-01
1.118684204784120562e-02
1.053494292190618187e-01
3.013095067027456164e-02
1.087127094554000452e-02
6.587031548608054954e-02
3.954343500541992323e-02
3.318687397138346540e-02
7.699114330255205085e-02
1.671566205725715740e-03
4.576193124340617591e-02
4.259275657560403217e-02
7.575108655532095114e-02
8.237883397923499718e-02
1.098757792968493296e-01
5.463618705624800507e-04
4.143081392920239248e-02
1.095201456526269240e-01
7.633717889284566405e-02
9.016888281602841726e-02
1.711121771271184935e-02
2.482580292435448283e-02
1.579772443215525513e-02
8.429220250062231801e-02
3.622858681701553174e-02
8.769594795709012569e-02
7.707103706854163960e-02
2.556862497323428123e-03
1.011110152568128334e-01
6.892002562102428342e-02
1.068836896948242854e-01
3.250903356987872722e-02
9.238386890412031427e-02
8.258264446335016051e-02
3.551342083926144894e-02
1.101443493294580467e-01
1.795576972459819037e-02
1.132594622723278738e-01
8.962237615635469667e-02
8.072104293779337747e-02
1.038586702445159216e-01
1.332872057672446035e-02
1.081280811300947865e-02
1.049005134816783230e-01
8.826736068965425341e-02
9.316880694864544676e-02
1.141427022546952913e-01
5.582815553041095211e-03
7.307386331405445190e-02
7.075104382297554839e-02
9.080865259967596526e-02
8.266007497612182231e-02
1.993475874363365846e-02
4.711316605706600963e-02
3.355670130742920143e-02
4.627439564974814012e-02
5.731494176183647010e-02
9.625677967242972366e-02
1.141278851440558212e-01
9.487629899248413434e-02
6.664641418852723653e-02
2.455140363522437946e-02
9.659296441601997185e-02
3.183941295866473536e-02
4.782700500282760503e-04
1.035665486588504408e-01
6.470769967103225107e-02
8.053898959661533186e-02
8.190691054892371148e-02
4.079682039110504171e-02
3.692111839844545128e-03
1.054763440432234661e-01
6.937206583119741310e-02
5.918194324016729652e-02
1.083355306605899432e-01
9.713650682106872436e-02
4.335949914824116166e-03
3.460148670961796930e-02
8.698977215716438560e-02
6.116012742802636598e-02
5.267940550014627021e-02
8.533923181295915983e-02
6.570100901624150065e-03
6.061037612478979708e-02
8.138797092096447527e-02
3.737578070802280439e-02
5.570447345077290252e-02
4.752103009964864927e-02
1.025689034860569754e-01
2.572286207668367589e-02
1.853381483125115950e-03
1.107338277104905344e-01
7.883006787130512893e-02
9.305534644439672487e-02
6.688870460924048467e-02
1.833081636765565917e-02
9.101648101690928971e-02
9.855582415694637277e-02
8.958400340453422095e-02
3.109961320760086523e-03
1.019151058036564389e-01
9.521193371429965968e-02
6.247999119483928915e-02
4.507275613442657258e-02
7.157937329728953843e-03
2.216628676845741261e-02
9.463276723391907857e-04
3.854447434667880677e-03
9.169677379742784129e-02
1.311787554448736771e-02
9.560445061336475536e-02
9.340431963337320065e-02
7.309431765877205667e-02
1.006887208363121539e-01
9.481097075072440761e-02
5.297630683750789021e-02
9.446145435517713795e-02
7.658936744461981860e-02
6.150207333394885900e-02
1.095517130295130814e-01
3.642783252057744947e-02
1.050401592455538075e-01
3.734344151175072318e-02
6.357102972293669774e-02
6.042591158008698074e-03
5.657249970113958221e-02
1.002398046795774794e-01
2.510089409258383156e-02
5.408317822719729134e-02
9.601870936256533262e-02
6.107076190299781659e-02
8.331291427127282545e-02
5.671987190402967560e-02
1.135042041916486111e-01
9.911406661815651276e-02
7.532759762888642519e-02
1.092771887368966938e-01
6.779833778905636210e-02
7.353199993379347377e-02
2.553965530545034175e-04
3.100135513881728533e-02
7.411552388788451851e-02
1.069070430204874106e-01
2.389600313733365386e-02
6.476609958571791226e-02
1.009969424038644203e-01
7.747112774284472050e-03
8.038184358459790624e-02
2.778991204683445987e-02
3.956397817407181217e-02
8.248400307919294405e-02
4.082949080309843798e-02
1.671518771052166001e-03
8.731741186601554849e-02
9.418288590429885199e-02
2.516985419331465093e-02
6.501956412289691678e-02
9.536585190323401684e-02
9.631367980358845893e-02
4.793876946879167128e-02
2.703520621589505443e-02
9.009747410198873374e-03
4.157580312519669474e-02
1.576146974788862620e-02
9.949461465452996700e-02
7.210484845346756821e-02
1.119960824625864937e-01
5.550968556033765433e-02
1.100740425974091295e-02
1.582622144571244754e-02
9.114932604571955588e-02
1.007151828078895056e-01
3.465259403295505719e-02
8.196934258265334283e-02
1.113504075448804170e-01
6.968975743941836776e-02
8.900841206080120638e-02
1.146401248916968096e-01
4.981281607967821823e-02
7.982291053318257834e-02
7.856326699725028895e-02
1.105259267342707102e-01
9.297379022814515614e-02
4.262969631265790121e-02
1.043346891217776101e-01
6.519175418965295066e-03
9.674033722824531417e-03
9.370774045049638790e-02
3.714737834369701702e-02
9.864388061207854386e-02
1.251527798444495524e-04
7.985622123880170564e-02
5.983194332960704159e-02
1.121866410158649935e-01
8.466613000898252916e-02
9.425351074239565752e-02
5.633725866677750937e-02
4.720901116630443761e-02
1.085345021296469370e-01
6.768233046324375994e-03
8.842829244301030067e-02
6.124102644661475608e-02
9.503306777497833036e-02
5.187681346171842470e-03
7.416074486290004375e-02
7.104270828089927214e-02
9.223331061990355101e-03
8.930486985261580635e-02
8.240152056989705209e-03
2.892826879172958211e-03
7.973438226495173364e-02
1.104860083905880030e-02
1.396561556550316927e-02
5.862156270990735718e-02
7.080580707222186576e-02
1.113919607559892139e-01
1.877268390228748265e-02
1.130885826985269377e-01
7.958544820101089157e-02
1.020686587833980266e-02
5.668076514060547966e-02
6.943393541546566405e-02
3.778633892845964688e-03
9.585056861752901114e-02
5.207673150656965538e-03
1.165904507109745587e-02
1.088790536990051905e-01
7.815878746191810833e-02
1.091309020031062393e-01
1.000121473538942846e-01
7.086623177712006449e-02
6.000292765286797947e-02
4.585168283391495569e-02
9.856675029528185958e-03
6.125339436433093615e-02
5.862502566649160224e-03
1.837925454816701247e-03
9.204287666705254778e-02
9.907210940797162024e-02
8.577998813567411229e-02
9.212832533575297800e-02
3.914138447856635450e-02
8.944714322273153440e-02
1.109120639583715540e-01
1.524509488011675622e-02
9.778922601758975597e-02
9.151503571330538503e-03
9.240292757441556648e-02
8.012221937367455804e-02
1.093584637119674047e-01
1.042570926735027353e-01
1.462465298070542152e-02
3.833805085884520116e-04
9.019487375099730087e-02
2.540678862641877842e-03
1.066311260887369550e-01
1.035985219354781800e-01
7.034721797713766600e-02
9.217128611003161387e-02
1.045895979388738133e-04
8.671684607223587027e-02
1.237948215520155888e-02
2.753162211589117725e-02
1.049042308894025527e-01
1.038204837097924937e-01
1.004020386539505316e-01
7.044736017085109769e-02
7.504110575290537898e-03
9.275692941565089056e-02
1.818245568444076810e-02
2.193736180914557243e-02
1.144637053594184523e-01
2.811770182708139484e-02
1.068201804904272967e-01
8.532931291135022883e-03
2.245714024486700211e-02
1.061860339558022698e-01
1.031582685714251962e-01
5.738298591372853474e-02
9.056308391315612619e-03
5.745720415298720407e-02
3.723957943012640593e-03
1.386811648898785563e-03
6.185675528731412326e-02
1.030092742017683777e-01
2.041630001296816654e-02
5.934918130045703510e-02
