1.147118388550339291e-01
1.014126971297999585e-01
1.127639964000227563e-01
1.274981299543049770e-02
4.627395807372740311e-02
6.353886443222407643e-02
9.254416848647568916e-02
4.224691633686888242e-02
1.908873727241557766e-02
8.061098684817144533e-02
6.495256010163047433e-02
3.865528862290310008e-02
9.068034411899000835e-02
2.282874331438222715e-02
9.202658479618977538e-02
8.090670355174767181e-02
8.560512511146638193e-02
5.744134950239117299e-02
1.124102355466677361e-01
1.019431171004295117e-01
1.114401119892711456e-01
1.061734389526583222e-01
5.983706950266422242e-02
6.175618781437279547e-02
6.721821192490463892e-02
7.101862860947549816e-02
1.058594911316553533e-01
1.094834062313882091e-02
9.684319158981179176e-02
1.141835530216768063e-01
1.029969955764543782e-01
1.329527831425439920e-02
3.521069586706763316e-02
8.911300407438023374e-02
1.037746093694368738e-01
1.015772479167121878e-01
9.626068849850431819e-02
9.742565940738447117e-02
9.894312248673574339e-02
9.926913046434995488e-03
6.899558342230713293e-02
3.581044459622056281e-02
2.833340718008255793e-02
1.151827956210040443e-01
3.901502066021184014e-03
3.013041078934392057e-04
2.641620880068488997e-02
9.590224112986600602e-02
3.785314254352605684e-02
4.534393421361863213e-02
1.102012123347981126e-01
9.931219099891010205e-02
1.016453141066316623e-01
1.295638500750635833e-03
6.077234673159354061e-02
8.769201751619980223e-02
4.165150287202193727e-03
1.111733338409963828e-01
5.184441102082079644e-02
1.605410975207564872e-02
3.904097010295360087e-03
1.075393645431745177e-01
2.393752343252102815e-02
1.292698314484370600e-02
7.942827920366639372e-02
2.755120020918132469e-03
1.914399218456518115e-02
8.490712768106753461e-02
1.261963314681254292e-02
8.025903067003591074e-03
1.131136179568413419e-01
1.106772681606987552e-01
3.986156824387714764e-02
3.546477390425752628e-03
9.007214993343407028e-02
2.020123441092712413e-02
9.108451723294236357e-02
1.687902793739058313e-02
5.136636381681230351e-02
5.694322159092745500e-02
9.408008442903023627e-02
2.668856061717538031e-02
5.338032317592477510e-02
8.302309138699059954e-02
1.046910546965053729e-01
1.007883406441967972e-01
6.570259220923638233e-02
1.025843613411578648e-01
1.025955985834894196e-01
9.656411218256631679e-02
7.826401973546752433e-02
8.379108516949115154e-03
3.109948013499660643e-02
9.702972165873337274e-02
1.318779475907034572e-02
7.670038345431311189e-02
1.660906046541993364e-02
6.025001955120274505e-02
1.024763387357083971e-01
2.368191668708559405e-02
3.276787957303958082e-02
1.078567629312978532e-02
1.003285988760306557e-01
1.075467455122409433e-01
9.864779961683783904e-02
8.622966776953755810e-03
2.289424567725025644e-02
1.495347372238921800e-02
6.811576267040941879e-02
1.145193460507850786e-01
4.192495113728170880e-02
1.069534487297576913e-01
4.480620286954756226e-02
1.997751576510172974e-02
1.079669083897075166e-01
7.465512075747811338e-02
1.052881407127828975e-02
1.231358251012994870e-02
6.931864712009551399e-02
5.779538885678610176e-03
1.586522787504703741e-02
8.192337390045473233e-02
1.008401487198610502e-01
1.816822180939348802e-02
1.329455342617114587e-02
9.939766698311984505e-02
3.224656087300702481e-03
1.037329850830147615e-01
1.137293015156499824e-02
5.579141761130650828e-03
8.863689629773832679e-02
1.030751637746454563e-01
1.022531780564600451e-01
8.724165057754987296e-02
4.604555024499605576e-02
1.368355401243806502e-02
9.617410586213055723e-02
4.438998123648905253e-02
9.695891489965022259e-02
2.152882092202594577e-02
1.634907244552859240e-02
1.865485435820269863e-02
8.330171264645405693e-02
1.145835787295265279e-01
9.906567495099406762e-02
3.131887062232731334e-02
2.485360333094626881e-02
4.535259459521184811e-02
2.291029307322244371e-02
7.290105759887349768e-02
1.991098536573239833e-02
1.031849900168206602e-02
9.589080426987621475e-02
6.129243353922721183e-02
1.149588799107487125e-01
3.043334396101808441e-03
1.327248685119490103e-02
2.962178351363157700e-02
3.470882891030478701e-02
7.041412178393308130e-02
6.482504539831750179e-02
1.807798116107953547e-03
3.046523582414001688e-02
6.811371381700387362e-02
1.703829359049397439e-03
7.954114110802057436e-02
8.364823345521024689e-02
1.009637570151926400e-01
8.292577250533962607e-02
3.120461880962468321e-02
1.051656571494289649e-01
3.840852277996501668e-02
5.653025262848349053e-02
2.688018978858355834e-02
3.818486134829526812e-02
9.987802474719328916e-02
1.066853893731810193e-01
1.009719782109004538e-01
1.627246641305855196e-02
9.801391727968282452e-02
3.207713247316913013e-02
5.918752596642441396e-03
7.924443457740013019e-02
7.809496159878197286e-02
4.393423772724206616e-02
1.017867977631319726e-01
9.844153108094534643e-02
9.812288387185910676e-02
5.578005211815112441e-02
7.726030379697615413e-02
6.437862105927720513e-02
8.107075788144617323e-02
9.993920545295430224e-02
3.545448614141277072e-02
9.233013322434505121e-02
7.535484859735060159e-02
7.183327491004301568e-02
5.735478544934614377e-03
1.007246564453170845e-01
1.933819137325478929e-02
1.081371200465168795e-03
1.269919961159311078e-02
9.255731199804802245e-02
1.006018987982181950e-01
1.096177210345811448e-01
9.459411129579184396e-02
3.764581919127367449e-02
7.686016424903314298e-03
1.078722044359845395e-01
4.678116315165612576e-02
9.773800168034926794e-02
7.953594979659336928e-02
1.035089330172710986e-01
3.863578148591133299e-02
1.075986004565561982e-01
9.763056965385653874e-02
5.097180821934403638e-02
7.862125707702483091e-02
1.006796272759284544e-01
2.788216638531265321e-02
7.620822758836880151e-02
2.219037764531845477e-03
9.329341422380800497e-02
7.068799703147249369e-02
7.788967220426883109e-02
6.182251300920377744e-03
7.276147385173757642e-02
6.369188229443337179e-02
3.375204740199309189e-02
1.116442049742492199e-01
1.067587395939384176e-01
1.046213311592715939e-01
7.208762650113315074e-02
1.704199160740290167e-02
1.872063629769310901e-03
6.293669761668511942e-02
6.760939645988910118e-02
1.120401727362323185e-01
3.175997824410136533e-02
1.345349087203925181e-02
6.545271345421149745e-02
1.050181756893147078e-01
6.156698882274382750e-02
1.004186586162504335e-01
6.245434867269751555e-02
5.218598601977837009e-02
8.571178529476038144e-02
1.030553607042424408e-01
7.388786981758284356e-02
1.276774132163933061e-02
3.293081604718048859e-03
1.467721883689639475e-02
5.506344953044110813e-02
2.719349017689526651e-02
8.953444329164918225e-02
4.054341137659613070e-02
3.543616235703524187e-02
2.132514815193098639e-03
2.147613167476301529e-03
9.379177594749735225e-02
1.881537698132203229e-02
3.021792520274981311e-02
1.565316161337992548e-02
6.567387567822713379e-02
8.256826932833907784e-02
1.060395955186697048e-01
1.264069847085232991e-02
1.102912498696742849e-01
5.988897266022717714e-02
4.904747606384524290e-03
5.862465024079057535e-02
8.142522114476932749e-02
1.886951447588275030e-02
9.381850960578218268e-02
8.725689496704779752e-03
6.053081108076584227e-02
1.100668464395291313e-01
9.883542990830561370e-02
8.102325663176895842e-02
1.812372301099390501e-02
6.649773771937751710e-02
8.244679359697316967e-02
8.496891010527325705e-02
7.521281277951634425e-02
4.800054163432076332e-02
8.289045271443175322e-02
9.680591463649614037e-02
1.264833851796412674e-02
8.492256588045130061e-02
6.155128431730905181e-02
2.097626283159260974e-02
7.268410183314723272e-02
9.316422722327442896e-02
1.028744807626863905e-01
4.418968049723897423e-02
1.108662027079290457e-01
3.893282315279236044e-02
9.917025963975041603e-03
4.763695999012312193e-02
7.173147689231809676e-02
1.038013145928417952e-01
6.007526909332726317e-03
6.213225273561714251e-02
1.073041162676371535e-01
7.617102867145629508e-02
5.952843797517418795e-02
1.025331547836833557e-01
1.126973788437280743e-01
9.944422549716409876e-02
1.788162981308294430e-02
1.054848381267508711e-01
8.179756231478128858e-02
3.193431021100248679e-02
4.996082163413047283e-02
7.203863133346524728e-02
3.112529316531963564e-03
2.771074699141681114e-02
4.632325051469989019e-02
9.362384621231710502e-02
1.910729204289939032e-02
8.270850355341496929e-02
1.696661533192826612e-03
1.041670343253324749e-01
2.708473517262608224e-02
5.326611955332780091e-02
4.628439901541461093e-02
1.376546232461660878e-02
8.229911749523276254e-02
6.300023234052598564e-02
8.088547456512411304e-02
1.246284699496446116e-02
5.878564353346304658e-03
8.873880641352065168e-02
3.194826258693804488e-02
7.881128346056066880e-02
1.129947147736946600e-01
4.453715951968752890e-02
1.108216135823485299e-01
3.046417984968038603e-02
8.641777189992523589e-02
3.178151060780200210e-02
9.778558467954717726e-02
4.761167296956431150e-02
8.246594515810032333e-02
4.873208758080652472e-03
8.367311456384082802e-02
9.608906976545469880e-02
9.568763883486885308e-03
6.255573132217319074e-03
1.082520043111121627e-01
7.965381956762809801e-02
1.102033195476278399e-01
9.771689013865220153e-02
7.583944649028193097e-02
9.889361106924626776e-02
9.975237430922531678e-02
8.957391955214631662e-02
3.649607912603327481e-02
1.083650539344045427e-01
8.420005708235364650e-02
4.395619229843137493e-02
4.046803460187158030e-02
3.831673128219537788e-02
1.404908275156022124e-02
1.038728750500059195e-01
4.223177586020055579e-02
7.869864132787207645e-02
3.901273022237357335e-02
4.544711416630992096e-02
1.034773390514607261e-01
9.021461631722565988e-02
8.102052087292409624e-03
1.064708727472513383e-01
1.114528157906007760e-01
8.034455556566562351e-02
9.315468654412523142e-02
1.086409943584655674e-01
9.282532188903064307e-02
9.504178008127335542e-02
5.385765853588996704e-02
2.139958086872415649e-02
9.388610211854872545e-02
2.836961635720538014e-02
6.352590453747619659e-02
2.231101608273750037e-02
3.724110209252973203e-02
3.647961396013003899e-02
1.043102315016984083e-01
7.292479544723731721e-02
2.706150584291240266e-02
1.061164599617210047e-01
8.110270238103485518e-02
7.659110077606091915e-02
1.556761098935902608e-02
8.651335149665458080e-02
6.969473891491678730e-02
5.251975340994851499e-02
3.484722580725171069e-03
1.023162527463277599e-01
8.093807317552336594e-03
6.285600292349736995e-02
6.954102060678736541e-02
8.304986162994608401e-02
1.051408536138533946e-02
1.071529286055867836e-01
3.061666697411007804e-02
5.411744178907081093e-02
5.314433674952906417e-02
3.337334663626170123e-02
1.096309350029891772e-01
1.622562962661217023e-02
1.837779449702149626e-02
3.867064916615488984e-02
1.072876749852206060e-02
9.039464118790859620e-03
1.128551593139736492e-01
1.922816570127747551e-02
3.506420448109464488e-02
9.017979558130730100e-02
2.644422333426321020e-02
8.282984561644993193e-02
4.926698252116602783e-02
1.020157403851401495e-01
9.956438485798285720e-02
2.815668220847640860e-02
5.849830788295637407e-02
1.348960117843977374e-02
4.477821401282726550e-03
1.140036623596653170e-01
8.349763534064973125e-02
9.364050105131720148e-02
9.408391276272694281e-03
5.210115687711273924e-02
2.179999134155609364e-02
1.589190319594474543e-02
7.535753515069736064e-02
9.824319399514272466e-02
7.832996809403654226e-02
3.382277125810766172e-02
6.539571592679871426e-02
2.898780156213569964e-02
1.036649090226995085e-01
5.395608813457081904e-02
7.013852956890509471e-02
6.315544580220150417e-02
6.151008120662100447e-03
1.392308504310412268e-02
9.798710153762632546e-02
6.641383720015679726e-02
6.532275507304592665e-02
9.473790392547545847e-02
6.124334807962979882e-02
3.473629469643990143e-03
7.286442874161763554e-03
4.210922116059381826e-02
6.953331741302855307e-02
6.677802951464742454e-02
7.475837956003664186e-02
1.272335804525213769e-02
1.585962787821599065e-02
4.610327416181957821e-02
2.230791167933413033e-02
7.219742408119426968e-02
1.057722099461111398e-01
9.672110917376719463e-02
1.080581109072934337e-01
1.107592626852782897e-01
5.087758264270104969e-02
1.073261964679322888e-01
1.052511734037802488e-02
7.451430217952122181e-02
2.686519210489173026e-03
8.571056926371542484e-02
9.377579034936396607e-02
7.322133443589341761e-02
1.121150471926324887e-01
9.036140390237411280e-02
1.292498360600392165e-02
9.359004773710538627e-02
9.404425150438648628e-02
1.498047803635039338e-02
1.903791329055998238e-02
8.444976866285165695e-02
6.682602685826985467e-02
7.034022799067761456e-02
1.010169484028300702e-01
1.136330912387037151e-01
1.060245439548009039e-01
4.412213076032421577e-02
6.993689499265807498e-03
1.136832102994382240e-02
2.050475168266932199e-02
7.804590153621350501e-02
9.146171654946943716e-03
7.024254018319393833e-02
3.494259887878607695e-02
1.051131579444634645e-01
3.541410921196502803e-02
1.583985870735924589e-02
6.410440010841914060e-02
6.027461255692778685e-02
9.628320949101040749e-02
8.753716998244814862e-03
2.632351503725543357e-02
1.039912319208992700e-02
9.408064968024511254e-02
4.502167463099970152e-02
4.378137517218057967e-02
5.656223082817302648e-03
4.789966944224106210e-02
1.096470443315743747e-02
9.045599363197895024e-03
7.668292525220933575e-02
6.937438474896304164e-02
8.173417385405768593e-03
5.841521528960899601e-02
2.224438477759585128e-02
1.142344402030131406e-01
1.005628341152848271e-01
8.508265755310049847e-03
3.451447573202664348e-02
1.727348075782846439e-03
2.180155682947460330e-02
2.801717422444435085e-02
3.176891072529028359e-02
4.899421708103765885e-03
1.057971393547650352e-01
4.848618318290086326e-02
6.601382848510214604e-04
1.375943584489176807e-02
3.745816743008117955e-02
2.632252279699356934e-02
9.355509374721479587e-02
6.107900846467900421e-03
4.514744025064335725e-02
8.271513702570951199e-02
1.497553864372982296e-02
5.779555813616507609e-02
8.540965968767363914e-02
1.050988426575466539e-01
7.234459032488031738e-02
7.590081681084447085e-02
5.244000939305819287e-02
8.459771757219779198e-02
2.209253908837795211e-02
5.028461298491038872e-02
1.072633759114404589e-01
4.541025658739783477e-02
5.886279293056765477e-02
4.132368330128649569e-02
3.227078809676776211e-02
8.146394296253059789e-03
1.058396336482194944e-01
9.836618244337121120e-02
4.346175817367168605e-03
3.591303450499294669e-03
7.905278282469692386e-02
1.015571376895602340e-01
4.968488823172870911e-02
1.070325710493741367e-01
1.885549772400370305e-02
9.640810676672810497e-02
8.884573589610088307e-02
9.091706405164978744e-02
5.630099607534375106e-02
7.350251162686551043e-02
2.899478456086497166e-03
8.358134372866325712e-02
5.665546164148099056e-02
8.416063826245924473e-02
6.284790323922843924e-02
1.997280375937855040e-02
2.414115038912091962e-03
1.113833158366181603e-01
4.303693403075443957e-02
2.791222976018816956e-02
9.156160346468501798e-02
7.374904274919105718e-02
1.105460933705588178e-01
5.760157307086008482e-02
5.107994979517680584e-02
9.022021767822693827e-02
6.075406092834634286e-02
2.091158226279241431e-02
3.644023339279703431e-03
9.825822382741085381e-02
1.108744009076396003e-01
7.468832699447155998e-02
2.726584948503240485e-02
6.859078608768963414e-02
1.073718063380767890e-01
2.942271834488956184e-02
8.206731664361029133e-02
1.078032874979138050e-01
4.014749647691352730e-02
9.524340024064475996e-02
8.233546663388435771e-02
1.016128453983244743e-02
7.832301425330011335e-02
1.300948615934523905e-02
1.128445928798244985e-01
2.814679573775052263e-02
8.220712278895217495e-03
7.075449711887150939e-02
4.040046280746290019e-02
5.586384665360855095e-02
7.089246578537988785e-02
1.052905428008117927e-01
1.074747434243556454e-01
3.828263084854251815e-03
7.732834934804645732e-02
8.637401973879059447e-02
6.457567929758076253e-02
1.081993496258949194e-01
6.540654570401885359e-02
2.136244000126721887e-02
2.689836133198092102e-02
4.532878297456679681e-03
3.209929712821955189e-02
6.593555111221523213e-02
1.020832795347917515e-01
9.786660968061640375e-02
2.312259964508154436e-02
6.337602681380188896e-02
1.819430159465347313e-03
7.048937047524668487e-02
2.392681361900881112e-02
2.215407522207859387e-02
1.134008194651539153e-01
1.573018336905544073e-02
1.156893538381767797e-02
7.473152139378204384e-02
7.710752868572263996e-02
1.048255284405753274e-01
3.978202586364356502e-02
7.456700200851348881e-02
1.643635454070224841e-03
8.504403042901238774e-02
4.275633731300479412e-02
9.392634236507449441e-02
9.663251669323716375e-02
7.487008485710346106e-02
1.025919288152735559e-01
1.090741242710587117e-01
8.608481163351847099e-02
2.763300482748274733e-03
5.424755978871759893e-02
3.715976032186676936e-02
1.101352432204310283e-01
4.609718217696978648e-02
8.929245763902081412e-02
3.735942483859866492e-02
8.663764508078247717e-02
9.484017879030295917e-02
1.230013265057829618e-02
1.068458959903473698e-01
8.298942337211145936e-02
1.526553448065930650e-03
3.769538548751674104e-03
6.881921298448126501e-02
9.606039533434772293e-02
1.927519956059215583e-02
8.668139197008734032e-02
9.965008232891302623e-03
3.329423600238076708e-02
1.108330476936152664e-01
5.432045423496677933e-02
1.269511734429837509e-02
9.544745762585214038e-03
7.477674959432907553e-02
3.760696340303468915e-02
1.530535856725353389e-02
8.092222948919135239e-02
8.222408136103044607e-02
7.667745984530424663e-02
9.634809195209989574e-02
4.773302407897844768e-02
1.203663955065367545e-02
9.399020293689257233e-02
8.292348980239767908e-02
8.851888883375266803e-02
1.254985417299825899e-02
3.305746751441090980e-02
1.023961524557305824e-01
1.118557835540293505e-01
8.357640353496949281e-02
3.702451179903711032e-02
5.656134224519075021e-02
9.432182114784705418e-02
5.432004332737042779e-02
1.713949433841406231e-02
4.928111726419914795e-02
6.085527582713463196e-02
8.433183355133451464e-02
9.405460547567796870e-02
1.072393026156019807e-01
5.230652033379126764e-02
1.048455439265103400e-01
1.414818105122287069e-02
8.284224290638414478e-02
1.277930255502752674e-02
8.723222594289401638e-03
2.898717572686525679e-03
9.203778590144598426e-02
4.054077942266891971e-02
3.463293901091910737e-02
2.989903303089330722e-02
7.157438193997604781e-02
1.119948442906070207e-01
7.422298379777082789e-02
7.390357381191144104e-02
2.790762480603405093e-02
1.463294745040060602e-02
6.713291356703317281e-02
3.976709432154515445e-02
5.280273397623623521e-02
2.614412677164534154e-02
1.126759974456827823e-01
3.416818437852706114e-02
7.666287934192908549e-02
9.117054352198901424e-02
2.103706757311752176e-02
7.114976963918433206e-02
3.193080837465038513e-02
7.630622881181076123e-02
1.023213085712531834e-01
2.252485438516979490e-03
8.130198227214923898e-04
3.508225727847390230e-02
1.042915253124018608e-02
1.104623663903962910e-01
2.019899319207308069e-03
1.733681405295524726e-03
1.013683994715433717e-01
1.090913142122553747e-01
3.037109820115855511e-03
1.619683972815622042e-02
1.051412870543585037e-01
1.281254979404406781e-02
3.987039374330476893e-02
1.552982576111551667e-02
7.465972251445404662e-02
1.146560521080374900e-01
1.540843032340989335e-02
4.559128018881338645e-02
1.118469051649138291e-01
1.250750873905034574e-02
1.048410842535414528e-01
4.900261848283567201e-02
2.076478907878860983e-02
4.854612038598096757e-02
1.368953922543417363e-02
4.657969162823680231e-02
1.012477689536613323e-01
8.102472401854843298e-02
9.310616751918329714e-02
9.105659405896178449e-02
4.569629975671794797e-02
9.573271086950027597e-02
9.563415306223330137e-03
8.938826456005415089e-02
3.957958861129379918e-02
6.884414402353761231e-02
7.477096319296830385e-02
1.428142218903752196e-02
1.923864701143272044e-02
9.838640840528811715e-02
8.970432703228021576e-04
5.771306454616882686e-02
3.466715283591211699e-02
7.668334001704177338e-02
8.545810886639872150e-02
6.679847004970138058e-02
1.132240130198158279e-01
4.150870197583075849e-02
9.053669248153903282e-02
5.942144847394800061e-02
1.293231342689219951e-02
9.622281551828860968e-02
5.124945278663094878e-03
8.186359441002549753e-02
6.713998101684055808e-02
6.600898865096874180e-02
6.249247615316413929e-02
1.036417692669659857e-01
1.001105188963820614e-01
1.334442405076041900e-02
2.667529748913581578e-02
4.408667549681938996e-02
1.000592860390341621e-01
1.250239007155593343e-02
5.716105949290910260e-02
5.162090628713704443e-02
1.094705103371396704e-01
9.907462386036156032e-02
1.107191120381932070e-01
9.512461056818269367e-02
4.960018137987085018e-02
6.338658569289533362e-02
3.047471754904396146e-02
8.591421844036298272e-02
9.583264671860665385e-03
1.082586122651795629e-01
7.539364871924730815e-02
9.641156200234854423e-02
6.611428962338523896e-02
1.021274642389416593e-01
3.939461999436836420e-02
2.395046520003924623e-02
5.095057245368188326e-02
1.122632872661847442e-01
2.852439239060507517e-02
3.063780841277815442e-02
8.223203073372745142e-02
6.825707422615212572e-02
1.745757401822786714e-02
1.030181586305852770e-01
7.573836557647703471e-02
3.208433850628273493e-02
1.009561717750757787e-01
1.532536554504800898e-02
9.863812138641638028e-02
1.249450512085355756e-02
8.493031642013494642e-02
8.658918890234840182e-02
2.314629270313117021e-02
2.892320835289397679e-02
2.110090599076130599e-02
1.056869234488057030e-01
8.542351044407479888e-02
9.010533443152266009e-02
5.091741034209860267e-02
7.436997677776206739e-02
8.730914017238156077e-02
4.296231977654345335e-02
1.056081679155885036e-02
9.197875886442995197e-02
6.188445327958581876e-02
1.463359250993882116e-02
9.423881415818697671e-04
9.064641274697862738e-02
9.857935678976530169e-02
6.052466975162341251e-02
9.605272424563379707e-02
6.850112235899964708e-02
1.033335276814954656e-01
9.834735396833625687e-02
9.219399680579218326e-02
7.626441698349037401e-02
5.637846144019439953e-02
2.340731659854672700e-02
7.837639040206834107e-02
6.949301027278127763e-02
6.667372671625954039e-02
1.762984044455559668e-03
9.693462350676135264e-02
6.704582425104127497e-02
1.023840291467622843e-01
5.061520814983409139e-02
6.152178606504451336e-02
1.042779189023394920e-01
2.614380300660445675e-02
5.452914559146094381e-02
6.611329932505681517e-02
8.681895261847495660e-02
4.475162751878074968e-02
9.555122200419431666e-02
4.796530638253559617e-03
2.609516100585303200e-02
4.339872828804147535e-03
6.515995994361839516e-02
8.784396073538447772e-03
2.972489781889152416e-03
9.506630552990844030e-02
1.608218661423667720e-02
1.080989040731933221e-01
1.736092258980711373e-02
2.735312840642660677e-03
1.138841337725114145e-01
9.603917044656240520e-02
7.323117036381808498e-02
5.978228488807718621e-02
2.158669482556033192e-02
5.852237574060158848e-02
8.659462305585331754e-02
5.409813396011115688e-02
1.885939971196977719e-02
2.645944021910687227e-02
1.130185604308185099e-01
4.642526800509454155e-02
3.068526666611009687e-03
1.113272805922249503e-01
7.791560470080019507e-02
6.427542561982278919e-03
6.732707277051291732e-03
1.022475065036588804e-01
9.829138457225884695e-02
5.306486632243660739e-02
1.767332571805190974e-02
2.298914120073059994e-02
1.001376906510173109e-01
1.112177242149505092e-02
4.541975830742299436e-02
1.702493975081663738e-02
2.938915804982042759e-02
1.313953765686554954e-02
8.622322739917873125e-02
1.143996212433915083e-01
7.662473556468686609e-03
2.435552163375615670e-02
8.613420388527355531e-02
2.774768102345117997e-03
2.123106282626552668e-02
3.833625618853244571e-02
4.410828048286224295e-02
4.554249202734847457e-02
2.032914225285669535e-02
2.273379052965399279e-03
8.300687898902321671e-02
3.468529593977710129e-02
1.077413212664754816e-01
6.691891742547705080e-02
1.046524891939783347e-01
8.815452160162441653e-02
3.965376067516928477e-02
2.628418994619528132e-02
8.450995929029554710e-02
7.560761201405213905e-02
9.588662795265588679e-02
4.665718054832782014e-02
8.626813618064621547e-02
8.964900451766140421e-02
2.056277602593734738e-02
1.010470350940889800e-01
8.956134858918279873e-02
8.233698882057630120e-02
2.739431813300731780e-02
8.227906106075325021e-02
1.011592181051775702e-01
1.046861086892129783e-01
6.557298004462706886e-02
1.034453183197732995e-01
4.752069353000570873e-02
1.047261037120201521e-01
1.348550674562397356e-02
7.400220488867255419e-02
1.150865207772611976e-01
9.139860181169771891e-02
1.217931032481236672e-03
3.232040493766364514e-02
5.900548689880621284e-02
1.360805253452554084e-02
3.905490122909469758e-02
7.965000915405769100e-02
2.448098856286184608e-02
1.123721470011232737e-01
6.196024019231596153e-02
5.587590096254596572e-02
7.118605731499213270e-04
3.874026452526418973e-02
2.976845511313489998e-02
1.138349416941477829e-02
3.127102356809823014e-02
7.031306360966876889e-02
9.685601230378411419e-02
2.162132866946626583e-02
1.135208864390840761e-01
6.361656253570381961e-03
9.751090205084222973e-02
1.392684517139197720e-02
3.170848519545705485e-02
9.574927594214122095e-02
1.211953639128033689e-03
1.234653593509272814e-03
4.491074446971665690e-02
6.321171006635926959e-02
1.166090353779974595e-02
1.091815057538848971e-01
8.994854237721972012e-02
8.587459155940606326e-02
2.269467544220843402e-02
7.093889803652146664e-02
9.948220387752218508e-02
1.048863419813796105e-01
8.835941231538374518e-02
9.648266469898633679e-02
8.335633049470940470e-02
1.137648518937320469e-01
7.323705860975908422e-02
6.765454838033328755e-02
1.061508036570215224e-01
4.534681302524491697e-02
2.719581234877517170e-03
1.058530304543372075e-01
9.443446561753229829e-02
6.683628885478447301e-02
2.606219610446892238e-02
8.379947024777364972e-02
1.034538542095827240e-01
1.585576311756937973e-02
