1.055440106278414114e-01
1.961419628585630084e-02
8.006205222566500912e-02
1.076761588653335072e-01
8.799797200298499489e-02
1.035338976431647573e-01
3.929439972725652652e-02
5.501111685753754671e-02
6.193862434858216776e-02
7.239671537683298186e-02
1.897943881038445524e-02
1.112714795642133908e-01
2.187380015037251185e-02
7.657060234200635529e-02
1.180604254706545293e-02
1.000825587894054181e-01
3.886002251442408507e-03
3.533027065437894382e-02
9.929672088521127038e-02
3.874755031279994780e-03
1.010007236931567409e-01
1.093312118014652112e-01
3.673548091188112014e-02
2.632905100558368978e-03
4.829412236737101738e-02
5.255476357214009658e-02
8.664388337765992210e-02
7.490886044007726008e-02
1.803791573666856454e-02
8.276747913006228530e-02
7.872816106219898691e-02
4.357022306761671598e-02
4.493955462077553302e-03
9.935274590359227664e-02
4.842211366771467795e-02
5.131312351435336760e-02
6.820229864620395988e-02
1.071708605566950960e-02
6.267425497031729742e-02
9.924699271666695410e-02
1.064851076068744629e-01
9.989629493785236528e-03
4.706833046161226081e-02
1.310759376584934820e-02
9.329611036084262121e-02
2.956655412779843339e-02
4.830187134479234368e-02
1.095723470597776833e-01
3.658142055887831506e-02
4.066224542067816555e-02
2.584075063121302369e-03
5.811727573666015251e-02
1.039284725552308136e-01
1.002844385542074335e-01
5.368595858118525854e-02
4.735726128488463443e-02
1.103729187312573606e-01
9.935207251743813361e-02
9.086981464839584410e-02
1.103740897810640414e-01
1.831124375551181419e-02
1.453714648614821839e-03
1.854536086874463904e-02
7.473386851220573113e-02
1.083823859558062930e-01
1.112807756008447752e-01
7.098158014244684844e-02
1.101092753990922102e-01
1.369093514094022086e-02
5.756711113064705981e-02
1.728109677003696054e-02
4.841439602966024665e-03
1.094445157001727870e-01
8.527502174916079536e-02
3.171896256776709361e-02
2.195664022336274099e-02
1.016279685526340765e-01
7.593187773358689961e-03
6.118125949666388536e-02
9.350113320585973220e-02
9.546485460913141374e-02
5.212345043540476952e-02
1.301751289906533972e-02
7.065858039749664532e-02
9.853141752659833053e-02
3.350099801008083605e-02
1.029191728144794073e-02
1.374642741228947543e-02
6.212069856813907942e-02
1.009442082061182411e-01
9.558043819654254980e-02
7.275682434256960929e-02
7.366054606939939631e-02
5.084245465378580547e-02
1.084797140866376741e-01
1.051249787148273857e-01
1.118591082209106635e-01
2.559128971941103739e-02
1.020801196850002965e-02
9.180490657593640136e-02
1.066329738911185460e-01
7.197042515387216260e-03
1.078466722402122019e-01
4.002436611288220231e-02
2.590035908575430076e-02
3.368438656269815562e-02
8.869465383569434536e-02
8.897905394132643586e-02
7.075867505757400810e-02
5.528599632556459309e-02
8.731996983537682186e-04
4.138789536373320421e-02
1.002091649401092854e-01
4.814173839567022911e-02
1.040828947657398279e-01
9.275414287228658794e-02
1.668000758379986279e-02
3.068275991254531231e-03
1.429805842506964159e-02
4.753385662223138380e-02
6.532814571615150334e-02
8.960937128101557902e-02
4.779383332986297112e-02
1.124881956690353124e-01
1.568789448436139254e-03
8.295560265885329465e-02
6.063731487062368891e-02
7.706444181973547136e-02
1.119119903373205355e-01
2.896503222294314478e-02
4.399686074220719029e-02
1.623276368013494217e-02
1.124912356578481980e-02
2.442451492069887611e-02
1.122220290541273702e-01
9.621016048039207624e-02
8.269944109236129770e-02
1.074560684242459457e-01
8.365942292357524124e-02
4.415646879768773958e-02
8.307816608804700909e-02
7.573487584974925024e-02
5.924769541626762753e-02
4.578531491006126997e-02
1.042150538811625060e-01
9.514480996371971200e-02
7.925134903837632860e-02
1.412589646743288470e-02
1.045481439021655884e-01
9.535448090971091958e-03
3.409567175919207328e-04
6.842139820425285554e-03
2.093500037947177567e-02
6.172813076193788343e-03
4.517082574835794978e-02
4.326539089880058336e-02
5.193755311402190045e-02
9.379529918547278855e-02
5.087719968462417475e-02
7.201699359707065991e-03
4.067117657550552157e-02
5.816994473732564619e-02
7.375323570899089409e-02
1.910637151360240760e-02
2.039679604690695230e-02
8.236319175703499251e-03
1.155106910809433965e-02
2.639099054551449948e-03
1.256703034666331598e-02
4.795505367685371639e-02
3.816023982190152111e-03
4.548528038059608536e-02
1.091789748215050010e-01
8.385811204372389804e-02
1.100477438782035966e-01
1.114187069707765071e-01
1.078387764382008618e-01
1.028839228982635079e-01
1.382205138456024836e-02
4.029636382959717045e-02
8.260915802361823435e-03
4.778285263179134906e-02
9.387952851577489877e-02
1.907428779140740160e-05
1.018811382164196699e-01
8.449933277257382080e-02
2.075687521115347767e-02
1.420788537415845071e-02
3.570950847282068630e-02
5.004136483797158585e-02
2.502687227177016055e-02
9.869235121112353293e-03
9.395179813966581667e-03
5.096520963139969905e-03
9.456925165432816457e-03
5.926983769415015979e-02
1.101130232568448691e-01
6.089615204945286742e-02
9.432152872806376376e-02
4.810468040395098066e-02
8.949642164705598479e-02
3.429115796795297044e-02
1.064898109685272209e-02
4.194506680424012895e-02
5.405165556078084937e-02
8.559513714669503281e-02
6.378854840373408830e-02
8.994254827203926328e-02
5.693299629024352326e-02
4.348047919407568851e-02
3.586118596465921911e-03
2.925379201790047345e-02
1.099749487549601112e-01
3.486316897375520835e-02
4.659226675672289292e-02
6.603341797992243190e-02
5.872625540078208611e-02
6.945005288824876444e-02
1.081661259542063408e-01
6.508943075770486086e-02
1.727971337848878061e-02
5.530126420663517700e-02
5.503132344182477646e-03
1.075163673974864897e-01
1.508492911428033212e-02
3.867616600724068082e-03
9.682368617505375530e-02
3.543260475168206764e-03
2.999977793471839908e-03
7.935634375888286907e-02
3.882978601559596878e-03
5.594967990702639365e-02
1.014232147495795489e-01
9.379432412123553386e-02
1.025040458011557548e-01
7.549039347249456022e-02
1.148274299572639261e-02
1.407720300875283347e-04
2.978077681426768292e-02
4.259683692615484629e-02
9.498759004116669180e-02
8.593597566714339386e-02
1.966138895945806781e-03
1.896445428278544301e-02
5.303472348545813092e-02
8.767191405391629166e-02
6.724613351470244346e-03
6.858782160283277002e-03
1.816478652720822720e-02
2.643865946922783344e-02
1.075631545127406358e-01
5.332568834805507391e-02
3.252770459161608008e-02
1.037126627395276168e-01
1.459405540131611910e-02
1.388879000613769260e-02
1.106727980775557285e-01
7.735448100799635629e-02
2.543726390312354632e-02
8.750659295786583636e-02
8.386577817960744197e-02
5.497751313610688140e-02
1.092384414717209595e-01
2.705297976283166719e-02
4.936167410784705065e-04
6.986718204591151060e-02
3.587952932289869418e-02
4.618460928698137763e-02
8.224952541461248712e-02
7.964784125407740542e-03
7.854187207198269627e-02
5.926235278816509994e-03
3.611239740621748073e-02
5.711709642160965605e-02
8.856710161202401010e-02
1.076635679302499066e-01
1.035289266636831018e-01
1.057489915975638878e-01
7.809858203394874632e-02
5.558075852674213696e-02
4.287333596474447728e-02
1.079063475864284333e-01
1.263252789276799251e-02
6.935100833249527308e-02
5.071295087848227273e-02
2.247905461360748605e-02
1.047762545941517826e-01
2.328998875755858636e-02
1.102182070453033430e-01
1.021793537406135710e-01
3.488019129318441214e-02
1.422404034709440776e-03
6.185073326919149350e-02
1.003230892870060481e-01
3.382174484829194964e-03
2.210335386934804414e-03
7.020840621452273389e-02
9.492916516789942985e-03
4.333571684123870005e-02
9.310267678864517227e-02
1.070648279072341086e-01
6.520212662155220468e-03
8.311987918590868496e-02
4.055041274072231083e-02
1.098065276846637850e-01
6.531176082380116266e-02
1.072811093997631804e-01
4.267236859364294255e-02
1.601470143807428095e-02
3.940313451187631849e-02
1.065007250314915638e-01
1.112870207651359411e-01
5.184138726448077328e-02
1.122323950146051491e-01
3.300089650966662059e-03
3.213048405873104255e-03
3.196731515219503744e-03
5.006304111100499249e-02
9.812146972175427029e-02
5.928424180110058311e-02
1.785985309799422924e-02
9.936189309791949864e-02
2.310096723102316590e-02
1.072174387271120494e-01
3.261933946861302058e-02
1.067614947890095124e-02
7.614011319686777440e-03
5.115324757913739667e-03
7.636903051140052356e-02
6.996912576164800862e-03
9.693154296249423263e-02
2.429084179177497943e-02
7.088016214307149565e-02
1.299182102067345532e-03
4.295497456293624616e-02
8.615447651357870107e-02
7.134830466087886680e-02
2.410829131427136632e-02
8.884796721607786385e-02
1.102385725501364433e-01
7.456696129147915089e-03
1.032454402651431791e-01
7.623669777750717580e-02
2.562084947780567112e-02
3.095254871414875042e-02
3.414148660410702696e-02
5.794824423612022352e-02
1.430454566406521438e-02
8.935952445555270240e-03
4.832913377145798411e-02
1.279296873909318774e-02
6.362781055415514531e-02
1.442909094854928631e-02
7.427207795662481987e-03
4.410070175390265988e-03
7.238853773851532114e-02
7.130704909725220364e-02
5.560904052956301691e-02
6.442007406742863984e-02
1.094831691727400219e-01
6.311894265118893170e-03
5.571464699779506147e-02
3.902208183248417200e-02
5.123998698646764494e-02
2.013284834701415792e-03
4.879355898808078462e-02
1.069888183807159582e-01
9.402552035203824710e-02
1.000493563263356173e-01
7.400513251833478606e-03
4.152190533710195552e-04
9.788414881708045606e-03
2.478572221629391642e-02
6.684203311533847003e-02
2.069684176598377348e-02
7.707706122880717686e-03
7.567883807359096493e-02
9.942934150066207177e-02
1.028825064583789722e-01
1.046808663234958664e-01
2.230761003496644149e-02
1.781092351570989080e-02
8.179373522818943198e-02
1.459257559764533425e-02
2.522524837642790840e-02
1.117607063786127120e-01
1.336667782098188446e-03
3.406958578466762894e-02
9.886844284710114006e-02
8.789856115012054105e-02
7.806740359630993768e-03
1.024334077635668111e-01
9.623455365293796804e-02
1.105564401827874646e-02
7.658356591223902665e-02
1.084738613642699384e-01
1.588338134015808770e-02
1.082820579338062555e-01
6.442424345978719179e-03
9.178402761533765997e-02
8.696550700674401946e-02
7.880031778316756719e-02
1.052418018430874569e-01
3.336721424107840384e-03
1.076196927942296849e-01
6.070603779341186140e-02
8.880442831794517489e-02
4.670549472413731973e-02
6.925709541423069604e-02
6.213556436134350103e-02
8.193141103514416795e-03
2.209846482073963767e-02
1.073781167907086470e-01
1.042035686318695531e-01
8.499554331441788735e-02
1.100701557846033296e-01
2.601916984460919159e-03
9.730403553381379578e-02
9.696436209639203163e-02
6.013923714712679502e-02
5.479813807422120875e-02
1.564707745689259289e-03
6.126788394830516571e-02
7.982538693701113006e-03
1.082696715146325567e-01
6.882431510579499478e-02
1.093769375942791056e-01
7.914705528507616494e-02
1.019706571793889682e-01
4.654982173502368592e-02
6.606686142401098361e-02
1.065540292082668289e-01
6.273772858838887190e-02
4.777019359262300174e-02
4.874633441746109574e-02
9.425900392997870435e-04
4.966587254560018636e-03
1.118243493261203286e-01
1.037633314529858020e-01
3.545628152091990365e-02
7.532423164678574146e-02
2.996099697267743181e-02
8.496900422502695616e-02
1.431433830074536851e-03
1.739799778944376872e-03
7.589157874157106964e-03
1.002928044259849688e-01
8.710139858870137586e-02
7.026491477366328398e-02
9.766905057161723303e-02
5.692851412040683678e-02
1.381352387146413813e-02
5.449010747704330533e-03
8.038433782853551812e-02
3.829488365982957471e-02
2.736832086449628165e-02
9.232661665416805330e-02
1.115560442790625717e-01
1.894437609240303549e-02
7.688099117903776647e-02
9.593205435252789848e-02
4.834588344677374916e-02
4.135950955456472317e-02
1.548323107489461663e-03
6.844290954726227165e-03
8.903771447298996014e-03
2.606870235896425678e-02
8.819253328842412143e-02
2.796045865034772065e-02
4.239670926745762319e-02
4.364997602342850919e-02
7.209329741233069799e-02
6.777982338518467875e-02
8.617792009089884908e-02
6.555202313809760373e-02
3.488297248297513205e-03
1.098956159208499678e-01
1.249306811138801987e-02
6.707392131698974858e-02
2.042931877114483735e-02
1.073877362346315756e-01
3.033497285593905399e-02
1.348523562560811906e-02
2.348260348461061672e-02
1.062201268221365374e-01
4.384214820099830573e-02
5.418040877934819644e-02
1.097164351090947759e-01
3.652266094041690253e-02
6.662974052185584306e-02
1.013074896465608471e-01
8.684302953605177455e-02
1.080266296869769604e-01
2.840385999208480238e-03
7.925273791566954384e-02
4.188687232414068859e-03
6.571049705645440331e-03
7.227453543493775334e-02
3.579618095963719993e-02
7.055573332198927794e-02
6.341952225511696128e-02
9.785108222187408056e-03
7.578244385207403774e-03
5.717914856397046663e-02
3.725818349947086772e-02
4.447769101468101310e-02
4.805517057304928979e-02
5.714945081755230805e-02
7.864499896318660754e-02
3.661082069056327548e-02
4.677627641161993116e-02
8.564995959295874234e-03
1.018789884193657957e-01
9.490488308636992054e-02
2.705765429371891420e-02
1.014521348206857965e-01
1.104578951357964856e-01
9.720117561142711804e-02
1.084011353782104265e-03
7.818221272531876431e-02
4.914654815474579427e-03
1.277403583426473845e-02
1.097149736323926594e-01
1.072990798437307158e-01
1.400964926541809104e-02
4.013096165899988910e-03
1.084447157445756482e-01
2.360118421555004384e-02
1.092986491669294818e-01
1.020697306634558571e-01
9.009441426435640943e-02
8.140489203191085543e-02
3.759699636429368608e-02
1.004625493732592273e-01
1.073046564210534126e-01
2.544078395218193640e-03
8.205011888663642228e-02
1.117719335719890433e-01
3.979322484919517455e-02
2.724857205402819726e-02
4.901282703020661685e-02
4.307808091764584423e-03
2.161541957028246738e-02
4.901503134042588944e-02
9.839786033107009167e-02
1.102143349896470004e-02
2.418384801163626224e-02
9.215985608628818326e-02
2.034073713718032028e-02
7.544755722327653458e-02
1.871594537730385602e-02
7.852913178692469409e-02
8.868220543448068760e-02
8.009395199428608059e-02
6.151248518001290085e-03
4.504506220841567737e-02
2.299462887347294548e-03
1.123601418706185878e-01
1.064395112879295766e-02
2.777420080041267947e-02
6.674339805263783398e-02
1.101876930351785439e-01
2.088804294622849216e-03
3.102434402235205654e-02
2.869407884699355649e-02
8.034919276485032527e-03
3.985768047473725595e-02
1.974934878193170332e-02
4.414940434627860621e-03
8.962528205121358255e-04
2.368321626170432487e-02
6.893227327624271150e-02
1.118434914240840489e-01
2.413689477653619894e-02
1.652675634719406872e-02
4.214021386641054329e-02
3.742603267747297846e-02
1.921402317543242574e-02
5.681282657475849977e-03
5.058852537491975720e-02
5.468193506568391760e-02
1.121975703413389258e-01
9.783366375377361424e-02
6.295482405499766565e-02
1.079084784324053775e-01
9.719046241401560482e-03
8.430568504009937347e-02
4.956973809776234934e-04
8.532186257431172149e-02
1.024785218872520526e-01
6.370340879213683138e-02
8.935923824368349755e-03
4.144142433973516115e-02
3.105905842018903337e-02
9.740489808517531489e-02
7.670197687955465637e-02
9.518636522104444164e-02
5.708163614381685756e-03
9.682308550691240412e-02
6.142942402813913322e-02
1.356111804451592961e-02
1.007431854651420072e-01
1.052483934661700010e-01
3.112022561538626414e-02
7.303248409035946465e-02
5.910212510004308334e-02
9.118299394195651664e-02
3.463431152392035250e-02
5.922922171279574460e-03
9.393001397699099475e-02
7.102396688596412933e-03
1.083574298525971230e-01
7.354128354939129010e-03
1.093261928162089225e-01
1.032907743473645973e-01
3.207239663321861597e-03
8.716592198466660557e-02
6.076215989757870195e-02
7.197444298226393644e-02
1.041095751461791757e-01
7.526971482617739184e-02
1.653065180499089029e-02
7.349621887587996782e-02
9.217967296638981956e-02
1.018895589113505140e-01
2.651390847668236707e-04
2.240859958783699996e-03
1.089922360794269712e-01
5.407090250802710010e-03
1.078730335182560007e-01
2.947554507209485669e-02
4.450241922343082385e-02
2.098198999303077517e-02
6.339682341374877628e-02
4.905391850244807811e-02
1.110482403380422950e-01
5.839200965970181567e-03
7.115082932300381691e-02
5.776441105413672450e-02
3.716143496050224038e-02
4.647359182531023147e-02
3.122802571655904080e-02
1.109406994007506309e-01
2.431097118338431187e-02
5.457960724085365867e-02
1.076326796275396402e-01
1.082324958726069708e-01
9.809883074509369305e-02
2.775502049917473457e-02
7.893114891958495638e-02
3.851930805990130824e-02
8.658739127548853443e-02
2.663363359163251065e-02
2.425388727419183592e-03
8.563405706895606262e-02
6.837372526990931343e-02
2.108599827765565704e-02
5.607764585582167283e-02
8.623753004982950832e-02
9.505459510181396565e-02
5.347718884887506241e-02
2.879142242226159082e-02
5.212944599686285263e-02
4.233160753526221676e-02
3.737437913530545358e-02
6.088844247691238554e-03
8.430088566736083922e-02
3.975556583118375342e-02
2.334998055459109982e-03
6.829796376194970098e-02
7.957567074123900186e-02
3.439005789000505048e-02
5.225878515677535863e-02
6.817802847816062384e-02
6.074773929036218073e-02
8.724019016410673732e-02
2.331794994192612838e-02
1.078693250254948721e-01
1.096095132012468998e-01
1.101094877780688097e-01
4.918559530466466712e-02
2.939952780515353234e-02
1.083183894386252483e-01
4.547635789141675489e-02
3.870544908484556314e-03
1.480198185484872704e-02
3.477087207051674650e-02
7.914844612412919728e-03
1.106462441947442948e-01
2.820149888473015565e-02
1.010609790101003047e-01
1.083089425052595756e-01
7.833933929307220975e-03
5.977147112082380198e-02
6.387830811818938359e-02
6.737372512775778588e-02
9.657319298676635133e-02
5.269521348251709342e-02
8.307754925152129044e-02
6.909021647514136666e-02
4.591787918810784352e-02
1.619950495742430996e-02
5.268926682930717698e-02
7.106148070775085424e-02
4.786935132351079203e-02
7.336977324800877942e-02
7.644334785921023945e-02
1.276767109142192685e-02
7.299807604595485826e-03
1.391146739521282108e-03
4.236668216160101308e-02
7.245420676308460262e-02
3.105004496051523913e-02
6.266839725338463341e-02
6.671233626820581575e-02
1.105711405905202005e-01
1.107364620810080136e-01
1.112554538422689532e-01
8.269825751185615192e-03
1.821801814334964541e-03
3.076026188607621989e-02
2.108814308826899905e-03
6.413553501830178763e-03
2.771880321388134338e-02
6.074606731889624356e-02
6.788568905918191190e-03
8.697194491502853453e-02
6.033627261276778425e-02
5.279958030181425462e-03
8.096719618276383701e-02
5.223051418140982338e-02
5.085014216141630489e-02
7.196104948006078195e-02
9.011080269400137399e-02
9.397547635524181042e-02
3.922408417413958057e-03
3.447656341315675707e-03
9.098303268073504313e-02
6.517656842087396485e-03
2.454115217929926304e-02
1.119140708968712483e-01
2.032772214565720797e-02
3.252049498058074621e-04
1.111645206007565688e-03
1.010033881115084686e-01
1.034294722744081851e-01
1.050021577436621723e-01
4.287723718773809450e-02
1.487519299872393057e-02
1.117082231161052874e-01
4.831647051771056911e-02
3.722986002585419035e-02
1.057121649051513540e-01
2.731983388534139565e-02
9.660885924765844068e-02
3.271178791137151209e-02
1.065888922745169415e-01
1.002917552620136016e-01
1.336231520516672350e-02
1.674994466755430275e-02
2.141433220747119420e-02
1.042196391916811599e-01
6.559776113166387868e-02
4.711968763118026815e-02
2.981401294800390539e-02
1.043119119437921766e-01
1.607225988148747522e-02
1.017441912875083482e-01
5.237612903691547112e-02
4.330175495409743086e-02
1.656806246666299789e-02
1.546316615325845148e-02
2.209846908216655647e-03
2.619191617783742793e-02
4.803206315807696802e-03
9.219710013818339933e-02
3.980094630947692003e-02
9.240427126953244807e-02
9.244406366340005010e-02
1.097170606348565752e-01
1.066187733463702658e-01
1.843510747808053268e-02
8.755477919325507785e-02
6.540249633028973053e-02
1.048439093777569775e-01
8.372457086741483256e-02
1.053928914154163843e-01
9.398629663259940037e-02
8.053417017168511272e-02
6.967891335318153814e-03
1.101251539992032999e-02
4.691628437542840618e-02
8.180118357897732395e-02
7.678994116559421934e-02
1.085205797708851672e-01
9.104900200196902604e-02
9.612324163402725941e-02
4.091338302223260226e-02
7.996398909480226247e-02
9.701376348364895708e-02
7.794271215516906590e-03
7.107060330152899230e-02
2.020728873861428465e-02
4.194949062360057296e-02
3.805970237194235967e-02
1.113878954278468281e-01
4.004469860334418374e-02
1.027669425426540328e-02
9.986711082349344903e-02
9.676391366916935188e-02
1.067065511035967390e-01
1.063538370516794590e-01
2.464629568246832353e-02
5.163547534447075239e-03
2.948919868282937670e-03
1.350630006236936114e-03
2.703156000204987031e-02
1.461537972768242599e-02
8.363741297732363300e-02
1.119845170540502699e-01
6.197874531068150311e-02
9.624240264570603498e-02
4.985253282269046932e-02
7.072461904732214866e-02
5.870634692036069691e-02
7.579668089486188420e-02
1.007114052704766588e-01
1.030067715701055847e-01
4.917949750499338996e-02
9.088292096982386950e-03
1.005430586720388285e-02
5.733701471262623445e-02
4.334562403118283336e-02
6.806475514605943300e-02
2.929428606551201866e-02
9.648842410331773256e-02
1.655645953791665473e-02
4.568507798368637990e-02
1.090647229079952374e-01
7.048125590077618241e-02
1.109316259303167046e-01
1.525159952440260057e-02
3.693077600083867484e-02
4.437245049487744016e-03
9.419302984589651706e-02
8.877760283911401151e-02
1.087390985560469231e-02
1.113981776828350950e-01
9.281110470984017813e-03
9.399637143721739641e-02
5.253231427808194298e-02
5.950466624363181384e-02
2.411005163058069223e-02
1.009615334406839260e-01
3.041389860426440758e-02
1.663398849689852119e-02
1.041301697576951096e-01
3.694866507810352571e-03
1.021114264952422551e-01
1.368458660131177326e-02
2.167079694374254850e-03
4.852597445386625657e-02
9.061585681867141695e-02
1.096609828024435324e-01
1.118888813717636571e-01
5.189254602633750629e-02
5.811438360774626166e-02
9.486903957093993645e-02
9.672280748090802960e-02
1.057556534285792743e-01
6.944410133396355933e-02
8.184102977270103774e-02
9.812085978597773206e-02
8.518309457219567279e-04
3.634868405207936082e-02
1.103070021929905414e-01
8.634627929014211667e-02
8.892462058945296843e-02
1.110296254191411869e-01
6.664533219140758580e-02
4.777558559608822975e-02
3.074482880273315261e-02
1.059643583062574168e-01
1.114836633836161217e-01
6.965374887638710322e-02
1.832486014750574210e-02
1.110239543591276384e-01
8.987909354798621908e-02
3.279182860146533790e-02
9.608355549441388588e-02
5.373167425585353985e-02
5.532800936056280622e-02
1.091424656540938704e-01
1.407545107397822383e-02
3.029619963604781793e-02
2.594115318463445855e-02
5.111556276288548029e-02
1.030179753892169203e-01
4.178906892337965612e-02
1.120358342858231160e-01
1.312209162004864330e-02
4.771970959280150831e-02
2.134834666142209139e-02
3.720124495066942649e-02
1.057989470164250739e-01
7.299242523225420165e-02
8.116770966472947046e-02
5.685398449564482010e-02
1.452203578508489377e-02
6.945477264872157441e-02
5.315323007020581608e-02
8.712582950658941117e-02
5.539192325229413266e-02
9.561480651480387671e-02
6.640422882100939506e-02
5.019944420626278048e-02
6.550249015805417740e-02
4.736515412613517828e-02
1.304507630201115834e-02
1.121180798752305502e-01
9.205129892955350723e-02
3.797153645803610401e-03
8.885448406856530368e-02
1.051059983069349280e-01
5.095744320358498725e-02
9.464439980138634372e-04
3.623774327303301568e-02
1.103393435006626289e-01
5.255675931878445173e-02
6.028250056256948680e-02
4.924109774004707674e-02
1.013627239398048191e-01
5.959731811367605797e-02
6.929544589553029987e-02
7.676451615250402816e-02
4.754588518831487365e-02
1.101333102631881639e-01
3.915309477394066789e-02
5.655317674028232516e-02
1.057455873267654084e-01
1.098428935889577962e-01
1.088378360250719795e-01
4.405401498463325238e-02
1.631674653301632555e-02
2.954575816175969340e-03
3.143856012076776812e-02
1.515270938610822730e-03
8.952316886312258054e-03
4.861338262914886160e-02
9.020505759105609811e-02
6.376015894110007021e-03
4.691844766546576090e-02
7.206168516384453548e-02
3.250119880313265090e-03
7.903689794873490493e-02
6.887739315550769903e-02
1.027570702947285808e-01
8.434825961178066267e-02
6.417175013818611495e-02
5.153959105519498318e-02
3.672627338787154069e-03
7.259836395714168444e-02
8.619855830963162047e-02
1.434189125478338607e-02
6.382298837176333950e-02
1.097173518664302377e-01
1.055021974486869962e-01
1.107065112652529625e-02
9.091317217272594509e-02
3.672913830598837845e-03
1.108997119466034048e-01
4.334110114378160981e-03
6.195788291080385479e-02
4.330732556600688093e-02
4.333858658617172760e-02
1.086667414254348374e-01
5.740919071575856930e-02
3.053630317361758287e-02
1.053243771976808407e-01
1.056289340199990795e-01
7.034706410258280418e-02
5.760903439164049428e-02
4.818591322257203993e-04
9.030643487581282297e-03
1.070828419102625301e-01
1.353569943805180142e-02
7.646267879436212216e-03
6.157994373083664624e-02
1.043684692211431508e-01
3.076947705060978475e-04
1.375140021926992036e-02
7.562334794343132660e-02
1.201097980469727038e-02
9.120597151733111918e-02
4.484643208572483553e-02
1.099590654856761607e-01
9.271537448600750131e-02
9.071497142614310533e-03
8.623398239942055288e-02
7.331264549433227917e-02
