9.998160766503973174e-02
6.296677194040829761e-02
7.985428806362221410e-02
1.035196139097965679e-01
5.945391999576540160e-02
4.300411654549524121e-02
8.563325488168389496e-03
6.434750144929270166e-02
1.606933231137242304e-02
7.995252406592645578e-02
1.051827098865036614e-01
5.784299105573777883e-02
9.299055820534347927e-02
3.737148297692034771e-02
4.461655846134550407e-02
5.558490210996192005e-02
9.547636558618921576e-02
1.329918267948339804e-02
3.765185304565267510e-02
7.121991824905021806e-02
9.223053536045200396e-02
8.490972802877670700e-02
8.376361317873921852e-02
1.049929660695337053e-01
7.475086131398092637e-02
2.894110604022239602e-02
6.763728971192985509e-03
4.623125322772777407e-02
9.318517158405054124e-02
9.625061444173758918e-02
1.028808875237723630e-01
7.496827771832705045e-02
9.655703828642213382e-02
1.030799558316321946e-01
5.803355590279488802e-02
5.917185067098982426e-02
9.133428672355840133e-03
8.958523812597191105e-02
9.455461663939637718e-02
6.440964411616856289e-02
2.522023102345705842e-02
9.305530651059924774e-02
9.553554498969651920e-02
1.019664783948577014e-01
9.029718234332467786e-02
7.429973765302487487e-02
8.910434291251331795e-02
1.862933434164032193e-03
3.978157855367228939e-04
8.632152692276907902e-02
6.637882727832933316e-02
6.519724869891661834e-02
9.197832743358956564e-02
2.849263937074972969e-02
5.443200468210424026e-02
3.113958404151042844e-02
7.319293454245856534e-02
8.902868999885824725e-03
8.124657043459083960e-02
9.960551208180359883e-02
1.007179196570163193e-01
9.808100642724319751e-02
8.932172824065282013e-02
9.487781942457884643e-02
7.611043830096095308e-02
8.806893726371071984e-02
1.039510363685305777e-01
7.163304641972020881e-02
6.556306703089796739e-02
1.023690727550436164e-01
4.395728710143675250e-02
5.810438651551932954e-02
8.748901523206997766e-02
4.426924332618300401e-02
1.633616675167923193e-02
1.049293549772019885e-01
1.250226335623170169e-02
9.662828621220390102e-02
1.336833908632483435e-02
4.877812874309182117e-02
4.430935654885874431e-02
7.578199645774252868e-02
7.296090500807249357e-02
1.039228418370873736e-01
1.009639561552143697e-02
7.645225372592115431e-02
9.032686271892009788e-02
6.955475749827294552e-02
1.016519029439353211e-01
3.502042225350045918e-02
5.135281794515447577e-03
9.834518809029850483e-02
6.399031477707953219e-02
2.205348978717576111e-02
4.152405182245566539e-02
4.076580348723000263e-02
4.292220688959914876e-02
9.550165421001202692e-02
9.878645610910471997e-02
9.346745517453475260e-02
8.516127056828394493e-02
4.811693619338226757e-02
1.028802765756276910e-01
8.684466655768648125e-02
6.542122294996319254e-02
1.607653769599478102e-02
2.410314278475260419e-02
8.062878802867165517e-02
1.015088532748347760e-01
4.407844692884110155e-02
7.918984824661065569e-02
9.312478427655115909e-02
6.019093976154167580e-02
1.025454307694870781e-01
5.532407040549226773e-02
1.797080563820454766e-02
6.030243315150023153e-02
9.216992526782021022e-02
6.279235728443949283e-02
8.834436871034866828e-03
2.327706507282786830e-02
1.013332774938011660e-01
4.425541039318375836e-02
4.605696497641998191e-03
7.289916286229694564e-02
9.168166860626669745e-02
6.381991113411873478e-04
6.362559066907408356e-02
5.239600111816374028e-02
8.522486788887584375e-02
1.023558725008538867e-01
2.735726226435204050e-02
6.022433675584853985e-02
1.415430121540693469e-02
3.024787232061622311e-02
8.591592232177217014e-02
1.049938315194919314e-01
1.807133867901380975e-02
8.755367924953887104e-02
2.700778584769938928e-02
4.737707900628725100e-02
1.025867688057324201e-01
5.194338197022774911e-02
4.383438835087578866e-02
7.807967304361608518e-02
3.141821179708618322e-02
1.984400522033692715e-02
8.355004683257107045e-02
4.611475772859655910e-03
9.707120182262418684e-02
9.951240235485420138e-02
4.867877521421158649e-02
1.044515894625774877e-01
4.877411176245483038e-02
7.122327128405943342e-02
6.763598864289807611e-02
1.506489638074150206e-02
8.385523789279164530e-02
1.380588432305177027e-02
8.519551895846697032e-02
7.193239979403202866e-02
1.396425498924060843e-02
7.741162149219720998e-03
8.499183285910395791e-02
9.816756066780528422e-02
3.114731077449416075e-02
1.034220140452127012e-01
1.028902697893395862e-01
6.949822868281900490e-02
4.220336356672066414e-02
1.133058164669528342e-02
6.343655603847239699e-02
9.851259553523314394e-02
2.173539619310239923e-02
7.949545312585840073e-02
6.082820620206478429e-02
1.028948438479970195e-01
4.581594478662838130e-03
1.437133661972172204e-02
9.943384580238220916e-02
1.562521529034248402e-02
4.443041710387976573e-02
1.028623063778488916e-01
7.755557000603199858e-02
2.656805643887041879e-02
7.703926982367663434e-02
9.193950402601630545e-02
1.015838141073969469e-01
1.010231315554844106e-01
3.089772150689237135e-02
1.034870845904290876e-01
8.744336119815572517e-02
1.047732838522423687e-01
8.865708490366476513e-02
1.368582150899727394e-02
8.313166681993230944e-02
8.354339511245376104e-02
1.099448863333717628e-02
5.978521873243269891e-02
4.088499440324328688e-02
8.556208618341971939e-02
4.907457818872684729e-02
1.033531719566148921e-01
5.077313552893193693e-02
9.717036289258022819e-02
9.819969022387406432e-02
1.031129126312748945e-01
9.796068457813787711e-02
5.876543312449573897e-02
2.861459034334190923e-02
2.037074854027023929e-02
1.310380812787532642e-02
1.046345393126882906e-01
9.578491373838020351e-02
8.987970225114524925e-02
1.027633200066512126e-01
3.793265790880331889e-02
9.361612083928522177e-02
6.980870768922150041e-03
2.370870741371145993e-02
9.430463057006267802e-03
6.468862940950721729e-02
2.592458975307633182e-02
4.245483183594618570e-02
6.532153808212046164e-02
9.232281959688506956e-02
8.192688498563344135e-02
1.482665615974928554e-02
9.848047400985415756e-02
9.930058141092369672e-02
8.046984983612386066e-02
1.146738262426368928e-02
1.067225015613774801e-02
9.956193493101352099e-02
7.310914637177354236e-02
6.121121862498618560e-02
5.021980991315028175e-02
6.592346992224218383e-03
3.823044264853044105e-02
5.924610375452091238e-02
6.953744343065706990e-02
5.905159578367634270e-03
6.621777476960916120e-02
2.538144897855314913e-02
8.854125901116036146e-02
7.251277575873657510e-02
1.017823534374634187e-01
5.208006504464527710e-03
7.448809752036952836e-02
9.829493832248413498e-02
1.991964960116027195e-02
4.999714199606581505e-02
9.802571197450567209e-02
1.045725998438781501e-01
3.404037062047841206e-02
8.969267510071937677e-02
7.922073312174428283e-02
5.900285216889747386e-02
1.642211371631097788e-02
1.018816059105569216e-01
2.055990401744964974e-02
3.569565946358862346e-02
1.406976433821290236e-02
1.049699502554787556e-01
3.322503661366497940e-02
2.733487446509430194e-02
2.024754530366067520e-02
1.010885280471827408e-01
1.031964377592254484e-01
3.461360236657744227e-02
2.685333594041696206e-02
8.568275452266507775e-02
7.225541978435837120e-02
5.082138823445892135e-03
1.514865135315389064e-02
1.008172416630606916e-01
8.086608687390722805e-02
7.484416089982742770e-02
6.317838513934176392e-02
5.440476241744283958e-02
5.567610874444982316e-02
7.538708346484188430e-03
2.567731026514376812e-03
3.386026501344551604e-02
3.756057632313179739e-02
9.513177888950526129e-02
8.908465327550545154e-02
2.785862192957269667e-02
1.007441805285043956e-01
3.864872366100087497e-02
1.004098994546543111e-01
6.965239623797282731e-02
9.114914552418590388e-02
1.478025361229771614e-02
1.048105619047820514e-01
5.817048579511994305e-02
1.235657700450163050e-02
4.293926398883363832e-02
1.816043439651336688e-02
2.784673126687447348e-02
8.504905655872789516e-02
1.850856896751227471e-02
2.565004500023412848e-02
1.037910753608700526e-01
3.120156185868739121e-02
2.109835892344498129e-02
5.347640145834483411e-02
4.844797245748069109e-02
9.217853646039510240e-02
9.225442700830970011e-02
6.030104677927688311e-02
2.315423759178439692e-02
9.562387023507208650e-02
1.514290235055525818e-02
1.754900711383832477e-03
6.539836467079830629e-02
3.213514528479596150e-02
1.005201093500681930e-01
3.202873111918761589e-02
1.030359733539341349e-01
7.488400124766207699e-02
1.961408665704928583e-02
2.473683595859171164e-02
1.026689145844429801e-01
9.532550306849862931e-02
9.623928999690903319e-02
1.208734536226747057e-02
8.588377440318510636e-02
4.340269920698372474e-02
8.309545522468034240e-02
1.025152653670636238e-01
9.888616148574581877e-02
2.769151003413562045e-02
9.689214673232118824e-02
8.746792881979151280e-02
8.758702551315619700e-02
1.032309246917319408e-02
3.697272577482293900e-03
9.775653574317902383e-02
8.275417184020748829e-02
9.937697157168497164e-02
8.249127419422097596e-02
9.296287233609458467e-02
1.015854913513097590e-01
1.805739617586751269e-03
2.308752239111651686e-02
6.943652573333590483e-02
2.222294211422047236e-02
6.912152124002683695e-02
8.517124704764492127e-02
7.723238227029430303e-02
5.386428751290112810e-02
6.046622869061824002e-02
6.627460884191591073e-02
4.043469845730819634e-03
9.094261349692819851e-02
7.135688505826341677e-02
9.169612502863902503e-02
1.031445504398535717e-01
2.218973190347911864e-02
1.043510322794688611e-01
1.952529117248803792e-02
1.004088069764414864e-01
7.430642936126936882e-02
2.431105880822983373e-02
5.726438414861664827e-02
8.193891982000275909e-02
8.832910887995336358e-02
1.604743804277774426e-03
6.642610140037084887e-02
6.956468092833033301e-02
9.067933972028446865e-02
8.155894327471158167e-02
1.729393540845771196e-02
5.063670256118073948e-02
2.662228812644275300e-02
1.457952551622069756e-02
2.401658967272897113e-02
4.067041096792851050e-03
7.271533403927324390e-02
8.082577489455197370e-03
1.045156436773024972e-01
4.398975459140905958e-02
9.397652691147641291e-02
7.491402406542466662e-04
8.291660169057252228e-02
1.046956952600087004e-01
7.767797158471256846e-02
2.158237709779667335e-02
5.797200300794119743e-02
9.935582842278836702e-02
1.040044641430896560e-01
3.214850985206691835e-03
9.409010118578940707e-02
7.618571730261886749e-03
1.008721231770995097e-01
4.059000439220590561e-03
2.341862583138844267e-02
9.479823944539197966e-02
2.218869435190912176e-02
1.015713972473161614e-01
1.038030350979602667e-01
1.007982003575177629e-02
1.019126834220196176e-01
7.875690455544931065e-03
4.285021420476280846e-02
8.259016139508457144e-02
3.529352786775209055e-02
4.196664494816952640e-02
9.815785077960954841e-02
8.724873057795372311e-02
5.138520224990568430e-02
8.481800517441376308e-02
5.838727380577574816e-02
3.423804424577014255e-02
3.870620390238253133e-02
5.133351407364950686e-02
1.018621264576520663e-01
7.953464346953884392e-03
7.331573149403847189e-02
4.934666895620239829e-02
6.824886379388035718e-02
4.936260075702229161e-02
1.008032992207805317e-01
5.189562539109254108e-02
1.979746517744690112e-02
7.024228424384904024e-02
4.340579478975546690e-02
1.779050059843972345e-03
1.051542222496402827e-02
1.051702076177482570e-01
7.720895711070326073e-02
8.090894273956140970e-02
8.992040692743792640e-02
8.755000288852907153e-02
3.303367489127484458e-02
5.180160071667361948e-02
8.415540759116503511e-02
3.372026513912405876e-02
1.043802504928518227e-01
4.987057866480391899e-02
9.853705297858142420e-02
1.523924999033643424e-02
8.032802977749381457e-02
4.405971434126451647e-02
8.930522964496612204e-02
8.869914840559722791e-02
9.541512859180660555e-02
8.355454500187479983e-02
5.362604250584398352e-02
9.478777743389270316e-02
4.703473414556582494e-02
7.429286762471701278e-02
4.023055969816244012e-03
3.642061432738016857e-02
1.012465555597956146e-01
7.135883909484479204e-02
1.016760109676380780e-01
8.568254039462805394e-02
1.434356214140144158e-02
9.445652895732797871e-02
9.335096412283191286e-03
7.648088644061235009e-02
9.572265289734492588e-02
9.766400150413113990e-02
2.777507441200129622e-03
4.365992745727510088e-02
1.492761386208419413e-03
4.806367561729511101e-02
4.353696626481441158e-03
6.181883643416805074e-02
1.377845957183636109e-02
5.691029130006616810e-02
9.313898030726358579e-02
9.077041098533181196e-02
3.295695031435751099e-02
1.036109042642525679e-01
8.701165226718131362e-02
8.865430340331120762e-02
2.304762932194843669e-02
7.149682295847469005e-02
9.773489816234712246e-02
9.691850333554150043e-02
1.232271017677340381e-02
5.841315073675840304e-04
9.612705819636631344e-02
2.479579270168013466e-02
6.968321466781031426e-02
3.885942770274000008e-02
1.040570406234068712e-01
9.725780938787258190e-02
1.043383015849171092e-01
1.799554415041915503e-02
1.022572176240967579e-01
1.377295037021319425e-02
6.086175946170060969e-02
9.004451064175149344e-02
9.006372156101616344e-02
1.028585863420098667e-01
6.381493813021468786e-02
8.393055189348795631e-02
9.915166621378371237e-02
1.014029400491834182e-01
1.045511407577743024e-01
8.337655092041137972e-02
1.038152220250757041e-01
4.586976637135815014e-03
1.729888953379821875e-02
3.819905644651046261e-02
7.533369524872235434e-02
8.773414639445659136e-02
7.280918573235811708e-02
3.565295091903762648e-02
3.754480150355338913e-02
3.745010633160206909e-02
1.002278768309815410e-01
6.593743833440406099e-02
1.567265603983923269e-02
1.001847900502649685e-01
2.431231087443986444e-02
7.827001319227336329e-02
1.515127391476372466e-02
9.073481116097814603e-02
1.044891151967218268e-01
4.379306334986426269e-02
6.363606487187853378e-02
4.057443943448284240e-02
7.666278312398681904e-02
3.285665045088390079e-02
2.268727211684846631e-02
8.464904212386212268e-02
4.646679582157976773e-02
8.782772052488821424e-02
9.328003690979629059e-02
1.007167212264134942e-01
1.567087492637733379e-02
5.122614990819617485e-03
9.756959659431976850e-02
7.580740278890572836e-02
5.070301092840797524e-02
2.741664923662668826e-02
8.994137173068084135e-02
1.370717754767614670e-02
3.956925566758572738e-02
9.105664335758612005e-02
5.499886726231031276e-20
2.806862943705716942e-02
2.914361376673893847e-02
1.000264033467585106e-01
9.823073880093428911e-02
3.792608750808575298e-03
7.496230897377362257e-02
1.029290920198741022e-01
9.996738771839359938e-02
9.386206607601234320e-03
8.897541140005997551e-02
6.229193595046967485e-02
8.143332357138907684e-02
6.203954312637043056e-02
8.238105525483603586e-03
7.434930831577001888e-03
8.794337862373975689e-02
9.506635477363054032e-02
1.042562953018871252e-01
1.036232563227501569e-01
8.061946422193159989e-02
8.165288079695739998e-02
6.718999319609765541e-02
2.174327417081062253e-02
2.716277483681817095e-02
1.047346280184103667e-01
1.955000692389255099e-02
4.523528176272521937e-04
9.089251404202344786e-02
1.674032947865521787e-02
1.018853542055991185e-01
8.629186961283188961e-02
9.572586334416244291e-02
1.021709261865459684e-01
5.916975194470972201e-06
4.021721030431842092e-02
1.039182231076898888e-01
2.411188143475385265e-02
9.722840934030677063e-02
6.087629317805531674e-03
8.183930622013798825e-03
8.494125521712296567e-02
9.050792449707444065e-02
7.540029164745636059e-02
9.914614127979039238e-02
7.220789882332184773e-02
3.057473867220404651e-03
5.366127803842844074e-02
1.260003947437937644e-02
7.370637727405141004e-02
6.116698327381799895e-03
8.395709056395631031e-02
6.703149278732155325e-02
9.454682222908297740e-02
2.938178654401362236e-02
9.160997840728982156e-02
1.010431009449095363e-01
1.304041770414859046e-02
7.153802904738448820e-02
6.171405123313235264e-02
9.067347588904818567e-02
1.331805312324717099e-02
9.675543771887515354e-02
6.223679597219368420e-02
5.493288985201395976e-03
7.899514854851852341e-02
7.024116516727622883e-02
6.957665121786774098e-02
4.308478997031881669e-03
1.043808917884522444e-02
9.227861884511867618e-02
9.331718566189692310e-02
9.361233787480965907e-02
2.182545112598238343e-02
8.477568877188976226e-02
9.618099446400853181e-02
3.436598413906539334e-02
9.803486015455568914e-02
9.162876007589339233e-02
6.972363402425067747e-02
6.265313622922651093e-02
3.176480925623262341e-02
5.364371098977350344e-02
6.614703440914281030e-02
4.769629383034218462e-02
3.110480876638320458e-02
6.411855371552643845e-02
7.382259018222553371e-02
7.709676054388941643e-03
2.422471106342344652e-02
9.472644586032443609e-03
9.428365437985178343e-02
6.538854171298498497e-02
9.535369335156233805e-02
1.046746287633119749e-01
4.409684656942505256e-03
4.158647186050585393e-02
6.915594721110134013e-02
6.506414311085992330e-02
6.487626311758752651e-02
1.965614603444933856e-02
4.842889427589884034e-03
8.785680730224568191e-02
8.565121971865409523e-02
7.932830419573612402e-02
5.250712077729021397e-03
8.992462523279316777e-02
1.157362786241748071e-02
9.977678705531901893e-02
5.806450625399559029e-02
9.425590787931817371e-02
8.235263266166717444e-02
3.594542699755402804e-02
1.050395615533422783e-01
4.086443679667418200e-03
9.572409896413348884e-02
6.680941521844306619e-02
9.714191753521536632e-02
1.040471143730408582e-02
9.034006877857995998e-02
9.755157615543959271e-02
4.760568357509558507e-02
5.005778269605160730e-02
5.796513578871151373e-02
9.326754316062833838e-02
4.904762663756630225e-02
1.366786260929394453e-02
9.004690849410074138e-02
9.632293597136322438e-02
8.887590034116638060e-02
7.153381249858453694e-02
8.605203097593887296e-02
3.910933590746057398e-02
8.833373265659608120e-02
2.974796642499729499e-02
1.662046451421458557e-02
9.174373890965132824e-03
1.001274667244392569e-01
6.050181483972681684e-02
9.942922993197139681e-02
1.019886743232648468e-01
4.334541627913289508e-02
8.552503731426178146e-02
7.803281114115585837e-02
9.744346112774998625e-02
4.585498144540410548e-02
9.177841538067157967e-02
3.755196450882096124e-03
9.522044450757233269e-02
1.654811161467307709e-02
1.027738166303215489e-01
8.153154449147977101e-02
1.039782303013686571e-01
4.442215967520482360e-03
9.429463572998587895e-02
4.358115654073340534e-02
3.563765228286475129e-02
1.044595235122202509e-01
7.789482307691551755e-02
6.734603282775146471e-02
4.719021853794269335e-04
3.935154965731955945e-02
7.255739956042081551e-02
8.691016975130250177e-02
7.184475579479292218e-02
1.584196581572335991e-02
9.069977979180374184e-02
5.650015208609384526e-03
1.332678305375973107e-02
9.358275664547367756e-02
1.031017031287074781e-01
6.050055277232192080e-02
1.715060865672074497e-02
9.438697073470858623e-02
1.010825549174019095e-01
2.521061291487916925e-02
8.716249572827958203e-02
7.976316256318402576e-02
5.703135772318151941e-02
1.021151447850529720e-01
9.707872719427527997e-02
4.855088745545912965e-02
5.902714613951696304e-02
1.181799305057425545e-02
8.645196355091977480e-02
6.940667188293693501e-02
6.354347190722489658e-02
4.919165376223224445e-02
8.666443688288158476e-02
4.754021713608711647e-02
3.428262755951928115e-02
9.344553059698396114e-02
9.701727142841820584e-02
1.251291783629392195e-04
9.450981997850696481e-02
9.166602008303281063e-03
1.040339030162968637e-01
4.666063891385861806e-02
7.891923039845619159e-02
5.891799379353375443e-02
5.364941479096687477e-03
7.810407566396243562e-02
6.054729118997859844e-02
6.633574834437036549e-02
1.018139953273917465e-02
8.552899049713348634e-02
4.043835292070335069e-02
1.013550030347304676e-01
1.044679419981855567e-01
9.529179072480051249e-02
4.145598082460685146e-02
3.099746700171823743e-02
6.899380140740150533e-03
8.536118633857978089e-02
8.159083290302168723e-02
6.269580831300319845e-02
8.991595761884960125e-02
1.047524436122412306e-01
9.211934235600610643e-02
3.712794836690128802e-02
8.834555177648235891e-02
1.004158956894713045e-01
1.144997352265945782e-02
2.574030279899394702e-02
9.100484960807936341e-02
8.200148914885614648e-02
7.288535408311343222e-02
5.850372243601898586e-02
5.632632582531252319e-02
1.040223234769292460e-01
7.058274238812722867e-02
1.495365046973262148e-02
4.784637648049054615e-02
3.022801825315618932e-02
6.594359610689490281e-02
1.408224067390996884e-02
9.688647762082634729e-02
9.576092063528866827e-02
3.434385707861326020e-02
1.019284377399587160e-01
1.048603346931028801e-01
6.855318931318230002e-02
6.987285212788434639e-03
5.829642068378809716e-02
5.102393061572673381e-03
1.000846530639281848e-02
1.041581821347919989e-01
6.001348512455602358e-02
1.301365472337310614e-03
1.018536252915835522e-01
6.858295169421407822e-02
9.694339307761264124e-02
3.299614641751735800e-02
1.215324549162935704e-02
5.783004831860467931e-02
7.968061383548816212e-02
8.406430355040346580e-02
1.148269783269264578e-02
1.032024649616054418e-01
2.912253778331322374e-02
6.813289396315348745e-02
4.843152198047242368e-02
3.668905039423709519e-02
7.750895049012430232e-03
7.292304348040822004e-02
1.032744830734900615e-01
6.270661476491083686e-02
3.996310067208084377e-02
7.770642909793835235e-03
8.244978941616984067e-03
5.540747402099018525e-03
1.004255320818459030e-01
9.949703223239751704e-02
2.867201204148028468e-02
7.082457663122422586e-02
9.619458891344580265e-02
5.156000380906967245e-02
5.210936570552159031e-02
6.405402481836902640e-02
6.314156872814154220e-02
7.273201934400047586e-02
7.077851962149889209e-02
9.371648737839374799e-02
9.557468757834990114e-02
8.782822195438226565e-02
9.842002285985210208e-02
2.064259177309513832e-02
8.680022715774650399e-02
1.022614801967541287e-01
3.019496784804419354e-02
5.094159416196013430e-03
8.174052071612789017e-02
9.520836819626214698e-02
1.262128733516944094e-02
9.652724915646390680e-02
6.282575299315569517e-02
8.840317029442788799e-02
2.783715981738042397e-02
3.106311985534536066e-02
8.759452844816548178e-02
7.131988763927414599e-02
5.289462088233217590e-02
2.278504257309295344e-02
9.081945014035165686e-02
1.010616986727344291e-01
5.350114663740179743e-02
1.008933880959721197e-01
7.902921955703658130e-02
6.055006741619529953e-02
1.002336377495172959e-01
2.030492014630313688e-02
3.509733014986127914e-03
2.857998284826536450e-02
1.018907490165757573e-01
9.737403857453982847e-02
1.171772024883018307e-02
2.595360031340485443e-02
5.231563524705209328e-02
1.732133731441810529e-02
5.015666351360690417e-02
7.230360769880555920e-03
5.823897610077225645e-02
1.004788136411857713e-01
7.327908605826585764e-02
5.531036750483765002e-02
2.210383826164276713e-02
2.633202628860467631e-02
1.030061461544839185e-01
5.299132979532314436e-03
3.920198627729507002e-02
7.713459065941888348e-02
8.868699038685011471e-02
8.227980805207120441e-02
5.971087206904155537e-02
3.374755267351566002e-02
9.721181364437364580e-02
3.587855308336219962e-02
9.576862332150121171e-02
1.102254276933010632e-02
9.897195119942787944e-02
4.000170682669828420e-02
8.010416401257945684e-02
9.974150739286981315e-02
4.798224831148232422e-02
9.853083974318031790e-02
5.356553866726810470e-02
8.039940342767308568e-02
6.960170165336536374e-02
3.298646326539297902e-02
7.722246158424077300e-02
1.032632427553412113e-01
5.603557819431471271e-02
8.879570786429925866e-02
7.035627187831625107e-02
3.191165851473438952e-02
1.607580417869139845e-03
4.663907113088182343e-02
5.445780095230522838e-02
2.725899852688144429e-02
1.012278850022236935e-02
5.669583977484823206e-02
1.038843437747057341e-01
8.471056602195013718e-02
4.062683125548471885e-02
2.095208182755376250e-03
1.013776865027259111e-01
3.012440967009041154e-02
1.050956151891080242e-01
9.389534955985194553e-02
1.534681443249716684e-02
9.463245801269964952e-02
9.975761062983647467e-03
8.831134059683982962e-02
3.984830290155816357e-02
2.227959288174411953e-02
1.002317958650327384e-01
8.016332540531487250e-02
2.387968628095163848e-03
9.277428067668294642e-02
1.020574173554983505e-01
7.842312540590576364e-02
2.566435546599592915e-02
6.033869757610436230e-02
9.493683268059729952e-02
1.801005447077711624e-02
9.640589466975595101e-02
9.935837629936106197e-02
6.494876286374899610e-02
5.414642002872547405e-02
3.217839670240735944e-02
4.551051066004206669e-02
9.883408948349121925e-02
1.033144092992850788e-01
1.009702660506034411e-01
1.081804765460508575e-03
1.715011935109576197e-02
6.561836240198068437e-02
6.941353251469539742e-02
5.189717231078830317e-02
1.027787574611158661e-01
9.982887411857033211e-02
1.027759640741219144e-01
3.603649175973435564e-02
5.130329871272735348e-02
7.641701428982675126e-02
3.449601721758859679e-02
2.371675961270259744e-02
8.099374801838901683e-02
1.715188366281119697e-05
3.440914293478003830e-03
8.391728163546369190e-02
1.760369716626218606e-02
9.841793635979084742e-02
9.798158515799550161e-02
6.793763630470116277e-02
9.955823842930089373e-02
8.930433956376657156e-02
1.678543796774798272e-02
7.784619354990808537e-02
3.243404212548341159e-02
9.400284316632195880e-02
1.178434376738601158e-02
6.192569827601922955e-02
6.473883569187498070e-03
1.006012154276100523e-01
6.789986098631019262e-02
9.583567182757336822e-02
4.353992677719362853e-02
9.122377734328501742e-02
9.373413785138560994e-02
3.553638061075513332e-02
2.021271423733986272e-02
9.239147925344046164e-02
5.899320064934350516e-02
8.342868323550006043e-03
4.231732100042685102e-02
8.281992663944577615e-02
5.224397559274381736e-02
2.836979088724233058e-02
5.290563605854671503e-02
8.548737046059211309e-02
4.074221888992103635e-02
1.049257761306576428e-02
4.654312671751219960e-02
2.225570525420481408e-02
4.349293739004343566e-03
6.700787325419776952e-02
6.569388840722824308e-02
7.700042459464866151e-02
1.014375116640989227e-01
1.028987451015487969e-01
2.189027793980376571e-02
8.025500718699581093e-02
2.018145017308752356e-02
2.000617457927078569e-02
